date,open,high,low,close,volume,korcom,standard deviation5,standard deviation10,standard deviation20,standard deviation60,standard deviation120,ma5,ma10,ma20,ma60,ma120
20101201,4680,4770,4655,4690,2211,89,,,,,,,,,,
20101202,4720,4720,4650,4650,3110,0,,,,,,,,,,
20101203,3955,4520,3955,4520,45970,0,,,,,,,,,,
20101206,4545,4550,4430,4500,2030,0,,,,,,,,,,
20101207,4540,4540,4430,4490,4653,-630,83.18653737234169,,,,,4570.0,,,,
20101208,4430,4600,4410,4500,6540,-600,59.799665550904216,,,,,4532.0,,,,
20101209,4430,4490,4420,4480,3260,-110,13.2664991614216,,,,,4498.0,,,,
20101210,4560,4570,4500,4550,8955,-4861,24.166091947189145,,,,,4504.0,,,,
20101213,4550,4550,4460,4525,3420,-300,25.377155080899037,,,,,4509.0,,,,
20101214,4500,4500,4125,4405,24970,-200,49.45705207551296,78.76547467006084,,,,4492.0,4531.0,,,
20101215,4435,4445,4380,4390,4329,-9,63.482280992415504,69.02173570694956,,,,4470.0,4501.0,,,
20101216,4410,4410,4305,4370,6311,-762,74.3370701601832,58.957611891934654,,,,4448.0,4473.0,,,
20101217,4355,4420,4325,4330,7361,-291,65.5286197016235,70.27801932325637,,,,4404.0,4454.0,,,
20101220,4380,4380,4170,4285,6241,-800,43.52011029397789,84.38749907421119,,,,4356.0,4432.5,,,
20101221,4345,4345,4270,4285,3979,-1189,42.96510211788167,92.44457799135651,,,,4332.0,4412.0,,,
20101222,4285,4450,4285,4310,3402,0,31.84336665618132,91.92932067626735,,,,4316.0,4393.0,,,
20101223,4275,4395,4275,4370,2870,0,31.84336665618132,87.32697177848318,,,,4316.0,4382.0,,,
20101224,4370,4425,4310,4400,6630,-480,46.79743582719036,67.90434448545979,,,,4330.0,4367.0,,,
20101227,4355,4425,4355,4380,1944,-8,43.86342439892262,43.83206588788619,,,,4349.0,4352.5,,,
20101228,4350,4500,4350,4485,5700,-100,56.60388679233962,57.76893628932418,109.71867434488988,,,4389.0,4360.5,4445.75,,
20101229,4360,4440,4280,4295,9560,100,60.94259594077036,59.9082632030006,99.0025252203195,,,4386.0,4351.0,4426.0,,
20101230,4280,4280,4250,4270,1260,0,77.1621668954417,64.10148204214934,90.26904231241184,,,4366.0,4341.0,4407.0,,
20110103,4270,4290,4250,4285,5790,-1300,80.65977932030313,66.25896165802779,90.08988566981311,,,4343.0,4336.5,4395.25,,
20110104,4285,4285,4250,4260,1000,-310,83.86894538504704,68.58571279792895,91.313676412682,,,4319.0,4334.0,4383.25,,
20110105,4275,4275,4120,4160,9120,98,48.51803788283282,85.64607404896033,99.94092004779623,,,4254.0,4321.5,4366.75,,
20110106,4125,4195,4115,4135,3440,-270,61.854668376768466,102.44022647378321,107.01752192982231,,,4222.0,4304.0,4348.5,,
20110107,4130,4165,4070,4100,13501,-270,72.01388754955533,116.15076409563558,115.38955758646446,,,4188.0,4277.0,4329.5,,
20110110,4100,4160,4100,4135,4830,0,54.46099521676041,115.29202053915093,111.10664921596728,,,4158.0,4250.5,4308.75,,
20110111,4150,4160,4140,4150,3311,-230,20.346989949375807,109.98295322457928,104.47487736293353,,,4136.0,4227.5,4290.0,,
20110112,4180,4195,4140,4140,1558,-98,16.911534525287767,70.99999999999996,105.84511089322928,,,4132.0,4193.0,4276.75,,
20110113,4135,4185,4135,4175,3622,-460,24.28991560298224,62.36184731067542,104.7091209016674,,,4140.0,4181.0,4266.0,,
20110114,4160,4200,4150,4175,686,-80,17.029386365926403,54.86574523325089,103.64452469860625,,,4155.0,4171.5,4256.25,,
20110117,4175,4220,4150,4220,3320,-780,27.676705006196087,43.76071297408206,102.49725606083315,,,4172.0,4165.0,4250.75,,
20110118,4220,4220,4150,4190,858,-150,25.88435821108957,32.031234756093845,103.0,,,4180.0,4158.0,4246.0,,
20110119,4105,4210,4100,4150,4310,-120,22.93468988235943,32.10918871600455,104.63358686387464,,,4182.0,4157.0,4239.25,,
20110120,4125,4205,4105,4145,2270,190,27.459060435491967,31.559467676118906,105.23307464861037,,,4176.0,4158.0,4231.0,,
20110121,4110,4140,4090,4110,3197,-671,38.157568056677825,29.81610303175105,103.30053242844394,,,4163.0,4159.0,4218.0,,
20110124,4065,4155,4065,4120,2470,-1460,27.85677655436824,31.32491021535408,96.4313227120732,,,4143.0,4157.5,4204.0,,
20110125,4050,4150,4040,4140,6572,-312,15.362291495737214,31.705677724975292,88.37986195961159,,,4133.0,4156.5,4192.0,,
20110126,4100,4180,4090,4130,7410,-3564,12.806248474865697,32.36124225056872,58.27252783259021,,,4129.0,4155.5,4174.25,,
20110127,4085,4150,4060,4100,8864,-650,14.142135623730953,35.51056180912932,53.35962893424204,,,4120.0,4148.0,4164.5,,
20110128,4065,4110,4065,4075,3427,-607,23.151673805580447,40.26164427839472,50.95279678290486,,,4113.0,4138.0,4154.75,,
20110131,4005,4205,4005,4090,1464,-160,24.413111231467404,31.78049716414132,43.15669125408017,,,4107.0,4125.0,4145.0,,
20110201,4090,4150,4085,4115,3141,-40,19.131126469708992,23.26478024826356,34.549782922617624,,,4102.0,4117.5,4137.75,,
20110207,4085,4135,4085,4130,3012,-841,19.131126469708992,21.148285982556466,34.200694437394105,,,4102.0,4115.5,4136.25,,
20110208,4060,4100,4015,4100,3003,-130,19.131126469708992,19.078784028338763,35.103418636936205,,,4102.0,4111.0,4134.5,,
20110209,4045,4085,4030,4075,1075,-5,19.131126469708992,21.93741096848017,36.71767285654144,,,4102.0,4107.5,4133.25,,
20110210,4010,4095,4000,4020,3313,-3,38.548670534792755,33.634060117684186,44.22951503238533,,,4088.0,4097.5,4127.5,,
20110211,4005,4060,4005,4055,2640,0,37.603191353926334,32.54228019054587,46.59600304747179,,,4076.0,4089.0,4122.75,,
20110214,4015,4060,3955,4010,3280,0,33.555923471125034,37.02701716314716,52.43746275326448,,,4052.0,4077.0,4116.25,,
20110215,3925,4000,3910,3985,2550,-90,32.15587038162705,45.08048358214444,57.86352478029662,,,4029.0,4065.5,4106.75,,
20110216,3910,3975,3905,3960,2720,-40,32.15587038162705,54.808758424178826,63.84747449977955,,,4006.0,4054.0,4096.0,,
20110217,4000,4000,3930,3980,2070,-360,32.64965543462902,57.45432968889285,61.9394865978077,,,3998.0,4043.0,4084.0,,
20110218,3980,4040,3895,4040,4590,-1550,27.568097504180447,52.223079189186016,57.57820768311566,,,3995.0,4035.5,4076.5,,
20110221,4040,4070,4000,4045,880,0,34.146742157927754,42.083250825001564,55.382194792189296,,,4002.0,4027.0,4071.25,,
20110222,3980,4050,3980,3980,1620,100,34.698703145794944,36.2629287289374,56.06692429588055,,,4001.0,4015.0,4063.0,,
20110223,4050,4050,3920,4015,2330,260,28.03569153775237,30.315012782448143,55.90784828626478,,,4012.0,4009.0,4058.25,,
20110224,3945,4015,3945,4000,84,-10,24.372115213907882,30.182776545573038,55.39573539542553,,,4016.0,4007.0,4052.25,,
20110225,3935,3995,3935,3990,390,20,22.67156809750927,25.831182706178872,53.11485197192965,,,4006.0,4000.5,4044.75,,
20110228,3990,3990,3975,3980,140,-50,13.2664991614216,26.291633650269702,51.09977984296997,186.63353500614224,,3993.0,3997.5,4037.25,4219.083333333333,
20110302,3990,3990,3920,3925,390,0,30.757112998459398,34.135758377396485,54.47705939200464,180.04135327443225,,3982.0,3991.5,4028.5,4206.333333333333,
20110303,3990,3990,3900,3935,3633,-79,30.23243291566195,37.1348892552542,56.989034032873384,173.83682882391628,,3966.0,3989.0,4021.5,4194.416666666667,
20110304,3900,3940,3850,3930,5176,0,27.313000567495326,41.15823125451328,58.03231858197637,171.8169851583041,,3952.0,3984.0,4013.5,4184.583333333333,
20110307,3915,3960,3900,3920,370,0,21.587033144922906,40.57092555020152,56.52156668033893,170.1065638226684,,3938.0,3972.0,4003.75,4174.916666666667,
20110308,3900,3930,3775,3890,3640,-70,15.811388300841895,39.309668022001844,53.85803097032047,168.92180554590598,,3920.0,3956.5,3991.75,4164.916666666667,
20110309,3810,3900,3810,3900,480,-60,17.320508075688775,41.776189390608536,51.338947203852946,166.5320081012122,,3915.0,3948.5,3981.75,4154.916666666667,
20110310,3920,3920,3850,3850,1484,-11,27.85677655436824,44.73253849269002,54.2425110038243,165.56240431396915,,3898.0,3932.0,3970.5,4144.416666666667,
20110311,3865,4350,3790,3850,239952,-17110,27.85677655436824,44.56455991031432,58.93640640554869,161.17646902282797,,3882.0,3917.0,3962.0,4132.75,
20110314,3885,3890,3550,3765,22281,160,47.58150901348127,57.072322539038076,69.07423542826949,159.70934972282876,,3851.0,3894.5,3947.5,4120.083333333333,
20110315,3780,3790,3400,3575,12480,700,115.00434774390055,105.32805893967665,105.07467582629032,170.04319304223824,,3788.0,3854.0,3925.75,4106.25,
20110316,3575,3575,3495,3550,5100,-600,130.9427355755179,135.73964048869436,132.10412559795398,180.37097188849395,,3718.0,3816.5,3904.0,4092.25,
20110317,3505,3540,3270,3425,6460,-1340,153.64244205296922,172.47391107063115,167.48488737793627,196.0108415368901,,3633.0,3765.5,3877.25,4076.5,
20110318,3425,3610,3425,3610,6500,3010,109.49885844153809,168.6275481645867,175.36301634039032,202.0699136437679,,3585.0,3733.5,3858.75,4064.5,
20110321,3610,3630,3510,3540,14438,-3808,62.3698645180507,165.09769834858386,183.2066797363022,210.8381916436284,,3540.0,3695.5,3833.75,4052.0833333333335,
20110322,3550,3650,3515,3515,4199,-10,60.21627686929839,159.1414465184981,188.9740392223228,219.52567237872918,,3528.0,3658.0,3807.25,4039.25,
20110323,3530,3560,3485,3490,9250,-3210,60.61352984276695,143.56531614564847,196.5990526426819,227.62009955674384,,3516.0,3617.0,3782.75,4025.5833333333335,
20110324,3565,3670,3500,3610,14952,710,49.15282290977803,120.87596948939022,192.44804493680888,229.24203306161357,,3553.0,3593.0,3762.5,4012.9166666666665,
20110325,3610,3745,3610,3700,9168,-1150,75.92101158440924,94.47751055145343,184.8952406093786,227.04739776824803,,3571.0,3578.0,3747.5,4001.25,
20110328,3700,3770,3650,3695,17440,5670,87.66983517721475,82.15229759416346,176.5394785876519,224.92770443460702,,3602.0,3571.0,3732.75,3989.8333333333335,
20110329,3690,3765,3650,3765,3250,-590,94.79451460923254,100.74720839804941,167.46940019000485,217.265902115868,,3652.0,3590.0,3722.0,3977.8333333333335,
20110330,3765,3785,3715,3750,13060,2840,54.35071296680477,110.227038425243,161.08441110175747,215.19879375436332,,3704.0,3610.0,3713.25,3968.75,
20110331,3750,3795,3725,3790,13650,1880,37.013511046643494,103.12734845810785,154.05031645537116,212.7593025776617,,3740.0,3646.5,3706.0,3960.75,
20110401,3795,3920,3750,3880,18090,750,60.61352984276695,123.39063983949508,150.76554646204815,208.75184629921958,,3776.0,3673.5,3703.5,3954.0,
20110404,3825,4085,3820,3950,25150,-5940,76.26270385975047,139.30990632399406,153.0441112882165,204.9153619315917,,3827.0,3714.5,3705.0,3948.8333333333335,
20110405,3995,4100,3870,3930,27101,5639,77.9743547584717,135.45848072379962,155.68718637061946,203.07223673691342,,3860.0,3756.0,3707.0,3945.0,
20110406,3880,4050,3880,3935,23060,4130,58.44655678480983,111.79109982462823,158.02590768605,201.56195628694888,,3897.0,3800.5,3708.75,3941.6666666666665,
20110407,3935,3950,3885,3935,17510,340,23.95829710142188,98.08669634563086,162.837342154679,200.50580138461964,,3926.0,3833.0,3713.0,3938.9166666666665,
20110408,3870,3980,3870,3940,10200,2530,6.782329983125267,91.76600677810926,167.73118374351262,198.87489087922054,,3938.0,3857.0,3717.5,3935.6666666666665,
20110411,3995,3995,3905,3945,16880,6760,5.0990195135927845,77.11031059462798,174.72192192166386,196.91458596728256,,3937.0,3882.0,3726.5,3932.25,
20110412,3930,4000,3915,3975,9550,1030,14.966629547095765,70.71774883294854,179.07470508142686,195.13819889162224,,3946.0,3903.0,3746.5,3929.5,
20110413,3915,3970,3915,3970,3930,1680,16.30950643030009,51.234753829797924,179.42616865998116,192.58784070882703,,3953.0,3925.0,3767.5,3926.0833333333335,
20110414,3935,4095,3930,3975,19370,5880,15.297058540778355,26.650515942472747,166.50825805346713,189.96364783821048,,3961.0,3943.5,3795.0,3922.75,
20110415,3945,4035,3945,4030,18000,5760,27.82085548648711,28.81405906844772,168.32706258947192,186.53483067661972,,3979.0,3958.5,3816.0,3919.5833333333335,
20110418,4025,4070,3980,4050,10240,1260,33.316662497915374,39.49999999999992,163.1341472531119,183.9959804814577,,4000.0,3968.5,3841.5,3917.25,
20110419,4005,4070,4005,4055,9740,300,36.523964735499355,44.76605857119872,151.10509587700872,182.38801739393003,,4016.0,3981.0,3868.5,3915.6666666666665,
20110420,4055,4145,4015,4095,13456,1132,39.16631205513228,53.25410782277735,131.60428374486904,181.45010027246758,,4041.0,3997.0,3898.75,3914.8333333333335,
20110421,4095,4120,4030,4095,12010,-240,25.88435821108957,56.1782876207525,120.36818516535007,181.1911781946218,,4065.0,4013.0,3923.0,3914.5833333333335,
20110422,4075,4195,4025,4160,18770,-4990,39.42080668885404,65.57438524301996,119.50523001107523,182.01745566474202,,4091.0,4035.0,3946.0,3915.25,
20110425,4155,4155,4010,4025,23310,-5009,45.43126676640219,58.61740355901133,105.69413417971691,180.23749764007263,,4086.0,4043.0,3962.5,3913.3333333333335,
20110426,4050,4090,3930,3930,15501,-3310,78.19207120929845,65.04037207765646,95.94627402875008,178.03557696894825,,4061.0,4038.5,3970.75,3910.0,
20110427,3900,3910,3855,3870,10336,-4935,105.61249926026748,80.6241279022601,85.09222937495527,176.37168770021407,,4016.0,4028.5,3976.75,3906.1666666666665,
20110428,3935,3935,3860,3860,9670,-3960,112.08925015361643,94.45104552094696,78.52507561282573,175.08448357546848,,3969.0,4017.0,3980.25,3902.5833333333335,
20110429,3860,3860,3710,3750,35857,-812,90.19977827023745,123.4868414042565,90.95156678144691,174.42785439512946,,3887.0,3989.0,3973.75,3896.9166666666665,
20110502,3735,3820,3730,3765,7960,-3580,67.82329983125268,138.13851743811352,101.67226760528163,172.8826472559401,,3835.0,3960.5,3964.5,3891.0833333333335,
20110503,3750,4000,3730,3870,12801,750,53.81449618829484,136.6235704408284,103.5144917390797,170.07553468973597,,3823.0,3942.0,3961.5,3886.75,
20110504,3870,3885,3870,3885,3560,-1990,56.692151132233455,127.31457104353764,104.72105805424236,167.79443441968448,,3826.0,3921.0,3959.0,3883.1666666666665,
20110506,3845,4065,3840,3995,11640,8050,89.25245094673872,116.74330815939727,104.84989270380777,166.57822653502805,,3853.0,3911.0,3962.0,3881.8333333333335,
20110509,4015,4080,3960,4000,7370,-1880,87.55569655939013,89.24684868386106,105.03570821392124,166.32122534421023,,3903.0,3895.0,3965.0,3881.5,
20110511,4075,4075,3900,4000,10430,3120,59.413803110051795,85.85598406634213,105.19594811588514,165.51206317231114,,3950.0,3892.5,3967.75,3880.5833333333335,
20110512,4000,4040,3900,3925,4530,-1310,47.47630988187688,85.6504524214554,105.58734535918592,164.76034784565667,,3961.0,3892.0,3965.25,3879.1666666666665,
20110513,3925,4000,3830,3930,9800,-2670,34.785054261852174,85.99999999999996,105.8569199438563,164.32139493484374,,3970.0,3898.0,3963.25,3878.25,
20110516,3920,4180,3805,3860,8779,-3510,52.68775948927797,85.99999999999996,108.1607599825371,163.9905781507638,,3943.0,3898.0,3957.5,3876.5833333333335,
20110517,3890,3890,3785,3815,3546,-2270,63.513778032801675,76.49999999999996,111.06614020483472,163.61633645683153,,3906.0,3904.5,3946.75,3873.8333333333335,
20110518,3800,3995,3800,3900,15080,8770,43.289721643826724,61.04096984812737,108.88382570427989,162.22232686450062,,3886.0,3918.0,3939.25,3871.5,
20110519,3915,4020,3890,3920,16940,6900,42.42640687119285,58.9151932866217,105.63498473517191,160.77699790565532,,3885.0,3923.0,3932.5,3869.4166666666665,
20110520,3920,3950,3850,3945,2750,-1900,45.89117562233506,57.78408085277462,98.94442884771229,160.43785574344696,,3888.0,3929.0,3925.0,3868.8333333333335,
20110523,3945,3990,3900,3990,5900,2790,57.913728942281026,57.22979992975682,92.35089333623148,160.08979685025244,,3914.0,3928.5,3919.75,3868.4166666666665,
20110524,3995,4000,3880,3965,14140,1800,31.84336665618132,53.712196007983096,75.16648189186455,159.67249467442755,,3944.0,3925.0,3910.0,3867.8333333333335,
20110525,3980,3980,3825,3880,5650,-2530,37.815340802378074,48.79549159502336,70.57752829335979,158.88885003884383,,3940.0,3913.0,3902.75,3866.0,
20110526,3880,3955,3850,3950,8976,3530,36.523964735499355,49.972492433337706,71.09632550279937,158.57621721641047,247.47634216335788,3946.0,3915.5,3903.75,3865.5,4042.2916666666665
20110527,3870,3935,3870,3935,7270,2320,36.7967389859482,50.139804546886644,70.96477999684069,158.64390593050973,240.4263574014571,3944.0,3916.0,3907.0,3865.6666666666665,4036.0
20110530,3860,3990,3860,3970,6730,2190,32.4037034920393,48.69291529575934,71.37051211810099,158.96180096698137,233.81058335517815,3940.0,3927.0,3912.5,3866.25,4030.3333333333335
20110531,3905,4100,3905,3955,11770,2480,31.08054053584011,31.60696125855813,61.308135675455006,159.16099466333375,229.55261061827744,3938.0,3941.0,3922.75,3866.6666666666665,4025.625
20110601,3930,4040,3930,3980,5281,1020,15.684387141358124,30.315012782448143,50.62361109205862,159.6805839445999,225.42783013022608,3958.0,3949.0,3933.5,3867.6666666666665,4021.2916666666665
20110602,4010,4010,3870,3930,6977,2613,19.33907960581372,29.495762407505154,48.5051543652837,159.85583783174272,221.4376911044425,3954.0,3950.0,3936.5,3868.3333333333335,4016.625
20110603,3925,3995,3895,3955,8080,1590,16.911534525287767,29.47880594596725,47.16990566028302,160.1921372394191,217.0220642904512,3958.0,3951.0,3940.0,3869.25,4012.0833333333335
20110607,3960,4000,3900,3990,5664,1120,21.118712081942874,29.47880594596725,46.8901642138306,160.9127394652822,212.74730707265488,3962.0,3951.0,3939.75,3871.5833333333335,4008.0
20110608,3935,3985,3930,3975,7270,980,21.30727575266252,30.09983388658473,45.58234307272939,161.42817460268552,206.8803960357016,3966.0,3952.0,3938.5,3873.6666666666665,4003.2083333333335
20110609,4000,4000,3955,3990,5530,1440,22.93468988235943,20.27313493271315,44.95553358597805,161.4736605628148,201.27639578450282,3968.0,3963.0,3938.0,3877.4166666666665,3998.75
20110610,3955,4035,3955,4035,7871,-140,26.343879744638986,28.98706608127139,49.52524608722303,157.8118385574685,197.83403538207318,3989.0,3971.5,3943.5,3885.0833333333335,3995.6666666666665
20110613,4040,4055,3990,4020,20330,3260,22.0454076850486,29.495762407505154,52.11525688318154,152.56225960425206,194.51968980599895,4002.0,3980.0,3948.0,3892.9166666666665,3992.5833333333335
20110614,4090,4090,4025,4060,10151,3110,30.56141357987225,37.66961640367465,53.44155686354955,141.34856443086485,191.5256727786987,4016.0,3989.0,3958.0,3903.5,3990.0
20110615,4235,4235,3970,4060,10210,2380,26.38181191654584,41.197694110228966,46.943450022340706,137.46150976424775,189.08865865866508,4033.0,3999.5,3970.25,3911.0,3987.75
20110616,4055,4120,3990,4085,8011,3120,22.494443758403982,47.74934554525323,50.296620164778474,130.47506679651596,187.3345751738194,4052.0,4010.0,3979.5,3920.0833333333335,3986.0833333333335
20110617,4120,4120,4045,4095,4650,2760,25.96150997149434,45.719251962384455,54.251152061500036,121.26563473081087,185.59633617073325,4064.0,4026.5,3988.25,3929.75,3984.5
20110620,4065,4155,4050,4085,7670,2800,14.352700094407325,41.85988533190212,57.172436540696786,108.56206622122684,183.42228429228504,4077.0,4039.5,3995.25,3939.6666666666665,3982.625
20110621,4145,4145,4060,4085,8969,3175,11.6619037896906,40.298883359219694,60.394536176710545,101.31013303493091,180.20803949879658,4082.0,4049.0,4000.0,3947.5833333333335,3980.25
20110622,4130,4145,4070,4140,7250,2900,21.354156504062622,40.40111384603145,67.00513040058948,99.02226881980688,176.67670962020446,4098.0,4065.5,4008.75,3954.9166666666665,3978.0833333333335
20110623,4085,4155,4080,4150,10750,1840,28.178005607210746,38.990383429763725,66.90431600427584,96.2094070244688,173.52561450370584,4111.0,4081.5,4022.25,3962.5,3976.1666666666665
20110624,4150,4150,4100,4145,4830,2630,29.563490998188964,39.827754142055184,69.81045766932057,95.50465375513815,167.8780973074075,4121.0,4092.5,4032.0,3968.8333333333335,3973.3333333333335
20110627,4120,4145,4070,4145,5330,-80,24.20743687382041,34.35112807463525,70.22285952594069,93.79184251427291,166.02658338015846,4133.0,4105.0,4042.5,3975.4166666666665,3972.0833333333335
20110628,4110,4170,4080,4100,12249,-100,18.275666882497067,31.048349392519953,69.22066165531791,91.9560205871382,164.1936526043421,4136.0,4109.0,4049.0,3980.5833333333335,3970.6666666666665
20110629,4100,4155,4090,4135,11080,1280,18.16590212458495,27.11549372591239,68.1065341945984,93.09478443440787,162.35658201077666,4135.0,4116.5,4058.0,3984.8333333333335,3969.4166666666665
20110630,4155,4155,4100,4135,6040,3410,16.61324772583615,25.40177159176096,67.60685985904094,94.93546784819435,160.88319067468328,4132.0,4121.5,4065.75,3987.9166666666665,3968.375
20110701,4100,4160,4100,4135,9940,1390,15.49193338482967,24.02602755346781,61.514225996918796,96.46617138780941,160.65093283956384,4130.0,4125.5,4076.0,3991.3333333333335,3968.1666666666665
20110704,4110,4165,4085,4160,12031,-4330,19.131126469708992,21.817424229271296,57.442906437609864,98.55409541070442,160.88319067468328,4133.0,4133.0,4086.25,3995.0833333333335,3968.375
20110705,4130,4130,4000,4000,19273,-8323,57.32364259186605,44.07096549884055,56.64086422363275,98.2444513559022,160.45767333024426,4113.0,4124.5,4086.75,3996.1666666666665,3967.5416666666665
20110706,4000,4000,3875,3900,19908,-6420,100.269636480841,79.88898547359325,65.67724111136215,98.75770012172896,159.83478883591658,4066.0,4100.5,4083.0,3995.5,3965.5833333333335
20110707,3900,3930,3850,3890,12263,-4910,113.56055653262713,99.45979087048191,75.62076434419319,99.47483629318302,159.08067048583257,4017.0,4074.5,4078.0,3994.5833333333335,3963.4166666666665
20110708,3885,3960,3885,3935,13660,2870,99.27738916792687,104.40426236509691,81.38488803211564,99.73753751165552,158.27388686668658,3977.0,4053.5,4073.0,3993.9166666666665,3961.7083333333335
20110711,3905,3935,3825,3835,18287,-5064,54.46099521676041,117.79749572889908,96.0712626127085,101.75406079802856,157.4715086663822,3912.0,4022.5,4063.75,3991.6666666666665,3958.875
20110712,3835,3835,3765,3780,5093,-1470,54.46099521676041,134.65604331035422,114.27461441632609,105.2872723657623,157.04721070075936,3868.0,3990.5,4049.75,3988.4166666666665,3955.5833333333335
20110713,3805,3870,3755,3870,7382,-3100,52.21110992882645,129.59166639873104,120.74223577522491,106.22234934325256,155.35032095950763,3862.0,3964.0,4040.25,3985.75,3952.6666666666665
20110714,3800,3870,3770,3805,8342,-3452,54.12947441089743,123.72954376380764,130.5744519421774,108.36153479082053,154.38830352034026,3845.0,3931.0,4026.25,3981.6666666666665,3949.4583333333335
20110715,3800,3950,3800,3900,21024,7770,43.197222132910355,103.39850095625178,132.34519258363713,108.430052978355,153.35139726023522,3838.0,3907.5,4016.5,3979.0833333333335,3947.375
20110718,3890,3890,3800,3850,11310,-5270,43.4050688284214,60.70625997374566,136.12012158384226,108.60095149982176,152.5259313107841,3841.0,3876.5,4004.75,3975.0,3944.9166666666665
20110719,3820,3870,3820,3855,4705,-2601,30.886890422961002,44.67661580737729,138.54850233762906,108.52726231996559,151.98656167752253,3856.0,3862.0,3993.25,3971.0,3942.7916666666665
20110720,3825,3970,3825,3890,5806,-1646,33.61547262794322,43.92038251199544,135.99885109808832,106.16928306561465,151.18788325016808,3860.0,3861.0,3980.75,3966.5,3940.875
20110721,3910,3910,3860,3890,4274,-2770,20.396078054371138,43.92038251199544,131.55298362256934,106.33604359137405,150.14853178510282,3877.0,3861.0,3967.75,3964.25,3938.7916666666665
20110722,3855,3950,3855,3930,6110,-2470,28.91366458960192,43.09582346353292,125.26372180324198,106.33604359137405,149.1233584709869,3883.0,3860.5,3957.0,3964.25,3937.125
20110725,3930,3930,3860,3875,2196,-2010,24.617067250182338,42.39398542246287,118.64969447916842,106.26408403386112,148.47677989054876,3888.0,3864.5,3943.5,3964.3333333333335,3935.25
20110726,3860,3870,3825,3865,4670,-2760,22.13594362117865,31.7962261911692,114.1191811221935,106.18416260859631,148.0562955995673,3890.0,3873.0,3931.75,3964.4166666666665,3933.5
20110727,3850,3875,3835,3845,5070,-2900,28.53068523537421,32.897568299191875,105.46889351842087,103.65326815879921,147.57257513018925,3881.0,3870.5,3917.25,3966.0,3931.4583333333335
20110728,3890,3890,3810,3890,8520,2530,28.53068523537421,24.87971060924934,92.951600308978,100.8096046460298,146.65518420961246,3881.0,3879.0,3905.0,3968.0833333333335,3929.5833333333335
20110729,3875,3995,3875,3985,24913,7860,48.74423042781577,40.326790102858354,79.11226200785819,100.01666527800896,145.5924140938204,3892.0,3887.5,3897.5,3970.0,3928.375
20110801,3985,3985,3865,3945,7550,-3160,51.807335387954474,41.545156155681894,53.015917421091565,99.46020979936291,144.7491844152798,3906.0,3897.0,3886.75,3971.0,3927.0833333333335
20110802,3900,3935,3860,3910,5167,-2990,47.64451699828639,39.19502519453194,46.649624864515246,99.71330430567178,144.11988041403362,3915.0,3902.5,3882.25,3969.5833333333335,3925.7083333333335
20110803,3870,3890,3800,3865,6071,-2210,42.118879377305376,40.681691213615906,46.6074028454708,100.52141839207953,143.96351293142075,3919.0,3900.0,3880.5,3967.3333333333335,3924.4166666666665
20110804,3830,3865,3830,3860,3207,0,47.60252094164762,42.379240200834104,46.76002566295275,101.35745326976836,143.580401159845,3913.0,3897.0,3879.0,3965.0,3922.7916666666665
20110805,3685,3800,3685,3770,6861,500,58.90670590009256,55.172456896534825,50.553807967352974,104.27724131158958,144.02256164882186,3870.0,3881.0,3870.75,3962.4166666666665,3920.7916666666665
20110808,3800,3800,3500,3610,7735,-262,106.65833300778705,98.39842478413969,75.92595076783695,113.56823083748148,146.6400544038202,3803.0,3854.5,3859.5,3957.0833333333335,3917.6666666666665
20110809,3450,3550,3125,3550,12121,-1100,129.24395537122808,133.98134198462108,100.52860289489752,124.40220947484067,150.34356487724972,3731.0,3823.0,3848.0,3951.9166666666665,3914.25
20110810,3510,3710,3510,3695,9860,-2280,110.52601503718479,138.9820132247335,105.71512427273592,127.51304399507057,151.53253569778272,3697.0,3808.0,3839.25,3949.9166666666665,3911.875
20110811,3550,4150,3420,3900,21994,-1838,122.80065146407,139.60300856356926,106.20263650211326,127.51304399507057,151.07985724076087,3705.0,3809.0,3844.0,3949.9166666666665,3910.7083333333335
20110812,3830,3875,3710,3810,16730,-12540,127.96874618437113,126.82763894356779,105.63971790950599,128.7150977503758,150.84933156409122,3713.0,3791.5,3839.5,3948.0833333333335,3908.75
20110816,3790,3810,3700,3800,18180,-7920,119.68291440301745,116.30133275246678,105.95281968876525,130.1040182144866,151.02821204441616,3751.0,3777.0,3837.0,3945.6666666666665,3907.25
20110817,3730,3735,3675,3700,19670,-12630,76.57675887630658,109.12836478203087,109.9462937074279,133.7041717956304,151.867763887973,3781.0,3756.0,3829.25,3940.8333333333335,3904.625
20110818,3685,3685,3620,3680,17860,-11070,80.09993757800316,104.6721070772916,113.6098037142922,137.76214909118582,152.9750739953692,3778.0,3737.5,3818.75,3936.0833333333335,3901.9583333333335
20110819,3600,3600,3510,3595,7162,-1640,80.09993757800316,103.8460398859773,122.22520198387892,144.36893325396838,155.27761876358318,3717.0,3711.0,3804.0,3931.3333333333335,3898.6666666666665
20110822,3500,3600,3500,3590,8230,-1470,77.30459236035075,107.5918212505021,127.06691150728422,150.80579859172775,157.6052338033925,3673.0,3693.0,3787.0,3925.3333333333335,3895.4166666666665
20110823,3540,3610,3525,3600,16360,-12940,47.07440918375928,108.4020295012967,131.5985847188335,156.44068364718896,159.85005452159018,3633.0,3692.0,3773.25,3919.75,3892.7083333333335
20110824,3620,3640,3550,3610,6690,-500,33.166247903554,101.83810681665285,134.4144709471417,161.22868076120898,161.8512691743044,3615.0,3698.0,3760.5,3913.75,3890.0
20110825,3560,3600,3530,3590,16172,-9420,7.483314773547883,106.8936387256042,137.84479496883444,166.36172102446537,164.08678259452228,3597.0,3687.5,3747.75,3907.6666666666665,3887.1666666666665
20110826,3590,3600,3540,3600,8990,1100,7.483314773547883,82.31798102480403,137.3706209493136,170.66503905473832,166.11918412192233,3598.0,3657.5,3733.25,3901.3333333333335,3884.5
20110829,3565,3620,3550,3595,31132,-23470,6.6332495807108,66.17401302626277,127.58208142211821,175.05909716435696,168.18949609658156,3599.0,3636.0,3713.75,3895.75,3882.0416666666665
20110830,3605,3650,3560,3610,11014,-80,8.0,37.363083384538726,117.73274820541648,178.64769799804242,169.98794381269062,3601.0,3617.0,3697.0,3890.0,3879.625
20110831,3575,3650,3570,3595,35473,-20330,6.782329983125267,25.40177159176096,108.9251463161744,182.08626999920108,171.9277949217824,3598.0,3606.5,3681.25,3883.4166666666665,3877.5
20110901,3595,3620,3540,3570,45844,-30700,13.19090595827292,10.828203913853589,102.84818909441236,186.03016481802604,174.17057411884673,3594.0,3595.5,3666.5,3876.6666666666665,3875.1666666666665
20110902,3590,3590,3515,3545,15520,-4090,22.93468988235943,18.634645153584067,95.89414737094229,190.18811959040193,176.46332637563918,3583.0,3590.5,3650.75,3869.25,3873.3333333333335
20110905,3465,3470,3400,3400,37543,-26060,75.32595834106594,60.126949032858754,106.23646972673744,198.1705214091016,179.61772195879354,3544.0,3571.5,3632.25,3858.6666666666665,3871.875
20110906,3370,3500,3350,3500,21840,-3290,68.60029154456998,62.81122511144002,110.02584923553192,202.2539657625192,180.4201067801351,3522.0,3561.5,3626.75,3850.0,3871.4583333333335
20110907,3415,3480,3380,3470,31931,-24941,59.632206063502295,65.96400533624376,114.12137179336744,206.11074423447326,179.536362766865,3497.0,3547.5,3622.75,3840.1666666666665,3871.8333333333335
20110908,3430,3430,3355,3385,43697,-22290,60.24948132556828,79.94373021069255,123.88982000148356,212.13810687589444,183.394492639652,3460.0,3527.0,3607.25,3828.9166666666665,3869.9583333333335
20110909,3350,3400,3315,3340,41437,-9230,58.17215828899593,93.16115070135187,117.68894383076092,218.49351630349616,187.2537225189983,3419.0,3501.0,3579.25,3816.5,3868.2916666666665
20110914,3330,3330,3190,3245,42342,-28110,91.68424073961675,114.56002793295748,126.39818036664929,227.35337155088547,193.0186690380545,3388.0,3466.0,3551.0,3802.3333333333335,3866.0416666666665
20110915,3255,3400,3210,3280,49933,-5760,79.33473388119481,115.849039702537,125.98611034554564,233.9339145760791,197.32407336803928,3344.0,3433.0,3525.0,3788.9166666666665,3864.2916666666665
20110916,3320,3400,3270,3365,49030,-16830,52.59277516921882,103.58571330062846,123.85752904042612,236.88620979045663,201.17452000688306,3323.0,3410.0,3508.25,3776.9166666666665,3862.25
20110919,3390,3395,3315,3315,32583,-14570,42.59107887809371,91.77281732626493,124.09673645990856,239.34279229218814,206.7297912668177,3309.0,3384.5,3490.0,3763.1666666666665,3859.0416666666665
20110920,3335,3380,3295,3380,31691,-14010,50.65570056765576,74.67261881037784,123.84743638848565,238.90002558020262,210.7567548673637,3317.0,3368.0,3479.25,3750.3333333333335,3856.4166666666665
20110921,3380,3410,3320,3360,18820,650,37.013511046643494,73.91887445030528,123.70807370580143,238.42263769756823,215.38559979075202,3340.0,3364.0,3467.75,3737.25,3853.0416666666665
20110922,3380,3390,3310,3355,17590,2170,21.679483388678797,58.41446738608504,122.12595956634279,237.3525712006397,219.90608791027088,3355.0,3349.5,3455.5,3724.0833333333335,3849.75
20110923,3320,3360,3305,3360,19346,8660,21.30727575266252,43.01453242800617,118.41030360572512,236.72386339361555,224.3098056012904,3354.0,3338.5,3443.0,3711.75,3846.1666666666665
20110926,3360,3360,3215,3300,19761,6550,26.90724809414742,41.35214625627059,117.27211944874195,235.97557547810177,229.71244101170345,3351.0,3330.0,3428.5,3697.8333333333335,3841.3333333333335
20110927,3320,3390,3250,3390,14280,-3190,29.257477676655586,45.11097427455979,110.66164647247936,232.2162994327084,233.12043859106103,3353.0,3335.0,3418.0,3685.4166666666665,3836.6666666666665
20110928,3390,3390,3280,3295,28220,-14250,36.74234614174768,36.87817782917147,105.88200980336555,230.00016606273982,238.09571123464852,3340.0,3340.0,3403.0,3671.4166666666665,3831.375
20110929,3290,3295,3235,3265,24696,-19227,45.89117562233506,39.49999999999992,98.60622444856104,226.83014937760288,243.39696299917549,3322.0,3338.5,3385.75,3656.5,3825.7916666666665
20110930,3265,3290,3245,3290,7661,1220,42.731721238442994,40.85339643163092,88.08944318134836,227.12123536903042,248.00418623258895,3308.0,3331.0,3370.5,3644.6666666666665,3820.4166666666665
20111004,3260,3260,3165,3200,9880,-3150,61.20457499239743,56.80889014934189,82.95179322956194,231.6394468421392,254.0797528992287,3288.0,3319.5,3352.0,3633.0,3814.25
20111005,3100,3175,3020,3150,14960,-2970,56.30275304103698,72.14741852623692,81.66203218142444,237.25946884277226,260.85832880767504,3240.0,3296.5,3332.25,3620.6666666666665,3807.625
20111006,3155,3155,3000,3050,80495,-58305,85.93020423576334,99.58539049479091,100.57925979047569,244.65365258303632,269.32785421407,3191.0,3265.5,3314.75,3605.9166666666665,3799.9166666666665
20111007,3050,3065,3020,3030,57811,-42641,96.24967532412771,116.6447598480103,109.09714707543915,253.63112979285245,277.80357519097674,3144.0,3233.0,3291.25,3592.5,3792.0833333333335
20111010,3045,3070,3010,3070,18402,8760,64.4980619863884,117.51170154499506,111.1403954464802,261.0610826777665,284.9283505208903,3100.0,3204.0,3271.25,3580.6666666666665,3784.5416666666665
20111011,3085,3105,3025,3070,71226,-39850,40.79215610874228,118.97058459972362,116.11309142383558,266.319774373254,291.3294210978733,3074.0,3181.0,3255.5,3567.3333333333335,3776.5416666666665
20111012,3070,3150,3020,3100,199998,-106620,23.323807579381203,97.9846926820715,119.12283576208216,271.08438364382823,296.65002001516837,3064.0,3152.0,3243.5,3555.5833333333335,3768.625
20111013,3140,3155,3090,3105,109366,-24030,26.83281572999748,86.11620056644391,122.88307450580817,273.34573142613283,301.53793005837366,3075.0,3133.0,3236.5,3542.3333333333335,3760.7083333333335
20111014,3120,3120,3045,3080,78642,-39030,14.832396974191324,74.91495177866696,127.0049211644966,276.65517044387934,306.241224364062,3085.0,3114.5,3226.5,3529.5,3752.25
20111017,3085,3150,3060,3125,105052,-31900,19.33907960581372,47.655010229775364,124.66856059167445,278.12087699815123,309.86780335419706,3096.0,3098.0,3214.5,3517.3333333333335,3744.1666666666665
20111018,3075,3110,3070,3090,44111,7240,15.1657508881031,33.406586176980035,125.24251474639114,279.1098947248769,313.151221456982,3100.0,3087.0,3203.25,3504.0,3735.25
20111019,3095,3260,3090,3230,181952,-62120,54.166410255803356,51.961524227066256,118.75684190816123,276.6755018669557,315.35295206323934,3126.0,3095.0,3195.75,3493.0,3728.625
20111020,3260,3440,3250,3330,562496,-355840,95.62426470305536,85.06468127254692,116.84685489990734,271.4946285533689,316.8733727768867,3171.0,3123.0,3194.25,3483.0,3723.625
20111021,3360,3380,3280,3295,58521,-2400,93.34880824091972,92.88299090791594,113.40056216791872,267.663760880862,318.96429615588954,3214.0,3149.5,3191.25,3473.3333333333335,3718.8333333333335
20111024,3370,3370,3295,3325,83709,-15930,89.40917178902845,102.10288928331066,111.02814958378798,263.3873362348449,320.6942745175428,3254.0,3175.0,3189.5,3464.3333333333335,3714.375
20111025,3330,3370,3320,3365,52132,-9880,45.32107677449864,109.82827504791284,115.09208269902844,258.9560237226015,322.2439121052385,3309.0,3204.5,3192.75,3456.3333333333335,3711.1666666666665
20111026,3330,3365,3310,3365,67910,-30370,26.5329983228432,113.33137253205747,113.06082433805264,252.9550218033907,323.73518842137315,3336.0,3231.0,3191.5,3447.5833333333335,3707.8333333333335
20111027,3360,3480,3340,3375,87986,-2630,30.331501776206203,112.25417586887356,117.96079857308528,243.22227773969882,324.79448363114483,3345.0,3258.0,3195.5,3437.4166666666665,3703.7083333333335
20111028,3420,3585,3375,3435,146751,-2250,35.440090293338706,106.32614918259758,128.33160171991932,234.0745815380655,325.27712276952707,3373.0,3293.5,3204.0,3428.9166666666665,3699.9583333333335
20111031,3430,3430,3340,3365,43947,-2428,27.27636339397171,91.65833295451098,131.837731700754,225.65269528389663,325.55676401700214,3381.0,3317.5,3207.75,3419.8333333333335,3694.7083333333335
20111101,3350,3375,3300,3330,32580,-1860,34.11744421846396,51.626059311165655,134.47374279018192,218.33745225122,326.0180609132973,3374.0,3341.5,3214.25,3410.9166666666665,3689.125
20111102,3200,3280,3200,3240,34601,-2070,64.14047084329829,49.51009997970104,133.75233642819106,211.40027528101058,327.29688092600065,3349.0,3342.5,3218.75,3400.5833333333335,3682.7916666666665
20111103,3245,3285,3225,3225,32053,-4203,78.44743462982075,60.876925020897644,128.02831718022384,206.994967732708,329.16073570606096,3319.0,3332.0,3227.5,3391.5,3676.9583333333335
20111104,3270,3325,3230,3270,29323,-2390,53.422841556772326,62.827143815392354,119.946863235351,205.58487028204925,330.39836803050645,3286.0,3329.5,3239.5,3385.8333333333335,3671.4583333333335
20111107,3300,3340,3260,3300,29739,-2350,38.41874542459709,63.45076831686118,114.02412025532142,204.74713401873788,331.65481291631414,3273.0,3327.0,3251.0,3381.6666666666665,3666.7916666666665
20111108,3325,3350,3305,3305,24520,-3290,31.717503054307407,62.40192304729072,106.63577026495379,200.85020676004703,332.9933656955074,3268.0,3321.0,3262.75,3375.1666666666665,3662.5416666666665
20111109,3325,3380,3310,3355,20899,-3290,42.82522621072771,61.76568626672899,101.53693909115049,188.87626387546325,333.4400245921292,3291.0,3320.0,3275.5,3366.0833333333335,3658.0
20111110,3350,3540,3280,3365,160021,0,35.6931365951495,60.94259594077031,95.32969107261387,179.81904484477425,333.6228924624324,3319.0,3319.0,3288.5,3358.6666666666665,3653.375
20111111,3450,3515,3405,3450,100065,-350,54.12947441089743,63.89248782133932,88.74683092933516,170.86146109900534,333.0513286266844,3355.0,3320.5,3307.0,3352.8333333333335,3649.25
20111114,3535,3535,3455,3465,37643,-1370,60.4648658313239,76.63060746203173,84.72897969408106,165.4667430499361,331.9930110333645,3388.0,3330.5,3324.0,3348.9166666666665,3644.875
20111115,3475,3485,3450,3475,23320,-2070,51.34199061197374,88.03408430829502,72.18509195117784,160.64116325939418,331.04254247838793,3422.0,3345.0,3343.25,3345.5,3640.7916666666665
20111116,3520,3590,3505,3540,44861,14680,56.16048432839589,97.72410142846027,79.14977890051242,159.3666936833213,330.4375229861493,3459.0,3375.0,3358.75,3344.5833333333335,3637.9583333333335
20111117,3540,3685,3515,3620,40050,5580,63.00793600809346,108.36166296250715,97.08597993531299,160.18086565573375,329.20003786536125,3510.0,3414.5,3373.25,3345.0833333333335,3635.2083333333335
20111118,3645,3650,3550,3610,28800,-1630,65.00769185258002,110.99662157020813,108.04628637764463,160.45099199858922,328.05741367429323,3542.0,3448.5,3389.0,3345.25,3632.5
20111121,3600,3645,3555,3610,26151,-1600,55.892754449928475,108.45390726018124,117.08196914982256,160.45099199858922,326.6001632985911,3571.0,3479.5,3403.25,3345.25,3629.5
20111122,3600,3725,3585,3700,39601,-2000,50.833060108555344,109.63119993870356,133.25726997053482,163.82992112417548,325.30239937889536,3616.0,3519.0,3420.0,3347.0833333333335,3627.375
20111123,3700,3700,3560,3640,30260,-2300,33.82306905057553,99.9062060134404,140.84455083530918,164.935404022296,323.69545604454913,3636.0,3547.5,3433.75,3347.75,3624.5416666666665
20111124,3580,3640,3510,3590,64280,-1750,38.47076812334269,79.5298686029343,144.11713985504988,164.81167704045401,322.4951523106798,3630.0,3570.0,3444.5,3347.6666666666665,3621.7083333333335
20111125,3590,3680,3555,3630,25310,-950,37.20215047547654,70.1498396291823,149.63518135786114,165.36122076633131,321.0462064355634,3634.0,3588.0,3454.25,3348.0,3619.0
20111128,3680,3680,3625,3645,17400,0,35.270384177096794,58.386642307979955,153.67396493876248,166.72424005590858,319.25072598455637,3641.0,3606.0,3468.25,3348.8333333333335,3616.125
20111129,3675,3690,3635,3675,33602,-5020,27.459060435491967,42.059481689626104,156.52395982724178,169.56338949063732,317.6010091949746,3636.0,3626.0,3485.5,3350.5833333333335,3613.625
20111130,3650,3690,3640,3640,8280,-290,27.459060435491967,30.805843601498637,149.26402781648363,171.80019079021298,315.7328088704465,3636.0,3636.0,3505.5,3352.1666666666665,3610.7083333333335
20111201,3670,3670,3600,3625,29649,-240,17.4928556845359,30.581857366745965,136.60069545943023,175.22483572699844,313.3321559153405,3643.0,3636.5,3525.5,3355.9166666666665,3607.2916666666665
20111202,3670,3670,3605,3620,8931,0,19.33907960581372,29.85381047705626,124.64349160706308,177.52767781077668,311.0432016037138,3641.0,3637.5,3543.0,3357.9166666666665,3603.9583333333335
20111205,3600,3635,3595,3600,14230,-190,25.019992006393608,30.907118921051094,111.89727431890377,179.66285942162224,308.2210127624867,3632.0,3636.5,3558.0,3360.0833333333335,3600.125
20111206,3590,3610,3575,3610,5830,-200,13.564659966250534,23.26478024826356,96.03742759986858,182.470012757038,305.3269849003408,3619.0,3627.5,3573.25,3363.8333333333335,3596.375
20111207,3540,3640,3540,3565,5917,0,21.30727575266252,29.325756597230264,82.06514180820015,184.2450624997957,302.03372868586797,3604.0,3620.0,3583.75,3367.5833333333335,3592.0416666666665
20111208,3540,3640,3540,3570,13350,-10,21.817424229271428,31.874754901018363,65.1651747484805,185.33573139934842,298.4982784242178,3593.0,3618.0,3594.0,3373.0,3587.6666666666665
20111209,3570,3580,3520,3520,14020,0,31.559467676119,42.906875905849795,58.917314942213714,185.87450963844242,295.05260536140867,3573.0,3607.0,3597.5,3377.0,3582.9583333333335
20111212,3550,3615,3550,3615,15830,0,34.554305086341984,41.15823125451328,50.52227231627651,188.3444686973498,291.4598999243095,3576.0,3604.0,3605.0,3381.1666666666665,3579.0416666666665
20111213,3615,3620,3580,3600,1370,0,32.77193921634788,33.6934711776628,40.861809798392436,190.20053379408185,286.8971911049121,3574.0,3596.5,3611.25,3385.9166666666665,3574.5416666666665
20111214,3610,3750,3605,3650,18631,-1,43.86342439892262,35.08917211904541,38.21894163893082,193.17800872654652,282.10013182378975,3591.0,3597.5,3616.75,3390.4166666666665,3570.375
20111215,3600,3650,3600,3645,3020,0,46.84015371452148,37.11131902802693,38.710463701691815,195.85701984412086,277.2326007715455,3606.0,3599.5,3618.0,3395.1666666666665,3566.2083333333335
20111216,3670,3670,3600,3610,2230,0,19.849433241279208,36.67764987018653,38.710463701691815,197.69735217132703,272.14399527945903,3624.0,3598.5,3618.0,3399.4166666666665,3561.75
20111219,3600,3640,3320,3460,16850,0,69.25315877272314,55.382759050087,51.8386921131311,197.7795314372893,267.77959168357427,3593.0,3584.5,3610.5,3401.0833333333335,3556.4166666666665
20111220,3500,3590,3400,3495,11250,0,79.1580697086532,60.58877783880439,53.373097155776904,197.69392729390316,262.52474751069667,3572.0,3573.0,3600.25,3404.3333333333335,3551.0833333333335
20111221,3500,3590,3500,3550,3430,0,68.89121859859935,60.95285063063083,53.62543706115597,198.55981466550116,257.01004830658866,3552.0,3571.5,3595.75,3407.0,3546.2083333333335
20111222,3510,3555,3510,3520,3510,0,50.95095681142799,62.89077833832234,56.113166904034216,198.5338447217456,251.28601179178617,3527.0,3566.5,3592.25,3410.75,3541.0833333333335
20111223,3525,3610,3510,3560,6430,-10,36.55133376499413,61.05120801425632,55.83177858531822,198.51630215733024,244.8070527079541,3517.0,3570.5,3588.75,3415.6666666666665,3536.0833333333335
20111226,3560,3635,3560,3570,4755,0,27.64054992217051,59.2368128784795,54.4288526426931,198.79819471569766,241.10941499659333,3539.0,3566.0,3585.0,3420.3333333333335,3532.5
20111227,3550,3680,3480,3500,26787,-18120,26.0768096208106,61.06553856308806,53.3121702803403,196.95783530717208,238.75923484175786,3540.0,3556.0,3576.25,3425.3333333333335,3529.1666666666665
20111228,3500,3500,3385,3440,8140,0,46.647615158762406,61.23724356957941,58.882828566569394,193.67276238254863,236.5864740897536,3518.0,3535.0,3566.25,3430.1666666666665,3525.4166666666665
20111229,3450,3500,3395,3500,6320,0,47.15930449020639,49.52019789944295,58.949130612757976,187.41768563528683,233.596692893018,3514.0,3520.5,3560.0,3437.6666666666665,3521.7916666666665
20120102,3395,3465,3375,3400,7937,0,58.1033561853358,51.596996036591065,66.73829485385434,179.83642258699211,232.07841107885992,3482.0,3499.5,3549.0,3443.8333333333335,3518.1666666666665
20120103,3375,3430,3375,3405,12550,0,43.86342439892262,58.043087443725746,72.56505701782366,173.22213981538434,231.05419262708682,3449.0,3494.0,3539.25,3449.4166666666665,3515.0416666666665
20120104,3390,3410,3370,3410,6690,0,37.20215047547654,63.263338514498216,75.83328754577373,166.13371037276144,228.93958066970768,3431.0,3485.5,3529.25,3455.0833333333335,3511.2083333333335
20120105,3395,3430,3385,3425,10240,0,36.959437225152655,61.6116872029974,78.62052848970174,159.6394374833436,227.47737601181703,3428.0,3473.0,3522.25,3460.5,3508.0416666666665
20120106,3400,3430,3380,3430,5210,0,11.575836902790224,60.65476073648296,80.27258249240522,152.85475585956524,224.72451885586347,3414.0,3464.0,3515.25,3465.9166666666665,3504.125
20120109,3400,3435,3380,3380,7131,0,17.606816861659013,56.026779311325704,85.48793774562584,144.84615881072114,222.74929464285225,3410.0,3446.0,3508.25,3470.9166666666665,3500.2083333333335
20120110,3380,3445,3375,3390,17630,0,19.39071942966532,39.88734135035817,85.5043858524228,138.1148877645733,220.5775877604557,3407.0,3428.0,3497.0,3475.3333333333335,3496.3333333333335
20120111,3415,3425,3370,3395,15930,0,19.849433241279208,32.729955698106195,84.82739828616695,129.1616934526411,217.7879280337216,3404.0,3417.5,3486.75,3480.4166666666665,3492.2083333333335
20120112,3375,3385,3360,3375,8280,-400,19.33907960581372,34.04408906109832,79.36308965759837,125.76554465441124,214.96277132460602,3394.0,3411.0,3473.0,3482.8333333333335,3487.9166666666665
20120113,3375,3410,3360,3405,15930,-130,10.677078252031311,16.740669042783033,70.04641318440224,124.60768992677532,211.2309121882689,3389.0,3401.5,3461.0,3484.0833333333335,3483.5416666666665
20120116,3395,3395,3305,3330,9875,0,26.343879744638986,27.24426545165045,66.7720001198107,123.8004667016811,208.6080854936658,3379.0,3394.5,3447.0,3484.6666666666665,3479.0
20120117,3355,3415,3325,3340,13098,-253,29.563490998188964,31.400636936215072,70.61515418095469,123.49254925792371,205.95525656882995,3369.0,3388.0,3441.0,3484.9166666666665,3474.625
20120118,3430,3430,3310,3340,5880,-70,28.03569153775237,33.45145736735537,72.73711226052352,123.93782043158508,203.48892612512057,3358.0,3381.0,3433.25,3484.5,3470.4166666666665
20120119,3355,3410,3310,3380,12821,-2790,28.70540018881465,30.08737276666067,68.40093201119412,123.71144180443387,199.97680421044197,3359.0,3376.5,3424.75,3484.75,3466.1666666666665
20120120,3400,3450,3380,3450,15260,-873,44.45222154178575,33.988968798714595,65.15126629621254,122.97289674286701,194.24157621517276,3368.0,3378.5,3421.25,3486.0,3461.7083333333335
20120125,3420,3670,3420,3590,103507,-2730,94.02127418834527,72.02256590819295,68.58343458882764,123.50132140543032,189.50401271037117,3420.0,3399.5,3422.75,3488.5833333333335,3458.75
20120126,3620,3750,3570,3570,107325,0,99.71960689854328,88.09795684350458,68.58343458882764,122.86917161490044,185.22956852391232,3466.0,3417.5,3422.75,3492.0,3455.9166666666665
20120127,3580,3625,3495,3540,48442,-4320,79.14543574963751,94.8736001214247,71.33503697342563,121.18408861452019,181.56816423560616,3506.0,3432.0,3424.75,3495.5,3453.2083333333335
20120130,3605,3805,3560,3635,81904,-2620,61.77378084592201,110.09541316512687,84.8071341338687,117.80736984114138,178.4933861208534,3557.0,3458.0,3434.5,3502.0833333333335,3451.3333333333335
20120131,3635,3715,3570,3670,37090,-190,46.303347611160895,125.0289966367802,98.37936775564276,114.07855480617413,177.2326625277232,3601.0,3484.5,3443.0,3509.5,3450.5
20120201,3625,3690,3600,3645,36461,-760,48.84669896727925,121.7743815422603,107.1269690600831,111.01735975362276,177.5234677365823,3612.0,3516.0,3455.25,3515.75,3450.7916666666665
20120202,3610,3660,3575,3635,13399,-88,44.384682042344295,110.802752673388,113.28365945713442,108.4199653610328,178.08658942585342,3625.0,3545.5,3466.75,3521.3333333333335,3451.5
20120203,3670,3685,3560,3590,11670,-6020,25.88435821108957,87.33412849510776,115.5451751480779,105.02813776422444,177.1434946825101,3635.0,3570.5,3475.75,3526.0833333333335,3450.625
20120206,3575,3615,3575,3595,1864,-80,30.43024810940588,59.96665740225975,117.73142103958484,102.98661590495269,172.81273985315636,3627.0,3592.0,3484.25,3530.0833333333335,3448.0833333333335
20120207,3605,3610,3565,3570,4006,-92,28.390139133156783,38.52272056851637,118.45753458518374,100.83112945249286,169.97816444734312,3607.0,3604.0,3491.25,3533.5,3446.0833333333335
20120208,3585,3720,3540,3670,34560,0,35.86084215408221,42.848570571257035,121.65807618074518,101.72416406908579,168.12321870183726,3612.0,3612.0,3505.75,3537.1666666666665,3445.0
20120209,3700,3720,3630,3645,21738,0,37.336309405188935,41.379342672401094,122.22008836521105,102.20472374383827,167.50123859409123,3614.0,3619.5,3518.5,3540.1666666666665,3444.5416666666665
20120210,3700,3720,3645,3690,10410,-160,45.09988913511872,36.77295201639371,124.21025521268362,103.61637981837343,167.62080531664063,3634.0,3634.5,3533.25,3543.75,3444.625
20120213,3655,3800,3655,3770,33171,0,64.83826030978929,54.82700064749114,128.79635087998415,107.58520525094362,169.67147586504151,3669.0,3648.0,3553.0,3547.5833333333335,3446.0833333333335
20120214,3770,3790,3685,3790,43560,-5583,56.88585061331157,69.49820141557618,133.90738403837184,111.61799312336555,172.04269092291932,3713.0,3660.0,3572.25,3550.4166666666665,3447.75
20120215,3825,3900,3770,3815,65872,-7260,64.07807737440318,83.19254774317227,131.73932594331885,116.42367552272613,174.71762436539726,3742.0,3677.0,3596.5,3553.8333333333335,3449.5416666666665
20120216,3815,3910,3795,3910,18062,0,71.13367697511495,106.85153251123728,134.78686879663022,124.86448209514069,179.08738071275351,3795.0,3704.5,3625.0,3558.8333333333335,3452.0416666666665
20120217,3910,3950,3880,3910,37261,-9320,59.6992462263972,115.348385337637,131.73932594331885,131.5372781973019,183.45105595377404,3839.0,3736.5,3653.5,3562.3333333333335,3454.7083333333335
20120220,3910,3960,3880,3945,31075,-260,60.28266749240614,120.1051622537516,130.63570530295308,140.05799889886478,188.34363909855858,3874.0,3771.5,3681.75,3567.4166666666665,3457.5833333333335
20120221,3975,4020,3940,3995,29350,-2350,58.90670590009256,116.42164747159349,136.17635624439362,150.36391041587885,194.1949013806012,3915.0,3814.0,3709.0,3574.1666666666665,3460.9166666666665
20120222,4035,4065,3970,3975,34520,-5297,34.146742157927754,114.63965282571293,144.92476496444633,158.75161853942714,199.2976164698283,3947.0,3844.5,3728.25,3579.9166666666665,3463.9583333333335
20120223,3960,4000,3825,3965,23831,-390,28.91366458960192,97.92982181133587,148.87410788985437,166.0557762721076,204.10525862216647,3958.0,3876.5,3748.0,3585.25,3467.0416666666665
20120224,3845,3995,3845,3925,34090,0,24.166091947189145,76.12489737267299,145.58910501819838,171.30891119715432,208.109546473324,3961.0,3900.0,3767.25,3589.4166666666665,3470.0
20120227,3875,3955,3860,3925,10710,-3200,27.85677655436824,62.667774812897214,146.13585289038417,176.5176258117619,212.0799115637504,3957.0,3915.5,3781.75,3594.1666666666665,3473.1666666666665
20120228,3930,3935,3870,3920,7460,-140,23.151673805580447,46.746657634530344,146.73338917915038,181.35024048018573,215.8201411669741,3942.0,3928.5,3794.25,3599.0833333333335,3477.5
20120229,3900,3930,3860,3895,9110,0,22.44994432064365,30.744918279286324,144.11171881564664,185.2540297957228,219.1251505355365,3926.0,3936.5,3806.75,3603.6666666666665,3480.7916666666665
20120302,3895,3915,3875,3900,6530,-140,12.884098726725126,31.737202145116612,139.830254237057,189.09624239758946,222.4106210930569,3913.0,3935.5,3820.0,3608.6666666666665,3484.375
20120305,3900,3915,3860,3900,16240,0,12.083045973594572,32.66879244783918,130.33514491494608,192.73967763107933,225.4003228825436,3908.0,3934.5,3835.5,3613.5,3488.6666666666665
20120306,3905,3905,3800,3840,21590,-2300,26.90724809414742,42.883563284783065,118.0939774078255,194.79068181568974,227.22761471460342,3891.0,3924.0,3847.75,3618.0833333333335,3492.8333333333335
20120307,3805,3820,3765,3795,8885,295,42.118879377305376,50.98038838612348,100.50621871307268,195.99100036027494,227.72880740525918,3866.0,3904.0,3859.0,3621.8333333333335,3497.4166666666665
20120308,3795,3835,3785,3790,7443,-1710,48.16637831516918,55.24717187331849,92.29030284921595,196.69957351814801,228.38959160950168,3845.0,3885.5,3865.0,3626.3333333333335,3501.6666666666665
20120309,3830,3835,3780,3820,8233,0,39.7994974842648,51.371198156165235,78.24440874592894,198.24737282832385,229.8613674889461,3829.0,3871.0,3873.75,3629.75,3505.4583333333335
20120312,3825,3835,3790,3815,5893,-1003,18.05547008526779,50.398412673416544,67.58328195641286,199.61560281923846,230.90055805115063,3812.0,3860.0,3880.0,3633.3333333333335,3509.625
20120313,3820,3825,3760,3800,7811,-1200,11.575836902790224,48.1793524240415,65.42361958803563,200.74479376118657,232.0892989957374,3804.0,3847.5,3881.5,3635.8333333333335,3513.125
20120314,3800,3830,3800,3830,11680,-2300,14.2828568570857,41.776189390608536,63.16842565712715,202.2768145938168,233.43405192306827,3811.0,3838.5,3883.5,3638.9166666666665,3517.0416666666665
20120315,3840,3845,3800,3815,2991,-40,9.69535971483266,37.646380968162056,63.16842565712715,203.48723683699347,234.51604644814012,3816.0,3830.5,3883.5,3642.3333333333335,3520.875
20120316,3835,3850,3795,3820,6813,-2200,9.69535971483266,29.685855217594696,64.31562796086189,203.32991800410164,235.61205387364015,3816.0,3822.5,3879.0,3648.3333333333335,3524.7083333333335
20120319,3835,3835,3790,3815,11091,-1120,9.69535971483266,14.628738838327596,65.35049732021939,203.43481074344524,236.169607132952,3816.0,3814.0,3874.25,3653.6666666666665,3529.0
20120320,3825,3830,3770,3775,4377,-2197,18.814887722226782,16.00781059358194,66.63848362620506,203.56303623747948,236.87355613749247,3811.0,3807.5,3865.75,3657.4166666666665,3532.2083333333335
20120321,3775,3790,3740,3740,3641,240,31.08054053584011,25.806975801127766,65.06535176267012,203.03548882454368,236.6141226883027,3793.0,3802.0,3853.0,3661.0833333333335,3535.9166666666665
20120322,3780,3780,3700,3700,5111,-1100,45.4972526643093,40.13726448077888,66.86319989351392,202.6645250709196,235.76647683082905,3770.0,3793.0,3839.25,3663.4166666666665,3539.5416666666665
20120323,3685,3770,3685,3755,15134,-1201,38.026306683663094,40.49999999999993,62.647326359550256,202.62712059346646,235.45433326986188,3757.0,3786.5,3828.75,3666.5,3543.4166666666665
20120326,3785,3790,3715,3755,11100,-2200,25.09980079602227,40.27716474629258,60.50774743782816,201.7627009632831,234.11028013286503,3745.0,3780.5,3820.25,3670.75,3548.0416666666665
20120327,3795,3800,3730,3800,19270,-2097,32.09361307176243,40.27716474629258,55.62373594069352,200.1579064139092,232.35102380641362,3750.0,3780.5,3814.0,3676.75,3553.4583333333335
20120328,3760,3795,3710,3710,6805,-1374,35.9722114972099,41.59627387158607,54.43114917030504,198.86851812189687,228.1418563026564,3744.0,3768.5,3803.5,3680.25,3558.9583333333335
20120329,3685,3720,3655,3715,9524,-717,32.64965543462902,41.23408784003829,53.42986056504359,195.530688128486,223.35484970980286,3747.0,3758.5,3794.5,3685.5,3564.6666666666665
20120330,3665,3730,3665,3730,5825,-1100,32.95451410656816,36.362755671153344,49.33558553417603,192.15768626023828,219.19353447479995,3742.0,3749.5,3786.0,3690.9166666666665,3570.1666666666665
20120402,3695,3735,3695,3730,6330,-1230,32.496153618543836,29.30870177950559,43.22904116447645,188.69646039781966,214.81089875102242,3737.0,3741.0,3777.5,3696.25,3575.6666666666665
20120403,3730,3940,3725,3885,15178,-1323,65.98484674529449,51.92301994298862,47.39396058571175,186.85576359558243,212.1622765649493,3754.0,3752.0,3779.75,3703.9166666666665,3582.2083333333335
20120404,3840,3915,3795,3835,15170,560,68.22023160324215,57.27346680619216,48.81790142970097,184.13416002710684,208.83156673235192,3779.0,3761.5,3781.75,3710.6666666666665,3588.2916666666665
20120405,3810,3875,3795,3875,17190,-1000,68.22023160324215,62.32174580353149,52.88194398847304,180.18067706856976,205.1797822777757,3811.0,3779.0,3786.0,3718.9166666666665,3594.9166666666665
20120406,3880,3905,3800,3855,13290,-1000,55.71355310873648,65.60487786742686,54.5315275780901,175.81397997757438,201.9535837760744,3836.0,3789.0,3787.75,3726.6666666666665,3601.0
20120409,3805,3850,3780,3820,9205,-250,24.166091947189145,65.1325571431062,54.66717479438643,170.7986753461495,197.41304344501185,3854.0,3795.5,3788.0,3733.75,3607.0833333333335
20120410,3845,3845,3775,3815,12180,0,22.36067977499789,65.39113089708722,54.92893135679957,164.57037923703533,195.25228960814303,3840.0,3797.0,3788.75,3741.0833333333335,3611.9583333333335
20120412,3835,3835,3780,3825,12010,-1100,23.151673805580447,58.866374102708185,54.75171230199107,158.9630241771808,194.4792012587006,3838.0,3808.5,3788.5,3748.0833333333335,3616.0833333333335
20120413,3800,3830,3790,3825,6420,-1100,14.0,49.972492433337706,55.036351623268054,149.62137399300605,193.15084778483367,3828.0,3819.5,3789.0,3756.3333333333335,3620.5
20120416,3800,3900,3800,3865,8720,310,17.88854381999832,41.48493702538301,57.137443940029385,140.06394868852465,192.5032467258669,3830.0,3833.0,3791.25,3765.0833333333335,3625.0
20120417,3895,3895,3770,3855,13942,-899,19.39071942966532,23.49999999999988,58.614737907799274,129.10224199791554,192.14142288660432,3837.0,3845.5,3793.25,3773.6666666666665,3629.0833333333335
20120418,3865,3865,3795,3840,7361,-2110,16.0,19.467922333931643,59.31062299453615,118.73944397526472,191.55209891103328,3842.0,3841.0,3796.5,3781.3333333333335,3633.0416666666665
20120419,3845,3845,3760,3810,10650,-44,19.849433241279208,21.569654610122857,57.92236183029832,110.66641566236365,190.7488896137772,3839.0,3838.5,3800.0,3787.3333333333335,3636.6666666666665
20120420,3815,3815,3765,3775,8940,1732,32.77193921634788,25.204166322257013,53.592793358808976,107.66186134787183,190.25684394172717,3829.0,3828.5,3803.75,3790.4166666666665,3639.5
20120423,3775,3780,3730,3765,14540,0,35.128336140500586,29.786742017212863,53.180706087828504,103.83426965869724,188.9176775447152,3809.0,3819.5,3804.25,3793.6666666666665,3642.8333333333335
20120424,3740,3765,3740,3765,13980,690,29.563490998188964,33.97057550292597,52.76066242950329,98.53295416029637,187.0443305669068,3791.0,3814.0,3804.75,3797.4166666666665,3646.4583333333335
20120425,3790,3790,3740,3770,7451,611,16.911534525287767,36.43144246389366,53.298100341381776,96.31487712474676,183.62060353257408,3777.0,3809.5,3803.25,3799.6666666666665,3650.875
20120426,3770,3770,3700,3770,8291,0,3.741657386773941,37.80211634287152,49.51956683978567,94.91165482817026,179.72963877879374,3769.0,3804.0,3806.25,3801.3333333333335,3655.4166666666665
20120427,3735,3780,3725,3780,7462,310,5.47722557505166,37.712729946266066,45.384468709019835,92.75456712325136,176.56766093735575,3770.0,3799.5,3809.5,3803.5833333333335,3659.6666666666665
20120430,3780,3800,3705,3705,10542,109,26.944387170614963,40.37635446644477,47.835002874464216,91.05138201403747,173.50467793085303,3758.0,3783.5,3808.25,3804.75,3663.0416666666665
20120502,3730,3740,3705,3730,3810,0,28.70540018881465,35.3411940941445,47.835002874464216,87.2319306344973,170.47114043797086,3751.0,3771.0,3808.25,3807.0833333333335,3666.5833333333335
20120503,3730,3750,3705,3745,3790,0,27.09243436828813,27.39069184960457,46.31077088539987,83.17297070295788,168.20242434506028,3746.0,3761.5,3801.25,3809.5833333333335,3669.8333333333335
20120504,3740,3750,3710,3715,1740,0,26.2678510731274,25.317977802344213,49.230960786886946,78.1302331580603,165.91017901262168,3735.0,3752.0,3795.25,3812.0,3672.75
20120507,3715,3735,3710,3725,2256,186,13.564659966250534,25.219040425836873,47.91855068759906,76.76963194446373,164.71249678522395,3724.0,3747.0,3787.75,3812.9166666666665,3675.0416666666665
20120508,3760,3775,3700,3740,9514,1154,10.677078252031311,24.540782383615927,46.37887450122092,74.2276902510077,163.68406221200163,3731.0,3744.5,3782.0,3814.5,3677.3333333333335
20120509,3700,3870,3660,3840,17650,-40,44.78839135311738,37.62977544445348,47.391982444291145,72.49827584156431,163.28676525773162,3753.0,3752.0,3783.0,3817.0,3680.375
20120510,3840,4415,3840,4245,446969,2000,201.0124374261453,153.0759615354416,111.3766133440948,90.60671271428215,170.64735811999432,3853.0,3799.5,3804.5,3824.9166666666665,3686.25
20120511,4150,4265,3835,3835,276998,-1919,189.9631543220948,153.06534552275374,111.48990985734987,90.50076733867212,171.0705213176401,3877.0,3806.0,3805.0,3825.6666666666665,3688.0416666666665
20120514,3860,3920,3725,3725,114172,0,189.9631543220948,154.87817793349708,112.71645842555559,91.40644883643856,170.95272250927627,3877.0,3800.5,3800.0,3824.1666666666665,3689.0
20120515,3725,3800,3700,3750,61040,0,188.55768348173987,152.67612779999362,112.18595054640308,91.19713080281765,170.8873085463707,3879.0,3805.0,3794.25,3821.5,3690.1666666666665
20120516,3700,3745,3610,3610,36979,0,218.1879923368837,162.4992307674101,118.10376793311887,94.37646246107245,171.0399360448386,3833.0,3793.0,3782.0,3816.5,3689.4166666666665
20120517,3615,3670,3600,3630,18064,-400,82.28000972289685,169.41148131103745,121.75898324148407,95.83242753194872,171.06642634433706,3710.0,3781.5,3771.5,3811.25,3689.3333333333335
20120518,3555,3580,3480,3500,37131,0,89.30845424706443,188.99735447883918,134.8944031455716,100.8348484734627,171.69641732494742,3643.0,3760.0,3756.0,3803.0,3688.5833333333335
20120521,3500,3650,3500,3630,16880,0,79.39773296511683,192.8658860451998,137.54885495706608,100.69932555219108,171.69641732494742,3624.0,3750.5,3748.75,3797.25,3688.5833333333335
20120522,3635,3705,3635,3700,10640,0,64.68384651518491,193.45606736414345,137.89398101440105,99.0427797581515,171.65286655696286,3614.0,3746.5,3745.5,3792.8333333333335,3689.0416666666665
20120523,3700,3840,3665,3705,19250,0,74.0,191.15700353374447,138.08964479641475,98.15025329677809,171.6540802424724,3633.0,3733.0,3742.5,3789.1666666666665,3689.2916666666665
20120524,3705,3790,3700,3740,10160,0,85.32291603080617,88.21139382188672,137.94564146793476,96.73025925508014,171.65549619805444,3655.0,3682.5,3741.0,3786.0833333333335,3690.125
20120525,3790,3820,3710,3740,11021,0,40.19950248448356,75.4718490564528,137.78515885246858,95.3112955297273,171.61024558250938,3703.0,3673.0,3739.5,3783.0833333333335,3691.0833333333335
20120529,3740,3800,3655,3760,9754,0,22.891046284519195,78.55093888681405,137.5599869148002,94.23006715244878,171.59891462360795,3729.0,3676.5,3738.5,3780.8333333333335,3692.25
20120530,3725,3755,3700,3750,13065,-1,18.547236990991408,78.55093888681405,137.36152117678373,93.01732216217405,171.4686560278592,3739.0,3676.5,3740.75,3778.3333333333335,3693.5
20120531,3740,3755,3690,3755,4360,0,8.0,78.31985699680507,137.37175837849642,91.69919877269925,171.3868623822215,3749.0,3691.0,3742.0,3775.9166666666665,3694.7083333333335
20120601,3755,3825,3725,3790,9380,0,16.852299546352718,80.53570636680351,137.7704159099478,91.3395298992811,171.18822892425325,3759.0,3707.0,3744.25,3775.0833333333335,3696.5833333333335
20120604,3665,3715,3640,3715,19980,0,23.95829710142188,41.776189390608536,137.7704159099478,91.62252725175966,170.8017806227125,3754.0,3728.5,3744.25,3773.75,3697.7916666666665
20120605,3725,3950,3725,3950,50135,0,82.49848483457136,68.24404735945835,144.7489205486521,94.34463271549512,171.54319487619924,3792.0,3760.5,3755.5,3776.4166666666665,3701.375
20120607,4005,4500,4000,4360,259948,-160,236.84171929793115,189.40762920220504,195.57671129252583,120.26807440971899,181.4972260271653,3914.0,3826.5,3786.5,3785.4166666666665,3707.5833333333335
20120608,4410,4415,4005,4005,95001,0,224.0401749686873,191.53393955119284,201.06264571023632,123.46420421410292,183.22265124857225,3964.0,3856.5,3794.75,3788.5833333333335,3710.9583333333335
20120611,4050,4240,4020,4100,42740,-80,209.74746720759228,199.90310152671464,186.80538000817856,129.74041925663872,186.5121709984524,4026.0,3892.5,3787.5,3793.5833333333335,3714.7083333333335
20120612,4125,4130,3955,3955,46501,0,152.8201557386983,193.81434415439946,190.13219085678261,131.30266139301364,187.6720275655271,4074.0,3914.0,3793.5,3795.6666666666665,3717.2916666666665
20120613,3980,4020,3935,3945,29620,0,153.64244205296922,186.9391612263198,192.2036680191094,132.66928389378003,188.54484803945888,4073.0,3932.5,3804.5,3797.8333333333335,3720.0833333333335
20120614,3950,4010,3885,3990,14830,0,55.081757415681636,177.11648709253464,195.88325604808597,134.90881694273511,188.60828012930332,3999.0,3956.5,3816.5,3800.6666666666665,3724.5
20120615,4020,4130,3930,4115,49622,0,72.34638899074369,168.89715805779562,200.1391703290488,140.77898359564102,190.7307584586783,4021.0,3992.5,3841.75,3805.6666666666665,3729.6666666666665
20120618,4230,4230,4120,4175,22208,-200,92.21713506718801,162.09256614663116,206.455806409023,148.43198966380228,194.25441061058862,4036.0,4031.0,3869.0,3812.3333333333335,3734.875
20120619,4190,4190,4100,4185,16682,310,97.54998718605759,128.26145173044,199.0871354457641,155.57802169115308,197.5037798513134,4082.0,4078.0,3903.25,3819.75,3740.4166666666665
20120620,4200,4250,4000,4055,24661,-10,73.64781055808787,121.47118999993371,191.31714507591838,157.64799043720313,198.85714704419374,4104.0,4088.5,3924.5,3825.6666666666665,3744.5416666666665
20120621,4045,4095,3970,4055,16310,0,56.0,81.03085831953155,186.0609779077816,160.0663057055477,200.1928063698164,4117.0,4058.0,3942.25,3830.6666666666665,3748.5833333333335
20120622,4000,4000,3930,3995,12650,0,74.40430095095309,81.73738434767775,178.13811355237823,161.12072768234546,200.12797554870437,4093.0,4057.0,3956.75,3834.6666666666665,3752.7083333333335
20120625,4000,4005,3935,3995,10056,0,69.39740629158989,82.28152891141481,171.15709158547887,162.35067925806533,199.2589744249666,4057.0,4046.5,3969.5,3837.9166666666665,3757.3333333333335
20120626,3990,4145,3950,4090,18370,0,37.36308338453881,77.07139547199074,164.56305782282973,164.63298829011458,200.1258458237399,4038.0,4060.0,3987.0,3844.25,3762.25
20120627,4070,4195,4010,4080,16071,-1,40.8166632639171,66.89730936293323,157.10187777362816,166.47789309361343,199.41433345898068,4043.0,4073.5,4003.0,3850.3333333333335,3767.9166666666665
20120628,4145,4145,4030,4050,13081,0,40.57092555020159,61.621830547298686,146.17113258095802,167.65904555244038,198.24910238692863,4042.0,4079.5,4018.0,3855.6666666666665,3773.2916666666665
20120629,4010,4085,4000,4070,10360,0,33.70459909270544,60.49793384901665,133.39672972003473,169.05587504990356,197.2466685748827,4057.0,4075.0,4033.75,3861.3333333333335,3778.7916666666665
20120702,4040,4120,4040,4120,12400,0,23.151673805580447,53.21888762460179,122.16254540570117,172.25084663555762,196.9767153469913,4082.0,4069.5,4050.25,3865.25,3784.5833333333335
20120703,4120,4170,4085,4090,7110,-10,23.151673805580447,38.078865529319465,95.03420436874296,174.58212012307106,196.2120274657571,4082.0,4060.0,4069.0,3869.5,3790.0833333333335
20120704,4120,4120,4065,4120,8850,0,27.568097504180447,42.014878317091366,91.54916711800276,177.50373626740554,194.85063724128327,4090.0,4066.5,4077.5,3873.5833333333335,3796.25
20120705,4100,4150,4030,4125,7129,0,21.447610589527216,45.224440295043934,66.07334939292846,180.37482193723343,193.53182608639386,4105.0,4073.5,4065.75,3878.0833333333335,3802.375
20120706,4145,4235,4145,4200,36457,0,36.66060555964672,51.07837115648847,70.62046445613339,184.84022755402037,193.24637052794327,4131.0,4094.0,4075.5,3884.4166666666665,3809.0833333333335
20120709,4200,4240,4070,4170,12940,0,39.03844259188627,43.59185703775414,73.4268343318708,188.1751548129793,191.87376040135482,4141.0,4111.5,4079.0,3890.3333333333335,3815.7083333333335
20120710,4130,4210,4100,4200,12540,0,34.87119154832539,50.1622367922324,72.14352015254038,192.08828627019932,191.30248009079725,4163.0,4122.5,4091.25,3896.5833333333335,3822.3333333333335
20120711,4210,4335,4105,4130,42498,0,32.55764119219941,48.1274350033325,64.22421661647576,194.15128694454248,187.93904153563824,4165.0,4127.5,4100.5,3901.6666666666665,3829.0
20120712,4110,4185,4110,4170,10190,0,25.768197453450252,41.85988533190212,60.61971626459496,197.09520753517367,185.06641075270784,4174.0,4139.5,4109.5,3906.75,3835.9166666666665
20120713,4175,4210,4100,4185,10240,0,23.323807579381203,36.66060555964664,62.81719509815765,200.15499202701199,182.11545769252172,4171.0,4151.0,4113.0,3912.25,3842.9583333333335
20120716,4140,4210,4085,4095,10553,-10,38.39270764090493,39.436658073421924,61.26989472816157,201.27986320875027,178.5324239147894,4156.0,4148.5,4109.0,3916.5,3848.9166666666665
20120717,4090,4130,3990,4015,25150,0,60.778285596090974,54.21254467371914,61.92535829528966,201.182942589298,175.37217864207497,4119.0,4141.0,4100.5,3919.9166666666665,3853.625
20120718,4055,4055,3925,4020,16880,-1200,71.7356257378438,65.26101439603889,63.656794609845065,200.68590716174683,174.33898473153798,4097.0,4131.0,4098.75,3924.0,3857.2083333333335
20120719,4040,4040,3930,3975,17650,-2300,74.40430095095309,80.39900496896709,68.60165814322566,199.71124989177062,172.65836128674297,4058.0,4116.0,4094.75,3927.5,3860.5833333333335
20120720,3970,4000,3935,3970,14401,0,44.83302354291979,85.79627031520657,70.60630283480364,198.65273650826495,170.4153422931461,4015.0,4093.0,4093.5,3930.9166666666665,3864.1666666666665
20120723,3965,3980,3870,3900,10603,-2100,43.05810028322197,98.81295461628498,79.68492642903048,197.59194413965574,169.1436304101771,3976.0,4066.0,4088.75,3933.0833333333335,3866.375
20120724,3880,3930,3820,3930,15820,-1100,41.03656905736639,95.3362470417207,86.86591679133997,196.4493679467221,168.27729574690153,3959.0,4039.0,4080.75,3935.75,3868.5416666666665
20120725,3905,3920,3830,3890,3510,0,34.87119154832539,99.52386648437648,96.30517898846355,195.49827720184348,167.03440680158337,3933.0,4015.0,4071.25,3937.5833333333335,3870.5833333333335
20120726,3890,3900,3825,3895,4630,0,29.93325909419153,90.4778978535642,103.65929770165337,193.23091755720662,165.6450145139739,3917.0,3987.5,4063.5,3940.75,3872.75
20120727,3920,3920,3840,3900,4730,0,14.0,65.10760324263208,109.57873881369505,191.3571958116257,163.62015632420378,3903.0,3959.0,4055.0,3943.5833333333335,3875.3333333333335
20120730,3960,3960,3870,3940,1480,0,20.09975124224178,46.746657634530344,111.24971910076894,189.60477900681246,161.6887388283124,3911.0,3943.5,4046.0,3946.8333333333335,3878.2083333333335
20120731,3900,3940,3850,3890,6940,-1110,18.867962264113206,42.47352116319053,115.74325034316256,187.34866114635918,159.20330621043863,3903.0,3931.0,4036.0,3949.75,3880.875
20120801,3890,3890,3755,3830,21410,-2000,35.270384177096794,40.87786687193932,122.29165956842682,185.72448232081126,158.09780178913596,3891.0,3912.0,4021.5,3951.5,3882.2083333333335
20120802,3880,3880,3805,3865,4590,-1200,36.60601043544625,37.0675059857012,124.39955787702783,184.03371898166438,156.60499118447746,3885.0,3901.0,4008.5,3953.5833333333335,3884.0416666666665
20120803,3810,3850,3800,3835,15153,-1100,40.32369030731191,33.930075154647014,121.71149288378643,184.08625695580864,155.6596848898307,3872.0,3887.5,3990.25,3953.5,3885.25
20120806,3895,3895,3830,3830,4810,-2300,23.87467277262665,37.646380968162056,119.1351648338978,180.7703231236317,155.38480459813758,3850.0,3880.5,3973.25,3946.5833333333335,3885.75
20120807,3900,3900,3845,3885,9290,-1100,22.226110770892873,33.97057550292597,108.460822419895,180.3688158253034,155.1367620216335,3849.0,3876.0,3957.5,3947.4166666666665,3886.5416666666665
20120808,3880,3920,3870,3870,9050,-2200,21.118712081942874,33.674916480965386,102.41948056888396,178.33247663345622,155.00591386568038,3857.0,3874.0,3944.5,3949.8333333333335,3887.0
20120809,3860,3905,3860,3900,8630,-2300,27.459060435491967,34.018377386348014,88.67919710958145,176.55609747486932,154.99621411147527,3864.0,3874.5,3931.0,3952.3333333333335,3886.9166666666665
20120810,3895,3990,3895,3980,15100,-1000,49.355850717012274,46.27364260569935,68.21427636499563,170.8612985240758,155.21356255173515,3893.0,3882.5,3920.75,3958.5,3887.5
20120813,3980,4125,3980,4125,21544,-1100,94.47751055145346,85.72630868059113,72.24048380236668,166.70039242105398,156.62534916162647,3952.0,3901.0,3922.25,3966.75,3889.0
20120814,4125,4130,4065,4070,21310,-1101,97.18024490605072,99.3428407083268,76.63223864666881,155.70973262238113,157.1956881565185,3989.0,3919.0,3925.0,3976.25,3889.625
20120816,4070,4165,4045,4155,26359,-1100,94.2019108086455,116.57722762186444,89.5582910734679,150.67625338232114,158.85326365864006,4046.0,3951.5,3931.75,3985.0,3891.125
20120817,4165,4165,4095,4120,10960,-1200,61.40032573203501,122.60097878891504,98.21659737539272,146.98412612705317,160.07417985283251,4090.0,3977.0,3939.0,3992.0,3892.4166666666665
20120820,4105,4150,4065,4110,10120,-1100,27.459060435491967,118.43669194975008,104.9356945943562,142.8916401800102,161.26698338642348,4116.0,4004.5,3946.0,3998.75,3893.9583333333335
20120821,4090,4125,4050,4110,13332,-2200,27.129319932501073,106.35436051239269,110.18280265086744,139.5364100234144,162.4363978095266,4113.0,4032.5,3956.5,4004.9166666666665,3895.5
20120822,4080,4125,4040,4120,13030,-1100,16.61324772583615,96.69022701390249,115.54869103542454,135.94614436116564,163.70035294878568,4123.0,4056.0,3966.0,4011.25,3897.1666666666665
20120823,4105,4170,4060,4140,10230,-1100,10.95445115010332,76.5898165554664,120.0843453577526,132.91128515751578,165.1817128615948,4120.0,4083.0,3978.5,4017.5833333333335,3899.2083333333335
20120824,4100,4155,4095,4150,10642,0,16.248076809271918,48.38388161361172,124.01486806024508,129.30527509219002,166.74768343385475,4126.0,4108.0,3991.25,4024.25,3901.2916666666665
20120827,4165,4280,4160,4230,14610,-1090,42.42640687119285,39.572717874818686,132.4431481806439,127.10024477640678,169.40372860090886,4150.0,4133.0,4007.75,4032.1666666666665,3904.0416666666665
20120828,4200,4280,4160,4235,21881,-1201,47.9583152331272,49.78955713801835,140.27205708907246,125.7288473483945,171.9458894213247,4175.0,4144.0,4022.5,4039.5833333333335,3907.3333333333335
20120829,4275,4350,4250,4310,32891,-1100,62.41794613730894,64.11708040764172,149.96749647840358,123.17568753613827,175.4792989927916,4213.0,4168.0,4043.5,4049.5,3911.625
20120830,4350,4375,4160,4275,24760,-1100,53.5723809439155,71.37926869897166,149.6518877261493,125.79908474318329,178.19574131337654,4240.0,4180.0,4065.75,4054.9166666666665,3915.6666666666665
20120831,4275,4330,4200,4275,26150,-2200,29.49576240750525,73.46597852067305,148.82771079338687,122.79827631798035,180.9394417953804,4265.0,4195.5,4086.25,4053.5,3919.4583333333335
20120903,4275,4275,4195,4230,24250,-1100,29.49576240750525,68.1267201617691,140.1302965100695,124.6810096472878,182.8655965152837,4265.0,4207.5,4106.0,4057.25,3922.9166666666665
20120904,4235,4290,4160,4280,21151,-1100,25.57342370508884,62.667774812897214,129.7507225413408,127.80005542513308,185.3658357291257,4274.0,4224.5,4128.5,4060.25,3926.9166666666665
20120905,4280,4295,4185,4185,14852,-1100,36.7967389859482,54.3046959295418,117.49574460379404,128.03479887211392,186.62402321691692,4249.0,4231.0,4143.5,4064.0833333333335,3929.875
20120906,4260,4260,4180,4230,9990,-1100,34.785054261852174,45.166359162544786,100.57459917891794,128.8130643822901,188.30088215997282,4240.0,4240.0,4161.5,4068.8333333333335,3933.3333333333335
20120907,4290,4290,4200,4250,13460,-1100,30.98386676965934,33.76388603226817,82.34986338786483,130.45103381047883,190.1919899878996,4235.0,4250.0,4179.0,4073.1666666666665,3936.9166666666665
20120910,4255,4255,4155,4200,14481,-1211,34.11744421846396,36.61966684720103,68.57477670397476,131.35604181849686,191.3520561034079,4229.0,4247.0,4190.0,4074.5833333333335,3940.125
20120911,4165,4230,4165,4220,6390,-1100,22.715633383201087,37.37980738313126,67.18398246606107,132.05386106518318,192.42502147301602,4217.0,4245.5,4194.75,4075.3333333333335,3943.8333333333335
20120912,4245,4255,4180,4230,7580,-10,16.248076809271918,30.6797979132848,61.103907403700454,132.80026250810914,193.2534856664273,4226.0,4237.5,4202.75,4076.0833333333335,3947.9166666666665
20120913,4255,4290,4225,4265,12850,-2300,22.715633383201087,29.58462438497393,61.50762147896796,134.9484212167352,194.03711253692813,4233.0,4236.5,4208.25,4079.5833333333335,3952.625
20120914,4295,4295,4240,4265,17060,-2200,25.57342370508884,28.412145290350644,59.179810746571334,136.9735122407105,195.24350448009412,4236.0,4235.5,4215.5,4083.0833333333335,3956.875
20120917,4245,4265,4195,4195,27240,-2200,27.018512172212592,30.91924966748052,54.301818569915326,137.22272548265983,195.5492220999377,4235.0,4232.0,4219.75,4086.4166666666665,3960.5416666666665
20120918,4195,4300,4195,4250,10371,-2200,26.343879744638986,27.367864366807908,48.40648200396306,138.27046764303202,196.7457071040962,4241.0,4229.0,4226.75,4090.6666666666665,3964.2916666666665
20120919,4275,4280,4225,4275,13180,-1200,28.63564212655271,26.19160170741748,42.77557714397317,140.2694579490984,197.36345490828654,4250.0,4238.0,4234.5,4093.75,3969.0
20120920,4280,4420,4280,4390,20870,-1220,63.79655163094633,52.287665849605425,49.355850717012274,145.28733503723853,199.64986278065732,4275.0,4254.0,4247.0,4098.916666666667,3974.625
20120921,4420,4420,4340,4350,6103,-1200,69.89992846920518,59.61543424315547,48.94895300208167,148.6413235125285,201.26826607927435,4292.0,4264.0,4257.0,4103.916666666667,3979.7916666666665
20120924,4360,4555,4360,4495,40487,-1120,87.4414089547967,87.23674684443473,70.82504853510515,156.7609645288029,205.32974834533252,4352.0,4293.5,4270.25,4111.0,3986.1666666666665
20120925,4495,4495,4420,4495,14730,-2200,85.17041739947035,101.85283501208984,85.50255844125367,164.28994947957295,210.25406258461547,4401.0,4321.0,4283.25,4117.25,3991.25
20120926,4485,4495,4395,4395,24461,-1100,59.245252974394504,99.10221995495355,88.77640452282353,168.0438104252069,212.93189769397551,4425.0,4337.5,4287.5,4122.333333333333,3995.9166666666665
20120927,4380,4470,4350,4415,13953,-1100,57.09640969448079,98.34251369575621,92.93680648698879,172.1685825966341,216.01271503214267,4430.0,4352.5,4294.5,4127.25,4000.4166666666665
20120928,4415,4465,4400,4440,11351,-1100,40.93897898091744,96.7729300992793,98.02391289884321,176.76137398576088,219.2527991396181,4448.0,4370.0,4302.75,4132.5,4005.2916666666665
20121002,4470,4470,4400,4445,8931,-1100,33.70459909270544,78.99367063252595,101.19412038255976,181.05130871907443,222.1930466958905,4438.0,4395.0,4313.5,4136.583333333333,4010.5
20121004,4440,4470,4400,4450,6561,-1100,20.83266665599966,63.560994328282774,105.0880583130167,185.4086140573501,225.01758804715192,4429.0,4415.0,4322.0,4141.25,4015.7916666666665
20121005,4450,4480,4425,4480,5810,-1200,20.83266665599966,45.63167759353138,105.52576699555422,190.28814043152985,228.24443220664898,4446.0,4435.5,4336.75,4145.916666666667,4021.25
20121008,4480,4575,4480,4540,17614,-1100,37.20215047547654,52.36649692312819,111.31571093066782,196.84262961394845,232.33936729969915,4471.0,4450.5,4352.25,4152.75,4027.2083333333335
20121009,4510,4565,4480,4540,19905,-1100,41.7612260356422,46.607402845470745,115.847690956704,202.98623037591247,236.47827008464125,4491.0,4469.5,4366.75,4158.916666666667,4032.8333333333335
20121010,4505,4505,4420,4460,10739,-1100,38.78143885933064,45.86937976471879,110.88817565457556,206.5960228723377,239.06821071610992,4494.0,4466.0,4379.75,4163.5,4037.875
20121011,4470,4480,4390,4430,16090,-2200,43.81780460041328,45.90479277809665,105.05326030162036,209.179929858379,241.0072576996204,4490.0,4459.5,4390.25,4169.083333333333,4042.7916666666665
20121012,4465,4465,4400,4460,5570,-1100,45.43126676640219,40.60788100849384,99.31358164923869,211.46177747605873,243.01045573642426,4486.0,4466.0,4401.75,4176.5,4048.2083333333335
20121015,4430,4545,4430,4430,16752,-1100,40.29888335921977,38.939054944875004,94.33981132056604,212.913649685085,244.16587030587348,4464.0,4467.5,4410.0,4183.333333333333,4053.6666666666665
20121016,4440,4500,4360,4425,12740,-10,15.620499351813306,40.23679907746134,88.29496021857645,213.36816121957642,245.03344442930918,4441.0,4466.0,4418.0,4190.833333333333,4059.1666666666665
20121017,4430,4490,4380,4460,18479,-1100,15.620499351813306,39.70201506221056,72.2647043860279,214.13547113918546,246.2227106988536,4441.0,4467.5,4431.25,4199.0,4064.9583333333335
20121018,4490,4490,4400,4445,7790,-1200,14.628738838327793,39.94996871087629,59.110066824526605,212.8146526649184,247.12866363271462,4444.0,4467.0,4441.0,4208.083333333333,4070.5833333333335
20121019,4445,4495,4335,4395,13580,-1200,21.771541057077236,45.00277769204912,46.75467891024385,211.00585826517516,247.32485034307564,4431.0,4458.5,4447.0,4215.833333333333,4075.7916666666665
20121022,4390,4390,4310,4380,12620,-1100,29.899832775452108,41.48795005781792,47.41044188783732,207.6932834734937,247.35938415705624,4421.0,4442.5,4446.5,4224.0,4080.7916666666665
20121023,4380,4415,4370,4375,15071,-1200,34.84250278036869,30.886890422960906,45.12413434072725,204.07964131681788,246.37366818514232,4411.0,4426.0,4447.75,4232.0,4086.375
20121024,4340,4395,4340,4390,5059,-1200,25.019992006393608,30.315012782448143,45.42851527399943,200.40161066108388,245.72262690888408,4397.0,4419.0,4442.5,4240.166666666667,4091.875
20121025,4370,4450,4370,4450,513963,-501100,26.944387170614963,31.60696125855813,43.85986206088661,198.2945340200363,245.78687414099772,4398.0,4421.0,4440.25,4248.666666666667,4097.75
20121026,4465,4500,4385,4435,22860,-1100,30.56141357987225,29.33001875212483,42.64607250380743,194.09496172406898,245.1574749013432,4406.0,4418.5,4442.25,4257.75,4103.75
20121029,4400,4430,4300,4300,16001,-1100,52.820450584977024,45.63167759353138,52.53808142671372,185.98855624891743,243.3202586384693,4390.0,4405.5,4436.5,4265.583333333333,4108.541666666667
20121030,4310,4400,4280,4305,12190,-1200,63.19810123729985,53.946732987271744,59.82213219202405,178.57606144784194,241.60371306474042,4376.0,4393.5,4429.75,4272.916666666667,4113.25
20121031,4305,4380,4300,4370,7201,-1100,62.81719509815765,49.41912585224463,61.086004943849446,169.6195907186337,241.41245250033188,4372.0,4384.5,4426.0,4281.833333333333,4117.666666666667
20121101,4305,4370,4305,4355,2351,-1100,49.25444142409901,45.63167759353138,62.70715668885012,159.31387171939392,242.1020646798061,4353.0,4375.5,4421.25,4290.583333333333,4118.583333333333
20121102,4355,4415,4320,4410,4460,0,41.303752856126756,46.48655719667777,61.267344483011506,150.99797643971988,242.1321630329246,4348.0,4377.0,4417.75,4299.333333333333,4123.375
20121105,4335,4410,4335,4400,6860,-1240,37.22902093797257,46.999999999999936,54.52694288147833,140.78046344891123,240.6480833083921,4368.0,4379.0,4410.75,4308.166666666667,4129.0
20121106,4400,4415,4380,4415,7380,-1240,23.45207879911715,48.17675788178356,45.823029144743366,130.99244571094442,239.51078249331158,4390.0,4383.0,4404.5,4316.75,4134.541666666667
20121107,4400,4440,4375,4440,13691,-1100,27.82085548648711,51.14684741017763,44.807923406469094,124.35195906065836,236.22499500241662,4404.0,4388.0,4403.5,4324.416666666667,4141.458333333333
20121108,4420,4450,4385,4445,8060,-1140,17.4928556845359,50.559371040391646,45.36725140450984,122.533753853111,233.11804055743139,4422.0,4387.5,4404.25,4329.75,4148.25
20121109,4445,4460,4390,4415,7251,-1110,16.911534525287767,49.0127534423439,43.62911871674696,118.22894456661119,226.66482459423702,4423.0,4385.5,4402.0,4335.5,4155.875
20121112,4415,4460,4360,4390,12610,-1110,19.849433241279208,39.903007405457465,43.214580872663795,116.05706809822945,222.46141597415297,4421.0,4394.5,4400.0,4339.416666666667,4162.208333333333
20121113,4410,4465,4180,4190,54603,-1372,95.0473566176356,69.57729514719578,62.475495196116704,114.18220697153481,218.39995405347148,4376.0,4383.0,4388.25,4340.583333333333,4166.291666666667
20121114,4230,4240,4175,4200,32653,-1110,110.02726934719409,88.79189152169243,72.44782605434065,111.70754848661936,214.28425760087575,4328.0,4366.0,4375.25,4342.083333333333,4170.416666666667
20121115,4190,4240,4000,4190,43251,-1110,102.8396810574595,103.42751084696951,80.98610992015853,109.3827060777453,210.62539152618442,4277.0,4349.5,4362.5,4343.416666666667,4174.166666666667
20121116,4190,4230,4170,4200,12650,-1110,78.12809993849844,110.1147129133977,87.92717156829279,107.11530002759429,206.84071971770044,4234.0,4328.5,4352.75,4344.75,4178.0
20121119,4190,4250,4190,4200,12791,-1100,4.898979485566356,113.4250854088283,93.69998665955082,105.46652312464626,203.26740734532882,4196.0,4308.5,4343.75,4345.75,4181.666666666667
20121120,4205,4245,4190,4220,8034,-1114,9.797958971132712,110.1544370418187,97.14164915215305,103.66649919601367,199.40346801286717,4202.0,4289.0,4336.0,4346.916666666667,4185.583333333333
20121121,4220,4255,4195,4210,13930,-1110,10.198039027185569,99.74467404327908,100.01749846901792,104.07325811925513,195.4669222869596,4204.0,4266.0,4327.0,4346.583333333333,4189.375
20121122,4220,4310,4200,4295,16060,-1110,35.77708763999664,81.26499861564014,96.11549042688178,103.28153943900354,192.23269680838692,4225.0,4251.0,4319.25,4347.583333333333,4193.583333333333
20121123,4295,4300,4250,4265,7345,-1110,36.1386219991853,60.9015599143404,92.968744747899,103.71421739033873,187.2597720339988,4238.0,4236.0,4310.75,4346.833333333333,4198.166666666667
20121126,4270,4270,4210,4265,26672,-1110,31.52776554086889,35.57035282366474,93.4826187052973,103.83747985300766,185.9659420356997,4251.0,4223.5,4309.0,4346.666666666667,4200.791666666667
20121127,4265,4330,4250,4265,7260,-1200,27.568097504180447,35.623026261113665,93.9734004918413,103.96032897216877,185.48809485607512,4260.0,4231.0,4307.0,4346.5,4200.0
20121128,4300,4300,4230,4250,10430,-3450,14.696938456699069,34.40930106817042,93.58952932887311,103.61775373405099,184.6770783391699,4268.0,4236.0,4301.0,4346.833333333333,4202.041666666667
20121129,4255,4310,4245,4265,12570,-1120,6.0,31.62672920173685,93.04703111867676,103.7966427952133,184.52640205552848,4262.0,4243.5,4296.5,4346.583333333333,4203.416666666667
20121130,4255,4370,4255,4370,22436,-1970,43.88621651498339,46.06788469204977,90.99313160892969,101.67704865024255,183.72540935229856,4283.0,4260.5,4294.5,4349.666666666667,4206.875
20121203,4360,4385,4310,4385,5103,-1230,58.01723881744115,54.44263035526475,90.17864214990156,100.56683101302131,182.8510275166424,4307.0,4279.0,4293.75,4352.25,4210.541666666667
20121204,4365,4435,4320,4410,19989,-1110,65.5286197016235,63.01587101675255,89.84848357095406,99.93953032821312,182.61559790232945,4336.0,4298.0,4293.5,4354.916666666667,4214.041666666667
20121205,4445,4445,4365,4400,158220,-151760,52.287665849605496,62.25752966509347,86.96407304168774,98.03411396040475,183.16452455527138,4366.0,4317.0,4291.5,4358.25,4216.416666666667
20121206,4400,4430,4365,4430,6120,-1880,20.591260281974,70.15874856352552,85.69240047985585,96.77648216380699,184.14825982676373,4399.0,4330.5,4290.75,4361.75,4218.541666666667
20121207,4435,4435,4390,4425,2300,0,16.431676725154983,71.62576352123581,86.44181569124979,95.56411460376579,185.07407957506803,4410.0,4346.5,4291.25,4365.0,4220.541666666667
20121210,4415,4425,4340,4350,10394,-1200,28.5657137141714,66.29479617586884,84.5765186088905,94.69728818129155,184.8179284232721,4403.0,4355.0,4289.25,4366.416666666667,4223.0
20121211,4380,4380,4325,4350,18200,-1230,34.9857113690718,59.28954376616499,82.34796597366568,93.80106016933172,184.52867418703602,4391.0,4363.5,4297.25,4367.833333333333,4225.458333333333
20121212,4350,4425,4340,4380,11350,-1240,34.87119154832539,45.66453766326771,81.05360880306317,91.06998987348835,183.83952845409854,4387.0,4376.5,4306.25,4370.916666666667,4228.666666666667
20121213,4355,4600,4345,4495,15340,-1230,54.86346689738081,41.43971524998687,86.2713741631603,91.04943712072986,184.1622171408276,4400.0,4399.5,4321.5,4375.0,4232.833333333333
20121214,4465,4490,4425,4485,9030,-1230,64.69930447848725,47.21228653645144,88.53353884263296,91.17428365499654,185.1074715987169,4412.0,4411.0,4335.75,4378.5,4236.125
20121217,4480,4480,4435,4450,7833,-1230,57.49782604586021,47.65763317664857,86.09986933787994,91.62286832446242,185.56220411825612,4432.0,4417.5,4348.25,4379.5,4239.208333333333
20121218,4475,4475,4435,4465,7974,0,40.62019202317981,49.608467019249794,84.39342391442594,92.18681967734877,185.87062406117872,4455.0,4423.0,4360.5,4381.416666666667,4242.666666666667
20121220,4430,4485,4430,4460,10761,-1110,16.55294535724685,50.089919145472706,79.55186987117273,91.57495412078572,186.23236307247646,4471.0,4429.0,4373.0,4380.833333333333,4245.916666666667
20121221,4450,4455,4390,4440,23083,-1232,15.1657508881031,50.199601592044466,78.71586561805695,90.69863866430046,186.70072233985974,4460.0,4430.0,4380.25,4379.916666666667,4248.583333333333
20121224,4400,4435,4355,4420,16600,-570,16.0,50.271761457104276,74.50503338701353,90.82431147857572,186.77496858222753,4447.0,4429.5,4388.0,4380.333333333333,4251.333333333333
20121226,4370,4430,4365,4390,23067,0,27.568097504180447,45.11374513382805,68.9614928782723,90.72160559769657,186.8055844692339,4435.0,4433.5,4394.25,4379.916666666667,4253.583333333333
20121227,4300,4300,4190,4270,23132,-270,67.11184694225007,62.827143815392354,68.5,91.45259093590872,186.43854643615256,4396.0,4425.5,4394.5,4377.083333333333,4254.791666666667
20121228,4295,4360,4260,4350,57918,0,60.19966777316965,65.58391571109486,61.01024504130433,91.08466757181708,186.56979908484317,4374.0,4422.5,4399.5,4375.5,4256.041666666667
20130102,4285,4350,4285,4300,17573,-7,55.35341001239219,69.97142273814357,57.52988353890524,91.06408000231713,186.44443151156293,4346.0,4403.0,4401.25,4373.0,4257.125
20130103,4300,4345,4295,4340,17552,-1230,41.47288270665543,66.40971314499103,58.704237496112654,90.08082790226388,186.52133014008191,4330.0,4388.5,4399.75,4370.666666666667,4258.291666666667
20130104,4370,4370,4340,4350,16405,-1360,31.874754901018452,63.876834611617966,59.632206063502295,87.37133397174223,186.3324342181733,4322.0,4378.5,4398.0,4367.5,4260.125
20130107,4330,4380,4300,4350,15890,3670,19.39071942966532,57.28001396647869,60.456596000767355,84.45643189769852,186.3253902227764,4338.0,4367.0,4395.0,4364.333333333333,4261.625
20130108,4330,4395,4330,4385,9201,3770,27.202941017470888,48.910632790835926,60.4829521435586,83.58175472089535,186.526914761808,4345.0,4359.5,4394.25,4363.083333333333,4263.291666666667
20130109,4355,4400,4345,4355,8767,3769,15.297058540778355,40.914545090957496,60.47520152922188,83.13125498605946,186.06897895823155,4356.0,4351.0,4390.5,4361.833333333333,4265.458333333333
20130110,4360,4400,4335,4390,8490,3770,17.720045146669353,36.61966684720103,59.9557128220489,82.23171867082209,184.9821875809276,4366.0,4348.0,4388.75,4360.666666666667,4268.583333333333
20130111,4355,4390,4350,4390,7131,3770,17.720045146669353,36.61966684720103,59.2932331720914,81.82807179284505,183.89346251446472,4374.0,4348.0,4390.75,4360.0,4271.666666666667
20130114,4425,4425,4345,4380,5475,-1230,13.038404810405297,26.720778431774665,58.61900289155386,81.43415028926745,182.1257530679252,4380.0,4359.0,4392.25,4359.25,4275.041666666667
20130115,4360,4420,4345,4385,15704,-1110,13.038404810405297,27.590759322642693,58.57687256929991,80.44770558154526,180.23087045972446,4380.0,4362.5,4392.5,4358.0,4278.5
20130116,4360,4400,4345,4370,11821,-1110,7.483314773547883,18.090052515125386,53.77906191074739,79.66505402831895,177.0416421511021,4383.0,4369.5,4386.25,4356.75,4282.416666666667
20130117,4360,4380,4335,4365,7630,-1230,9.273618495495704,15.362291495737027,48.899769938109124,79.51742471518412,174.2195643354258,4378.0,4372.0,4380.25,4356.25,4286.041666666667
20130118,4350,4375,4345,4375,12060,0,7.071067811865476,13.499999999999785,46.2087654022481,79.49510816536994,170.57254484693286,4375.0,4374.5,4376.5,4356.166666666667,4290.083333333333
20130121,4390,4395,4345,4370,7490,-1110,6.782329983125267,10.965856099730386,41.511293644019325,79.4779406851813,166.82862443405492,4373.0,4376.5,4371.75,4356.083333333333,4294.041666666667
20130122,4370,4400,4330,4380,8800,-1230,5.0990195135927845,10.677078252031036,36.348143006211465,79.41710388128321,163.0443393596528,4372.0,4376.0,4367.75,4355.916666666667,4298.041666666667
20130123,4380,4405,4355,4355,5871,-1111,8.602325267042627,10.677078252031036,32.407560846197605,78.46690739131488,159.7818825774794,4369.0,4376.0,4363.5,4354.333333333333,4301.5
20130124,4355,4390,4330,4345,9201,2770,13.038404810405297,13.047988350699663,29.894606536965828,77.76763822797486,155.30788753491885,4365.0,4371.5,4359.75,4352.833333333333,4305.291666666667
20130125,4400,4400,4330,4375,7880,-1230,13.038404810405297,11.618950038622,29.308701779505693,77.51070714568311,149.1907801738846,4365.0,4370.0,4359.0,4354.083333333333,4309.833333333333
20130128,4345,4385,4320,4355,10283,-1230,13.2664991614216,11.884864324004466,21.111312133545844,77.24685358569967,143.5591970427497,4362.0,4367.5,4363.25,4354.916666666667,4313.916666666667
20130129,4315,4370,4315,4350,7200,-1230,10.198039027185569,11.357816691600295,21.111312133545844,77.22419561828093,136.71258755954307,4356.0,4364.0,4363.25,4354.583333333333,4318.208333333333
20130130,4360,4365,4285,4315,16996,-2230,19.39071942966532,18.309833423600395,19.013153341831547,77.39019999688063,129.1814776454821,4348.0,4358.5,4364.0,4353.916666666667,4322.25
20130131,4300,4315,4290,4305,3810,-1100,26.0768096208106,24.10912690248227,22.442983313276333,77.28931937137565,122.82041429123336,4340.0,4352.5,4362.25,4352.166666666667,4325.75
20130201,4305,4330,4280,4325,8020,-1110,19.493588689617926,24.10912690248227,23.748684174075837,77.11188660353969,115.49710644525156,4330.0,4347.5,4361.0,4350.916666666667,4329.541666666667
20130204,4340,4340,4290,4290,7090,-1230,20.149441679609886,28.235615806990896,28.30194339616981,77.04093428533399,108.648507876972,4317.0,4339.5,4358.0,4348.833333333333,4332.791666666667
20130205,4260,4295,4260,4285,5870,-1100,14.966629547095765,28.982753492378773,31.717503054307407,76.53770857123246,103.82624373872171,4304.0,4330.0,4353.0,4346.25,4335.333333333333
20130206,4285,4360,4280,4310,3548,-2000,14.352700094407325,28.235615806990896,33.0633860939862,75.57997971245359,102.04995202515728,4303.0,4325.5,4350.75,4344.0,4336.875
20130207,4350,4350,4300,4305,2461,0,14.352700094407325,28.022312538404,33.20767983464066,75.16851438971709,99.12267931991714,4303.0,4321.5,4346.5,4342.166666666667,4338.833333333333
20130208,4335,4335,4295,4300,4670,0,9.273618495495704,22.11334438749585,33.1058907144937,75.09697434355861,97.74860577296808,4298.0,4314.0,4342.0,4340.666666666667,4340.041666666667
20130212,4300,4340,4300,4320,2290,0,11.575836902790224,17.67059704707213,32.2335229225724,72.55093995869692,95.66542355465984,4304.0,4310.5,4339.0,4342.833333333333,4341.708333333333
20130213,4285,4340,4280,4335,8442,0,12.409673645990855,14.628738838327596,30.458988821036066,70.13969196461055,93.280900450695,4314.0,4309.0,4336.5,4345.083333333333,4343.583333333333
20130214,4290,4340,4290,4330,12320,0,13.638181696985855,15.882380174268407,29.491524206117248,67.20919869251874,90.80102636475249,4318.0,4310.5,4334.5,4347.416666666667,4345.416666666667
20130215,4310,4360,4310,4360,7395,0,19.595917942265423,21.54065922853788,29.252136674096125,64.42367361633306,88.4260127011606,4329.0,4316.0,4334.25,4350.083333333333,4347.416666666667
20130218,4360,4380,4310,4375,20220,0,20.346989949375807,27.91057147390562,29.252136674096125,61.455946281339855,86.38953085687099,4344.0,4321.0,4334.25,4353.0,4349.375
20130219,4375,4390,4355,4390,12250,0,22.93468988235943,32.54228019054587,30.760160922856045,59.13379368480568,84.50828978076811,4358.0,4331.0,4335.25,4355.833333333333,4351.375
20130220,4390,4575,4390,4575,64830,0,86.7986175005109,77.20103626247509,60.207972893961475,62.497277718504314,86.18209887598634,4406.0,4360.0,4345.0,4361.916666666667,4354.25
20130221,4590,4590,4480,4530,17849,-3000,88.62279616441809,90.08884503644163,72.48922333698991,65.47370125139717,86.94944851593857,4446.0,4382.0,4353.75,4365.833333333333,4356.708333333333
20130222,4500,4580,4490,4550,20511,-1000,84.22588675698226,98.71803280049696,84.0922112921286,68.26475217043243,88.59668878627758,4484.0,4406.5,4364.0,4370.583333333333,4358.708333333333
20130225,4580,4690,4540,4600,10251,0,73.37574531137656,107.02920162273467,98.60875975287388,72.94042470096569,90.93308742637377,4529.0,4436.5,4375.25,4376.166666666667,4361.416666666667
20130226,4595,4680,4550,4605,9670,-60,28.74021572639983,110.1135777277262,110.3910662146172,77.16846650169961,93.23879140264464,4572.0,4465.0,4387.75,4381.833333333333,4364.166666666667
20130227,4650,4650,4590,4600,17102,-70,30.919249667480607,107.49534873658486,119.21068534321913,80.15332529319848,94.85482328276024,4577.0,4491.5,4400.25,4387.666666666667,4367.25
20130228,4605,4750,4605,4700,27585,-10,48.82622246293481,109.20279300457472,134.05129615188358,88.01747774669899,99.21913877878448,4611.0,4528.5,4419.5,4394.916666666667,4370.75
20130304,4670,4680,4570,4650,15542,-1,39.293765408777,98.59639952858316,140.26114037751154,93.80516895259028,100.95412014872757,4631.0,4557.5,4436.75,4399.583333333333,4374.625
20130305,4695,4995,4635,4920,45465,0,118.15244390193544,128.68954891520912,172.7433066720676,115.02282382206505,111.63773723523668,4695.0,4612.0,4466.5,4408.5,4380.375
20130306,4980,4980,4880,4935,14030,0,139.65672200076872,138.1855636454112,195.4921673622757,133.31799390930638,121.86943719499985,4761.0,4666.5,4498.75,4417.25,4386.083333333333
20130307,4885,4935,4875,4900,17347,-5250,120.76423311560423,150.51245795614392,207.4542118155233,146.9129324539678,129.34640720004316,4821.0,4699.0,4529.5,4425.583333333333,4391.916666666667
20130308,4900,4935,4885,4900,5283,-2000,106.3202708800161,149.89663104953357,215.9201241200088,158.9745568392129,136.39401155803264,4861.0,4736.0,4559.0,4433.416666666667,4397.583333333333
20130311,4900,4915,4885,4900,13356,-5,14.2828568570857,143.08738588708647,219.8287685904645,169.8157498257769,142.9742595325913,4911.0,4771.0,4588.75,4441.333333333333,4403.166666666667
20130312,4910,4980,4905,4960,10140,0,24.576411454889016,140.80482946262885,223.51328260307042,181.8751861396582,151.10550375116324,4919.0,4807.0,4621.75,4451.5,4408.958333333333
20130313,5010,5010,4900,4910,9660,0,23.323807579381203,126.00099205958657,220.6573984710234,190.58717748637824,157.23646382299341,4914.0,4837.5,4651.25,4460.833333333333,4414.333333333333
20130314,4995,5130,4965,4995,26332,0,38.157568056677825,105.62196741208712,220.24574343219442,202.15112265058272,164.5835654006924,4933.0,4877.0,4684.25,4471.083333333333,4421.0
20130315,5000,5100,4930,5000,8930,0,41.66533331199932,92.93008124391152,214.70022706089526,213.1836063115597,172.0426909229335,4953.0,4907.0,4717.75,4479.5,4427.25
20130318,4950,5090,4890,4900,14910,0,41.66533331199932,37.56327994198582,201.56559106156988,219.87703318496983,176.75076123521018,4953.0,4932.0,4744.75,4486.416666666667,4432.458333333333
20130319,4920,5040,4900,4955,7320,0,41.54515615568198,37.911080174534646,187.51583266487125,227.84308684317014,182.9728273694202,4952.0,4935.5,4773.75,4494.833333333333,4437.166666666667
20130320,4935,4950,4540,4860,17386,-10,54.46099521676041,44.17012565071549,166.1887105070618,232.54406691110768,186.78216293022467,4942.0,4928.0,4797.25,4501.416666666667,4441.416666666667
20130321,4935,4935,4800,4870,11310,0,53.0659966456864,46.90415759823424,158.73247934811576,237.20389436095311,190.74742880895238,4917.0,4925.0,4812.0,4508.25,4444.541666666667
20130322,4870,4975,4860,4860,4534,-1000,36.11094017053558,50.43808085167391,145.13011403564732,241.24922279668016,194.4029142157074,4889.0,4921.0,4828.5,4515.25,4447.583333333333
20130325,4870,4980,4870,4930,6192,-2,39.74921382870358,49.98999899979989,131.67668738239126,246.66715934635937,199.22087389936425,4895.0,4924.0,4847.5,4523.75,4452.041666666667
20130326,4870,4930,4860,4900,10560,0,27.27636339397171,48.897852713590545,119.11653957364612,250.6664865912519,203.30619695972482,4884.0,4918.0,4862.5,4532.25,4456.083333333333
20130327,4900,4975,4860,4915,9002,0,26.457513110645905,48.83902128421488,103.78342834961659,253.00889312433728,207.53463148085208,4895.0,4918.5,4878.0,4543.0,4460.041666666667
20130328,4930,4930,4865,4875,13000,-3000,25.57342370508884,42.95637321748654,81.96455026412333,255.25122428698037,210.92846585593315,4896.0,4906.5,4891.75,4551.75,4463.625
20130329,4895,5100,4815,4960,47043,0,28.53068523537421,35.231378059905545,70.31136110188737,258.36734991094056,215.6952542554833,4916.0,4902.5,4904.75,4562.75,4467.875
20130401,4995,5100,4960,4975,17880,0,37.28270376461449,41.35214625627059,41.00609710762535,262.00614920689287,220.56593874244868,4925.0,4910.0,4921.0,4573.333333333333,4472.0
20130402,4995,5090,4935,4970,8610,0,38.39270764090493,43.18854014666385,42.37039060476078,265.2009720109601,225.088115461982,4939.0,4911.5,4923.5,4583.666666666667,4475.583333333333
20130403,5070,5070,4890,5030,47502,0,49.85980344927164,52.108060796771106,48.30307961196677,269.4686128908817,230.5968102313933,4962.0,4928.5,4928.25,4595.0,4479.666666666667
20130404,4995,5020,4920,4935,3800,0,31.20897306865447,48.32183771339822,47.88005847949645,271.5160625492068,234.27277770796246,4974.0,4935.0,4930.0,4604.166666666667,4483.625
20130405,4990,5100,4905,4965,12060,0,30.822070014844886,41.85988533190212,47.939414890046365,273.40974541682215,238.26646789304334,4975.0,4945.5,4933.25,4614.333333333333,4488.083333333333
20130408,4980,4980,4850,4855,4240,0,57.043842787806646,49.90991885387106,50.438080851673966,273.5313688084511,240.57306798906464,4951.0,4938.0,4931.0,4622.083333333333,4491.375
20130409,4875,4880,4770,4835,28860,0,71.72168430816444,58.01077486122725,54.071133703668536,273.1707341572349,242.5213478576085,4924.0,4931.5,4924.75,4629.5,4494.75
20130410,4835,4930,4815,4875,5380,0,49.15282290977803,60.34277090091235,55.07721852090935,272.98569101695193,244.88143389540818,4893.0,4927.5,4923.0,4637.75,4498.5
20130411,4900,4985,4870,4970,7741,0,56.56854249492381,58.78775382679623,53.69532102520665,274.22846314706777,248.57414219236728,4900.0,4937.0,4921.75,4647.5,4502.75
20130412,4955,5000,4880,4940,6920,0,51.478150704935004,58.30951894845296,50.839821990246975,274.323713885626,251.6694777712849,4895.0,4935.0,4918.75,4657.0,4506.875
20130415,4990,5000,4895,4950,7880,0,50.73460357586328,57.06356105256658,51.08510056758232,274.16817375472823,254.6530319212228,4914.0,4932.5,4921.25,4666.75,4511.5
20130416,4900,4955,4890,4940,4010,0,31.937438845342626,55.78754341248586,50.69270164431957,273.68833653548046,257.3176808711239,4935.0,4929.5,4920.5,4676.166666666667,4516.166666666667
20130417,4980,4985,4915,4950,9130,0,10.95445115010332,45.60975772792479,49.09175083453431,272.9456091523702,259.9842109255104,4950.0,4921.5,4925.0,4685.833333333333,4520.958333333333
20130418,4980,4980,4920,4970,3672,0,10.95445115010332,47.80167361086843,48.321837713398274,272.37759738194046,262.87988054856345,4950.0,4925.0,4930.0,4695.666666666667,4525.791666666667
20130419,4970,4975,4910,4965,6431,0,10.95445115010332,47.80167361086843,46.08348402627561,270.85230702769576,265.7951775124855,4955.0,4925.0,4935.25,4705.833333333333,4530.083333333333
20130422,4960,5000,4900,4955,35520,0,10.677078252031311,42.24926034855515,46.26283605660163,268.55601526187473,268.43542312611,4956.0,4935.0,4936.5,4716.0,4534.416666666667
20130423,4960,5030,4940,5020,32978,-620,25.019992006393608,34.135758377396485,48.849257926809905,267.5986188928043,271.1615319120574,4972.0,4953.5,4942.5,4726.75,4540.416666666667
20130424,5020,5080,4970,4980,34130,0,22.494443758403982,22.561028345356828,49.07328703072579,265.0776091805792,273.2130547098616,4978.0,4964.0,4945.75,4737.166666666667,4546.041666666667
20130425,4980,5020,4980,5020,28080,0,27.313000567495326,28.17800560721064,48.79549159502341,262.6335639039533,276.0973528737533,4988.0,4969.0,4953.0,4748.333333333333,4551.458333333333
20130426,5050,5050,4950,5050,34430,0,33.46640106136302,35.28455752875462,53.18599439702147,259.2554912093961,279.18769821275856,5005.0,4980.0,4957.5,4760.583333333333,4557.25
20130429,5020,5050,4995,5040,48021,30,24.0,37.868192457522895,56.06413737854173,254.76519690797363,282.2757221819446,5022.0,4989.0,4960.75,4772.833333333333,4562.5
20130430,5050,5290,5020,5220,70363,50,82.55906976220119,75.80237463298887,79.64413035497344,254.30858059976998,288.1239123864835,5062.0,5017.0,4973.25,4787.75,4569.333333333333
20130502,5240,5360,5240,5260,46041,121,100.87616170334793,101.1978260636067,100.80271573722605,252.98071676623613,294.52077070217837,5118.0,5048.0,4984.75,4803.916666666667,4576.375
20130503,5260,5310,5150,5220,24910,0,93.46657156438341,109.3892133621958,112.2564029354228,249.30687248182647,299.9955989260596,5158.0,5073.0,4999.0,4819.5,4582.875
20130506,5220,5300,5200,5300,34455,200,89.08422980528034,121.7795138765137,129.58853151417372,247.79662359820338,306.7144437420665,5208.0,5106.5,5015.75,4836.0,4590.0
20130507,5300,5320,5270,5300,38324,-250,35.77708763999664,122.83729075488436,138.00724618656804,244.98382883139843,312.9935851978525,5260.0,5141.0,5038.0,4852.583333333333,4597.375
20130508,5300,5340,5280,5300,30996,400,32.0,123.97177098033244,140.98647984824643,240.80390535316562,318.84655128116765,5276.0,5169.0,5061.25,4869.25,4604.958333333333
20130509,5300,5370,5290,5320,35796,0,34.87119154832539,113.6705766678431,144.89737747799302,236.784873648829,323.1102511140825,5288.0,5203.0,5083.5,4885.916666666667,4614.375
20130510,5320,5360,5300,5320,47240,-10,9.797958971132712,100.20479030465557,151.13404646207286,232.1197009207934,327.15662395438017,5308.0,5233.0,5101.0,4902.333333333333,4623.708333333333
20130513,5340,5430,5300,5430,44700,-210,48.82622246293481,95.54580053565931,162.3491607616128,229.61828227638702,332.8283440412307,5334.0,5271.0,5125.5,4920.666666666667,4634.041666666667
20130514,5470,5700,5420,5600,151973,66290,112.71202242884294,107.14942836991709,187.13230613659417,233.98694170592486,341.8249404747425,5394.0,5327.0,5158.0,4941.333333333333,4645.708333333333
20130515,5650,5750,5580,5670,88800,30560,143.86104406683555,141.6898020324681,210.75400352069238,240.39081316797132,351.8264817547063,5468.0,5372.0,5194.5,4962.916666666667,4657.958333333333
20130516,5710,5760,5620,5680,84346,39000,141.84498581197715,162.92329483533038,227.7751083854424,245.81512644443146,361.5801331770583,5540.0,5414.0,5231.0,4984.416666666667,4670.125
20130520,5750,5770,5400,5420,37600,0,113.66617790706258,149.61283367412034,223.05884873727834,246.1610245347605,365.4588416368682,5560.0,5434.0,5253.5,4998.5,4680.208333333333
20130521,5380,5630,5380,5580,21520,0,93.38094023943,148.1080686525889,223.55801819661937,249.5325630053179,372.76779151221604,5590.0,5462.0,5284.25,5016.0,4690.916666666667
20130522,5510,5690,5510,5650,41303,9989,96.54014708917737,147.04081066153026,223.6939874024333,254.971349152982,380.7574664584991,5600.0,5497.0,5319.0,5034.333333333333,4702.458333333333
20130523,5700,5700,5550,5650,44341,15760,93.93614852653904,137.31715115017494,223.72918897631573,260.5330539916676,388.2399386977159,5596.0,5532.0,5350.5,5051.833333333333,4714.0
20130524,5640,5660,5450,5620,97810,47520,85.93020423576334,119.31470990619721,214.00642513719072,263.9012204721108,394.66826567455587,5584.0,5562.0,5382.5,5068.75,4725.291666666667
20130527,5690,5750,5640,5730,64500,0,49.234134500364675,97.57561170702441,209.7760710853361,270.02699196356616,402.6666127724933,5646.0,5603.0,5418.0,5087.583333333333,4737.625
20130528,5730,5970,5710,5940,70860,1110,116.85888926393234,123.62847568420472,221.08539074303397,286.52054173014585,414.88752659272456,5718.0,5654.0,5462.5,5108.25,4751.583333333333
20130529,5870,5950,5870,5920,38160,10850,134.07460609675496,145.0655024463087,220.18798786491507,298.5438154144634,426.764669734199,5772.0,5686.0,5506.5,5129.416666666667,4764.5
20130530,5890,5980,5850,5950,41460,9010,133.17657451669194,164.93635136015345,229.95869194270526,315.1593402109878,438.71355301293,5832.0,5714.0,5543.0,5146.583333333333,4777.541666666667
20130531,5930,6000,5910,5950,42701,10920,84.71127433818948,178.68687696638492,236.57715443381252,330.22883479995545,450.1495874058683,5898.0,5741.0,5577.5,5163.5,4790.375
20130603,5900,6090,5900,5950,49450,10980,11.6619037896906,152.26293048539418,234.9127497604164,343.361811116694,460.87303739449663,5942.0,5794.0,5614.0,5181.0,4803.291666666667
20130604,5950,5950,5800,5910,87950,10870,17.435595774162696,137.33535597216033,231.74285317998482,353.7729576374633,470.42248852317886,5936.0,5827.0,5644.5,5197.833333333333,4815.625
20130605,5860,5930,5800,5850,40780,11910,39.191835884530846,124.0201596515663,221.64385847570873,361.2684443580586,478.3313008086973,5922.0,5847.0,5672.0,5213.666666666667,4827.5
20130607,5810,5850,5700,5770,35722,11830,68.58571279792899,109.31148155614757,205.26750838844413,366.63147558398714,483.9042318016684,5886.0,5859.0,5695.5,5227.166666666667,4839.333333333333
20130610,5780,5840,5720,5790,40520,3830,68.58571279792899,80.14985963805547,187.02673605663975,371.22316588393517,489.4438737542466,5854.0,5876.0,5719.0,5241.833333333333,4851.333333333333
20130611,5790,5840,5780,5800,25481,9280,50.438080851673966,69.43342134735977,163.61845861637985,376.5683038971852,495.0391118106018,5824.0,5883.0,5743.0,5255.25,4863.166666666667
20130612,5780,5970,5770,5800,38760,11660,26.38181191654584,70.63285354564117,147.28458846736137,381.4261523836888,501.1284332356623,5802.0,5869.0,5761.5,5268.583333333333,4874.041666666667
20130613,5770,5810,5650,5790,29690,11410,10.95445115010332,71.99999999999996,142.6148659852822,384.10012981281966,506.69681242556663,5790.0,5856.0,5771.0,5283.416666666667,4884.916666666667
20130614,5740,5880,5740,5800,31020,5610,4.898979485566356,66.2495283002075,140.81459441407344,387.278431278242,511.8759344042557,5796.0,5841.0,5777.5,5297.5,4896.166666666667
20130617,5720,5830,5700,5820,25170,10710,9.797958971132712,55.46169849544814,139.26503509495842,388.70114912788216,517.1580979390119,5802.0,5828.0,5784.5,5313.5,4907.458333333333
20130618,5820,5980,5790,5900,42542,12980,40.19950248448356,45.61797891182811,113.32585759657854,391.4699505993084,523.3063139920029,5822.0,5823.0,5808.5,5330.666666666667,4919.458333333333
20130619,5970,5970,5850,5930,20723,10210,56.35601121442149,49.648766349225575,103.26664514740469,393.9863576318383,529.4238466248078,5848.0,5825.0,5826.0,5348.5,4931.875
20130620,5940,5940,5650,5870,36060,16830,48.41487374764082,50.999999999999936,95.34673565466206,395.71893083630073,534.1293132415567,5864.0,5827.0,5837.0,5364.166666666667,4943.958333333333
20130621,5710,5850,5690,5780,34840,13180,54.037024344425184,49.95998398718713,86.38720970143672,394.5497081765807,537.0543873115307,5860.0,5828.0,5843.5,5378.833333333333,4955.541666666667
20130624,5750,5860,5740,5800,21539,10261,57.48043145279966,49.284886121406366,70.56025793603648,393.47500097069917,538.7866367408938,5856.0,5829.0,5852.5,5393.583333333333,4968.291666666667
20130625,5820,5830,5410,5630,61440,22170,101.07423014794622,77.56287771866123,81.72361959678487,388.73337763676994,539.1107244934914,5802.0,5812.0,5847.5,5406.166666666667,4978.958333333333
20130626,5580,5800,5580,5700,25648,10220,83.09031231136396,84.59314393022638,84.82187217929112,386.1123541147093,539.4397411898833,5756.0,5802.0,5835.5,5418.5,4990.625
20130627,5800,5880,5690,5770,39150,3050,62.80127387243032,85.08818954473055,83.64209466530593,384.3022085546773,540.7286734249418,5736.0,5800.0,5828.0,5431.75,5002.541666666667
20130628,5880,5970,5780,5900,30600,6800,91.43303560529968,90.22194854911966,80.65203035262039,384.1206678896655,543.4925619827417,5760.0,5810.0,5825.5,5447.25,5015.458333333333
20130701,5900,5940,5880,5900,19690,9310,107.5174404457249,94.212525706511,77.46612162745727,384.5168234290961,545.9369478627318,5780.0,5818.0,5823.0,5461.75,5028.375
20130702,5950,6090,5950,6000,80632,0,106.1319932913728,106.84568311354462,82.1872861213947,384.3725406425421,549.8033486822638,5854.0,5828.0,5825.5,5479.5,5041.833333333333
20130703,5980,6000,5900,5960,31720,10300,77.87168933572714,110.04090148667449,85.41662601625049,383.2798060454332,552.4481106226758,5906.0,5831.0,5828.0,5496.083333333333,5055.208333333333
20130704,5920,6050,5920,6000,24360,9870,44.8998886412873,121.01239605924673,93.24564332986289,379.3700553402859,555.6707517721343,5952.0,5844.0,5835.5,5515.166666666667,5068.625
20130705,6000,6210,5990,6080,81791,4690,58.78775382679628,137.49181793837764,105.9669759878048,375.6300170676259,559.6944463400525,5988.0,5874.0,5851.0,5535.916666666667,5082.708333333333
20130708,6050,6100,5920,5990,68820,14990,39.7994974842648,139.07192383799108,109.12836478203087,370.0120493533547,561.9810430151024,6006.0,5893.0,5861.0,5554.5,5096.125
20130709,6000,6030,5990,6030,40060,25320,40.693979898751614,112.69871339105872,114.09973707244026,366.97566525437577,564.5248493694187,6012.0,5933.0,5872.5,5572.166666666667,5109.833333333333
20130710,6090,6210,6090,6170,107324,21780,65.90902821313632,103.34408546211048,129.76517252329302,365.4409056955152,568.5668874948353,6054.0,5980.0,5891.0,5592.666666666667,5124.833333333333
20130711,6190,6420,6180,6360,118203,13130,131.5446692192428,131.2592853858347,162.8335039234862,368.67936234921683,575.2341537124091,6126.0,6039.0,5919.5,5616.166666666667,5141.458333333333
20130712,6370,6490,6270,6280,77423,4760,141.50618361046983,140.21768789992223,178.1088150541685,367.6278689109449,580.1285537610594,6166.0,6077.0,5943.5,5638.5,5157.333333333333
20130715,6330,6360,6240,6330,57170,7350,120.76423311560423,145.18953130305226,194.36820727680748,367.001702993328,585.3000417639644,6234.0,6120.0,5969.0,5661.5,5173.666666666667
20130716,6380,6390,6120,6120,57611,-6240,92.39047569960877,139.62807740565646,196.36700333813724,360.3568447463688,587.0089910346902,6252.0,6132.0,5980.0,5680.666666666667,5188.166666666667
20130717,6170,6180,5980,6170,82082,12920,92.39047569960877,127.4401820463232,200.23985617254124,353.4235242594967,588.7269089008065,6252.0,6153.0,5992.0,5700.75,5203.291666666667
20130718,6110,6180,6050,6050,32050,-3480,102.56705123966469,122.2129289396175,198.59254769502303,342.5478068824891,588.4155985922505,6190.0,6158.0,6001.0,5719.0,5217.5
20130719,6100,6200,6000,6120,36300,5500,94.10632284814872,120.23310692151308,193.4321586500032,333.97538166092227,588.977042504402,6158.0,6162.0,6018.0,5737.333333333333,5232.041666666667
20130722,6180,6220,6130,6150,31950,2830,40.693979898751614,106.09429767899871,188.69220969610802,323.16915935088656,589.3065840460379,6122.0,6178.0,6035.5,5756.833333333333,5247.0
20130723,6130,6250,6130,6220,32028,3800,56.35601121442149,94.23905772024672,167.97321215003305,313.9505888228678,590.1048576783329,6142.0,6197.0,6065.0,5776.833333333333,5262.583333333333
20130724,6220,6220,6030,6080,39910,-1000,58.855755878248644,100.47885349664374,145.61593319413916,301.6576425906305,588.2965861399325,6124.0,6188.0,6084.0,5794.0,5277.291666666667
20130725,6050,6130,5870,6000,43230,8790,73.10266752998827,96.8297474952816,128.4318885635495,286.30985545966905,585.1222035229614,6114.0,6152.0,6095.5,5810.0,5291.416666666667
20130726,6000,6180,6000,6140,26367,10000,73.86474125047754,86.92525524840288,120.57673905028282,278.8396592229284,583.4012326554507,6118.0,6138.0,6107.5,5825.333333333333,5306.541666666667
20130729,6150,6170,6070,6120,32570,15000,72.22188034107116,58.830264320330855,110.78244445759444,271.41583512307983,580.540622980482,6112.0,6117.0,6118.5,5839.666666666667,5321.791666666667
20130730,6150,6150,6040,6100,33934,13000,48.33218389437829,59.03388857258172,107.53022830813669,261.1153427553149,576.9641032065163,6088.0,6115.0,6123.5,5854.333333333333,5336.916666666667
20130731,6160,6160,6040,6120,34063,16730,49.638694583963435,56.21387729022073,100.8104657265306,253.07969759215518,573.5697429258371,6096.0,6110.0,6131.5,5868.0,5352.0
20130801,6160,6250,6120,6230,49105,10450,45.78209256903839,62.577951388648025,98.23950325607314,246.2033373724588,570.9762457965304,6142.0,6128.0,6143.0,5883.5,5368.041666666667
20130802,6270,6360,6250,6280,60074,11610,71.55417527999327,77.22693830523127,101.44456614328831,239.36368191984698,568.4771308187339,6170.0,6144.0,6153.0,5899.833333333333,5384.541666666667
20130805,6250,6350,6180,6340,37601,8380,92.0,97.16480844420984,102.00367640433359,233.73412007854648,566.6097872801686,6214.0,6163.0,6170.5,5916.833333333333,5401.375
20130806,6340,6520,6270,6470,70113,15820,116.17228585166085,133.850663054017,115.83932838203094,231.1435340504615,566.3657289145418,6288.0,6188.0,6192.5,5936.0,5419.166666666667
20130807,6470,6490,6330,6350,54261,10760,80.64738061462381,136.5466953096998,120.634779396325,227.55560980902916,563.7565964137463,6334.0,6215.0,6201.5,5951.333333333333,5436.0
20130808,6350,6610,6350,6610,99985,38290,117.4734012447073,160.94719630984562,146.574213284602,238.05805781130886,565.0729488305133,6410.0,6276.0,6214.0,5968.166666666667,5454.75
20130809,6530,6880,6530,6870,132089,46500,197.01776569639603,232.39836488237174,204.72603644871361,261.42871346167374,570.8333804744611,6528.0,6349.0,6243.5,5988.166666666667,5475.541666666667
20130812,6830,6990,6710,6830,102399,7470,200.95770699328753,258.57300709857554,241.06586236960223,279.6537541715218,575.2436666680293,6626.0,6420.0,6268.5,6007.333333333333,5495.875
20130813,6770,6930,6710,6710,40176,13880,186.07525359380813,247.6065427245411,256.68268348293384,283.23777800444043,579.4878246252471,6674.0,6481.0,6298.0,6028.833333333333,5513.666666666667
20130814,6710,6870,6710,6710,38807,13200,93.2952303175248,223.69622258768695,269.86107537027266,290.24912670938284,582.5285877582044,6746.0,6540.0,6325.0,6047.666666666667,5531.833333333333
20130816,6670,6860,6670,6770,48935,8270,64.0,206.8912757948,278.655701538655,299.92758385243513,586.2929917901414,6778.0,6594.0,6361.0,6066.333333333333,5550.333333333333
20130819,6780,7500,6730,7390,225599,51210,257.8681833805792,289.80165630996663,351.64577347097463,339.7472917069777,603.221277577503,6882.0,6705.0,6424.5,6095.333333333333,5573.583333333333
20130820,7320,7640,7290,7430,199785,2110,334.0898082851376,333.68248380758615,407.8513822460333,374.7551422818248,619.8570609758992,7002.0,6814.0,6488.5,6125.5,5597.125
20130821,7560,7700,7340,7600,148708,41910,366.60605559646723,385.3842238597735,468.773666069245,416.0515459518123,639.3289654330389,7180.0,6927.0,6557.5,6156.666666666667,5622.125
20130822,7500,8100,7500,7880,244509,8840,365.3272505576336,427.3640134592523,536.3755680491048,469.8606176303821,665.9103926518043,7414.0,7080.0,6647.5,6189.0,5648.625
20130823,8130,8950,8000,8810,730411,80690,523.2743066499635,641.4358892360171,693.408970233296,575.9661207243239,719.1732799522213,7822.0,7300.0,6788.0,6237.166666666667,5683.291666666667
20130826,9040,9850,9000,9500,587800,9250,788.3806187369144,898.7663767631718,894.0604006441623,710.1384059150441,795.1680629048822,8244.0,7563.0,6956.0,6296.333333333333,5721.458333333333
20130827,9990,9990,9050,9120,437496,40750,726.8122178389682,971.6151501494818,987.9493914163822,795.2301378986001,849.8072657308263,8582.0,7792.0,7106.0,6349.166666666667,5756.333333333333
20130828,9100,9970,9100,9490,790635,1130,597.8294071054049,1018.8228501560023,1086.6852120094393,889.1953135029222,911.4643856941988,8960.0,8070.0,7275.5,6408.166666666667,5794.583333333333
20130829,9640,9840,9300,9600,254744,-9190,296.1486113423462,1001.8028748211896,1163.621394612526,975.9849156393557,971.2059192056104,9304.0,8359.0,7449.5,6469.666666666667,5833.75
20130830,9590,9700,9200,9280,194369,-610,173.71240600486772,879.1700631845923,1193.2878948518671,1036.5865322725806,1016.6685484955334,9398.0,8610.0,7602.0,6526.833333333333,5870.25
20130902,9280,9380,8810,9000,320439,-44110,223.10535627814946,783.191547451835,1189.8638577585252,1078.8927451584614,1052.2379292357016,9298.0,8771.0,7738.0,6580.666666666667,5903.916666666667
20130903,8950,9280,8940,9240,301023,27796,208.65282169191963,650.2276524418197,1187.3630447340022,1126.1223907235365,1091.0617917117931,9322.0,8952.0,7883.0,6638.166666666667,5940.0
20130904,9240,9280,8940,9080,158715,-1500,207.07486568871656,468.7643331141993,1168.1664050981778,1163.1123357421502,1124.267964765179,9240.0,9100.0,8013.5,6692.833333333333,5974.041666666667
20130905,9150,9530,9040,9140,315915,3390,102.44998779892558,234.9127497604164,1127.049688345638,1198.4390194471048,1156.89642215595,9148.0,9226.0,8153.0,6748.5,6008.541666666667
20130906,9160,10500,9140,10500,891032,-19650,559.5140748899888,414.2764777295472,1178.4688158793174,1284.268014603392,1222.3342416311114,9392.0,9395.0,8347.5,6827.0,6055.208333333333
20130909,11050,11250,10350,10600,722070,4110,686.8595198437596,551.0217781540036,1224.1503175672506,1364.7799578442446,1286.0509402171242,9712.0,9505.0,8534.0,6907.0,6102.25
20130910,10800,11950,10500,11250,1169968,-42760,859.47891189953,740.226992212524,1293.5822354995446,1465.9816108441944,1363.473260952832,10114.0,9718.0,8755.0,6997.5,6155.5
20130911,11350,11750,10850,10850,530322,-7170,712.6682257544529,807.7029156812547,1280.9590157378184,1539.3450988434458,1423.5370755816555,10468.0,9854.0,8962.0,7080.0,6205.333333333333
20130912,10950,12400,10900,11950,897384,-17370,527.8257288158659,1014.9034436831911,1328.549585073888,1653.1051253793755,1510.9249627481745,11030.0,10089.0,9224.0,7180.333333333333,6264.416666666667
20130913,11900,12000,11400,11700,475541,-11240,504.57903246171463,1079.6059466305287,1307.5567865297476,1742.1697439304446,1584.6405130361813,11270.0,10331.0,9470.5,7277.5,6320.833333333333
20130916,11750,11800,11000,11100,397164,-7200,400.7492981902776,1001.7130327593826,1261.5997780595876,1798.177866310475,1637.659915855553,11370.0,10541.0,9656.0,7366.166666666667,6372.5
20130917,11100,11700,10850,11350,437586,12630,396.73668849754745,924.7140098430432,1203.721728639971,1857.019535588024,1693.4622403156845,11390.0,10752.0,9852.0,7458.666666666667,6426.125
20130923,11450,11450,10600,11000,455221,510,358.60842154082223,738.1219411452282,1110.1198133534956,1895.730722497852,1737.6695041219932,11420.0,10944.0,10022.0,7548.166666666667,6477.166666666667
20130924,10950,11250,10800,11000,253137,-3060,267.581763205193,430.2324952859791,1013.1367133807756,1930.7121527215475,1779.9570453618676,11230.0,11130.0,10178.0,7636.5,6527.5
20130925,11150,11200,10750,11200,226629,-1870,132.664991614216,375.4996671103718,985.3013498417627,1968.0034722191604,1824.1178875578053,11130.0,11200.0,10297.5,7727.0,6579.375
20130926,11150,11600,10850,10850,330590,-9930,174.92855684535903,341.5040263305837,974.5383522468472,1993.276552981716,1858.8723242085107,11080.0,11225.0,10365.0,7809.5,6628.375
20130927,10800,11300,10550,11050,376587,54558,112.24972160321823,345.2897334123909,941.47371179444,2019.9079737013333,1895.9226421271974,11020.0,11205.0,10461.5,7895.333333333333,6678.541666666667
20130930,11100,11400,10950,11050,157581,-300,112.24972160321823,329.58306995354,922.1793480663076,2044.245113320156,1930.243551126822,11030.0,11225.0,10539.5,7979.5,6729.5
20131001,11050,11100,10550,10700,164386,1000,174.92855684535903,260.768096208106,896.9641854611588,2056.228606778278,1956.7791239510334,10970.0,11100.0,10594.5,8058.5,6777.291666666667
20131002,10800,10850,10050,10100,438037,-56700,350.71355833500365,326.1901286060018,853.6361930002735,2054.810203454866,1971.8732210768567,10750.0,10940.0,10635.5,8126.833333333333,6821.0
20131004,10150,10200,9790,10050,264020,40,439.7726685459205,414.75896614780976,780.5997694081135,2051.751528166444,1985.0476270349886,10590.0,10835.0,10688.0,8193.0,6864.458333333333
20131007,10150,10350,9960,10000,255504,7160,420.2380277890138,443.84682042344286,725.7575352691833,2044.1995105392466,1996.8819166112219,10380.0,10700.0,10726.0,8259.833333333334,6907.166666666667
20131008,9900,10000,9340,9700,422350,17277,326.1901286060018,520.6726418777926,665.5306153739285,2031.430284307095,2004.921754846202,10110.0,10570.0,10757.0,8321.0,6946.583333333333
20131010,9730,10100,9730,9980,178299,-1280,139.37001112147476,526.3230946861444,583.6257362385588,2022.7295296208054,2015.2107192687256,9966.0,10468.0,10799.0,8384.5,6988.583333333333
20131011,10250,11400,10100,10850,714985,24860,386.8126161334452,486.6220299164434,579.6315640128648,2029.491616691783,2036.732559967889,10116.0,10433.0,10816.5,8459.333333333334,7037.75
20131014,10850,10900,10050,10300,292036,14390,391.1828217087248,467.0717289667616,588.8486647688013,2022.7843571561355,2048.975046957765,10166.0,10378.0,10801.5,8526.333333333334,7082.416666666667
20131015,10250,10300,9920,10000,212930,-730,391.1828217087248,419.8344911986151,604.0687047017086,2010.8983274480436,2056.5918814063925,10166.0,10273.0,10739.0,8587.5,7124.5
20131016,9900,9900,9450,9570,229813,-550,424.2169256406444,378.6885263643461,654.6105712559187,1988.7227894639661,2058.945293644841,10140.0,10125.0,10675.0,8645.0,7162.833333333333
20131017,9670,9780,9240,9590,159808,12000,478.806850410476,355.87076305872614,626.2355786762678,1965.8482477885568,2060.7302470342124,10062.0,10014.0,10557.0,8702.0,7201.375
20131018,9520,10150,9440,10050,238912,-350,281.9503502391866,354.9774640734254,576.9703198605628,1942.4679033527325,2066.489044786408,9902.0,10009.0,10474.5,8768.666666666666,7243.833333333333
20131021,10100,10100,9620,9630,164099,-210,211.31966306995662,372.0766050156876,586.1646526361002,1914.4712861663822,2067.6405484271245,9768.0,9967.0,10401.0,8827.166666666666,7282.25
20131022,9630,9750,9250,9280,169253,-4340,246.54411369975963,424.67046047494284,592.1813489126451,1883.2001722835769,2064.689361555932,9624.0,9895.0,10297.5,8879.333333333334,7318.083333333333
20131023,9300,9400,8950,9050,215916,2850,339.5290856465761,493.68005833738107,627.9410800385654,1851.171543464662,2059.8059509467334,9520.0,9830.0,10200.0,8926.5,7351.666666666667
20131024,9010,9360,9000,9320,151236,14500,345.5198981245509,512.956138475796,627.673481995217,1814.2376038803015,2056.616948007906,9466.0,9764.0,10116.0,8980.5,7387.25
20131025,9320,9850,9320,9470,303577,1320,194.21637418096344,367.1294049786805,590.4275992871608,1773.147076684718,2053.9099231033097,9350.0,9626.0,10029.5,9038.333333333334,7424.166666666667
20131028,9680,9800,9120,9370,257440,1202,139.34130758680286,295.3997291806477,575.5125976032149,1732.9109341092983,2051.4424041391026,9298.0,9533.0,9955.5,9092.166666666666,7458.75
20131029,9360,9420,9180,9250,86306,-3230,140.62716664997558,260.4534507354433,536.7539007776281,1689.2141828541346,2047.8674273497347,9292.0,9458.0,9865.5,9144.333333333334,7492.0
20131030,9280,9400,9080,9400,170399,-5300,74.13501197140255,258.12593825495344,471.1485965170649,1642.2676057478861,2044.4726228432544,9362.0,9441.0,9783.0,9199.333333333334,7526.833333333333
20131031,9400,9400,9180,9230,125107,14370,91.12628599915614,259.9326835932719,435.68882244097097,1592.587089891443,2040.011191077697,9344.0,9405.0,9709.5,9251.166666666666,7559.583333333333
20131101,9240,9550,9240,9370,111411,3480,69.74238309665078,146.49573372627614,432.00810177588113,1543.2777077808578,2035.9914251620398,9324.0,9337.0,9673.0,9303.5,7593.5
20131104,9370,9960,9370,9750,336796,16930,186.97593428032386,172.59490143106774,423.78768269028296,1493.0923912768744,2034.405439693764,9400.0,9349.0,9658.0,9361.333333333334,7630.583333333333
20131105,9870,9900,9620,9840,150892,10958,235.06594819326767,224.24317157942622,418.7361938022554,1441.3881811950916,2033.119795822836,9518.0,9405.0,9650.0,9419.666666666666,7668.25
20131106,9800,10200,9650,10150,234760,39630,331.44531977386555,284.7542800380707,432.6762646598493,1392.01975560694,2034.0426290190405,9668.0,9515.0,9672.5,9481.0,7708.5
20131107,10300,10350,9910,10150,212337,11520,289.99310336626974,332.74013884711894,440.2374359365637,1333.3346249993765,2035.2379808977896,9852.0,9598.0,9681.0,9544.333333333334,7747.833333333333
20131108,10050,10150,9850,9940,154755,33700,161.81470884935027,344.33268796325444,356.04037692374163,1278.203806997236,2035.310541416229,9966.0,9645.0,9635.5,9599.833333333334,7784.0
20131111,10000,10800,9630,10300,453573,43270,164.51139778143033,381.12465152493087,356.04037692374163,1230.6533495126366,2038.7522719518697,10076.0,9738.0,9635.5,9657.0,7822.583333333333
20131112,10350,11300,10300,11100,592312,134200,402.66114786505034,522.2269621534299,473.63989485684164,1187.833450259572,2050.787028801388,10328.0,9923.0,9690.5,9728.166666666666,7867.75
20131113,11100,11400,10550,11150,531511,71350,500.935125540224,604.3972203774599,569.0999472851848,1134.6116687611195,2059.9259088617787,10528.0,10098.0,9769.5,9802.166666666666,7915.5
20131114,11250,11350,10950,11300,163182,1730,537.2671588697749,625.7675287197316,657.3241209631667,1076.8123740415006,2071.4789335695027,10758.0,10305.0,9855.0,9878.666666666666,7963.166666666667
20131115,11200,11300,10850,10850,164847,30,351.28336140500585,558.5346900596238,691.4296782753833,1004.7697359207359,2077.018556328604,10940.0,10453.0,9895.0,9946.666666666666,8006.5
20131118,10800,11650,10650,11500,329656,23360,215.87033144922904,584.410814410548,771.1178573992435,967.5441276184213,2089.7507676355467,11180.0,10628.0,9988.5,10015.166666666666,8055.25
20131119,11400,11600,10950,11400,261188,29680,226.7156809750927,560.9848482802365,811.1132781554004,923.2234591666084,2099.6537396411136,11240.0,10784.0,10094.5,10081.333333333334,8103.416666666667
20131120,11500,11850,11300,11550,223860,12360,250.19992006393608,559.9857141034939,832.8593818886835,883.9345595436115,2111.454986430506,11320.0,10924.0,10219.5,10147.166666666666,8151.916666666667
20131121,11600,11600,11200,11200,106447,-340,254.95097567963924,500.26892767790406,832.125441264717,843.258807642511,2119.6633626199605,11300.0,11029.0,10313.5,10202.5,8195.75
20131122,11300,11550,10850,11100,334920,22420,173.2050807568877,344.564943080401,825.3150913439059,831.1054218462448,2125.615125021989,11350.0,11145.0,10395.0,10240.666666666666,8238.916666666666
20131125,11300,11500,11100,11100,236695,-1920,177.76388834631177,202.7929979067325,803.7305207592904,832.5800595471633,2130.951267757097,11270.0,11225.0,10481.5,10267.333333333334,8281.833333333334
20131126,11200,11200,10650,10800,314621,-36360,240.8318915758459,238.17010727629108,754.4660363462359,821.7024332986311,2132.3345822908177,11150.0,11195.0,10559.0,10295.333333333334,8322.25
20131127,10800,11000,10750,10850,151971,-4200,156.20499351813308,259.8557292037257,707.8366690134102,817.9237943313153,2133.4322096226965,11010.0,11165.0,10631.5,10318.0,8363.083333333334
20131128,10850,11400,10700,11400,266120,20940,214.47610589527213,266.69270706189167,648.5213951752094,824.0262940788575,2139.193844782558,11050.0,11175.0,10740.0,10348.0,8408.833333333334
20131129,11400,11500,11150,11300,138305,8090,237.48684174075836,245.15301344262522,577.1505436192538,820.9631876981805,2142.237406116953,11090.0,11220.0,10836.5,10381.666666666666,8454.25
20131202,11200,11700,11000,11650,247316,51230,327.10854467592253,265.56543449778997,546.0244957875059,816.7155597608986,2147.5203384756783,11200.0,11235.0,10931.5,10425.833333333334,8503.25
20131203,11650,11650,11050,11100,223236,8540,270.92434368288133,262.15453457836657,485.8237849261809,806.3508162635487,2145.8635596576714,11260.0,11205.0,10994.5,10456.833333333334,8547.5
20131204,11000,11250,10550,10700,307166,30350,318.74754901018457,274.0437921208944,451.6038086641874,786.6788664308274,2139.8054169064653,11230.0,11120.0,11022.0,10483.833333333334,8588.333333333334
20131205,10800,10900,10500,10500,89613,10000,412.31056256176606,328.63353450309967,423.37306244020766,766.9785416381192,2131.4073011354167,11050.0,11050.0,11039.5,10506.5,8627.5
20131206,10550,10850,10300,10650,142501,25350,415.4515615568197,348.8911004883903,353.7301231164799,767.1977146298965,2123.2638397837795,10920.0,11005.0,11075.0,10509.0,8668.0
20131209,10900,11150,10800,10900,109013,19990,208.806130178211,348.6043602710672,309.3945700880996,768.7505013548517,2116.4623982800545,10770.0,10985.0,11105.0,10514.0,8710.5
20131210,10850,11200,10450,11000,144765,54140,178.88543819998318,343.11076928595526,310.2418411497714,765.4203456634518,2109.883066796732,10750.0,11005.0,11100.0,10509.833333333334,8753.666666666666
20131211,11000,11100,10700,11000,111152,25550,200.99751242241783,339.26390907374747,310.7551286785143,766.7710798464503,2103.3279912768994,10810.0,11020.0,11092.5,10512.333333333334,8796.166666666666
20131212,10800,11200,10750,11000,94650,33070,135.64659966250537,314.80152477394387,307.60160922856045,746.4601462904786,2096.239488478257,10910.0,10980.0,11077.5,10496.5,8838.416666666666
20131213,10950,11250,10850,11200,98811,13389,97.97958971132714,305.94117081556715,304.09702399069937,735.6912660137344,2089.3285138744736,11020.0,10970.0,11095.0,10488.166666666666,8882.833333333334
20131216,11300,11350,10700,10700,121559,13052,160.0,213.60009363293827,300.7906248539007,731.9194513970344,2076.270768843887,10980.0,10875.0,11055.0,10481.5,8923.833333333334
20131217,10700,10800,10050,10050,269030,34960,402.98883359219775,312.40998703626616,361.20458191999717,725.0988246822347,2058.8577587665845,10790.0,10770.0,10987.5,10459.833333333334,8959.25
20131218,10000,10400,10000,10100,101233,3010,465.18813398452033,372.0215047547655,385.71362433805734,723.0755877192634,2038.6235756836927,10610.0,10710.0,10915.0,10444.833333333334,8996.5
20131219,10250,10550,10250,10500,81413,1290,422.37424163885765,372.0215047547655,390.0,719.5017373154858,2020.5608338610755,10510.0,10710.0,10880.0,10436.5,9036.5
20131220,10450,10700,10300,10400,84281,-230,244.94897427831782,383.4383914007569,399.9687487792015,712.6090364911822,2001.937393224104,10350.0,10685.0,10845.0,10423.166666666666,9075.083333333334
20131223,10450,10700,10300,10450,66741,15410,187.0828693386971,381.9685850956856,404.3126883984721,710.4524966526633,1984.4544170459965,10300.0,10640.0,10812.5,10416.5,9113.0
20131224,10500,10700,10350,10500,568510,4000,149.66629547095766,363.8681079732049,410.0228652160755,705.7522385527549,1966.3654854126826,10390.0,10590.0,10797.5,10407.333333333334,9151.333333333334
20131226,10450,10800,10400,10650,96299,17800,83.66600265340756,338.71079108879894,411.0580859197396,701.5265893432393,1949.628381612486,10500.0,10555.0,10787.5,10400.666666666666,9190.083333333334
20131227,10500,10600,10350,10400,69695,300,92.73618495495705,306.1453902968326,393.97810852888773,700.4435896074891,1930.009238247904,10480.0,10495.0,10737.5,10395.666666666666,9227.083333333334
20131230,10400,10650,10100,10500,89483,43500,83.66600265340756,197.80040444852486,374.99166657407204,699.5006949404872,1910.5622627180344,10500.0,10425.0,10697.5,10402.333333333334,9264.583333333334
20140102,10650,10700,10400,10450,36877,1800,83.66600265340756,176.06816861659007,307.76411421736617,698.0155203623118,1891.0629286197839,10500.0,10400.0,10637.5,10409.0,9301.0
20140103,10500,10500,10150,10400,79793,20290,92.73618495495705,132.38202294873727,292.60681810238117,695.9845943378043,1869.0846523097969,10480.0,10435.0,10602.5,10415.666666666666,9337.75
20140106,10400,11150,10300,11050,209761,-17620,247.7902338672773,187.34993995195197,307.97727188868987,694.3041880584892,1850.6707774179945,10560.0,10530.0,10620.0,10438.166666666666,9379.583333333334
20140107,11050,11200,10850,11050,87356,530,295.6349099818897,242.95061226512684,320.34161453048836,696.0464543884044,1833.2309649450528,10690.0,10585.0,10647.5,10456.0,9420.25
20140108,11300,11700,11200,11450,258358,14820,399.4996871087637,345.54305086341986,364.9914382557487,705.8758153292046,1820.7762691287078,10880.0,10690.0,10687.5,10466.0,9462.666666666666
20140109,11500,11750,11350,11500,91969,-6900,394.2080668885405,410.1524106963166,403.8177187791541,717.7887340065108,1806.5192974951194,11090.0,10795.0,10717.5,10486.0,9506.166666666666
20140110,11400,11550,11250,11550,83835,6920,222.71057451320087,453.3210782657255,439.2891985924535,727.6571804237384,1792.3066763872355,11320.0,10900.0,10745.0,10511.833333333334,9549.666666666666
20140113,11550,12150,11550,11750,195393,-3530,228.91046284519194,509.31326312987375,488.69085319862495,734.119635269955,1775.5240990729824,11460.0,11010.0,10782.5,10548.166666666666,9596.583333333334
20140114,11550,11750,11200,11300,149489,-472,146.28738838327794,471.6990566028302,499.6186045375012,729.5470436434457,1754.1359379731455,11510.0,11100.0,10797.5,10576.666666666666,9639.333333333334
20140115,11300,11550,11200,11450,93899,3600,146.28738838327794,435.57433349544374,512.4939024027507,734.6994850504091,1730.585995808624,11510.0,11195.0,10810.0,10600.0,9684.333333333334
20140116,11550,11550,11200,11300,73605,-566,169.1153452528776,357.91060336346567,522.6375417055303,729.0361025963609,1705.5635676612505,11470.0,11280.0,10840.0,10627.833333333334,9727.5
20140117,11250,11350,11000,11300,61344,-2230,174.92855684535903,206.3976744055029,498.6168368597274,712.4694730302506,1679.6003472221978,11420.0,11370.0,10902.5,10661.5,9770.416666666666
20140120,11250,11650,11050,11550,101772,0,102.95630140987,181.93405398660246,481.79352424041565,689.7475182187261,1655.4244084893342,11380.0,11420.0,10975.0,10703.166666666666,9814.833333333334
20140121,11550,11600,11300,11350,48021,5010,96.95359714832657,137.84048752090223,475.4668758178639,670.5925240660949,1625.3920360434197,11390.0,11450.0,11017.5,10737.0,9858.75
20140122,11450,11600,11200,11250,59834,40,104.88088481701516,150.3329637837291,455.9605246071199,653.0279898714591,1591.2360237668624,11350.0,11430.0,11060.0,10766.666666666666,9902.5
20140123,11350,11350,10900,10900,67841,8700,211.18712081942883,215.87033144922904,435.9687488800086,627.3597895590365,1555.8856981011165,11270.0,11370.0,11082.5,10792.166666666666,9942.166666666666
20140124,10800,11450,10700,11350,122712,41880,213.54156504062618,207.3644135332772,418.18058300212834,598.2504817289258,1521.0707097852844,11280.0,11350.0,11125.0,10827.166666666666,9985.75
20140127,11100,11900,11100,11450,202101,-14650,190.78784028338916,164.62077633154328,408.9926649709014,573.8073621773179,1484.4897739253488,11260.0,11320.0,11165.0,10861.333333333334,10030.333333333334
20140128,11550,11900,11350,11850,138107,17460,307.2458299147443,228.30900113661747,395.2451770736741,547.0694654246415,1449.6897920091733,11360.0,11375.0,11237.5,10905.0,10078.083333333334
20140129,11900,12000,11550,11600,115788,-50140,314.00636936215164,237.48684174075836,364.09991760504425,516.4142125163598,1412.6223742466589,11430.0,11390.0,11292.5,10942.166666666666,10122.833333333334
20140203,11500,11700,11200,11700,91941,11390,177.2004514666935,252.19040425836982,318.55140872392946,501.5092776365746,1375.1833817107376,11590.0,11430.0,11355.0,10974.666666666666,10168.0
20140204,11500,12400,11500,12200,316623,-24470,255.7342370508884,336.30343441600473,288.92040426387337,503.5182883140096,1342.0283052984648,11760.0,11520.0,11445.0,11014.0,10216.833333333334
20140205,12400,12950,11300,11300,577004,78490,295.9729717389748,342.3813663153998,276.7105888830422,492.02131277234906,1300.8486946562755,11730.0,11495.0,11457.5,11033.166666666666,10257.083333333334
20140206,11600,12050,11400,11700,197072,4345,289.8275349237888,343.6568055487917,264.85845276298056,485.6222812021743,1257.1232592267704,11700.0,11530.0,11490.0,11059.0,10301.666666666666
20140207,11800,11900,11500,11600,125017,1190,289.8275349237888,330.9456148674583,265.74188604734485,468.0515166327591,1216.1854042456066,11700.0,11565.0,11497.5,11086.666666666666,10343.25
20140210,11700,12250,11650,12250,124671,-3450,363.8681079732049,306.5941943351178,312.28992939254385,479.8516842618069,1186.1136088316352,11810.0,11700.0,11535.0,11119.166666666666,10388.083333333334
20140211,12300,13000,12050,12950,236457,41980,582.5804665451802,460.86874487211645,439.00455578501686,534.0099874222117,1163.3829950001873,11960.0,11860.0,11605.0,11150.0,10439.083333333334
20140212,13050,13800,13050,13750,374392,42880,808.0841540334769,707.0360669725412,641.6580085995968,629.2499944819704,1151.297429352374,12450.0,12090.0,11705.0,11193.333333333334,10497.75
20140213,13750,14250,13600,13750,152224,43346,842.8523002282192,856.5045242145543,773.0580508603477,709.2538136818346,1136.058094049599,12860.0,12280.0,11827.5,11234.166666666666,10556.416666666666
20140214,13950,14100,13650,13750,105317,19890,605.3098380168623,925.8644609228717,872.9654918723877,777.0041291181606,1119.2682846644086,13290.0,12495.0,11942.5,11282.5,10614.583333333334
20140217,13900,14250,13600,13950,122682,2732,348.71191548325385,977.2921773962994,961.9641365456407,848.4528403053564,1120.6390754832946,13630.0,12720.0,12075.0,11323.333333333334,10669.25
20140218,13800,13950,13400,13450,113241,-24530,160.0,982.7130812195387,989.099969669396,891.0585932847913,1109.195125480158,13730.0,12845.0,12182.5,11357.5,10719.416666666666
20140219,13550,13750,13300,13550,112981,-36492,174.35595774162698,852.1150157109074,1020.6952287534218,934.0097994965364,1101.6051924351373,13690.0,13070.0,12282.5,11390.833333333334,10769.0
20140220,13400,13650,13300,13400,73364,-2820,203.9607805437114,721.3875518748572,1024.8292540711354,968.3501863134727,1095.239699791811,13620.0,13240.0,12385.0,11427.5,10815.0
20140221,13550,13950,13300,13300,158240,-4410,224.94443758403983,472.1228653645152,1008.5726300073784,996.497686343974,1102.7737723829002,13530.0,13410.0,12487.5,11464.166666666666,10852.416666666666
20140224,13350,13500,13200,13350,60471,-17880,86.02325267042627,276.76705006196096,955.7196241576293,1024.0429135973225,1118.8482545308477,13410.0,13520.0,12610.0,11501.666666666666,10884.5
20140225,13600,13800,13250,13500,128488,-12059,92.73618495495705,202.7929979067325,928.4765748256656,1051.184517051547,1132.0559467918206,13420.0,13575.0,12717.5,11546.666666666666,10921.0
20140226,13600,13600,12800,13000,181025,-68380,168.52299546352717,255.92967784139455,883.0203848156623,1063.399619146069,1140.0215367117967,13310.0,13500.0,12795.0,11582.5,10950.25
20140227,13000,13150,12700,12900,176729,-49940,224.4994432064365,296.69007398293587,856.0775373761421,1076.36831521557,1146.899779478018,13210.0,13415.0,12847.5,11607.5,10977.75
20140228,13100,13150,12350,12350,391218,-232080,400.7492981902776,413.06779104645767,816.1035473516826,1079.7569170882882,1142.9773498290692,13020.0,13275.0,12885.0,11625.0,11003.333333333334
20140303,12200,12600,12150,12400,116331,2360,423.7924020083418,421.4261501141095,778.6847886019092,1084.305653402215,1135.0795371054912,12830.0,13120.0,12920.0,11637.5,11031.666666666666
20140304,12400,12600,12250,12550,95112,691,263.4387974463898,437.1498598878879,766.1388581712848,1088.2082623387064,1131.417372517054,12640.0,13030.0,12937.5,11661.666666666666,11059.25
20140305,12650,12700,12350,12550,134622,-46584,192.35384061671346,420.83250825001625,675.6478372643547,1086.7315292502888,1124.7858932061768,12550.0,12930.0,13000.0,11692.5,11088.166666666666
20140306,12500,12600,12350,12450,82782,-6160,80.0,411.1265012134343,621.0625974891743,1079.7183274663216,1117.232937887199,12460.0,12835.0,13037.5,11725.0,11115.75
20140307,12600,12600,12400,12500,77064,7610,58.309518948453004,390.16022349798806,542.9721447735602,1074.9841730101084,1122.8267867554716,12490.0,12755.0,13082.5,11755.833333333334,11132.416666666666
20140310,12550,12600,12050,12150,124167,-18470,149.66629547095766,372.8605637500432,551.0161068426222,1070.2985045719222,1125.5398211031675,12440.0,12635.0,13077.5,11776.666666666666,11145.333333333334
20140311,12100,12550,12100,12500,72602,1380,143.52700094407325,236.69600757089248,564.7787177293422,1069.383259433006,1132.2246997983198,12430.0,12535.0,13055.0,11801.666666666666,11155.75
20140312,12450,12650,12250,12500,90153,23227,136.38181696985856,178.95530168173283,553.4607032120708,1067.8821200030586,1138.4300959362395,12420.0,12485.0,12992.5,11826.666666666666,11169.5
20140313,12550,12650,12250,12300,86481,2030,142.828568570857,120.93386622447822,544.3803817185186,1064.0710607014114,1140.8717396749519,12390.0,12425.0,12920.0,11848.333333333334,11172.416666666666
20140314,12050,12300,11800,11800,191585,19760,260.768096208106,223.83029285599392,561.3543889558538,1060.745283070144,1141.2932448908107,12250.0,12370.0,12822.5,11858.333333333334,11173.25
20140317,11800,12350,11650,12350,121330,2600,257.6819745345025,223.66269246345038,506.279320138597,1051.7085966284703,1146.2707165218947,12290.0,12365.0,12742.5,11885.833333333334,11183.666666666666
20140318,12550,12550,12150,12250,78562,180,235.37204591879643,216.85248442201438,489.7129261107981,1025.0782490457352,1150.2718398516147,12240.0,12335.0,12682.5,11922.5,11191.166666666666
20140319,12400,12500,12150,12400,81818,-2750,215.87033144922904,206.3976744055029,450.4164739438379,998.8781902158506,1155.3622688240625,12220.0,12320.0,12625.0,11960.833333333334,11202.833333333334
20140320,12300,12400,12100,12200,66181,12620,212.13203435596427,204.26698215815497,422.2262426709169,980.9897921090852,1158.751615125355,12200.0,12295.0,12565.0,11989.166666666666,11212.833333333334
20140321,12300,12900,12150,12650,147554,540,156.84387141358118,223.3830790368868,388.03189301911766,962.3524417915852,1166.091760135376,12370.0,12310.0,12532.5,12026.666666666666,11224.916666666666
20140324,12900,13750,12850,13600,485702,-5068,514.3928459844674,439.00455578501686,417.1031047594827,960.8282740543318,1185.361536503647,12620.0,12455.0,12545.0,12079.166666666666,11247.833333333334
20140325,13450,13500,12900,13050,281195,-17033,498.59803449271635,474.2362280551751,374.99166657407204,946.3247622014122,1196.471095903866,12780.0,12510.0,12522.5,12121.666666666666,11264.5
20140326,13100,13100,12450,12800,244882,-1800,461.9523784980439,482.07883172775803,364.64880364537055,930.4938205060814,1204.4064899591087,12860.0,12540.0,12512.5,12157.5,11279.083333333334
20140327,12800,13300,12500,13200,211891,9342,330.7567081708245,511.9570294468082,385.83513318514684,911.1938902097397,1215.7778688514422,13060.0,12630.0,12527.5,12204.166666666666,11299.916666666666
20140328,13100,13350,12850,12950,90392,20,273.1300056749533,436.14791069085726,394.1049986995851,888.5240570744293,1219.9357451203273,13120.0,12745.0,12557.5,12245.0,11323.666666666666
20140331,13050,13450,13050,13150,196250,178,143.52700094407325,429.6801135728765,412.58332491752503,864.5229898620413,1225.501155990234,13030.0,12825.0,12595.0,12290.0,11349.5
20140401,13150,13350,12900,13050,112887,79,143.52700094407325,387.5886995256699,424.0872551728005,833.9909904922388,1228.8727869022716,13030.0,12905.0,12620.0,12334.166666666666,11374.916666666666
20140402,13150,13450,12950,13200,152195,13226,96.95359714832657,356.4056677439347,442.0053732705068,824.1763565321863,1230.3078854724224,13110.0,12985.0,12652.5,12370.0,11404.083333333334
20140403,13400,13550,13050,13050,184995,-12210,87.17797887081349,242.07436873820407,447.5698269544095,810.4456935675734,1232.3466323329205,13080.0,13070.0,12682.5,12403.333333333334,11429.666666666666
20140404,13050,13150,12800,12900,116276,-690,102.95630140987,207.9062288629179,447.90484480523315,803.2447219455203,1238.386828700979,13070.0,13095.0,12702.5,12427.5,11446.75
20140407,12800,12950,12550,12700,95862,7690,169.1153452528776,158.8238017426859,429.6510211788167,794.7968818090167,1239.085121168061,12980.0,13005.0,12730.0,12447.5,11466.75
20140408,12600,12700,12400,12550,94304,-390,233.66642891095844,207.9062288629179,428.44923853357466,786.2406155596123,1235.6095661656516,12880.0,12955.0,12732.5,12464.166666666666,11488.0
20140409,12600,12700,12400,12550,65418,-14700,197.48417658131496,237.90754506740637,427.22944655067965,780.780859140388,1226.7261194831924,12750.0,12930.0,12735.0,12477.5,11512.833333333334
20140410,12500,12750,12450,12500,72912,-1853,146.28738838327794,250.79872407968904,419.1956583744637,765.5839274697465,1217.2012952078328,12640.0,12860.0,12745.0,12497.5,11537.083333333334
20140411,12300,12550,12250,12350,84589,-12240,112.24972160321823,290.6888370749726,371.6433101779178,753.6370147491446,1211.7302109656,12530.0,12800.0,12772.5,12512.5,11556.25
20140414,12350,12450,12150,12250,63333,-3059,120.0,307.2458299147443,377.9136806203237,737.8101984175139,1200.376535254234,12440.0,12710.0,12767.5,12528.333333333334,11578.083333333334
20140415,12350,12500,12250,12300,52581,-12170,115.75836902790225,306.6349621292393,374.6331538985838,720.9773459224191,1183.4709984476756,12390.0,12635.0,12770.0,12545.0,11603.25
20140416,12400,12400,11900,12000,142298,-35660,163.0950643030009,296.69007398293587,403.4228550788862,712.8829380293342,1160.5969608592068,12280.0,12515.0,12750.0,12552.5,11627.833333333334
20140417,12000,12050,11600,11700,173839,-26810,242.07436873820407,328.0243893371345,449.5831402532795,704.4008486334736,1141.162224323209,12120.0,12380.0,12725.0,12558.333333333334,11647.666666666666
20140418,11800,13450,11800,12600,1641388,-29520,302.6549190084312,290.6888370749726,450.13192510640704,683.5015036966325,1126.769765376556,12170.0,12350.0,12722.5,12580.833333333334,11673.75
20140421,12850,14450,12750,14450,1980476,-25804,967.6776322722355,694.7121706145648,558.1442465886395,689.0694207891312,1134.8217891174052,12610.0,12525.0,12765.0,12640.0,11716.083333333334
20140422,15200,15450,14350,14650,1347823,-3290,1236.3656417096033,943.4113630861142,691.8995591847129,715.1165406188478,1143.1745243205996,13080.0,12735.0,12845.0,12695.0,11761.083333333334
20140423,14650,14950,14450,14500,673190,0,1203.577999134248,1077.0793842609746,779.9679480594058,732.9899764359383,1149.390995145819,13580.0,12930.0,12930.0,12745.833333333334,11803.583333333334
20140424,14600,14700,13650,13800,628060,-39665,758.287544405155,1095.627673984187,801.0305861825752,735.7743464465789,1139.1527065714074,14000.0,13060.0,12960.0,12778.333333333334,11841.666666666666
20140425,14100,14650,13700,14050,742137,-20101,315.27765540868893,1104.1286156965589,835.4789045810793,737.2297056473581,1133.965558951842,14290.0,13230.0,13015.0,12819.166666666666,11880.666666666666
20140428,14050,14400,13850,13900,310397,9977,335.5592347112503,1068.0472835975006,857.2448600020883,735.3622501113922,1131.7383108151555,14180.0,13395.0,13052.5,12855.833333333334,11915.25
20140429,14300,15850,14250,14500,2360937,-51020,296.64793948382646,1046.195488424606,913.4412953222555,759.7198862446318,1139.7846988454871,14150.0,13615.0,13125.0,12894.166666666666,11954.083333333334
20140430,14650,15350,14350,15350,811276,12580,567.9788728465171,1011.1874208078343,1034.4412743118867,794.2169448932425,1168.8502155490091,14320.0,13950.0,13232.5,12961.666666666666,11997.416666666666
20140502,15150,15350,14650,14700,392365,-580,514.78150704935,694.6221994724903,1081.330199337834,807.5356889258137,1182.031396462166,14500.0,14250.0,13315.0,13011.666666666666,12035.333333333334
20140507,14600,15150,14550,14900,309350,370,477.0744176750625,446.7661580737735,1129.723417478809,821.7697704074756,1194.6919640179076,14670.0,14480.0,13415.0,13066.666666666666,12076.666666666666
20140508,15200,15250,14200,14350,370897,550,348.42502780368693,448.44174649557334,1134.7328980865939,830.9114807781201,1201.2128564034626,14760.0,14470.0,13497.5,13101.666666666666,12110.416666666666
20140509,14450,15000,14250,14850,286878,1250,323.4192325759246,460.32597145935614,1149.3340463068166,860.2163810473627,1223.099432680066,14830.0,14490.0,13612.5,13133.333333333334,12141.666666666666
20140512,15000,15000,14600,14850,225962,-4910,201.49441679609888,472.89005064602486,1152.331874938813,884.5416264308243,1244.1672248268762,14730.0,14525.0,13727.5,13151.666666666666,12172.5
20140513,14750,14900,14550,14750,213054,8470,200.99751242241783,408.77866871939386,1136.7277598440182,904.8465185998236,1263.3860339711734,14740.0,14620.0,13840.0,13168.333333333334,12201.25
20140514,14900,15950,14800,15400,921372,1000,335.2610922848042,420.98099719583536,1131.1802464682628,946.2333955683913,1290.2548736156614,14840.0,14755.0,13992.5,13195.833333333334,12239.166666666666
20140515,15350,15400,14850,15050,239092,-60,231.5167380558045,315.59467676119,1078.9201777703483,970.9999856963029,1313.4569923805695,14980.0,14870.0,14132.5,13214.166666666666,12268.75
20140516,14900,15150,14700,14850,255542,5500,231.5167380558045,291.0755915565577,1002.8210209204832,992.9595913228284,1331.7571412736675,14980.0,14905.0,14260.0,13237.5,12297.5
20140519,15000,15050,14550,14700,174841,22170,254.95097567963924,254.75478405713997,861.2345789620853,1009.763448646375,1347.7135344105632,14950.0,14840.0,14395.0,13256.666666666666,12323.75
20140520,14800,15400,14700,14750,450465,-70,254.95097567963924,252.43811122728675,601.3474453259114,1027.5898852276719,1361.6126060260194,14950.0,14845.0,14547.5,13279.166666666666,12353.333333333334
20140521,14700,15100,14650,14950,134422,458,128.06248474865697,253.96850198400588,407.7683165720456,1049.6216249466056,1376.9742770735775,14860.0,14850.0,14665.0,13306.666666666666,12385.416666666666
20140522,15100,15100,13500,13800,623911,10,414.004830889689,383.0469945058961,447.5698269544095,1051.5104876108244,1377.8454774474176,14610.0,14795.0,14632.5,13314.166666666666,12407.916666666666
20140523,13800,15200,13800,14400,679908,-910,400.7492981902776,400.0,450.38872099554186,1060.4359035583211,1381.6957551220535,14520.0,14750.0,14620.0,13329.166666666666,12437.916666666666
20140526,14550,14600,13950,14150,158443,23410,411.5823125451336,436.0045871318328,461.3770150321752,1064.697400933971,1382.6574026329279,14410.0,14680.0,14602.5,13348.333333333334,12465.416666666666
20140527,14350,14350,13950,14100,77513,6990,385.4867053479277,468.00106837484884,439.3958921064238,1067.3552464958514,1387.0982276160669,14280.0,14615.0,14617.5,13368.333333333334,12487.916666666666
20140528,14050,14450,14000,14050,146499,-9150,192.35384061671346,413.6423575989287,439.3958921064238,1062.499673202563,1389.9967525941568,14100.0,14480.0,14617.5,13396.666666666666,12510.833333333334
20140529,14050,14650,14050,14650,180468,28850,224.94443758403983,374.0320841853009,407.4002945507035,1066.3603075675467,1401.222432576511,14270.0,14440.0,14655.0,13434.166666666666,12535.833333333334
20140530,14900,14900,14350,14650,122740,13210,271.29319932501073,356.51086939951773,405.85557776135096,1071.217829803484,1408.0541513221838,14320.0,14420.0,14662.5,13469.166666666666,12565.416666666666
20140602,14750,14750,14000,14250,78530,2954,261.5339366124404,346.59053651246734,382.84298348017296,1069.0114202695233,1405.8419778434368,14340.0,14375.0,14607.5,13497.5,12595.0
20140603,14100,14400,13800,14300,102743,-6063,235.79652245103196,323.4192325759246,387.90301622957253,1065.0260821010686,1401.084897102588,14380.0,14330.0,14587.5,13528.333333333334,12626.666666666666
20140605,14350,14350,13850,14050,90548,89,235.79652245103196,256.7099530598687,397.77506206397607,1058.548206533624,1395.1911458052666,14380.0,14240.0,14545.0,13554.166666666666,12655.0
20140609,14000,14150,13650,13950,90520,18312,241.66091947189145,233.9337513057917,416.68333300001325,1043.730954583389,1390.7626180345453,14240.0,14255.0,14525.0,13584.166666666666,12680.416666666666
20140610,14100,14150,13950,14150,62173,5994,128.06248474865697,230.43437243605823,417.3128322973066,1036.5152622556434,1388.523396353948,14140.0,14230.0,14490.0,13611.666666666666,12706.666666666666
20140611,14150,15100,13950,14950,284851,57872,354.400902933387,312.88975694324034,422.1670285562339,1040.169257060277,1394.4816216270606,14280.0,14310.0,14495.0,13652.5,12739.583333333334
20140612,14950,15150,14750,14900,101370,17553,433.58966777357597,349.14180500192185,427.9237665753095,1037.0748794352078,1398.9995805535361,14400.0,14390.0,14502.5,13695.833333333334,12772.083333333334
20140613,15050,15350,14850,15100,173607,8321,466.2617290749907,386.94314827891714,400.5855089740516,1022.4762290092044,1407.3763390516067,14610.0,14495.0,14487.5,13750.833333333334,12804.583333333334
20140616,15100,15200,14600,14750,121793,-12153,329.5451410656816,392.0777984023069,384.5370593323874,1013.8002624887292,1405.0612877103629,14770.0,14505.0,14472.5,13790.833333333334,12838.333333333334
20140617,14850,14900,14500,14650,103529,-30562,156.84387141358118,392.0777984023069,377.11901304495376,999.4620080601107,1391.1466094157618,14870.0,14505.0,14462.5,13830.833333333334,12876.666666666666
20140618,14650,14850,14150,14600,74141,-561,181.6590212458495,383.275357934736,374.5914441094457,986.5691815579852,1376.3657358743606,14800.0,14540.0,14457.5,13867.5,12914.166666666666
20140619,14750,14900,14300,14900,146212,-26837,181.6590212458495,387.9432948254165,381.80492401225,970.9370473928743,1370.1578883066618,14800.0,14600.0,14465.0,13912.5,12950.833333333334
20140620,14900,15100,14700,14950,91118,11034,136.38181696985856,352.70384177096804,381.80492401225,965.7247566235153,1361.9756253937692,14770.0,14690.0,14465.0,13950.833333333334,12988.75
20140623,15000,15550,14850,15400,291014,17793,284.60498941515414,314.68237955119133,401.21689894619345,982.1783471221237,1359.417767526506,14900.0,14835.0,14545.0,13980.833333333334,13030.0
20140624,15500,15550,15050,15050,127429,3241,258.0697580112788,220.51077071199947,414.2689343892443,983.9584877196534,1351.754967830945,14980.0,14925.0,14577.5,14014.166666666666,13067.916666666666
20140625,15050,15400,14750,15250,106296,1234,188.1488772222678,241.2985702402731,426.69514878892164,983.5607081754828,1347.861925730309,15110.0,14955.0,14632.5,14055.0,13106.25
20140626,15350,16200,15250,15450,363000,-4141,193.9071942966532,281.7800560721074,443.5651023243375,993.0938609550743,1341.531049046439,15220.0,15010.0,14700.0,14092.5,13148.333333333334
20140627,15450,15450,14900,14900,133665,8069,208.3266665599966,281.7800560721074,419.3074647558757,987.0621392124492,1328.7149180066494,15210.0,14990.0,14742.5,14125.0,13185.0
20140630,14900,15300,14850,15200,84474,-7881,186.01075237738274,275.7263135792448,430.2324952859791,988.2008764528655,1317.3520763469573,15170.0,15035.0,14770.0,14159.166666666666,13224.583333333334
20140701,15300,15450,15050,15250,78817,2866,177.2004514666935,249.44939366532844,441.5880433163923,987.1799762735994,1304.4091893778648,15210.0,15095.0,14800.0,14195.833333333334,13265.0
20140702,15250,15400,15000,15000,101908,-7264,193.39079605813717,192.41881404893857,424.81613669916067,983.8060304529262,1297.921348306196,15160.0,15135.0,14837.5,14225.833333333334,13297.916666666666
20140703,14950,15300,14750,15250,152053,5022,143.52700094407325,177.76388834631177,415.0602365922325,980.2901356231163,1293.4529986521766,15120.0,15170.0,14885.0,14262.5,13332.916666666666
20140704,15400,15600,15100,15150,151093,78,92.73618495495705,162.48076809271922,371.34889255254285,970.4380454207201,1292.30031500683,15170.0,15190.0,14940.0,14300.0,13363.75
20140707,15300,16700,15250,16700,628365,19793,621.7716622683927,482.8043081829325,474.20327919574737,995.3084390724696,1316.043563003257,15470.0,15320.0,15077.5,14366.666666666666,13407.083333333334
20140708,16750,16900,16500,16700,268133,6234,771.6216689544169,623.7186865887537,545.1834553615873,1010.7378355549022,1338.562661962482,15760.0,15485.0,15205.0,14435.833333333334,13450.0
20140709,16800,17350,16550,16900,346736,23422,771.6216689544169,745.9892760623304,654.3078403931897,1028.7195384986496,1365.6545413789593,16140.0,15650.0,15302.5,14508.333333333334,13492.916666666666
20140710,17200,17300,16500,16550,243466,-27295,634.8228099241551,788.2892870006543,700.7317603762513,1027.597994786324,1378.7333156037255,16400.0,15760.0,15385.0,14575.833333333334,13536.666666666666
20140711,16550,16800,16300,16550,125696,13603,128.84098726725125,763.2987619536665,741.3290430031727,1016.5829883596356,1392.2940202733673,16680.0,15925.0,15457.5,14645.833333333334,13579.166666666666
20140714,16750,16950,16400,16650,147181,-7466,128.84098726725125,749.3997598078078,765.910405987541,999.6704318035049,1404.2044381665921,16670.0,16070.0,15552.5,14719.166666666666,13623.75
20140715,16550,17850,15700,15800,609425,-12144,367.96738985948195,706.1338400048535,738.6812573769556,958.0546696300703,1401.7320015490675,16490.0,16125.0,15610.0,14777.5,13661.25
20140716,16100,16900,15550,16500,272221,39839,308.86890422961,603.0132668523969,724.7240854283788,912.7533894760307,1411.7933335537305,16410.0,16275.0,15705.0,14852.5,13702.5
20140717,16800,16900,16400,16600,94638,3687,314.00636936215164,500.89919145472777,725.0172411743048,843.6276660286044,1419.538694142134,16420.0,16410.0,15790.0,14934.166666666666,13746.25
20140718,16150,16750,16150,16550,59167,2417,314.00636936215164,272.9468812791236,716.1354620461133,812.4551269659848,1423.629396901564,16420.0,16550.0,15870.0,15000.0,13790.416666666666
20140721,16800,16850,16450,16700,59563,-5573,321.86953878862164,272.9468812791236,729.4004387166216,837.7362850762248,1423.134195183325,16430.0,16550.0,15935.0,15037.5,13838.75
20140722,16700,16750,16300,16450,68239,3471,86.02325267042627,269.4902595642373,707.9724570913759,855.3666367899286,1424.3282407858414,16560.0,16525.0,16005.0,15067.5,13881.25
20140723,16400,17150,16300,16350,122955,-4945,120.83045973594572,242.07436873820407,689.673835954359,867.6100634629604,1424.2804591754316,16530.0,16470.0,16060.0,15098.333333333334,13922.083333333334
20140724,16400,16550,15900,16250,133704,-936,156.20499351813308,248.79710609249454,676.202632352167,863.1865222663071,1427.0987833713862,16460.0,16440.0,16100.0,15139.166666666666,13958.75
20140725,16300,16400,15800,16000,117954,26025,230.2172886644268,277.5337817275584,618.6477188190382,858.2621329692158,1422.5416782607736,16350.0,16385.0,16155.0,15171.666666666666,13995.416666666666
20140728,15950,16300,15750,16150,78094,19030,156.20499351813308,270.2313823374332,578.678451300893,851.0039006308182,1420.220786826268,16240.0,16335.0,16202.5,15209.166666666666,14032.5
20140729,16000,16150,14700,15700,249339,69307,226.7156809750927,290.9037641557772,549.2039693957064,848.1986631810972,1418.2256128306876,16090.0,16325.0,16225.0,15229.166666666666,14061.666666666666
20140730,15850,15850,15200,15600,110395,-24072,251.79356624028344,355.0,495.2019789944301,849.3952096769798,1402.2281376438325,15940.0,16235.0,16255.0,15233.333333333334,14097.5
20140731,15200,15650,14850,15500,140913,8631,245.76411454889012,393.2238548206352,472.30154562524984,847.1947172220016,1390.5871561642514,15790.0,16125.0,16267.5,15246.666666666666,14129.166666666666
20140801,15200,15900,15100,15350,89462,-34695,270.92434368288133,426.87820276982984,450.13192510640704,846.0837067860762,1375.4528925856796,15660.0,16005.0,16277.5,15254.166666666666,14160.416666666666
20140804,15300,16350,15250,15800,151111,43905,156.20499351813308,360.58979464205584,450.63150134006383,840.6032886498047,1372.21839855521,15590.0,15915.0,16232.5,15278.333333333334,14190.0
20140805,15900,16000,15450,15500,67918,-627,148.32396974191323,331.058907144937,464.07838777516884,839.2005951432988,1372.5958148098168,15550.0,15820.0,16172.5,15289.166666666666,14211.25
20140806,15350,16050,15350,15800,102185,-994,180.0,280.223125384041,439.1113184603648,839.7271382220799,1379.4886331133653,15590.0,15765.0,16117.5,15305.0,14228.333333333334
20140807,15800,15950,15250,15450,78452,-29474,186.01075237738274,241.91940806805889,450.2429899509819,836.7928191746147,1383.2276566061325,15580.0,15685.0,16062.5,15316.666666666666,14242.5
20140808,15550,15550,14850,15200,150292,17077,228.03508501982756,256.3688748658854,472.73142480694054,836.8525689882297,1385.204495031563,15550.0,15605.0,15995.0,15313.333333333334,14254.583333333334
20140811,15450,15450,14850,14900,59729,-17574,302.6549190084312,264.76404589747455,504.3002577829997,837.8589612153505,1386.1555047444806,15370.0,15480.0,15907.5,15310.833333333334,14262.5
20140812,14800,15000,14450,14800,98551,940,365.5133376499413,321.55870381627057,559.0784828626478,838.3416169239388,1384.993419057804,15230.0,15390.0,15857.5,15310.0,14273.75
20140813,14750,14950,14650,14650,65632,-22402,288.09720581775866,380.4273912325452,596.8877616436779,838.9721720984152,1383.8126052283892,15000.0,15295.0,15765.0,15309.166666666666,14282.916666666666
20140814,14750,15200,14650,14850,78476,-6311,180.55470085267788,395.09492530276816,596.3377817982022,837.9584151707846,1382.3801937238877,14880.0,15230.0,15677.5,15310.833333333334,14295.0
20140818,14900,15350,14550,14600,175909,-9881,115.75836902790225,434.42490720491617,605.0619802962337,841.6600659807046,1379.6313416594235,14760.0,15155.0,15580.0,15305.0,14305.833333333334
20140819,14900,16750,14900,16750,750038,4304,815.2300288875527,626.4982043070834,609.7694236348688,838.4654468465192,1394.5426868890204,15130.0,15250.0,15582.5,15354.166666666666,14334.166666666666
20140820,17050,17350,16050,16200,510141,-13822,890.7300376657339,686.7313885355757,594.2221806698233,835.9870247530954,1402.6601710876544,15410.0,15320.0,15570.0,15384.166666666666,14356.666666666666
20140821,16300,16450,15550,15700,166618,1208,806.5977932030313,680.367547726962,567.8633198226488,821.2693427453081,1402.3727413051242,15620.0,15310.0,15537.5,15410.0,14379.166666666666
20140822,15900,16400,14100,14650,695980,-28607,847.7027781009098,705.7619995437557,574.5161007317375,809.5827972206007,1395.9996791427857,15580.0,15230.0,15457.5,15419.166666666666,14393.75
20140825,14650,14700,14250,14350,117575,1685,909.1754506144563,753.8070044779365,608.1734949831339,802.0022686307475,1383.3819645066635,15530.0,15145.0,15375.0,15424.166666666666,14410.416666666666
20140826,14400,14650,14300,14550,74573,6963,726.2231062146122,772.269383052313,606.1971626459498,803.7114428284009,1371.0964793024775,15090.0,15110.0,15295.0,15422.5,14428.333333333334
20140827,14400,14600,14350,14350,66458,1470,503.5871324805669,801.5765715139134,631.9562880453046,809.4146547557131,1360.268560084974,14720.0,15065.0,15227.5,15417.5,14443.333333333334
20140828,14350,14600,14350,14500,51170,-5637,116.619037896906,810.5553651663777,644.8788645939637,804.0194165703952,1349.1555357787015,14480.0,15050.0,15172.5,15421.666666666666,14459.583333333334
20140829,14700,14700,14350,14350,46874,-6339,87.17797887081349,836.3611660042567,664.0971314499108,802.881529243248,1336.5689256658816,14420.0,15000.0,15115.0,15422.5,14475.416666666666
20140901,14400,14600,13350,13400,210969,-58569,422.61093218230883,961.821189203066,758.8272201232636,825.3972107752318,1327.960463664355,14230.0,14880.0,15017.5,15411.666666666666,14482.916666666666
20140902,13550,13750,12800,13000,201938,-39504,603.8211655780211,887.8203647134932,853.8845062419156,861.6017867256693,1317.725312802366,13920.0,14505.0,14877.5,15395.833333333334,14490.0
20140903,13000,13200,12050,12300,343365,-86381,827.2847151978574,913.7970234138432,1008.1263561677176,935.5613288288356,1320.3650589473284,13510.0,14115.0,14717.5,15365.0,14488.333333333334
20140904,12450,12650,12250,12400,168497,12640,747.2616676907762,876.9407049510246,1094.2434601129676,1008.5230537771444,1321.6506409285173,13090.0,13785.0,14547.5,15322.5,14487.5
20140905,12600,13050,12450,12900,170155,-12054,404.96913462633177,861.3361713059543,1129.645962237727,1053.964407474085,1314.4810446205604,12800.0,13610.0,14420.0,15289.166666666666,14492.5
20140911,12750,12950,12650,12750,105326,-23644,274.9545416973504,857.6129663198897,1170.5207174586874,1102.7994680206568,1301.033176513567,12670.0,13450.0,14297.5,15250.0,14500.416666666666
20140912,12650,12800,12150,12300,141965,-8356,248.19347291981717,834.3410573620357,1238.777118774802,1164.2054395833811,1301.7296186228896,12530.0,13225.0,14167.5,15209.166666666666,14500.0
20140915,12200,12550,12150,12500,70909,165,222.71057451320087,766.7463726683029,1280.7688120812434,1212.9326261402705,1298.322568954129,12570.0,13040.0,14052.5,15173.333333333334,14502.083333333334
20140916,12400,12600,12300,12500,45022,4365,210.71307505705482,603.2412452742268,1315.855235198766,1258.4172157471728,1297.0044948735977,12590.0,12840.0,13945.0,15138.333333333334,14502.916666666666
20140917,12750,13500,12750,13400,445386,-23461,382.6225293941798,397.77506206397607,1303.88601879152,1277.6562744163755,1283.7687978717124,12690.0,12745.0,13872.5,15113.333333333334,14512.916666666666
20140918,13250,13450,13050,13300,69475,4031,456.0701700396551,382.13217608570983,1298.3908309904225,1298.46356856435,1277.2518241217415,12800.0,12735.0,13807.5,15085.833333333334,14518.333333333334
20140919,13150,13300,12950,13100,89608,-11050,387.81438859330626,390.16022349798806,1115.6276260473294,1322.3534890489675,1281.0507297614392,12960.0,12745.0,13625.0,15047.5,14514.166666666666
20140922,13100,13150,12550,12600,92256,-11707,365.5133376499413,365.5475345286848,966.0357136255368,1358.9661102797472,1285.9804274258279,12980.0,12775.0,13445.0,15006.666666666666,14510.416666666666
20140923,12650,12650,12250,12550,167856,371,352.70384177096804,352.70384177096804,833.1979056622744,1394.404492566223,1288.9487533990566,12990.0,12790.0,13287.5,14961.666666666666,14508.333333333334
20140924,12550,12800,12300,12300,120322,-23297,370.9447398198282,378.94590642992836,797.715488128443,1433.7739148446194,1299.1180234639896,12770.0,12730.0,13170.0,14909.166666666666,14500.833333333334
20140925,12400,12500,12050,12400,159159,-31312,276.40549922170504,391.4396505209967,766.0735930705353,1469.3202793582175,1305.5356898607151,12590.0,12695.0,13072.5,14867.5,14496.25
20140926,12300,12450,12200,12400,60552,2620,109.54451150103323,382.3937760999778,699.1244524403363,1502.117718053038,1313.735133122386,12450.0,12705.0,12965.0,14820.833333333334,14490.0
20140929,12550,12900,12400,12700,163981,3218,140.0,376.33097135367433,624.1544280064029,1525.269557233147,1317.3125393728635,12470.0,12725.0,12882.5,14778.333333333334,14487.083333333334
20140930,12750,13050,12450,12750,155627,-45,180.0,368.78177829171545,501.9711147068126,1546.8648849276394,1321.6046643716804,12510.0,12750.0,12795.0,14740.833333333334,14483.333333333334
20141001,12750,12750,12350,12400,58909,379,160.0,309.83866769659335,359.67867604293696,1574.0199772839185,1328.780704150356,12530.0,12650.0,12697.5,14693.333333333334,14477.916666666666
20141002,12200,12750,12200,12600,86634,9298,146.96938456699067,221.5851980616034,321.82099061434764,1595.3968071367701,1332.0253349901604,12570.0,12580.0,12657.5,14650.833333333334,14475.416666666666
20141006,12750,12800,12350,12500,62799,3259,128.06248474865697,138.20274961085252,313.55820831226856,1596.091362951653,1334.3688036546566,12590.0,12520.0,12632.5,14580.833333333334,14473.75
20141007,12450,12800,12400,12650,70784,5173,120.83045973594572,141.8626095911111,304.138126514911,1590.6724643649509,1333.1978446785945,12580.0,12525.0,12650.0,14513.333333333334,14474.583333333334
20141008,12700,13350,12700,13200,309667,40672,278.5677655436824,247.7902338672773,320.7802986469088,1568.5175237217468,1326.671901162238,12670.0,12590.0,12690.0,14451.666666666666,14480.0
20141010,13250,13500,13100,13250,149862,26792,318.4336665618132,295.8462438497403,340.68864084380624,1551.7427478662603,1319.0742097522134,12840.0,12685.0,12707.5,14396.666666666666,14486.25
20141013,13250,13400,12500,12550,122727,-2606,326.49655434629017,284.60498941515414,342.22616790654683,1543.7022597206512,1316.4978135400186,12830.0,12700.0,12697.5,14330.0,14487.916666666666
20141014,12350,12800,12200,12550,55672,4254,316.8595903550972,272.0753572082558,331.8885355055218,1530.178820341662,1312.5245368077185,12840.0,12715.0,12710.0,14261.666666666666,14490.416666666666
20141015,12650,13200,12500,12750,64192,12599,307.2458299147443,272.213151776324,328.4337832805876,1528.8909833238167,1306.8917216901773,12860.0,12720.0,12722.5,14210.833333333334,14494.166666666666
20141016,12900,13150,12500,13000,44606,11907,271.29319932501073,285.0,329.5735881407975,1507.0507898983735,1294.0867114172686,12820.0,12745.0,12747.5,14152.5,14502.5
20141017,13050,13200,12650,12650,55944,926,167.33200530681512,263.8181191654584,293.93876913398134,1484.8082554847051,1279.7443728035362,12700.0,12770.0,12710.0,14086.666666666666,14510.416666666666
20141020,12650,13050,12600,13000,58049,5919,182.75666882497063,265.329983228432,270.13885318480203,1455.9196692583391,1275.2771349135944,12790.0,12810.0,12695.0,14027.5,14513.75
20141021,13200,13350,12750,12750,64055,923,143.52700094407325,246.01829200285087,254.2021833108441,1422.5085432276087,1285.3095579362646,12830.0,12835.0,12677.5,13961.666666666666,14499.583333333334
20141022,12950,13400,12800,13350,100791,20753,242.8991560298224,280.57975693196397,292.4465763177952,1387.0472234210265,1289.4679539122951,12950.0,12905.0,12715.0,13910.0,14488.75
20141023,13400,13650,13300,13450,121341,15964,316.8595903550972,314.80152477394387,330.37857073363585,1351.245310404024,1292.9198222112461,13040.0,12930.0,12760.0,13861.666666666666,14480.0
20141024,13600,13700,13200,13350,73546,8514,263.8181191654584,326.1901286060018,336.47993996670886,1316.3670545186856,1295.536608578376,13180.0,12940.0,12812.5,13813.333333333334,14476.25
20141027,13500,13550,12550,12700,159220,-44089,324.96153618543843,311.0064308016797,324.2202183701689,1292.5803220260111,1305.015964142493,13120.0,12955.0,12827.5,13758.333333333334,14465.0
20141028,12700,13100,12550,12600,105020,-14877,362.4913792078372,304.79501308256334,313.7973071904856,1262.6523560434994,1315.018747225928,13090.0,12960.0,12837.5,13699.166666666666,14454.166666666666
20141029,12700,12900,12700,12800,94053,-16199,350.14282800023193,301.70349683091183,312.3599686259428,1240.446548178867,1323.5778531440556,12980.0,12965.0,12842.5,13650.833333333334,14440.0
20141030,12900,13400,12800,13100,146555,725,276.40549922170504,304.3435558706641,316.46484796893316,1216.021232910374,1326.4875690459473,12910.0,12975.0,12860.0,13609.166666666666,14421.25
20141031,13150,13250,12400,12600,131339,-1810,185.4723699099141,310.0,304.71297970385183,1197.3961912787538,1336.5091734939294,12760.0,12970.0,12870.0,13560.833333333334,14403.75
20141103,12600,12700,12100,12150,130779,-33301,309.83866769659335,395.0,338.5539100350194,1187.7438346152944,1351.2985010311313,12650.0,12885.0,12847.5,13507.5,14380.833333333334
20141104,12150,12150,10500,10650,336841,-46540,862.2064717919949,780.7848615335727,584.3586227651647,1204.9331470620539,1393.2127140773443,12260.0,12675.0,12755.0,13421.666666666666,14350.0
20141105,10300,10900,10200,10400,89515,7350,1070.7940978544848,997.2963451251587,778.1829797676123,1234.8369213066958,1437.9165459287435,11780.0,12380.0,12642.5,13336.666666666666,14312.916666666666
20141106,10400,10750,9990,10100,200712,-53432,1001.2991560967183,1134.7797143058208,942.9839606271147,1260.6601004588292,1487.1243690051556,11180.0,12045.0,12487.5,13241.666666666666,14273.333333333334
20141107,10150,10750,10150,10650,175564,-38616,709.5068710026704,1113.1599166337244,1006.0162772043004,1270.2482259603953,1522.4594046768482,10790.0,11775.0,12357.5,13161.666666666666,14239.166666666666
20141110,10650,11050,10650,10750,87342,-3229,235.37204591879643,1104.8076755707302,1063.6346882271187,1278.9522078639122,1551.3233038459937,10510.0,11580.0,12267.5,13087.5,14200.416666666666
20141111,10800,10950,10700,10750,62153,2502,250.19992006393608,1072.951536650188,1111.0214894411356,1291.2192773584966,1580.6696343814695,10530.0,11395.0,12177.5,13018.333333333334,14164.583333333334
20141112,10800,11000,10700,10900,53264,144,276.76705006196096,970.682749408889,1136.2328106510568,1298.0391194241915,1606.9631469189483,10630.0,11205.0,12085.0,12953.333333333334,14131.666666666666
20141113,10900,11450,10900,11450,70965,0,286.3564212655271,749.5998932764065,1123.9745326296322,1292.9617163705873,1624.4485709687194,10900.0,11040.0,12007.5,12900.0,14104.583333333334
20141114,11500,11550,11150,11150,43829,772,268.32815729997475,546.5574077807381,1128.6357915643116,1286.706605597742,1645.3595837148534,11000.0,10895.0,11932.5,12838.333333333334,14074.583333333334
20141117,11300,11300,10900,10950,28625,-816,241.66091947189145,356.5459297201414,1120.0892821556681,1288.261910482482,1667.6538222405234,11040.0,10775.0,11830.0,12777.5,14041.25
20141118,10900,11100,10750,11000,37359,3881,198.4943324127921,359.722114972099,1113.134650435427,1200.0335643454018,1690.3007108368759,11090.0,10810.0,11742.5,12681.666666666666,14017.916666666666
20141119,11050,11450,10950,11100,44700,284,174.92855684535903,340.73450074801644,1057.2842569526892,1126.161129185723,1710.5834267063142,11130.0,10880.0,11630.0,12596.666666666666,13990.416666666666
20141120,11150,11300,11000,11050,29603,437,70.71067811865477,221.64160259301502,977.0619222956136,1068.452606446442,1731.2615322520307,11050.0,10975.0,11510.0,12519.166666666666,13964.583333333334
20141121,11000,11300,11000,11100,20384,1642,58.309518948453004,195.19221295943132,883.8092271525569,1046.8922262264186,1750.6772003205829,11040.0,11020.0,11397.5,12460.0,13939.583333333334
20141124,11150,11450,11050,11400,38803,5340,140.0,202.5462910052909,831.906695489344,1026.0397842622194,1765.7936128929184,11130.0,11085.0,11332.5,12410.833333333334,13917.5
20141125,11450,11550,11200,11250,46866,8942,128.84098726725125,173.27723451163456,779.4389007484807,997.9600721248964,1781.0247908312922,11180.0,11135.0,11265.0,12355.833333333334,13889.166666666666
20141126,11200,11600,11200,11600,56270,9080,201.49441679609888,203.03940504246955,701.2310603502957,968.0220383166073,1791.7166175207763,11280.0,11205.0,11205.0,12310.0,13863.75
20141127,11700,11850,11450,11550,54768,432,186.01075237738274,216.85248442201438,558.6758899397754,929.699398850077,1803.638250176596,11380.0,11215.0,11127.5,12260.833333333334,13841.25
20141128,11650,11700,11250,11450,46676,4438,122.47448713915891,226.3294059551255,453.4313619501854,894.5494676092386,1816.1618182309887,11450.0,11245.0,11070.0,12212.5,13817.5
20141201,11450,11600,11100,11400,66914,17940,122.47448713915891,207.12315177207972,388.99710795840116,886.909036423049,1829.2643766613708,11450.0,11290.0,11032.5,12179.166666666666,13795.416666666666
20141202,11300,11700,11300,11550,32635,10227,73.48469228349533,195.51214796017155,394.1684284668167,883.963611619075,1840.5501423185895,11510.0,11345.0,11077.5,12155.0,13775.416666666666
20141203,11550,12050,11550,11950,84964,32712,193.9071942966532,248.19347291981717,405.55517503787325,884.1423182321164,1847.6707840924967,11580.0,11430.0,11155.0,12149.166666666666,13757.083333333334
20141204,11900,12100,11850,11900,42671,5895,230.2172886644268,249.04818810824543,358.4340943604556,884.0951903248473,1852.0589143497336,11650.0,11515.0,11245.0,12140.833333333334,13731.666666666666
20141205,11900,12050,11750,11900,35533,10495,222.26110770892868,230.70543990118657,358.21606608302767,879.0379052628282,1856.3621832917324,11740.0,11595.0,11307.5,12124.166666666666,13706.666666666666
20141208,11900,12100,11750,12000,36557,9120,159.37377450509229,249.44939366532844,364.48593937215185,875.3745230217336,1858.361546871055,11860.0,11655.0,11370.0,12111.666666666666,13680.833333333334
20141209,12050,12050,11500,11550,61341,11942,159.37377450509229,214.5343795292493,337.1201566207514,877.9470213072052,1865.772665382624,11860.0,11685.0,11410.0,12099.166666666666,13654.166666666666
20141210,11500,11900,11500,11800,38502,23277,153.62291495737216,215.0,325.92176975464525,877.1936787277779,1871.0769607516543,11830.0,11705.0,11455.0,12087.5,13630.416666666666
20141211,11600,11950,11400,11700,94814,-8013,156.20499351813308,208.806130178211,330.25558284456,876.9022972309178,1877.1161669344706,11790.0,11720.0,11467.5,12074.166666666666,13606.25
20141212,11700,11800,11550,11550,41227,2508,169.1153452528776,197.73719933285187,322.44185522354263,862.1420352174347,1882.5706420270965,11720.0,11730.0,11487.5,12043.333333333334,13578.333333333334
20141215,11700,12200,11500,12100,108654,4144,203.46989949375805,192.35384061671346,323.99845678644834,846.5354228986487,1883.0935964671664,11740.0,11800.0,11545.0,12023.333333333334,13554.583333333334
20141216,12100,12450,12000,12350,99275,37040,288.09720581775866,233.66642891095844,343.4657916008521,836.0169289885981,1878.59192984772,11900.0,11880.0,11612.5,12010.833333333334,13529.166666666666
20141217,12700,12850,12500,12850,93675,33635,466.2617290749907,374.29934544425805,416.83330001332666,839.5584156765417,1874.3908269681415,12110.0,11970.0,11700.0,12015.0,13510.833333333334
20141218,12950,12950,12250,12450,114415,927,429.4182110716778,399.5309750194596,419.34472692523514,838.5933990253325,1870.018382262616,12260.0,12025.0,11770.0,12013.333333333334,13487.5
20141219,12500,12850,12350,12600,110187,27053,250.19992006393608,431.5379473464645,426.87820276982984,841.1780760074095,1863.0280291772565,12470.0,12095.0,11845.0,12018.333333333334,13463.75
20141222,12850,13400,12800,13300,219075,35331,339.70575502926056,560.0223209837267,518.7966846463073,855.7485352342284,1858.4211021874585,12710.0,12225.0,11940.0,12033.333333333334,13450.416666666666
20141223,13400,13700,13100,13650,142805,58361,445.6455991031439,653.4714989959392,614.1253943617704,879.3127840661673,1851.5899699087693,12970.0,12435.0,12060.0,12054.166666666666,13437.5
20141224,13750,15500,13650,14900,786877,181799,878.9766777338292,947.7473291969752,861.7569262849008,948.617048948377,1849.006443036092,13380.0,12745.0,12225.0,12090.833333333334,13434.583333333334
20141226,14900,15400,14600,15100,330461,85244,954.1488353501253,1108.1628941631282,1049.5802732521224,1020.7921760410584,1849.7341682132724,13910.0,13085.0,12402.5,12130.0,13435.416666666666
20141229,15250,15300,14650,15000,117067,-4679,757.8918128598567,1113.5977729862786,1167.0903992407789,1084.5301081830457,1847.8290565477948,14390.0,13430.0,12580.0,12173.333333333334,13433.333333333334
20141230,15050,15150,14650,14850,124609,25982,531.9774431308155,1090.5159329418343,1233.0323393974707,1136.2985107600591,1845.7065419207306,14700.0,13705.0,12752.5,12210.833333333334,13430.833333333334
20150102,14650,15500,14400,15100,247056,25543,101.9803902718557,1060.4715932074748,1300.80744155313,1194.5812260183602,1827.7336831898565,14990.0,13980.0,12930.0,12254.166666666666,13417.5
20150105,15200,15650,15050,15400,174738,12364,180.0,1064.6713107809376,1385.4128446062564,1259.8611034554458,1812.0307821766287,15090.0,14235.0,13102.5,12300.0,13406.666666666666
20150106,15250,15800,15200,15400,156838,-2053,219.08902300206643,929.3008124391156,1442.3483455809144,1316.272092776488,1792.9629031918964,15150.0,14530.0,13277.5,12336.666666666666,13394.166666666666
20150107,15450,15500,14700,14850,131450,12339,246.17067250182342,671.3605588653538,1444.7750689986317,1350.2736348195733,1774.5938502467047,15120.0,14755.0,13425.0,12363.333333333334,13380.0
20150108,15000,15000,14500,14650,129379,-26161,297.65752132274434,471.06262853255515,1429.4470084616642,1381.5138636856052,1754.6032710812374,15080.0,14890.0,13557.5,12398.333333333334,13364.166666666666
20150109,14600,15000,14400,14900,129782,22784,305.6141357987225,229.1833327273168,1379.8097694972305,1418.0862985023068,1734.3886510974542,15040.0,15015.0,13725.0,12437.5,13349.583333333334
20150112,15050,15100,14700,15000,71469,2211,247.7902338672773,226.1083810919003,1332.0191440065714,1455.1202699433386,1726.4763710292457,14960.0,15025.0,13885.0,12475.0,13342.916666666666
20150113,15100,15300,14400,14500,115617,-5148,180.55470085267788,272.99267389437387,1238.900722414835,1476.6516176810205,1705.444254195005,14780.0,14965.0,14025.0,12500.0,13326.25
20150114,14500,14850,14450,14500,35936,-199,205.91260281974,305.81857366746056,1103.6841713098906,1498.6130161660135,1682.3800415384023,14710.0,14915.0,14172.5,12530.833333333334,13308.75
20150115,14500,15250,14450,14650,111898,-11655,205.91260281974,315.7926534927625,999.2497185388644,1521.9276884559476,1660.6009935328573,14710.0,14895.0,14300.0,12558.333333333334,13292.916666666666
20150116,14700,14750,14250,14250,51787,100,246.17067250182342,360.41642581880205,894.1336589123573,1537.1149020883886,1633.4249549132714,14580.0,14810.0,14395.0,12583.333333333334,13272.5
20150119,14250,14350,13450,13650,151163,-28195,354.1186241925155,446.1221805738872,840.4016896698863,1540.0856758274406,1607.6637207105778,14310.0,14635.0,14435.0,12588.333333333334,13249.166666666666
20150120,13700,15650,13500,15150,515273,148290,492.34134500364684,407.9215610874228,718.7489130426562,1571.0046325697228,1592.0006194164346,14440.0,14610.0,14570.0,12616.666666666666,13239.166666666666
20150121,15150,16400,14950,15800,359594,88817,737.5635565834309,541.5025392368904,610.4096984812743,1620.592098586185,1585.420499338365,14700.0,14705.0,14730.0,12657.5,13235.416666666666
20150122,15750,15850,14800,15100,303491,-120837,753.2595834106592,553.6244214266563,518.7484939737175,1650.4904574095472,1574.415180224807,14790.0,14750.0,14820.0,12697.5,13227.916666666666
20150123,15200,15450,14050,14450,394801,-68236,728.4229540589727,557.8754341248591,453.7620521815371,1665.5921536265107,1555.5942393503806,14830.0,14705.0,14860.0,12728.333333333334,13213.75
20150126,14650,15200,14400,15200,165921,27001,428.2522621072772,571.5111547467818,459.7553697348189,1695.3850758914716,1549.587254633411,15140.0,14725.0,14875.0,12768.333333333334,13209.583333333334
20150127,15250,15350,14750,15200,140123,8951,428.95221179054425,582.4302533351098,462.70941205037104,1723.3172146248053,1544.8646448260192,15150.0,14795.0,14880.0,12803.333333333334,13206.25
20150128,15000,15450,14900,14950,84813,-887,280.3569153775237,575.2390807307863,462.1890846828817,1744.8215047199842,1538.856898985622,14980.0,14840.0,14877.5,12842.5,13201.666666666666
20150129,14950,15200,14700,14700,117018,-41829,291.547594742265,573.7813172280883,463.7887450122092,1758.4391753294476,1532.415882683317,14900.0,14845.0,14870.0,12885.0,13196.25
20150130,14750,15250,14400,15000,101151,27652,185.4723699099141,539.0732788777422,461.8170633486814,1754.4663243657055,1522.7838519377303,15010.0,14920.0,14865.0,12957.5,13189.583333333334
20150202,14750,15000,14550,14750,77201,9349,180.55470085267788,346.5544690232691,445.61053623091095,1737.0760873759414,1514.8065516391782,14920.0,15030.0,14832.5,13030.0,13183.333333333334
20150203,14900,14900,14300,14400,73036,9863,213.07275752662517,390.8004605933826,435.10774527696015,1703.0846198067193,1499.9268500682442,14760.0,14955.0,14782.5,13101.666666666666,13171.666666666666
20150204,14400,14800,14350,14650,61911,22,192.35384061671346,278.20855486487113,435.739314269438,1683.9924452192572,1491.5400318686575,14700.0,14840.0,14772.5,13168.333333333334,13165.0
20150205,14550,15000,14500,14650,39797,13942,193.39079605813717,268.74709300753375,435.739314269438,1664.5486542069596,1486.1148429340774,14690.0,14795.0,14772.5,13233.333333333334,13160.416666666666
20150206,14750,14750,13800,13950,126327,-47406,289.13664589601916,359.47878936037387,469.7073557013984,1635.1316630643341,1479.3417736728125,14480.0,14745.0,14725.0,13286.666666666666,13152.5
20150209,14100,14100,13300,13550,127145,-33447,429.4182110716778,473.39201514178495,529.7346033628538,1605.591574951592,1472.0874610754772,14240.0,14580.0,14652.5,13330.833333333334,13142.083333333334
20150210,13600,14300,13300,14050,96998,30020,426.14551505325034,447.80017865114786,545.0688029964657,1589.2475071205454,1467.970478718485,14170.0,14465.0,14630.0,13374.166666666666,13137.083333333334
20150211,14200,14350,13850,14100,49823,988,352.70384177096804,427.90185790669335,556.6866263886712,1565.1269029130515,1462.249741171338,14060.0,14380.0,14610.0,13423.333333333334,13130.833333333334
20150212,14200,14450,13950,14200,44184,13082,224.94443758403983,416.6533331199932,563.6654592930099,1534.5310087015662,1459.349883795323,13970.0,14330.0,14587.5,13477.5,13127.5
20150213,14250,14400,13800,13900,36098,-2219,226.7156809750927,367.559518989782,579.094120156646,1501.0410739068855,1422.9394824915862,13960.0,14220.0,14570.0,13525.833333333334,13103.75
20150216,13900,14050,13600,13800,47740,-1525,142.828568570857,340.03676271838606,567.9953785023255,1467.7446322693656,1395.8892401739554,14010.0,14125.0,14577.5,13570.833333333334,13083.75
20150217,13750,13850,13200,13500,99839,-61162,244.94897427831782,372.8605637500432,597.8921307393166,1430.657385804,1375.708845064601,13900.0,14035.0,14495.0,13611.666666666666,13065.416666666666
20150223,13300,13700,13300,13600,42371,4194,244.94897427831782,330.30289129827486,547.9735395071554,1392.804923726053,1368.924963449657,13800.0,13930.0,14385.0,13653.333333333334,13056.666666666666
20150224,13600,14200,13450,14150,85410,35482,228.91046284519194,244.1311123146741,524.6129525659846,1362.8246300321264,1367.4702921819141,13790.0,13880.0,14337.5,13699.166666666666,13055.0
20150225,14300,14300,13800,14050,60915,-3751,250.19992006393608,248.79710609249454,527.5592383799188,1325.590801198546,1363.6651491069858,13820.0,13890.0,14317.5,13745.833333333334,13050.833333333334
20150226,13900,14950,13900,14500,206833,22268,367.96738985948195,280.223125384041,489.7129261107981,1299.0731204294095,1364.92362169304,13960.0,13985.0,14282.5,13794.166666666666,13052.083333333334
20150227,14700,14750,13900,14050,207072,-79928,287.4021572639983,280.223125384041,443.9876124398067,1266.0993795468307,1361.5544629414005,14070.0,13985.0,14225.0,13835.833333333334,13048.333333333334
20150302,14100,14150,13650,13800,108499,-42969,226.7156809750927,282.35615806991,420.20084483494315,1227.4465365139051,1358.0863144513644,14110.0,13955.0,14167.5,13875.0,13043.75
20150303,13800,13900,13450,13900,127905,-5170,239.58297101421883,270.4163456597992,405.4241606022018,1184.4009268636771,1359.93866027932,14060.0,13925.0,14127.5,13916.666666666666,13047.916666666666
20150304,13900,14450,13750,14350,173749,9446,265.70660511172844,298.496231131986,357.3863455701686,1144.7294682830252,1365.0699514026055,14120.0,13970.0,14095.0,13963.333333333334,13059.166666666666
20150305,14350,14350,14050,14250,72293,1740,206.3976744055029,303.35622624235026,326.87918257362304,1114.785729287115,1367.540307652994,14070.0,14015.0,14070.0,14001.666666666666,13075.416666666666
20150306,14300,14450,13950,14200,87031,-1080,212.13203435596427,253.03161857759991,319.60913628993774,1080.8869814493323,1369.9193381566836,14100.0,14085.0,14060.0,14040.0,13090.416666666666
20150309,14050,14200,13850,14200,56474,16983,150.3329637837291,195.51214796017155,291.9225068404285,1044.4841895510938,1373.506196139436,14180.0,14145.0,14037.5,14078.333333333334,13101.25
20150310,14200,14200,13550,13800,63324,-9427,188.1488772222678,221.13344387495982,259.7595041572108,1009.6272689573143,1374.58478579294,14160.0,14110.0,13995.0,14108.333333333334,13110.0
20150311,13750,13800,13600,13600,38472,2059,261.5339366124404,269.3046601899046,273.6215452043205,955.7207140861377,1373.2804904882491,14010.0,14065.0,13977.5,14142.5,13120.833333333334
20150312,13500,13800,13500,13750,43001,1388,245.76411454889012,240.62418831031928,261.18719340733384,907.4460498196668,1373.2725891703935,13910.0,13990.0,13987.5,14175.0,13131.25
20150313,13800,14200,13700,13900,70954,-19119,200.0,241.09126902482387,261.4383292480274,849.2823768073488,1373.8069950769334,13850.0,13975.0,13980.0,14211.666666666666,13142.916666666666
20150316,14050,14050,13550,13750,56435,-12616,96.95359714832657,245.15301344262522,264.5160675649024,778.0834716718207,1374.7209312762275,13760.0,13970.0,13962.5,14248.333333333334,13145.833333333334
20150317,13850,14100,13700,14000,93914,14564,137.84048752090223,244.1311123146741,259.0728661979097,726.9915176029573,1376.8462352621825,13800.0,13980.0,13952.5,14280.0,13151.666666666666
20150318,14000,14350,13650,13800,99503,-14450,96.95359714832657,214.76731594914529,260.9956896195797,685.3400413095727,1378.097269184372,13840.0,13925.0,13947.5,14304.166666666666,13157.5
20150319,13750,14000,13650,13950,52715,24806,92.73618495495705,186.34645153584225,258.7952858921507,660.4559662334184,1379.0102504453778,13880.0,13895.0,13955.0,14322.5,13168.75
20150320,13900,14100,13650,14000,62865,20051,104.88088481701516,161.6322987524461,236.85438564654027,615.4921246901057,1379.8880288712967,13900.0,13875.0,13980.0,14348.333333333334,13180.833333333334
20150323,13950,15150,13900,15100,423757,8074,470.74409183759286,396.89419244932265,325.53801621316063,579.2811637423163,1388.443122909846,14170.0,13965.0,14055.0,14390.0,13204.166666666666
20150324,15100,15500,14700,15450,350246,5489,677.7905281132217,590.0,445.6455991031439,577.2414043438628,1401.3460171286436,14460.0,14130.0,14120.0,14425.833333333334,13229.583333333334
20150325,15450,15650,15100,15500,215068,71593,687.749954561976,686.7313885355757,536.9532102520667,584.3419851042211,1414.3284011816274,14800.0,14320.0,14192.5,14456.666666666666,13255.416666666666
20150326,15250,16350,15150,15900,415569,55771,646.8384651518492,801.5765715139134,651.5126629621254,610.4279009205006,1433.640410419914,15190.0,14535.0,14262.5,14473.333333333334,13282.083333333334
20150327,15900,16350,15650,15800,300235,87441,282.84271247461896,852.1296849658506,729.8972530431938,628.7089946867203,1450.9142232859335,15550.0,14725.0,14350.0,14485.0,13307.5
20150330,16200,18150,16150,17800,914377,22101,872.0091742636656,1188.5285019720814,1035.736452964749,756.1947867815161,1504.809650199461,16090.0,15130.0,14550.0,14531.666666666666,13352.5
20150331,17750,18250,17050,17800,389740,52289,1020.9799214480175,1361.3963419959668,1241.6621923856744,863.5726019790558,1556.4995895349002,16560.0,15510.0,14745.0,14580.833333333334,13395.833333333334
20150401,17800,18750,17550,18200,345361,94807,1031.5037566582102,1446.029045351441,1446.9688144531658,978.2137206834308,1614.3359487899804,17100.0,15950.0,14937.5,14632.5,13443.333333333334
20150402,18750,18750,17800,18200,212517,34624,897.997772825746,1420.0792231421458,1601.0231103891033,1075.6506428927305,1669.5046150646942,17560.0,16375.0,15135.0,14679.166666666666,13489.583333333334
20150403,18350,18450,17150,17600,295024,-68984,240.0,1213.6824131542814,1671.6683283474624,1135.4327980505398,1710.5550086156513,17920.0,16735.0,15305.0,14715.833333333334,13526.25
20150406,17800,18400,17400,18400,258565,-4476,293.93876913398134,1172.1881248332113,1779.9648872941284,1229.4815980729395,1766.7670962020754,18040.0,17065.0,15515.0,14775.0,13569.166666666666
20150407,18200,18200,17550,17800,182214,2818,293.93876913398134,1054.5141061171255,1800.6318335517676,1288.8439587475248,1805.5642681413974,18040.0,17300.0,15715.0,14827.5,13612.916666666666
20150408,17750,18000,17100,17400,206301,-76783,370.9447398198282,867.6981041814024,1767.6184543051138,1330.2597386308487,1835.3557027333004,17880.0,17490.0,15905.0,14869.166666666666,13653.333333333334
20150409,17700,17950,16900,17200,211999,-62020,411.82520563948,701.1419257183243,1716.4989804832394,1363.2709337798124,1861.4991251826168,17680.0,17620.0,16077.5,14905.833333333334,13690.416666666666
20150410,17300,17800,17000,17500,141963,23598,417.612260356422,364.55452267116374,1666.7539560475025,1401.9359134980277,1892.284728325959,17660.0,17790.0,16257.5,14955.833333333334,13727.916666666666
20150413,17400,18900,17350,18300,268310,60440,382.6225293941798,395.47439866570375,1618.8035705421453,1464.3568459300545,1934.6942049499085,17640.0,17840.0,16485.0,15019.166666666666,13775.0
20150414,18350,18550,17300,17500,136076,26413,376.2977544445356,408.53396431630995,1527.3015419359729,1497.4608138074548,1962.7176100159588,17580.0,17810.0,16660.0,15066.666666666666,13812.5
20150415,17550,17750,17150,17400,93642,4844,376.2977544445356,402.6164427839479,1385.1534211054022,1522.91090970184,1987.1091072627994,17580.0,17730.0,16840.0,15119.166666666666,13851.25
20150416,17300,17600,16700,17200,145881,-19828,376.2977544445356,397.61790704142084,1217.0122226173407,1533.6059540254205,2009.7090723673525,17580.0,17630.0,17002.5,15178.333333333334,13883.333333333334
20150417,17300,17500,17050,17400,89837,23073,382.6225293941798,403.6087214122113,1004.6734544119298,1559.7406746707034,2034.536827920979,17560.0,17610.0,17172.5,15215.833333333334,13916.25
20150420,17200,17700,17100,17300,92227,2219,101.9803902718557,313.04951684997053,885.0529645168135,1580.782814163778,2056.9393052678165,17360.0,17500.0,17282.5,15240.833333333334,13949.166666666666
20150421,17250,17450,17000,17250,70553,15420,80.0,303.6856927812043,779.3386619435738,1601.4177746262494,2075.4165830154793,17310.0,17445.0,17372.5,15276.666666666666,13987.083333333334
20150422,17400,18100,16100,16700,217600,-61964,244.1311123146741,377.65725201563384,671.6165200469685,1607.9513795164605,2086.0215572951524,17170.0,17375.0,17432.5,15314.166666666666,14021.25
20150423,16800,16900,15650,16800,236921,2363,283.5489375751565,413.55168963504434,592.9744935492587,1619.0658743718725,2098.1638384682087,17090.0,17335.0,17477.5,15340.833333333334,14054.583333333334
20150424,16900,16900,16100,16700,99006,10345,268.32815729997475,449.69434063594804,488.99769938109114,1628.2529406971414,2110.003908303406,16950.0,17255.0,17522.5,15365.833333333334,14084.583333333334
20150427,16400,16800,16300,16400,37058,-6009,274.9545416973504,360.58979464205584,541.635255499492,1632.656322275655,2115.992305633481,16770.0,17065.0,17452.5,15390.0,14116.25
20150428,16400,16700,16300,16500,40052,-4658,146.96938456699067,364.72592449673766,573.1219329252722,1636.2355168699487,2119.255470678345,16620.0,16965.0,17387.5,15420.0,14152.5
20150429,16400,17200,16350,16500,140762,-14520,146.96938456699067,357.24641355792505,572.3799000663807,1641.0794211940713,2105.3647991500416,16580.0,16875.0,17302.5,15445.0,14201.25
20150430,16550,16600,15800,15800,127452,-17898,305.94117081556715,461.5463140357638,621.143099454546,1639.1721741985098,2081.207206767287,16380.0,16735.0,17182.5,15462.5,14246.25
20150504,15900,16100,15250,16100,70534,14281,272.7636339397171,438.4347157787577,655.7962717185881,1635.2495137507992,2052.8756507640924,16260.0,16605.0,17107.5,15490.833333333334,14296.25
20150506,15800,16050,15500,15650,52761,1401,349.85711369071805,455.9605246071199,658.6729082025462,1631.6868827484448,2029.0494062628568,16110.0,16440.0,16970.0,15507.5,14337.916666666666
20150507,15400,15650,14700,15600,131771,-26040,334.06586176980136,430.8421984903521,693.64976753402,1627.894004193422,2005.3442486405295,15930.0,16275.0,16860.0,15523.333333333334,14378.333333333334
20150508,15700,15900,14750,15000,157097,-44409,360.0,548.839685154053,790.664277680483,1616.4903254341568,1978.2985376749289,15630.0,16105.0,16740.0,15540.833333333334,14413.75
20150511,15100,15800,15050,15750,86662,31706,355.80893749314384,504.4799302251776,811.3684428174415,1595.7345487267,1955.5112644921412,15620.0,16000.0,16667.5,15577.5,14454.166666666666
20150512,15800,15900,15300,15550,46201,4991,263.4387974463898,461.0043383743802,822.5569889071518,1583.3094296441254,1938.4673212503876,15510.0,15885.0,16570.0,15602.5,14488.333333333334
20150513,15350,15650,15350,15450,22880,-1167,254.1653005427767,442.6059195266145,754.5652721932013,1571.3449653083842,1916.0395713264866,15470.0,15790.0,16427.5,15625.0,14524.166666666666
20150514,15600,16050,15300,15950,56409,-3458,320.0,380.82148048659235,719.2009454943731,1560.8302188970554,1892.0775985379105,15540.0,15735.0,16350.0,15654.166666666666,14565.833333333334
20150515,15950,16050,15450,15950,56635,-2235,203.9607805437114,296.8164415931166,681.8128408881722,1544.4083728801236,1867.6890336426425,15730.0,15680.0,16277.5,15688.333333333334,14607.083333333334
20150518,15950,16150,15550,15650,55957,10527,205.91260281974,294.15132160165456,660.3029607687671,1524.74292004332,1842.1160839281451,15710.0,15665.0,16200.0,15719.166666666666,14645.0
20150519,15700,15950,15300,15400,68479,-21280,235.79652245103196,264.0549185302179,621.2889826803628,1497.8176253766337,1813.59521508157,15680.0,15595.0,16100.0,15750.833333333334,14681.25
20150520,15600,16800,15350,16600,161247,72986,401.7461885320133,401.7461885320133,570.3288525052892,1475.0845079369406,1791.8786211838278,15910.0,15690.0,16065.0,15800.833333333334,14727.083333333334
20150521,16850,17150,16400,16500,116291,-20085,467.54678910243837,467.0117771534247,512.9510210536673,1461.8709473365552,1772.8425366406127,16020.0,15780.0,16027.5,15840.0,14769.583333333334
20150522,16600,17000,16200,16850,85993,12202,568.3308895353127,487.36536602430016,523.7127075028827,1448.6161979243848,1753.1776210166024,16200.0,15965.0,16035.0,15886.666666666666,14816.25
20150526,16850,16950,16300,16500,53713,15886,501.59744815937813,505.86559479766953,505.56898639058153,1439.30538802577,1734.7585787045386,16370.0,16040.0,16020.0,15920.0,14857.083333333334
20150527,16400,16650,16100,16200,33340,-5955,208.806130178211,479.8176737053357,483.1925082200675,1418.9224687142832,1712.2424786097492,16530.0,16105.0,15995.0,15955.833333333334,14895.833333333334
20150528,16600,16600,16200,16400,51539,-2212,210.71307505705482,432.434966208793,483.1925082200675,1391.86600368794,1688.1880798819952,16490.0,16200.0,15995.0,15999.166666666666,14937.083333333334
20150529,16350,16500,16050,16350,52610,-8740,217.7154105707724,425.91078878093714,476.4123738947174,1365.3693029116148,1661.5220599064155,16460.0,16240.0,15987.5,16040.0,14978.333333333334
20150601,16300,16300,15500,16050,113644,9402,158.11388300841895,420.11903075200007,462.0876540224809,1347.52757135265,1634.2809750944477,16300.0,16250.0,15965.0,16068.333333333334,15015.833333333334
20150602,16100,16200,15500,15550,62262,-2059,305.6141357987225,435.2011029397789,469.70070257558683,1328.4326604436335,1610.5974995496729,16110.0,16240.0,15952.5,16090.0,15045.833333333334
20150603,15600,16050,15550,15800,45057,-8205,323.4192325759246,369.59437225152664,469.54099927482366,1306.0968145160246,1585.9504686114865,16030.0,16280.0,15937.5,16116.666666666666,15078.333333333334
20150604,15650,16000,15400,15400,87656,-15717,341.46742157927747,435.2011029397789,480.2343178074637,1285.6213370282244,1559.188490850322,15830.0,16160.0,15925.0,16136.666666666666,15107.5
20150605,15350,15750,14950,15000,99404,-61298,356.9313659514949,538.4236250388723,516.9381007432128,1258.1556165894478,1532.9933952891333,15560.0,16010.0,15895.0,16156.666666666666,15132.5
20150608,15100,15550,15050,15500,32767,5059,260.768096208106,476.5763317664863,484.0970976983853,1216.6335611934435,1497.7176502005734,15450.0,15875.0,15920.0,16188.333333333334,15165.416666666666
20150609,15550,15750,15350,15700,40809,1768,278.5677655436824,429.7964634568321,485.0966398564311,1176.4456237138947,1466.3218699825068,15480.0,15795.0,15917.5,16220.833333333334,15197.916666666666
20150610,15800,15800,15250,15300,20334,264,231.5167380558045,429.7964634568321,497.46859197340285,1143.6087496264806,1430.8475902027426,15380.0,15705.0,15905.0,16244.166666666666,15227.916666666666
20150611,15300,17000,15300,17000,288522,111846,689.9275324264136,548.2016052512068,539.507877606991,1100.3395940446035,1399.537622057965,15700.0,15765.0,15982.5,16298.333333333334,15273.333333333334
20150612,16850,16850,16100,16150,174985,-12021,604.6486583132389,529.8348799390242,540.665099668917,1059.146341268403,1371.1506091803572,15930.0,15745.0,15992.5,16334.166666666666,15307.083333333334
20150615,16050,16050,15450,15600,89000,-9456,591.6079783099616,521.0566188045211,547.3801238627505,1011.3560066674074,1344.3087339678825,15950.0,15700.0,15975.0,16364.166666666666,15334.166666666666
20150616,15550,16050,15100,15250,112042,-31479,653.7583651472461,537.2150407425319,565.8842637854492,972.5864000465863,1324.9148295477958,15860.0,15670.0,15955.0,16385.833333333332,15354.166666666666
20150617,15450,15700,15150,15400,46045,1732,637.6519426771944,540.9251334519408,565.8842637854492,930.9713416045159,1297.8935257434548,15880.0,15630.0,15955.0,16409.166666666668,15378.75
20150618,15550,15900,15350,15500,42205,-6816,307.571129984594,537.4941860150675,553.8501602419196,922.9703708979933,1272.6824661801277,15580.0,15640.0,15900.0,16415.833333333332,15402.916666666666
20150619,15600,15700,15350,15650,40906,-13471,143.52700094407325,493.6851223198852,538.5803097032048,919.8320347880076,1258.1707952420888,15480.0,15705.0,15857.5,16419.166666666668,15422.5
20150622,15800,15850,15450,15600,34249,-14105,143.52700094407325,490.4334817281545,490.1275344234396,918.2543069445667,1247.7222998328234,15480.0,15715.0,15795.0,16420.833333333332,15438.75
20150623,15700,16300,15700,16200,78183,8357,278.5677655436824,511.3951505440778,472.5991959366837,916.2192089718013,1248.6408583158193,15670.0,15765.0,15780.0,16425.833333333332,15449.583333333334
20150624,16250,16350,15600,15850,84507,-23642,247.7902338672773,487.4423042781577,463.1077088539986,915.6721878246492,1248.7524329862179,15760.0,15820.0,15762.5,16426.666666666668,15455.833333333334
20150625,15500,16000,15150,15400,116344,-33623,270.92434368288133,300.66592756745814,445.21764340600885,907.187350489915,1248.0648910302432,15740.0,15660.0,15712.5,16386.666666666668,15459.166666666666
20150626,15500,15700,15400,15650,67329,-1485,270.92434368288133,252.7844931952908,420.5576654871482,893.0048369907695,1246.929283836497,15740.0,15610.0,15677.5,16350.833333333334,15465.833333333334
20150629,15450,16250,15400,16250,186787,37937,323.4192325759246,317.2144385112381,431.5307057440989,859.9886950161477,1248.4990293904914,15870.0,15675.0,15687.5,16318.333333333334,15475.416666666666
20150630,15950,16300,15500,16150,89829,4409,313.68774282716237,311.4883625434504,441.6658805024449,824.5449081496872,1249.9822220958451,15860.0,15765.0,15717.5,16284.166666666666,15481.666666666666
20150701,16200,16200,15600,15700,102176,-17429,320.3123475609393,288.4874347350331,441.2694754908841,809.7543351741642,1250.1163834708882,15830.0,15795.0,15712.5,16252.5,15484.166666666666
20150702,15700,17150,15700,17100,381230,57564,522.1110992882644,468.2146943443788,528.0802495833375,768.3364967397039,1257.3168493750225,16170.0,15955.0,15797.5,16230.833333333334,15502.916666666666
20150703,17150,17350,16600,16650,107123,-4830,473.91982444291136,498.22183814040113,525.9277516921884,742.8754194943506,1259.1547401818145,16370.0,16055.0,15880.0,16211.666666666666,15519.583333333334
20150706,16300,16600,15800,15800,88260,-7045,527.8257288158659,483.3477009358791,519.1098149717457,728.3142636710367,1258.121877928499,16280.0,16075.0,15895.0,16185.0,15527.083333333334
20150707,16050,16800,15500,16800,158220,45168,558.9275444992849,530.1179114121686,552.7205442174192,720.7846804390152,1262.471053023527,16410.0,16135.0,15950.0,16178.333333333334,15542.083333333334
20150708,16900,17050,16050,16750,161264,25279,436.57759905886144,550.1136246267673,557.7801986445916,704.0650814299104,1263.5628089740273,16620.0,16225.0,16022.5,16165.833333333334,15560.833333333334
20150709,16650,16650,15950,16300,138745,-37930,373.36309405188933,476.47140522805773,515.7215818637028,647.2908285049954,1261.5629085473042,16460.0,16315.0,15987.5,16132.5,15575.833333333334
20150710,16150,16800,16150,16800,100444,4936,392.93765408777,439.4314508543966,544.6099521676041,628.5758815679341,1263.5525727751808,16490.0,16430.0,16020.0,16120.833333333334,15593.75
20150713,16850,18500,16750,18350,487661,135482,700.713921654194,717.2168430816445,735.0637727435628,671.1226084372157,1282.0523233169288,17000.0,16640.0,16157.5,16136.666666666666,15627.916666666666
20150714,18550,20000,18350,19800,419092,106943,1300.3845585056756,1164.356045202669,1053.9331098319285,808.3006866259717,1324.1913150632736,17600.0,17005.0,16385.0,16180.0,15679.166666666666
20150715,20200,23700,19000,22500,667691,165728,2241.8742159184576,1934.5606736414347,1675.0820875407867,1134.4712424737875,1461.1966533366879,18750.0,17685.0,16740.0,16265.0,15740.416666666666
20150716,22700,24950,21950,22700,559883,81722,2303.8229098609118,2430.9925956283787,2091.7695857813787,1396.8625558729896,1592.2912714248205,20030.0,18245.0,17100.0,16355.0,15797.916666666666
20150717,23000,23900,22500,23750,184046,47703,2014.1002954172864,2860.3714793711674,2513.458772289691,1684.509490095632,1747.3122216707916,21420.0,18955.0,17505.0,16463.333333333332,15870.0
20150720,24000,25600,23900,24000,264984,12810,1491.9785521246608,3009.838035509553,2840.576525989047,1941.268914911076,1892.292435043363,22550.0,19775.0,17925.0,16585.0,15949.583333333334
20150721,24550,24600,22300,23550,351722,28240,592.452529743945,3023.8220847133184,3060.566736733574,2136.2627998446324,2013.115157880693,23300.0,20450.0,18292.5,16697.5,16019.166666666666
20150722,23550,23750,21750,21800,202561,-33258,808.3316151184488,2775.1981911207713,3097.6442662126333,2233.9021352780937,2079.062121620149,23160.0,20955.0,18590.0,16782.5,16074.166666666666
20150723,21900,22450,20800,22150,276935,18950,896.1026726887941,2309.848479879145,3099.4142591786604,2336.42117112667,2148.4876787069725,23050.0,21540.0,18927.5,16878.333333333332,16134.166666666666
20150724,22150,22500,21600,22150,95160,7103,874.414089547967,1685.1186901817925,3079.42669177235,2431.2106894851167,2212.8240111149344,22730.0,22075.0,19252.5,16972.5,16196.25
20150727,21950,22300,20950,21000,58554,-345,824.9848483457135,1223.6829654775784,3021.324212990059,2484.307834521861,2252.657342821315,22130.0,22340.0,19490.0,17047.5,16246.25
20150728,20650,22250,20600,22200,110674,29119,453.21076774498636,892.5245094673871,2974.276172449357,2564.554731765781,2312.433182217887,21860.0,22580.0,19792.5,17154.166666666668,16308.333333333334
20150729,22600,22600,21250,21750,137493,50268,454.972526643093,926.9439033727983,2847.626204402537,2627.0859436941896,2357.967838285546,21850.0,22505.0,20095.0,17248.333333333332,16369.583333333334
20150730,22400,22400,20550,20550,56636,-10451,651.6133823057963,1091.5127117903846,2764.2483155461987,2652.1720658107197,2382.978375374003,21530.0,22290.0,20267.5,17330.0,16418.75
20150731,20400,21100,20150,20450,67922,-29013,682.2023160324215,1099.045040023383,2636.725004622211,2672.048085686756,2405.328250583624,21190.0,21960.0,20457.5,17410.833333333332,16467.083333333332
20150803,20450,21350,20450,21000,59509,12997,682.2023160324215,891.010662113535,2411.393528646869,2692.150498310893,2429.1114916547185,21190.0,21660.0,20717.5,17510.833333333332,16525.833333333332
20150804,21400,21450,20600,21150,40474,1986,466.476151587624,636.4746656387825,2238.1968188700475,2721.878819043124,2449.6869131018248,20980.0,21420.0,20935.0,17600.833333333332,16589.166666666668
20150805,21300,23800,20900,23250,197132,13918,1019.6077677224707,839.3598751429566,2072.7156100150355,2802.4883536283,2512.186824041758,21280.0,21565.0,21260.0,17729.166666666668,16665.833333333332
20150806,23800,23800,22600,23200,97118,10242,1178.7281281109738,962.6006440887103,1770.6566578532386,2872.196700939706,2570.265334335935,21810.0,21670.0,21605.0,17858.333333333332,16741.666666666668
20150807,23200,23300,18000,18550,350308,-18200,1732.224003990246,1321.892582625381,1561.9919173926605,2862.6760013820863,2564.832644258818,21430.0,21310.0,21692.5,17901.666666666668,16777.916666666668
20150810,18500,18500,16850,17250,519715,-85629,2428.0856657045692,1801.5340685093915,1692.6218567654143,2852.724818290213,2551.553312309128,20680.0,20935.0,21637.5,17923.333333333332,16805.833333333332
20150811,17500,17500,16450,16700,278066,-100420,2868.344470247603,2139.28142141234,1972.5792126046551,2841.925574715542,2536.659548829285,19790.0,20385.0,21482.5,17940.833333333332,16830.0
20150812,16450,16700,15100,15600,320658,-135423,2646.393772664983,2510.2987869972767,2334.6238990466964,2839.059287667119,2520.820385641705,18260.0,19770.0,21137.5,17944.166666666668,16847.5
20150813,15650,16050,15350,15800,143306,-8944,1068.9246933250256,2755.217777236493,2575.6200709732016,2847.2075744880744,2505.0863535792564,16780.0,19295.0,20792.5,17930.833333333332,16865.833333333332
20150817,16000,16150,15500,15500,101720,3453,686.7313885355757,2941.598205057924,2725.224761372904,2858.439137983455,2495.879068863116,16170.0,18800.0,20380.0,17914.166666666668,16877.083333333332
20150818,15450,15650,14150,14200,297420,-50520,801.4985963805551,3134.10274241289,2905.365725687559,2894.7826631142293,2494.500061245877,15560.0,18120.0,19890.0,17870.0,16878.333333333332
20150819,14050,14550,13200,13700,237554,-92223,845.2218643646174,3209.8481272483905,3073.209844771424,2938.7279939154387,2501.905385012727,14960.0,17375.0,19397.5,17823.333333333332,16871.666666666668
20150820,13700,14100,13500,13500,89734,2669,939.3614852653903,2720.753572082558,3274.571536857914,2983.571219565952,2507.5676779944242,14540.0,16400.0,18982.5,17778.333333333332,16867.083333333332
20150821,12600,13800,12550,13650,186875,77290,733.7574531137657,1619.4829421762986,3385.6046358073177,3025.2248539020543,2509.133178122613,14110.0,15445.0,18557.5,17732.5,16865.833333333332
20150824,13600,14200,13050,14000,173300,90106,253.7715508089904,1288.565093427569,3418.991079251305,3057.905964690367,2508.164446141643,13810.0,14990.0,18150.0,17693.333333333332,16866.666666666668
20150825,14250,14800,13850,14400,216950,92090,319.37438845342626,1050.3451813570623,3446.389415025528,3079.901130267376,2507.7504513784893,13850.0,14705.0,17820.0,17665.833333333332,16867.083333333332
20150826,14650,14900,14400,14600,144471,-8317,421.4261501141095,813.7720811136247,3360.4166408348833,3093.151036295087,2504.9068512288954,14030.0,14495.0,17440.0,17650.0,16870.0
20150827,14750,15400,14500,15300,225089,74111,560.7138307550474,777.1904528492357,3238.6059886932835,3098.792327486456,2497.1198687465962,14390.0,14465.0,17117.5,17641.666666666668,16879.166666666668
20150828,15400,15500,15000,15100,100647,16104,470.74409183759286,679.13547985656,3166.816224538456,3102.6449290171113,2490.404362526097,14680.0,14395.0,16845.0,17636.666666666668,16886.666666666668
20150831,15100,15100,14600,14600,61889,-26417,340.58772731852804,578.9861829094024,3089.558018552168,3108.7269634584136,2483.192949052157,14800.0,14305.0,16552.5,17630.0,16893.333333333332
20150901,14350,15200,14350,15000,57881,-25,278.5677655436824,613.2087735836793,2930.335944904611,3115.089172970108,2470.951233836905,14920.0,14385.0,16252.5,17621.666666666668,16905.0
20150902,14700,14850,14200,14250,74264,-16454,376.8288736283353,572.6255320888163,2732.9597051548344,3135.461489159137,2466.044262691909,14850.0,14440.0,15907.5,17597.5,16909.166666666668
20150903,14400,14550,14150,14250,41754,-4584,359.722114972099,487.36536602430016,2169.866067295399,3151.1267825969867,2462.688197828208,14640.0,14515.0,15457.5,17580.0,16912.083333333332
20150904,14200,14350,13200,13650,128567,-24238,446.09416046390925,487.36536602430016,1283.1017106995066,3190.343394091341,2463.7747335136232,14350.0,14515.0,14980.0,17524.166666666668,16911.25
20150907,13400,13850,13000,13250,58065,-12129,596.3220606350229,604.4832503882965,1043.3240148678644,3232.4847468919206,2472.089197419892,14080.0,14440.0,14715.0,17475.833333333332,16905.0
20150908,13250,13500,12850,13100,64175,-6995,483.735464897913,726.5672714897087,924.428877740197,3272.2633816502184,2480.221624281927,13700.0,14310.0,14507.5,17434.166666666668,16899.166666666668
20150909,13500,13600,13200,13350,74586,-37626,406.9397989875161,772.0265539474663,808.1769608198442,3302.3025426713048,2486.758124993733,13520.0,14185.0,14340.0,17402.5,16894.166666666668
20150910,13600,15200,13600,14400,364570,-19883,461.51923036857306,684.2696836774227,755.2152011181978,3314.866659795271,2483.1419109668554,13550.0,14095.0,14280.0,17385.833333333332,16897.5
20150911,14300,14500,13950,14450,72528,137,589.4064811316549,612.8621378417823,672.1002529385032,3327.523687201779,2487.761676632701,13710.0,14030.0,14212.5,17368.333333333332,16892.083333333332
20150914,14550,14600,13900,14150,53319,9811,558.0322571321482,585.2563540876766,603.7176492367935,3345.923722315796,2496.8318467276604,13890.0,13985.0,14145.0,17343.333333333332,16881.25
20150915,14150,14300,13950,14300,33911,790,403.23690307311904,494.4946915791918,604.5659600076738,3361.316293094457,2504.7343713123473,14130.0,13915.0,14150.0,17321.666666666668,16871.25
20150916,14400,14600,14150,14600,85624,29503,150.3329637837291,528.2045058497703,602.8888786501208,3376.4219226868013,2511.713358059729,14380.0,13950.0,14195.0,17295.0,16860.416666666668
20150917,14700,14750,14200,14250,42136,-3191,158.11388300841895,528.2045058497703,581.4367979411004,3394.001653243889,2521.1013631612395,14350.0,13950.0,14232.5,17268.333333333332,16847.5
20150918,14300,14500,14250,14500,42016,-2200,165.5294535724685,541.3178363955875,568.2209077462743,3404.1992042508696,2528.5486614525453,14360.0,14035.0,14275.0,17253.333333333332,16820.0
20150921,14500,14500,14100,14150,23247,-5177,165.5294535724685,473.9461994783797,565.5251983775789,3421.346794595502,2538.510848192108,14360.0,14125.0,14282.5,17228.333333333332,16789.583333333332
20150922,14250,14400,14000,14350,30755,2704,163.0950643030009,330.15148038438355,565.1106086422374,3439.0026008842915,2544.8039380929645,14370.0,14250.0,14280.0,17196.666666666668,16757.5
20150923,14350,14350,14050,14150,26630,3044,132.664991614216,150.3329637837291,560.8642883978263,3458.622879445265,2552.2944130396595,14280.0,14330.0,14257.5,17163.333333333332,16723.75
20150924,14250,14400,14200,14250,28435,85,132.664991614216,150.08331019803634,507.4199444247337,3473.7958545212355,2560.863976386813,14280.0,14315.0,14205.0,17139.166666666668,16695.833333333332
20150925,14300,14450,14200,14400,26379,7656,101.9803902718557,146.28738838327794,467.0117771534247,3491.454945848352,2564.4951582459257,14260.0,14310.0,14170.0,17094.166666666668,16662.5
20150930,13950,14300,13800,14300,50238,10268,86.02325267042627,136.4734406395618,457.6843890717708,3509.3529793016496,2571.286426847273,14290.0,14325.0,14155.0,17055.0,16633.333333333332
20151001,14250,14700,14150,14600,48847,2680,152.97058540778357,158.8238017426859,428.10629521183165,3519.8520328748714,2576.9216130880136,14340.0,14355.0,14135.0,17035.0,16610.0
20151002,14700,14750,14450,14500,39491,5132,128.06248474865697,145.68802284333466,434.87785641487886,3534.695492149536,2583.450938183292,14410.0,14345.0,14147.5,16996.666666666668,16587.5
20151005,14650,15050,14550,14850,29487,-3248,188.67962264113208,205.4872258803452,460.8348402627562,3545.2585707298363,2586.8803270327403,14530.0,14405.0,14177.5,16965.0,16565.416666666668
20151006,14850,15350,14700,15350,113748,1368,361.386219991853,351.28336140500585,509.8713072923402,3550.3109214389824,2584.295385378579,14720.0,14490.0,14262.5,16949.166666666668,16540.833333333332
20151007,15350,15450,14950,15050,83831,-2759,307.571129984594,367.559518989782,481.26785681156815,3558.5952284574355,2586.314106933331,14870.0,14580.0,14352.5,16920.0,16520.416666666668
20151008,15150,15500,14850,15050,61934,-5489,280.0,383.40579025361626,409.878030638384,3561.569176641109,2588.47592974882,14960.0,14650.0,14450.0,16865.0,16500.833333333332
20151012,14850,15100,14500,14500,50790,-13045,280.0,350.74919814591163,322.98413273719814,3553.3958718699278,2594.029469549068,14960.0,14685.0,14507.5,16776.666666666668,16478.333333333332
20151013,14550,14900,14300,14450,51828,-14432,348.71191548325385,330.4920573932148,322.33522922572394,3486.1012726731487,2599.1518047560817,14880.0,14705.0,14510.0,16642.5,16453.75
20151014,14400,14600,14300,14450,25329,5174,286.3564212655271,326.1901286060018,322.33522922572394,3406.252828745004,2604.326528426648,14700.0,14710.0,14510.0,16505.0,16430.0
20151015,14450,14700,14200,14600,38373,-4403,226.7156809750927,299.83328701129903,311.9595326320386,3280.9986411660307,2608.511675212965,14610.0,14740.0,14532.5,16352.5,16407.916666666668
20151016,14600,14650,14400,14400,23023,263,67.82329983125268,314.80152477394387,308.98017735770685,3134.9883705260113,2614.737578451573,14480.0,14720.0,14537.5,16192.5,16388.75
20151019,14400,14500,14150,14300,30707,-1610,96.95359714832657,333.91615714128,312.83981524096316,2993.6372340163207,2621.329146264484,14440.0,14700.0,14522.5,16038.333333333334,16367.916666666666
20151020,14200,14400,14150,14350,26124,7098,102.95630140987,344.9637662132068,309.22281610515097,2905.283859721034,2627.5458553985986,14420.0,14650.0,14527.5,15914.166666666666,16348.333333333334
20151021,14350,14700,14250,14700,45620,18388,153.62291495737216,256.95330315059186,311.39805715514666,2793.1583079613165,2631.80849839466,14470.0,14585.0,14537.5,15790.0,16334.166666666666
20151022,14700,14700,14100,14150,32718,1368,180.55470085267788,235.0,311.39805715514666,2674.812558334174,2639.234388932206,14380.0,14495.0,14537.5,15656.666666666666,16314.583333333334
20151023,14250,14500,14200,14400,23885,4742,180.55470085267788,145.2583904633395,310.0806346742731,2587.0811523585558,2644.9030844983754,14380.0,14430.0,14540.0,15546.666666666666,16297.083333333334
20151026,14400,14500,14100,14100,27885,-2711,213.07275752662517,172.9161646579058,313.398707719097,2443.7397342779504,2652.07069910583,14340.0,14390.0,14537.5,15411.666666666666,16282.916666666666
20151027,14200,14950,14150,14550,66778,-3509,229.34689882359433,178.88543819998318,306.3800744173812,2302.230198935125,2656.7006480470222,14380.0,14400.0,14552.5,15291.666666666666,16270.0
20151028,14500,14500,13950,14100,49054,-6134,182.75666882497063,198.80895352071042,320.4976598978532,2202.6213864897877,2663.443071112219,14260.0,14365.0,14537.5,15184.166666666666,16257.083333333334
20151029,14200,14200,13700,13900,48106,-8248,233.238075793812,225.22211259110412,346.1484508126535,2098.7992598944056,2671.4095517265205,14210.0,14295.0,14517.5,15075.0,16242.916666666666
20151030,13700,13850,13300,13400,51421,-8716,372.0215047547655,346.0130055359192,422.27804820994425,1962.2896207123763,2681.5534663802036,14010.0,14195.0,14457.5,14948.333333333334,16229.583333333334
20151102,13300,14250,13300,14200,62279,31444,378.94590642992836,344.2745997020402,425.81539427315215,1790.3869460724493,2687.5587848868263,14030.0,14185.0,14442.5,14832.5,16216.666666666666
20151103,14250,14550,13900,14350,65792,26415,329.24155266308657,344.2745997020402,415.7147459496716,1416.4948425210907,2692.2491629779897,13990.0,14185.0,14417.5,14684.166666666666,16206.666666666666
20151104,14400,14600,14000,14050,78099,12218,326.49655434629017,299.3325909419153,363.1373707015018,883.8819051333604,2698.528920232923,13980.0,14120.0,14352.5,14531.666666666666,16195.0
20151105,14200,14200,13750,13850,37550,-15620,329.5451410656816,309.67725134404037,341.42166012132265,716.7558084095608,2706.857418360536,13970.0,14090.0,14292.5,14453.333333333334,16177.5
20151106,13800,13950,13500,13600,47919,-25417,263.4387974463898,322.33522922572394,326.49655434629017,625.9542714926968,2716.914578412252,14010.0,14010.0,14220.0,14392.5,16157.916666666666
20151109,13600,13600,12950,13050,46079,-10017,440.0,429.2143986401202,407.2698736710095,573.9458936945533,2731.20823766701,13780.0,13905.0,14147.5,14331.666666666666,16136.25
20151110,12850,13050,12400,12550,67665,-9756,549.1812087098392,535.0,529.0262280832586,594.0743266254693,2749.8352223360826,13420.0,13705.0,14052.5,14280.833333333334,16112.5
20151111,12450,13450,12450,13300,73793,42858,450.11109739707604,529.7405025104273,544.9541265097457,573.373908447914,2761.299512910567,13270.0,13625.0,13995.0,14239.166666666666,16085.0
20151112,13300,14000,13150,13750,83462,36161,425.44094772365287,523.8320341483518,529.0262280832586,552.6300751858762,2769.160491266085,13250.0,13610.0,13952.5,14210.0,16062.083333333334
20151113,13550,14100,13550,14000,82444,30751,512.4451190127584,530.659966456864,519.2001059321926,553.2831302526484,2774.5174755662206,13330.0,13670.0,13932.5,14206.666666666666,16038.333333333334
20151116,13900,14200,13650,14100,68838,32680,566.9215113223346,521.4403129793476,513.9248485916983,549.5351570999221,2779.7626797184853,13540.0,13660.0,13922.5,14213.333333333334,16018.333333333334
20151117,14100,14700,13950,14550,59266,36078,411.5823125451336,550.5451843400322,523.9930820154021,543.2227648232076,2782.909118121244,13940.0,13680.0,13932.5,14230.833333333334,16004.583333333334
20151118,14550,14950,14150,14450,89436,11884,294.27877939124323,589.1519328662173,508.2814181140208,538.6009396781353,2786.243987082913,14170.0,13720.0,13920.0,14244.166666666666,15988.333333333334
20151119,14700,14900,14050,14400,126935,11100,212.13203435596427,623.3979467402825,516.7869483646041,538.0126753979289,2789.771464903357,14300.0,13775.0,13932.5,14250.833333333334,15972.083333333334
20151120,14500,14850,14400,14600,97968,48965,174.92855684535903,666.0517997873739,527.5592383799188,539.5439174792331,2792.5466274830223,14420.0,13875.0,13942.5,14254.166666666666,15960.0
20151123,14600,14600,13750,13750,85800,-53201,308.2207001484488,610.1024504130434,527.8494103435183,541.4332830552145,2799.534187443833,14350.0,13945.0,13925.0,14240.0,15945.0
20151124,13850,13850,13450,13600,38093,-21078,404.2276586281548,422.4926034855522,511.97534120307006,529.572678885693,2807.615635295489,14160.0,14050.0,13877.5,14211.666666666666,15926.666666666666
20151125,13550,13950,13400,13450,43373,-13461,455.411901469428,397.5235842060192,517.4214916294065,525.5546012440907,2816.246732749523,13960.0,14065.0,13845.0,14184.166666666666,15910.416666666666
20151126,13400,13650,13300,13600,21695,-5721,411.0960958218893,411.703777004778,519.9519208542267,527.9539910509367,2822.8861006955517,13800.0,14050.0,13830.0,14167.5,15898.75
20151127,13600,13600,13250,13350,43668,-14540,137.84048752090223,462.6283605660163,522.1290549279938,526.8459610423256,2832.16777496597,13550.0,13985.0,13827.5,14140.0,15880.833333333334
20151130,13300,13400,13100,13100,31827,-16027,186.01075237738274,530.1179114121686,537.6976380829657,543.1613991766167,2843.3913387987404,13420.0,13885.0,13772.5,14120.833333333334,15859.166666666666
20151201,13050,13250,12800,12950,64387,-39523,235.37204591879643,546.465918424928,548.9706276295664,563.1379098901967,2855.2429540039197,13290.0,13725.0,13702.5,14099.166666666666,15839.583333333334
20151202,13000,13000,12550,12600,52696,-27074,341.46742157927747,581.7215828899594,592.3259237953375,592.3798518592881,2868.327734596536,13120.0,13540.0,13630.0,14081.666666666666,15802.916666666666
20151203,12600,12600,12250,12250,57804,-13772,386.0051813123757,620.1814250685037,661.2488185244644,628.5101431161974,2886.2496992445112,12850.0,13325.0,13550.0,14065.0,15770.416666666666
20151204,12200,12500,11850,11950,84568,-48747,427.31721238442987,583.8664230798,747.2073005531997,673.565863314171,2907.0431713340863,12570.0,13060.0,13467.5,14045.833333333334,15740.0
20151207,12100,12200,11950,12100,24550,-9301,361.386219991853,598.5190055461899,800.5310737254364,712.9457669883512,2925.5125085188306,12370.0,12895.0,13420.0,14025.0,15713.75
20151208,12100,12200,11700,11750,67526,-23943,287.4021572639983,636.7102951892642,860.7264373771727,768.2822651140852,2947.5083639500835,12130.0,12710.0,13380.0,13980.833333333334,15683.333333333334
20151209,11800,12400,11800,12000,111477,12088,165.5294535724685,616.4616776410355,911.8799263060899,806.4221392463171,2966.434330789918,12010.0,12565.0,13315.0,13940.0,15654.166666666666
20151210,12150,12850,12000,12850,238639,41183,377.6241517699841,524.7856705360771,911.5097366457477,817.8715601418284,2977.3672887674384,12130.0,12490.0,13270.0,13918.333333333334,15630.833333333334
20151211,12950,13000,12000,12000,151614,-61875,373.36309405188933,455.21972716480553,935.3341648844009,852.2616968982816,2995.6077801044594,12140.0,12355.0,13170.0,13880.0,15600.833333333334
20151214,11900,11950,11400,11400,97828,-10070,478.539444560216,462.6283605660163,984.8984719248983,904.0864019672895,3019.293400597073,12000.0,12185.0,13035.0,13826.666666666666,15560.833333333334
20151215,11500,12000,11500,11650,81860,-17890,490.5099387372289,408.93153461184687,964.4428443407104,944.1780670096916,3040.010850675104,11980.0,12055.0,12890.0,13783.333333333334,15525.833333333334
20151216,11750,11950,11700,11850,56818,-20037,492.9503017546495,368.9173349139343,919.5923009682061,971.2145174413444,3058.3094628950616,11950.0,11980.0,12760.0,13739.166666666666,15496.25
20151217,12050,12100,11700,11800,71029,-26438,203.46989949375805,360.58979464205584,860.4359360231302,1000.7913535464155,3076.667456662977,11740.0,11935.0,12630.0,13700.0,15464.166666666666
20151218,11850,12600,11850,12550,120458,3701,383.40579025361626,405.2468383590426,732.2013042872841,1007.8111595597984,3087.159787823705,11850.0,11995.0,12527.5,13670.0,15433.333333333334
20151221,12700,13050,12500,12800,113034,1389,456.7274898667695,472.25522760473496,680.3308018897866,1011.90517506991,3095.687833054613,12130.0,12065.0,12480.0,13647.5,15405.416666666666
20151222,13000,13050,12800,13000,88542,-8079,490.9175083453431,533.7602458033007,642.4562241896331,1012.1539189053644,3103.2677389684522,12400.0,12190.0,12450.0,13626.666666666666,15382.916666666666
20151223,13050,13250,12950,13000,49371,-2564,446.7661580737735,580.430874437258,614.3034673514386,1010.1925009070396,3106.743086282935,12630.0,12290.0,12427.5,13603.333333333334,15348.75
20151224,13100,13250,12900,13000,80124,-21434,177.76388834631177,596.4268605621313,569.3142805164824,1008.9584838942343,3111.7179963629474,12870.0,12305.0,12397.5,13581.666666666666,15318.333333333334
20151228,12950,13250,12900,13200,36432,-1858,126.49110640673516,641.9696254496781,557.584074378026,1001.2977690088755,3117.3354897340937,13000.0,12425.0,12390.0,13558.333333333334,15296.666666666666
20151229,13050,13050,12500,12600,118783,-26493,195.95917942265427,543.8060315958255,535.9804100897718,1001.0605487292717,3123.831337031878,12960.0,12545.0,12365.0,13526.666666666666,15261.666666666666
20151230,12600,12850,12550,12700,55566,182,219.08902300206643,454.972526643093,524.9940475853036,991.4842269154612,3129.4421483264978,12900.0,12650.0,12352.5,13490.833333333334,15227.916666666666
20160104,12700,12750,12100,12100,65461,-28106,376.2977544445356,415.48164821084464,524.5176355471758,977.1074090850067,3140.722421098216,12720.0,12675.0,12327.5,13436.666666666666,15192.916666666666
20160105,12150,12450,12050,12300,74484,-2325,376.2977544445356,328.06249404648497,524.2613851887244,964.7750889311699,3148.166105272884,12580.0,12725.0,12330.0,13390.833333333334,15155.416666666666
20160106,12350,12500,11800,12200,84893,-12638,231.5167380558045,361.80105030251093,517.9949324076443,951.9920634589412,3145.8013243404885,12380.0,12690.0,12342.5,13343.333333333334,15104.166666666666
20160107,12100,12250,11650,11650,112240,-1939,338.2306905057552,473.9461994783797,537.4476718714111,964.1184084724645,3131.6327111428877,12190.0,12575.0,12320.0,13295.833333333334,15036.25
20160108,11450,12050,11400,12000,67575,-245,223.606797749979,479.1920283143283,526.8479382136749,966.2513475626247,3067.908234856472,12050.0,12475.0,12332.5,13255.0,14948.75
20160111,11850,12100,11750,12000,27884,6855,222.71057451320087,463.2763753959401,526.8479382136749,966.6562499438336,2995.9785256889013,12030.0,12375.0,12332.5,13214.166666666666,14859.583333333334
20160112,12150,12150,11750,11850,37669,-1074,182.75666882497063,435.77517139001844,522.7989575353033,965.0546904478906,2895.3187492437482,11940.0,12260.0,12282.5,13168.333333333334,14760.416666666666
20160113,11900,12650,11900,12550,76635,6085,298.99832775452114,325.1538097577822,521.6799785308997,954.7087252140924,2775.4399050721363,12010.0,12195.0,12310.0,13137.5,14665.0
20160114,12400,12450,12050,12200,59415,910,242.07436873820407,296.1840643923977,479.3224384482746,949.930918540878,2662.1223975847515,12120.0,12155.0,12350.0,13102.5,14570.416666666666
20160115,12350,12350,11900,12100,74835,-11411,235.37204591879643,233.9337513057917,455.92625500183686,944.3383927384905,2587.597790691021,12140.0,12095.0,12372.5,13065.0,14489.583333333334
20160118,11950,12050,11700,12000,64521,-1540,235.37204591879643,235.6374333589636,448.44174649557334,929.5697929687227,2500.2283229070968,12140.0,12085.0,12380.0,13020.0,14405.0
20160119,12150,12150,11600,11800,107854,-36371,248.19347291981717,237.74986855937482,448.44174649557334,930.6400873711248,2408.3973102806017,12130.0,12035.0,12380.0,12980.833333333334,14318.75
20160120,11800,11900,11450,11500,74944,-48,248.19347291981717,278.4331158465171,485.40575810346536,930.9862601921567,2342.718291441745,11920.0,11965.0,12327.5,12932.5,14239.583333333334
20160121,11400,12100,11350,11600,75602,-9612,228.03508501982756,284.4292530665578,497.3115220865087,933.7420979882322,2238.418922104061,11800.0,11960.0,12267.5,12890.833333333334,14151.25
20160122,11700,11950,11650,11850,28988,-5679,178.88543819998318,285.8758471784561,475.2893855326458,917.6188236710623,2136.9766659543825,11750.0,11945.0,12210.0,12845.833333333334,14068.75
20160125,11950,12050,11800,11900,48716,647,153.62291495737216,285.5258307053847,443.25500561189386,910.6998987347387,2061.7016973580508,11730.0,11935.0,12155.0,12809.166666666666,13996.666666666666
20160126,12000,12000,11300,11300,97490,-21906,222.71057451320087,343.6568055487917,436.0045871318328,919.5783302989807,1989.5612564220623,11630.0,11880.0,12070.0,12765.833333333334,13920.416666666666
20160127,11450,11750,11450,11500,70068,-10769,222.71057451320087,276.81221071332817,367.7974986320598,929.851765366642,1892.9437227504104,11630.0,11775.0,11985.0,12734.166666666666,13841.25
20160128,11500,11800,11450,11600,47404,147,222.71057451320087,240.88378940891806,348.24560298731694,921.0723671652837,1781.4639735029932,11630.0,11715.0,11935.0,12690.833333333334,13761.666666666666
20160129,11600,11650,11400,11600,40811,-917,193.9071942966532,205.0,307.571129984594,905.6627407594408,1566.1709654618626,11580.0,11665.0,11880.0,12645.0,13664.583333333334
20160201,11650,11800,11500,11650,41014,713,124.89995996796794,172.04650534085255,307.1135783386987,895.6701401743283,1311.3913306951554,11530.0,11630.0,11857.5,12605.0,13568.333333333334
20160202,11700,11700,11500,11550,17603,2571,50.99019513592785,163.47782724271815,296.3950067055786,890.7705777707984,1242.3700468594384,11580.0,11605.0,11820.0,12566.666666666666,13510.0
20160203,11600,11600,11350,11500,34111,-9002,50.99019513592785,163.47782724271815,290.73183520213263,890.7378339830342,1207.5974052041295,11580.0,11605.0,11785.0,12531.666666666666,13462.083333333334
20160204,11450,11600,11400,11550,21483,-3407,50.99019513592785,164.31676725154983,293.85370509830227,896.8680071348961,1183.0254881259946,11570.0,11600.0,11780.0,12506.666666666666,13419.166666666666
20160205,11550,11750,11400,11500,68783,-18495,54.77225575051661,143.26548781894402,295.3387885124472,906.0487324396257,1178.745802396284,11550.0,11565.0,11755.0,12489.166666666666,13385.0
20160211,11250,11800,11200,11800,80117,49588,112.24972160321823,121.34661099511595,290.215437218629,904.0230300654873,1166.4749842534484,11580.0,11555.0,11745.0,12464.166666666666,13351.666666666666
20160212,11700,11700,11200,11250,66170,9115,174.92855684535903,132.28756555322954,308.26125283596707,901.4074642838063,1165.228205474588,11520.0,11550.0,11715.0,12422.5,13316.25
20160215,11300,11500,11250,11300,24261,-6342,196.468827043885,151.98684153570665,254.6934431821911,888.8393649397849,1176.6654125348255,11480.0,11530.0,11652.5,12377.5,13292.083333333334
20160216,11450,11800,11350,11750,28023,8014,224.94443758403983,165.0,223.27113561766103,863.4893681388215,1184.3595901959354,11520.0,11545.0,11630.0,12338.333333333334,13275.833333333334
20160217,11800,11800,11600,11700,19461,3953,235.37204591879643,170.9532099727876,196.596032513375,817.6945062524551,1192.7940471385182,11560.0,11555.0,11610.0,12290.833333333334,13260.833333333334
20160218,11800,11900,11650,11850,18906,196,246.17067250182342,191.37659209004642,184.0346434777974,769.6008164409366,1199.1070172795612,11570.0,11575.0,11602.5,12247.5,13245.833333333334
20160219,11900,12050,11750,11950,33046,-2300,222.26110770892868,221.41589825484527,194.67922333931784,717.5459722011618,1202.8380068959955,11710.0,11615.0,11610.0,12206.666666666666,13228.75
20160222,12000,12000,11700,11700,43783,4033,96.95359714832657,219.14607000811128,193.9071942966532,649.1126421678358,1205.9671516395176,11790.0,11635.0,11620.0,12158.333333333334,13206.25
20160223,11850,12000,11750,11900,24908,3710,102.95630140987,230.43437243605823,203.16249653910046,615.861523937445,1204.9405673449342,11820.0,11670.0,11635.0,12127.5,13183.75
20160224,11950,11950,11650,11650,33132,-12316,115.75836902790225,223.66269246345038,197.16744153130355,588.1255534888371,1197.1795558265635,11810.0,11685.0,11625.0,12095.0,13153.333333333334
20160225,11700,11800,11600,11700,14809,568,120.83045973594572,220.51077071199947,187.81639970992947,563.0639148641169,1190.990484149027,11780.0,11675.0,11615.0,12065.833333333334,13125.0
20160226,11700,11850,11550,11800,23062,-508,89.44271909999159,170.58722109231982,177.2004514666935,527.3433153289274,1189.2913389447892,11750.0,11730.0,11640.0,12035.833333333334,13101.666666666666
20160229,11750,11850,11550,11650,27143,-13109,96.95359714832657,100.12492197250393,174.2663191784345,500.9844475296094,1183.7082005996526,11740.0,11765.0,11647.5,12007.5,13073.75
20160302,11750,11850,11700,11700,16801,-931,54.77225575051661,101.9803902718557,174.2663191784345,481.7928035529754,1185.2891700622547,11700.0,11760.0,11652.5,11984.166666666666,13052.5
20160303,11900,11900,11700,11800,15654,-1189,60.0,100.49875621120891,176.68828484084617,465.5910222500856,1185.5869824925364,11730.0,11770.0,11662.5,11965.0,13032.083333333334
20160304,11850,11850,11700,11800,28230,-1387,63.24555320336759,97.59610647971569,179.16472867168918,458.6180933581172,1189.4735063137914,11750.0,11765.0,11670.0,11951.666666666666,13016.666666666666
20160307,11850,12050,11750,11950,99980,-70948,102.95630140987,97.59610647971569,186.81541692269408,456.9707017108442,1193.213157356678,11780.0,11765.0,11690.0,11946.666666666666,13005.833333333334
20160308,11950,12150,11900,12000,50228,1184,109.54451150103323,117.15374513859982,193.06734576307824,457.02160780413766,1196.6747910588572,11850.0,11795.0,11715.0,11947.5,12996.666666666666
20160309,12050,12200,11950,12050,48098,-7938,102.95630140987,137.4772708486752,202.23748416156684,456.7883049678862,1199.3085392101675,11920.0,11810.0,11740.0,11946.666666666666,12985.833333333334
20160310,12100,12200,12050,12150,67720,-1054,115.75836902790225,159.37377450509229,212.99941314473145,456.7883049678865,1194.632018540616,11990.0,11860.0,11772.5,11953.333333333334,12967.083333333334
20160311,12150,12250,12000,12250,26897,129,107.70329614269009,187.14967272212903,237.11811402758755,458.3325757568182,1188.5997100931575,12080.0,11915.0,11795.0,11957.5,12948.75
20160314,12600,12650,12200,12250,99399,-38673,101.9803902718557,207.12315177207972,221.8670773233379,445.1053246141626,1185.1423232629465,12140.0,11960.0,11845.0,11947.5,12932.916666666666
20160315,12250,12300,11900,12000,50521,-23610,101.9803902718557,179.5132307101624,185.3375299285064,445.1053246141626,1181.4708788202126,12140.0,11995.0,11880.0,11947.5,12913.75
20160316,12100,12200,11900,12000,31920,-8638,112.24972160321823,150.41608956491322,184.57721961282218,439.3958921062866,1174.1662970191921,12130.0,12025.0,11892.5,11957.5,12892.083333333334
20160317,12050,12150,11850,11950,88023,-53556,131.90905958272918,133.7908816025965,179.5132307101624,437.5714227413391,1170.6105215039556,12090.0,12040.0,11905.0,11962.5,12872.916666666666
20160318,12050,12100,11900,12050,58355,-10885,104.88088481701516,107.35455276791944,181.72781845386245,437.46349053999387,1163.3975030058332,12050.0,12065.0,11915.0,11965.833333333334,12852.5
20160321,12100,12200,12000,12150,51673,-14003,67.82329983125268,102.59142264341595,188.74586088176875,437.54682289110764,1159.0078971067294,12030.0,12085.0,11925.0,11971.666666666666,12835.833333333334
20160322,12150,12250,12000,12100,64633,-13750,70.71067811865477,98.61541461658008,185.0,431.38262855857084,1152.5424040163398,12050.0,12095.0,11945.0,11964.166666666666,12817.083333333334
20160323,12150,12150,11950,12050,20746,-877,66.332495807108,98.61541461658008,186.06114586339618,417.6288889537793,1148.1052476678394,12060.0,12095.0,11952.5,11951.666666666666,12799.583333333334
20160324,12050,12150,11900,11950,31949,7906,66.332495807108,105.47511554864494,172.68106439329125,394.70365113854825,1142.9183375854539,12060.0,12075.0,11967.5,11934.166666666666,12780.416666666666
20160325,12000,12150,12000,12100,37253,10398,67.82329983125268,88.8819441731559,163.45871038277525,370.2579806325586,1134.854294979555,12070.0,12060.0,11987.5,11919.166666666666,12761.25
20160328,12100,12300,12000,12250,52937,14770,96.95359714832657,88.8819441731559,167.03293088490062,345.3822359195192,1126.9646425490755,12090.0,12060.0,12010.0,11906.666666666666,12744.166666666666
20160329,12300,12600,12300,12350,63220,-2867,142.828568570857,121.34661099511595,161.16761461286197,307.38480226996194,1114.58130840947,12140.0,12095.0,12045.0,11892.5,12725.416666666666
20160330,12350,12600,12350,12450,55455,-1362,177.76388834631177,156.20499351813308,163.7643123516232,302.1864766440476,1102.900217104476,12220.0,12140.0,12082.5,11890.0,12708.333333333334
20160331,12500,12650,12400,12450,46791,-11692,132.664991614216,167.03293088490062,168.89345754054537,292.5593482049393,1085.5055145978918,12320.0,12190.0,12115.0,11885.833333333334,12688.333333333334
20160401,12550,12750,12450,12750,93739,-12403,167.33200530681512,228.91046284519194,203.63877332178168,311.6978594014284,1057.7557479032837,12450.0,12260.0,12162.5,11896.666666666666,12666.666666666666
20160404,12850,13550,12700,13550,192724,33961,440.908153700972,444.97190922573975,359.2613950871983,373.58901215088997,1038.1992289002637,12710.0,12400.0,12242.5,11917.5,12654.166666666666
20160405,13600,13650,13350,13650,83331,10706,526.8775948927796,566.7671479540783,467.30610952565127,433.22113932197965,1018.8974842120018,12970.0,12555.0,12325.0,11941.666666666666,12642.5
20160406,13500,13650,13050,13200,85971,-9809,460.0,569.2978130996113,499.56856386285966,460.4187405683506,1005.9185962206067,13120.0,12670.0,12382.5,11967.5,12631.666666666666
20160407,13300,13400,13050,13200,33104,-5107,317.1750305430741,533.5962893424204,526.806416058119,486.7087595950444,993.4297177792098,13270.0,12795.0,12435.0,11987.5,12621.25
20160408,13100,13250,12950,13250,68793,3287,191.3112646970899,493.8623289946298,553.6469994500105,512.8487972967955,980.9320079225067,13370.0,12910.0,12485.0,12008.333333333334,12611.25
20160411,13250,13500,12800,12900,66596,-5560,239.58297101421883,442.8600230321088,557.9594519317691,524.9199674446605,964.2418401983516,13240.0,12975.0,12517.5,12025.833333333334,12597.083333333334
20160412,12850,13350,12850,13050,31795,4733,128.84098726725125,390.8004605933826,556.192412749401,537.0049399730295,950.9246231374514,13120.0,13045.0,12570.0,12034.166666666666,12585.833333333334
20160414,13150,13250,12650,12700,84677,-39627,201.49441679609888,358.60842154082223,541.040663906143,543.3556999485222,937.9243484063885,13020.0,13070.0,12605.0,12042.5,12572.5
20160415,12750,12800,12600,12700,50158,-20088,211.18712081942883,321.28647652834684,519.9218691303531,549.8048896349948,923.7528191207588,12920.0,13095.0,12642.5,12052.5,12558.75
20160418,12750,13000,12650,12800,47367,-7306,132.664991614216,316.227766016838,502.5932749251625,558.0092342922634,902.9649271829103,12830.0,13100.0,12680.0,12065.833333333334,12542.916666666666
20160419,13100,13300,13050,13050,106945,-3909,159.37377450509229,278.38821814150106,493.33051800998487,570.8813848387761,892.1220605015603,12860.0,13050.0,12725.0,12086.666666666666,12533.75
20160420,13050,13200,12900,13150,60691,8365,186.01075237738274,200.0,479.7069417884215,581.5992081225462,877.4473710081453,12880.0,13000.0,12777.5,12114.166666666666,12523.333333333334
20160421,13100,13200,12950,13000,44068,-2883,165.5294535724685,188.67962264113208,451.52519309557914,588.5451696059964,866.6069690979332,12940.0,12980.0,12825.0,12137.5,12514.166666666666
20160422,13000,13200,12800,13100,60153,451,120.83045973594572,179.16472867168918,407.51533713469,600.0115739623477,848.046673080226,13020.0,12970.0,12882.5,12158.333333333334,12502.083333333334
20160425,13200,13200,13000,13050,40174,-5579,50.99019513592785,156.52475842498527,366.87872655688284,609.7420902861735,836.857547946945,13070.0,12950.0,12930.0,12177.5,12493.333333333334
20160426,13050,13200,12750,12900,49913,-5395,86.02325267042627,156.52475842498527,332.36839500770833,605.7565288315993,827.7378812161603,13040.0,12950.0,12962.5,12204.166666666666,12485.0
20160427,12900,12900,12600,12700,73859,-28798,141.42135623730948,168.89345754054537,307.97727188868987,601.9753363348387,823.7258679656563,12950.0,12915.0,12980.0,12224.166666666666,12479.166666666666
20160428,12700,12750,12450,12450,53919,-3213,239.58297101421883,211.8962010041709,307.97727188868987,597.1017966439581,808.4809787841483,12840.0,12890.0,12980.0,12238.333333333334,12464.583333333334
20160429,12450,12650,12400,12650,27476,1393,207.3644135332772,216.85248442201438,293.51320242878336,593.5129643813827,790.002527246448,12750.0,12885.0,12990.0,12255.833333333334,12450.416666666666
20160502,12700,12700,12250,12350,43124,971,193.39079605813717,270.0,321.48094811357015,588.3469073031839,776.3150804711232,12610.0,12840.0,12970.0,12267.5,12436.25
20160503,12450,12500,12300,12400,36478,-1613,139.2838827718412,289.17987481842516,315.3866674417294,581.0885379086196,765.42426506858,12510.0,12775.0,12912.5,12281.666666666666,12424.166666666666
20160504,12450,12450,11950,12050,75488,-2208,193.9071942966532,331.7001658124397,321.04322138927034,572.9668159868518,758.5200090748348,12380.0,12665.0,12832.5,12290.833333333334,12411.25
20160509,12050,12150,11900,12050,30802,-2110,228.03508501982756,357.21142198983506,351.6034698349833,565.7216384602158,756.9482543228719,12300.0,12570.0,12775.0,12299.166666666666,12402.916666666666
20160510,12000,12150,11950,12000,49751,563,169.1153452528776,346.2657938636157,375.53295461250804,557.5112106495161,757.7085338192011,12170.0,12460.0,12715.0,12307.5,12398.333333333334
20160511,11950,12400,11850,12350,100871,62591,169.1153452528776,285.30685235374216,362.42240548840243,553.5993336539627,753.195853052695,12170.0,12390.0,12670.0,12316.666666666666,12390.416666666666
20160512,12350,12500,12150,12150,21920,-605,124.89995996796794,235.6374333589636,375.25824441309754,536.4207511106483,743.1042948710344,12120.0,12315.0,12632.5,12331.666666666666,12377.083333333334
20160513,12100,12300,11800,11900,71921,-18925,152.97058540778357,226.9911892563233,394.4933459514875,522.5073098902819,729.2774915780991,12090.0,12235.0,12575.0,12341.666666666666,12359.583333333334
20160516,11950,12050,11700,11800,67230,-26358,193.39079605813717,248.19347291981717,427.609635064506,521.6020993054861,713.3341851631992,12040.0,12170.0,12530.0,12342.5,12340.416666666666
20160517,11850,11900,11700,11850,24228,160,208.3266665599966,205.91260281974,450.2429899509819,518.8689622630075,685.3161020452138,12010.0,12090.0,12487.5,12345.0,12317.916666666666
20160518,11700,11900,11600,11900,53770,856,120.83045973594572,192.93781381574738,461.5937066295424,518.1128952478529,657.8605897572676,11920.0,12045.0,12442.5,12345.833333333334,12296.666666666666
20160519,11900,11950,11500,11950,76564,-28398,50.99019513592785,153.2970971675589,451.3521352558333,518.1128952478529,629.6812189514826,11880.0,12000.0,12387.5,12345.833333333334,12276.25
20160520,11750,11950,11700,11900,43471,-14037,50.99019513592785,155.0,427.346463656832,514.5784412721862,593.4420253910448,11880.0,11985.0,12325.0,12349.166666666666,12253.75
20160523,11800,11900,11750,11850,16470,1659,37.416573867739416,158.19292019556374,409.6568686107923,515.3450839538939,578.4676537103134,11890.0,11965.0,12267.5,12348.333333333334,12237.916666666666
20160524,11950,11950,11650,11700,22735,1145,86.02325267042627,176.13914953808538,379.9588793540689,514.2544495566171,566.8552076051833,11860.0,11935.0,12197.5,12349.166666666666,12222.083333333334
20160525,11700,11700,11550,11700,39823,692,102.95630140987,122.88205727444507,340.3674485023502,514.2544495566171,557.5112106498192,11820.0,11870.0,12130.0,12349.166666666666,12207.5
20160526,11750,11750,11500,11600,47719,-5025,109.54451150103323,107.35455276791944,309.8790086469233,518.4344756624948,545.39677198267,11750.0,11815.0,12065.0,12345.833333333334,12190.833333333334
20160527,11600,11600,11350,11450,76105,-4771,131.90905958272918,148.66068747318502,301.4444393250604,523.515759075016,539.0578200282057,11660.0,11770.0,12002.5,12342.5,12175.0
20160530,11500,11600,11000,11150,181027,-3792,206.3976744055029,237.11811402758755,336.1082414937188,539.2639015875674,540.3186752589271,11520.0,11705.0,11937.5,12333.333333333334,12158.75
20160531,11100,11250,11050,11150,40461,-4080,226.7156809750927,282.8869031963127,336.1082414937188,556.1343512736437,543.1222429928298,11410.0,11635.0,11862.5,12322.5,12143.75
20160601,11250,11400,11100,11300,37524,-90,174.92855684535903,283.9454172900137,337.8609181305231,567.5305914416522,546.8659126231204,11330.0,11575.0,11810.0,12314.166666666666,12132.916666666666
20160602,11300,11300,11000,11200,77991,19052,114.01754250991378,273.8612787525831,334.29029300893563,583.449988335571,553.2850129506359,11250.0,11500.0,11750.0,12301.666666666666,12124.166666666666
20160603,11300,11500,11250,11450,42891,13191,114.01754250991378,239.21747427811368,332.9414362917298,592.3698872606727,556.4545504054184,11250.0,11455.0,11720.0,12292.5,12120.0
20160607,11550,11600,11300,11600,50618,13269,165.5294535724685,207.60539492026692,324.990384473141,598.2126154915339,558.4570758400196,11340.0,11430.0,11697.5,12285.0,12115.833333333334
20160608,11600,12150,11400,12000,199380,71445,280.0,259.61509971494337,324.990384473141,599.084370796987,557.5540270285791,11510.0,11460.0,11697.5,12282.5,12117.916666666666
20160609,12100,12600,11950,12600,306141,154211,489.48953002081663,428.36899981207785,353.41194094144583,600.4419668506226,559.1621646616646,11770.0,11550.0,11710.0,12288.333333333334,12122.916666666666
20160610,12600,12600,12050,12050,124307,-26003,401.7461885320133,454.1200281863816,347.81460578877363,601.2001885117429,555.2087632895965,11940.0,11595.0,11705.0,12285.0,12116.25
20160613,11950,12250,11800,12100,69500,33768,318.74754901018457,474.76309881876887,356.0547710675985,600.5460478226829,555.1086918094978,12070.0,11660.0,11715.0,12286.666666666666,12117.083333333334
20160614,12200,12200,11950,11950,28166,11050,235.37204591879643,448.7761134463375,359.33097556431176,600.9777912331238,551.4274405780436,12140.0,11740.0,11722.5,12285.833333333334,12121.666666666666
20160615,11850,12000,11800,11900,25211,7986,250.19992006393608,404.382244911915,360.3817420458478,601.4773478693012,550.1122044639889,12120.0,11815.0,11725.0,12285.0,12123.75
20160616,11850,12050,11450,11500,51145,6518,212.13203435596427,382.7858409084642,361.21323342314025,609.1313259241479,552.478632065638,11900.0,11835.0,11705.0,12275.833333333334,12120.833333333334
20160617,11550,11950,11500,11900,41630,20687,198.997487421324,318.94356867634116,359.67867604293696,610.8304911256289,552.069339445495,11870.0,11905.0,11702.5,12271.666666666666,12121.666666666666
20160620,11900,12050,11750,11850,37063,-845,163.0950643030009,282.35615806991,358.46896657869837,612.8366421811672,551.2101585503652,11820.0,11945.0,11700.0,12267.5,12115.833333333334
20160621,11900,11900,11750,11750,19813,209,150.3329637837291,267.20778431774767,357.036412708844,615.8073968375891,548.607928964258,11780.0,11960.0,11695.0,12262.5,12107.083333333334
20160622,11750,12100,11600,11600,76461,-40368,150.3329637837291,287.4021572639983,357.6310948449533,620.3807074870316,544.3649141177752,11720.0,11920.0,11690.0,12256.666666666666,12095.416666666666
20160623,11650,11700,11450,11500,43763,-4529,150.3329637837291,204.6948949045872,360.0,627.618957294506,540.6591591651065,11720.0,11810.0,11680.0,12246.666666666666,12082.916666666666
20160624,11600,11650,10950,11000,67695,3129,295.6349099818897,301.2059096365806,389.2300091205712,647.5911561745129,542.9534395325549,11540.0,11705.0,11650.0,12225.833333333334,12066.25
20160627,10550,11300,10450,11300,182852,69198,260.0,291.76188921790316,394.42204552991205,658.1012249054917,537.3350845196951,11430.0,11625.0,11642.5,12208.333333333334,12050.416666666666
20160628,11200,11250,11000,11050,76011,-21674,237.48684174075836,315.47583108694715,401.2091100660602,673.7519325883616,542.5729597638456,11290.0,11535.0,11637.5,12185.0,12037.5
20160629,11100,11350,11100,11250,36123,-4500,180.55470085267788,300.1666203960727,395.6876925050866,683.3313008099011,543.8288576281349,11220.0,11470.0,11642.5,12165.0,12025.416666666666
20160630,11350,11450,11250,11350,29836,11898,139.2838827718412,302.0347662107792,393.66864238849405,686.8507034929593,547.2348419302775,11190.0,11455.0,11645.0,12141.666666666666,12019.166666666666
20160701,11400,11450,11300,11350,29695,-2446,111.35528725660043,263.6285265292814,386.4825351810868,669.1848274828235,549.9796397748744,11260.0,11400.0,11652.5,12105.0,12011.25
20160704,11400,11400,11200,11250,26355,-6525,109.54451150103323,218.86068628239292,394.1049986995851,646.999484801352,554.0281781845183,11250.0,11340.0,11642.5,12065.0,12003.333333333334
20160705,11250,11300,11050,11050,39662,-5653,109.54451150103323,186.01075237738274,414.75896614780976,642.6696706360399,559.8710168920961,11250.0,11270.0,11615.0,12029.166666666666,11998.333333333334
20160706,11100,11100,10800,10900,66601,-22125,177.76388834631177,180.27756377319943,432.6083679264654,640.2793444183312,568.7040579737322,11180.0,11200.0,11560.0,11990.833333333334,11989.166666666666
20160707,11100,11150,10950,11000,19574,-3471,165.5294535724685,158.11388300841895,377.2929895982696,631.2597634007468,575.7670005211518,11110.0,11150.0,11480.0,11953.333333333334,11980.833333333334
20160708,11000,11200,10900,10950,28462,-2484,120.83045973594572,163.47782724271815,370.30392922571053,631.8815597526424,583.2357061164246,11030.0,11145.0,11425.0,11920.833333333334,11973.333333333334
20160711,10950,11200,10950,11100,20349,-2619,70.71067811865477,155.3222456700907,342.23529917295207,623.0547505814379,586.1762569116073,11000.0,11125.0,11375.0,11888.333333333334,11961.25
20160712,11100,11250,11050,11100,23263,-8098,80.0,153.62291495737216,320.26356333495073,621.9838333017697,590.9524738835818,11010.0,11130.0,11332.5,11861.666666666666,11952.083333333334
20160713,11250,11250,10950,11100,66934,-28024,63.24555320336759,148.4082207965583,295.9201750472583,619.7647403113598,595.8384323793125,11050.0,11115.0,11292.5,11835.0,11943.75
20160714,11100,11350,11000,11350,88797,-10095,128.84098726725125,148.4082207965583,292.4465763177952,609.8559711566562,598.2520836201011,11120.0,11115.0,11285.0,11810.833333333334,11938.333333333334
20160715,11550,11800,11400,11400,93202,-5784,135.64659966250537,156.84387141358118,258.1666128685117,590.2447703188576,600.124986982076,11210.0,11120.0,11260.0,11783.333333333334,11935.0
20160718,11450,11750,11400,11750,75634,-6962,239.58297101421883,245.15301344262522,247.43686063317244,562.7906656415018,599.0442329709823,11340.0,11170.0,11255.0,11760.0,11937.083333333334
20160719,11700,11750,11450,11500,56264,-7402,211.18712081942883,259.8557292037257,227.63732119316464,540.0077159941362,599.5818855671316,11420.0,11215.0,11242.5,11735.0,11936.25
20160720,11500,11600,11300,11400,42534,-14008,143.52700094407325,241.91940806805889,215.7979378956157,511.4901975816271,601.5137155545475,11480.0,11265.0,11232.5,11706.666666666666,11932.5
20160721,11500,11600,11300,11300,65186,-19037,153.62291495737216,225.22211259110412,207.6505477960509,483.1687938321368,604.2505688869786,11470.0,11295.0,11222.5,11677.5,11927.5
20160722,11300,11400,11100,11300,55705,-15177,167.33200530681512,193.9071942966532,201.7888748172208,458.4840661230842,604.2505688869786,11450.0,11330.0,11237.5,11650.833333333334,11927.5
20160725,11350,11500,11250,11450,57295,-12170,80.0,180.34688796871438,206.70026608594387,438.29214001607096,604.5623704155423,11390.0,11365.0,11245.0,11630.0,11927.083333333334
20160726,11400,11450,11300,11350,33592,-21028,58.309518948453004,157.797338380595,202.85462775100797,426.4550256343047,606.1146756185973,11360.0,11390.0,11260.0,11611.666666666666,11925.0
20160727,11450,11500,11350,11500,64086,-14006,81.24038404635961,126.8857754044952,209.4486810653149,404.64233177774736,606.6294631451665,11380.0,11430.0,11272.5,11592.5,11924.166666666666
20160728,11500,11550,11400,11500,27533,-4539,81.24038404635961,125.39936203984452,214.7091055358389,392.57341846940466,607.3472315919944,11420.0,11445.0,11280.0,11578.333333333334,11922.916666666666
20160729,11550,11600,11450,11500,74236,-9963,58.309518948453004,125.39936203984452,219.5876818038753,377.808005326454,607.6200155801081,11460.0,11455.0,11287.5,11563.333333333334,11922.5
20160801,11500,11600,11350,11450,25427,-8975,58.309518948453004,78.26237921249263,222.19079638904938,372.7003562587783,607.9266620153506,11460.0,11425.0,11297.5,11553.333333333334,11922.083333333334
20160802,11350,11500,11300,11500,31503,-14459,20.0,78.26237921249263,218.7464285422736,367.09350156159576,608.1986152202201,11490.0,11425.0,11320.0,11544.166666666666,11921.666666666666
20160803,11450,11500,11300,11450,66855,-24293,24.494897427831784,78.10249675906654,197.78460506318484,362.4339020196613,608.5043994638858,11480.0,11430.0,11347.5,11535.0,11921.25
20160804,11400,11500,11350,11400,44007,-1781,37.416573867739416,66.332495807108,181.15946014492317,346.9019634163027,610.2525376616306,11460.0,11440.0,11367.5,11519.166666666666,11917.916666666666
20160805,11450,11500,11350,11450,21939,3323,31.622776601683796,47.16990566028302,154.33324334050653,337.1232465037032,608.6972370473901,11450.0,11455.0,11392.5,11507.5,11919.583333333334
20160808,11450,11550,11350,11550,22021,4487,50.99019513592785,55.0,142.3903086589814,333.2874968483196,606.9985356015777,11470.0,11465.0,11415.0,11501.666666666666,11921.666666666666
20160809,11600,11600,11450,11600,25967,1374,73.48469228349533,53.851648071345046,128.06248474865697,331.281183018422,607.5050011227287,11490.0,11490.0,11440.0,11498.333333333334,11920.416666666666
20160810,11600,11650,11300,11500,184166,-85580,70.71067811865477,53.851648071345046,101.9803902718557,328.10376915420545,608.3811339669437,11500.0,11490.0,11460.0,11492.5,11918.75
20160811,11500,11650,11400,11550,117987,-17747,50.99019513592785,56.789083458002736,100.49875621120891,323.89127119361865,609.2742438072568,11530.0,11495.0,11470.0,11486.666666666666,11916.25
20160812,11550,11650,11500,11650,53725,-14571,50.99019513592785,73.48469228349533,106.38961415476606,318.97840400579577,609.7459341126472,11570.0,11510.0,11482.5,11481.666666666666,11913.75
20160816,11650,11900,11650,11650,49902,759,58.309518948453004,81.24038404635961,95.4921462739214,315.0958848771735,609.9089185190908,11590.0,11530.0,11477.5,11477.5,11913.333333333334
20160817,11750,11750,11550,11700,40959,-1105,73.48469228349533,94.86832980505136,107.09224995301949,312.71659160736715,610.2162640319635,11610.0,11550.0,11487.5,11475.0,11911.666666666666
20160818,11650,11750,11500,11500,13102,-1314,73.48469228349533,90.69178573608528,105.20812706250406,311.36348890337865,610.9042421327532,11610.0,11555.0,11492.5,11471.666666666666,11910.416666666666
20160819,11500,11600,11350,11400,35436,-15611,112.24972160321823,90.69178573608528,98.07522622966516,310.06271766974965,612.3722939430941,11580.0,11555.0,11497.5,11466.666666666666,11907.916666666666
20160822,11450,11700,11400,11500,77005,-13604,109.54451150103323,86.02325267042627,86.99856320652658,309.6099696928302,613.4192365115889,11550.0,11560.0,11507.5,11465.0,11905.416666666666
20160823,11500,11750,11450,11650,68332,-10666,109.54451150103323,90.0,91.2071817347735,310.5058596689455,613.4192365115889,11550.0,11570.0,11517.5,11468.333333333334,11905.416666666666
20160824,11700,11900,11650,11850,70996,2951,156.84387141358118,123.38962679253065,108.7140745257945,311.4749856192774,613.1521471509285,11580.0,11595.0,11542.5,11480.0,11906.666666666666
20160825,11850,11900,11650,11750,59485,-13845,163.0950643030009,126.8857754044952,117.15374513859982,310.34926561300153,613.241472967138,11630.0,11620.0,11555.0,11490.0,11906.25
20160826,11750,11850,11600,11700,31412,-8715,115.75836902790225,126.58988901172162,120.51970793193951,310.4924404158956,613.4531982059652,11690.0,11635.0,11565.0,11496.666666666666,11905.416666666666
20160829,11700,11700,11300,11400,70418,-19170,150.3329637837291,144.56832294800958,125.09996003196804,308.35585503310347,615.1552423758258,11670.0,11610.0,11560.0,11500.0,11900.833333333334
20160830,11400,11600,11300,11350,37643,-12763,198.4943324127921,163.0950643030009,131.24404748406687,308.89138688016516,617.1168120562436,11610.0,11580.0,11555.0,11498.333333333334,11895.416666666666
20160831,11350,11400,11100,11200,37256,-14592,211.18712081942883,192.61360284258225,152.1512405470294,310.93496997831926,620.1724670518098,11480.0,11530.0,11540.0,11491.666666666666,11888.333333333334
20160901,11300,11750,11050,11750,107476,73076,211.18712081942883,203.03940504246955,157.24185193516388,305.7265935437456,619.83196647713,11480.0,11555.0,11555.0,11487.5,11885.0
20160902,11750,11800,11500,11550,25315,-3,187.0828693386971,196.468827043885,153.1951369985353,269.44387170589357,619.6633270487519,11450.0,11570.0,11562.5,11470.0,11879.166666666666
20160905,11650,12100,11400,12050,114426,59961,299.3325909419153,241.09126902482387,183.8987493160299,269.44387170589357,618.9322122281027,11580.0,11625.0,11592.5,11470.0,11877.5
20160906,12000,12100,11950,12000,31218,1999,312.08973068654467,266.27053911388697,203.7768387231484,265.8268024273529,618.9322122281027,11710.0,11660.0,11615.0,11468.333333333334,11877.5
20160907,11900,12000,11600,11650,36320,-17415,194.93588689617928,258.65034312755125,203.8841582860228,259.46526207198553,619.1726951256238,11800.0,11640.0,11617.5,11463.333333333334,11874.583333333334
20160908,11600,11700,11500,11500,27305,-9739,230.2172886644268,258.8918693199924,203.8841582860228,253.2236604705096,620.0666406839903,11750.0,11615.0,11617.5,11456.666666666666,11870.833333333334
20160909,11450,11500,11300,11350,57626,-28039,274.5906043549196,268.51443164195103,211.704392963396,253.52377710072327,621.6443248891659,11710.0,11580.0,11607.5,11454.166666666666,11865.0
20160912,11200,11400,11200,11400,20785,-3438,233.66642891095844,268.51443164195103,216.1596632121729,246.86225353845336,622.5171517050009,11580.0,11580.0,11595.0,11445.833333333334,11858.75
20160913,11450,11450,11250,11400,25085,-7299,106.77078252031309,264.62237244798484,219.81526334629268,241.2410044376441,623.5080804521538,11460.0,11585.0,11582.5,11438.333333333334,11852.916666666666
20160919,11400,11500,11300,11500,25279,6176,60.0,234.57408211479802,218.78928218722234,237.9586215194076,624.0637431831755,11430.0,11615.0,11572.5,11434.166666666666,11848.333333333334
20160920,11500,11750,11400,11600,25345,19940,89.44271909999159,230.2172886644268,218.21720830401986,237.9586215194076,624.3995727009508,11450.0,11600.0,11577.5,11434.166666666666,11845.416666666666
20160921,11700,11700,11450,11500,14442,-1794,74.83314773547883,231.7865397299852,215.2179128232592,237.9586215194076,624.7431416636732,11480.0,11595.0,11582.5,11434.166666666666,11840.416666666666
20160922,11500,11600,11450,11600,30320,-10372,74.83314773547883,176.06816861659007,214.40324157997242,232.03657518176647,623.9858438567134,11520.0,11550.0,11587.5,11444.166666666666,11835.0
20160923,11600,11650,11400,11450,53192,-17299,60.0,93.40770846134704,215.91375593046402,231.2766501157225,623.1589551098299,11530.0,11495.0,11577.5,11446.666666666666,11827.5
20160926,11450,11500,11400,11450,15514,-6257,67.82329983125268,78.26237921249263,208.1315689654023,225.437845585172,621.4627681707602,11520.0,11475.0,11557.5,11453.333333333334,11819.166666666666
20160927,11400,11500,11350,11400,16086,-7852,67.82329983125268,80.77747210701756,205.91260281974,223.9962177256956,619.9091275252617,11480.0,11465.0,11540.0,11455.833333333334,11810.416666666666
20160928,11450,11550,11350,11400,14829,-7798,73.48469228349533,74.83314773547883,204.63381929681125,223.69373904682845,614.9858851137412,11460.0,11470.0,11525.0,11456.666666666666,11799.166666666666
20160929,11450,11550,11350,11450,37163,-4548,24.494897427831784,71.58910531638178,203.39309231141556,223.26491489278823,594.4511941467238,11430.0,11475.0,11527.5,11458.333333333334,11781.666666666666
20160930,11450,11450,11300,11400,17442,-3664,24.494897427831784,71.58910531638178,201.49441679609888,221.7528028129913,570.2154502663591,11420.0,11475.0,11530.0,11460.833333333334,11762.916666666666
20161004,11400,11500,11350,11450,32416,-12078,24.494897427831784,71.4142842854285,187.93283374652762,215.21791282293862,555.4627700297599,11420.0,11470.0,11542.5,11467.5,11748.333333333334
20161005,11400,11450,11350,11400,15108,-2066,24.494897427831784,59.16079783099616,184.05162319305958,202.3799369719023,540.1517276554196,11420.0,11450.0,11525.0,11475.833333333334,11733.333333333334
20161006,11450,11450,11300,11350,28682,-8324,37.416573867739416,63.4428877022476,187.81639970992947,193.426701591976,523.0380005317456,11410.0,11435.0,11515.0,11481.666666666666,11717.5
20161007,11350,11400,11300,11300,37618,-22119,50.99019513592785,47.16990566028302,147.88086421170254,182.2601163169348,513.0214149745301,11380.0,11405.0,11477.5,11487.5,11704.166666666666
20161010,11350,11400,11250,11400,25007,-11850,50.99019513592785,44.721359549995796,87.28545125048046,175.55269864021665,498.67724337070257,11380.0,11400.0,11447.5,11492.5,11690.416666666666
20161011,11400,11400,11250,11350,25156,-9692,37.416573867739416,43.588989435406745,76.28073151196179,169.03319857970223,490.9422629554349,11360.0,11390.0,11432.5,11496.666666666666,11679.166666666666
20161012,11300,11350,11250,11250,17806,-6334,50.99019513592785,60.207972893961475,84.26149773176358,164.1878158961614,483.4552647927249,11330.0,11375.0,11420.0,11499.166666666666,11667.083333333334
20161013,11300,11350,11250,11350,24890,-2969,50.99019513592785,60.0,84.26149773176358,164.1878158961614,472.99577165155364,11330.0,11370.0,11420.0,11499.166666666666,11655.0
20161014,11350,11350,11250,11300,18040,-6260,50.99019513592785,56.789083458002736,88.17596044274201,165.6867023426931,456.4489672706813,11330.0,11355.0,11415.0,11497.5,11640.416666666666
20161017,11300,11400,11200,11300,28492,-6450,37.416573867739416,56.789083458002736,91.65151389911681,164.26604437069759,435.98547376441695,11310.0,11345.0,11410.0,11490.0,11625.0
20161018,11300,11550,11200,11500,62925,31251,86.02325267042627,67.08203932499369,91.65151389911681,164.26604437069759,417.49500995051847,11340.0,11350.0,11410.0,11490.0,11612.5
20161019,11500,11500,11300,11300,23641,-8591,77.45966692414834,66.332495807108,83.51646544245034,165.67203210585916,395.54024236932463,11350.0,11340.0,11395.0,11488.333333333334,11597.5
20161020,11300,11400,11250,11400,21090,-1812,80.0,68.7386354243376,80.0,164.26604437069759,372.8361179306326,11360.0,11345.0,11390.0,11490.0,11583.75
20161021,11400,11500,11300,11500,74090,-24754,89.44271909999159,80.77747210701756,69.10137480542626,162.39526539306792,352.8335203120689,11400.0,11365.0,11385.0,11493.333333333334,11572.083333333334
20161024,11450,11550,11250,11350,55030,-36704,80.0,80.0,67.82329983125268,163.34183651293458,337.89688598122297,11410.0,11360.0,11380.0,11491.666666666666,11560.833333333334
20161025,11350,11350,11200,11250,13340,-842,86.02325267042627,86.60254037844385,71.4142842854285,165.27754435049346,329.07593686332444,11360.0,11350.0,11370.0,11490.0,11550.833333333334
20161026,11200,11300,11150,11250,26106,-7350,94.86832980505136,86.60254037844385,75.62241731127088,168.1000859272578,314.3898411566047,11350.0,11350.0,11362.5,11485.833333333334,11539.166666666666
20161027,11250,11300,11200,11250,21232,-10114,97.97958971132714,91.65151389911681,78.8986691902975,170.7743800713426,306.5534211197998,11320.0,11340.0,11355.0,11481.666666666666,11530.0
20161028,11250,11300,11200,11300,11838,-4112,40.0,91.65151389911681,76.60776723022279,172.32882005655537,296.6889036614096,11280.0,11340.0,11347.5,11478.333333333334,11520.833333333334
20161031,11300,11300,11050,11200,34156,-12126,31.622776601683796,100.49875621120891,81.96798155377499,175.9478300200125,294.10616705579963,11250.0,11330.0,11337.5,11474.166666666666,11513.75
20161101,11200,11200,11000,11100,26408,-8130,67.82329983125268,104.4030650891055,92.73618495495705,182.305832782522,292.3456382819427,11220.0,11290.0,11320.0,11467.5,11505.833333333334
20161102,11000,11050,10700,10750,41994,-10895,196.468827043885,192.41881404893857,153.1951369985353,204.14285575404674,296.78807206907237,11120.0,11235.0,11287.5,11455.833333333334,11495.416666666666
20161103,10750,11050,10750,10900,29831,5475,200.0,207.4246851269154,173.99712641305317,216.1066480541383,291.21393434348363,11050.0,11185.0,11265.0,11447.5,11483.333333333334
20161104,11000,11000,10750,10850,34468,-24706,165.5294535724685,200.24984394500785,195.7517560585345,229.24241172434694,290.3912590516267,10960.0,11120.0,11242.5,11437.5,11472.5
20161107,10900,10900,10800,10900,18329,-9053,114.01754250991378,193.97164741270825,205.71521577170708,238.82815765472532,292.3456382819456,10900.0,11075.0,11217.5,11426.666666666666,11464.166666666666
20161108,10950,11050,10800,10900,25657,-7943,58.309518948453004,190.78784028338916,214.41781642391567,247.0323865404316,295.16473743060584,10860.0,11040.0,11195.0,11415.0,11456.666666666666
20161109,10900,10950,9380,9740,188964,-75089,459.4083151184793,422.1243892503725,382.0664209270425,326.80966257963706,331.7855628602293,10658.0,10889.0,11119.5,11385.666666666666,11439.083333333334
20161110,10000,10000,9840,9930,71938,-18423,517.4011982978006,489.5926878538935,457.1900589470423,375.4218368121595,356.39802967442614,10464.0,10757.0,11048.5,11358.666666666666,11422.666666666666
20161111,9940,9990,9880,9930,22728,-1132,510.95988100828424,509.7450343063677,513.5367562307492,415.59996791769953,378.13485983505996,10280.0,10620.0,10980.0,11330.0,11405.833333333334
20161114,9990,10100,9930,10100,17679,653,406.30038149132963,491.06007779089515,541.9594080740734,442.2265319442226,393.6190699426046,10120.0,10510.0,10920.0,11304.166666666666,11390.833333333334
20161115,10100,10150,9990,10100,17440,-2283,133.71611720357424,461.6708784404752,552.8290875125873,465.197538686372,408.474932931744,9960.0,10410.0,10850.0,11277.5,11376.25
20161116,10100,10200,10050,10100,27888,-10445,83.28265125462805,454.9340611561197,565.7031023425627,488.00372835537536,423.5256698900498,10032.0,10345.0,10790.0,11254.166666666666,11362.916666666666
20161117,10150,10350,10100,10300,24758,-4515,117.23480711802277,415.6500932274646,557.1310438308028,502.6240863926837,433.250432775618,10106.0,10285.0,10735.0,11235.833333333334,11351.25
20161118,10300,10300,10100,10200,18271,-7301,80.0,370.5941176003742,539.6480334440217,518.5373392746943,445.08313050015295,10160.0,10220.0,10670.0,11214.166666666666,11339.583333333334
20161121,10100,10100,10000,10050,12652,73,89.44271909999159,294.5589923937139,532.0667251388684,536.2761260145655,460.1302276412082,10150.0,10135.0,10605.0,11187.5,11327.916666666666
20161122,10050,10100,9960,10000,24385,-9722,107.70329614269009,148.20593780277497,526.0121196322382,550.2989086748629,475.4565057806554,10130.0,10045.0,10542.5,11156.666666666666,11318.333333333334
20161123,9930,10050,9930,9990,13886,-4466,121.88519188154072,111.08555261599052,512.7911368188807,564.6115675595726,490.33990478288035,10108.0,10070.0,10479.5,11127.333333333334,11308.666666666666
20161124,10000,10100,9850,9850,26571,-5239,112.6765281680262,123.10970717209915,498.18144284989177,582.7201300794876,507.9542233861413,10018.0,10062.0,10409.5,11096.5,11296.583333333334
20161125,9810,9890,9770,9850,22655,-4721,82.55906976220119,133.58143583597237,467.9006304761728,602.7074101270671,524.6442180714645,9948.0,10054.0,10337.0,11070.666666666666,11285.333333333334
20161128,9890,9890,9720,9770,16835,-94,89.08422980528034,156.87255974197652,438.9245379333445,624.0656126472143,542.1852901814584,9892.0,10021.0,10265.5,11044.333333333334,11271.333333333334
20161129,9770,9770,9600,9650,42798,-6012,111.42710621747295,189.00793634130812,414.1509386685004,648.6828321040414,560.9872188584034,9822.0,9976.0,10193.0,11018.5,11255.083333333334
20161130,9650,9720,9510,9570,35607,-4204,111.42710621747295,218.77157036507282,414.64924936625647,667.473074779356,577.3516885075222,9738.0,9923.0,10134.0,10982.166666666666,11234.833333333334
20161201,9590,9610,9520,9600,10714,363,105.9056183589898,197.9419106707824,390.6776164563309,686.2433160976799,582.6247839640488,9688.0,9853.0,10069.0,10949.666666666666,11209.833333333334
20161202,9690,9690,9590,9590,12019,-2063,72.0,174.1723284566179,360.04721912549195,692.7348378386971,595.8309790165514,9636.0,9792.0,10006.0,10908.666666666666,11189.333333333334
20161205,9590,9640,9520,9590,18875,-2860,26.83281572999748,160.13744096868788,306.65086009988624,698.1399692515217,607.4386057228251,9600.0,9746.0,9940.5,10868.5,11168.416666666666
20161206,9550,9710,9550,9580,13483,146,10.198039027185569,142.07040508142433,223.93023467142615,709.7187236268428,620.1020525331485,9586.0,9704.0,9874.5,10834.0,11148.666666666666
20161207,9590,9710,9560,9640,19808,-4285,20.97617696340303,105.77806956075537,227.9577811788841,720.4912675851901,631.2170563463025,9600.0,9669.0,9869.5,10803.0,11129.833333333334
20161208,9660,10200,9660,9830,65322,26380,94.3610088966836,102.47438704378769,227.67246210290784,727.5011263831387,641.2325317094351,9646.0,9667.0,9864.5,10777.666666666666,11115.916666666666
20161209,9840,10000,9840,9870,39299,-30,123.19090875547596,106.155546251715,227.18439647123657,732.0407358123828,647.0746994489407,9702.0,9669.0,9861.5,10752.166666666666,11099.0
20161212,9970,10100,9930,10050,21613,-2716,168.59418732566078,154.8579994704826,224.80880765663966,732.529787031718,650.3465742717011,9794.0,9697.0,9859.0,10729.666666666666,11084.0
20161213,10050,10100,9960,10050,20680,-373,153.4144712861209,186.06719216455116,222.37974278247557,730.6331158658528,654.1890442034526,9888.0,9737.0,9856.5,10705.5,11069.833333333334
20161214,10100,10100,9980,10000,13273,-126,92.52026804976302,192.09372712298543,217.92831390161308,726.6867543094017,659.5309570699507,9960.0,9780.0,9851.5,10678.833333333334,11056.5
20161215,10000,10050,9970,9990,16907,-6387,65.84831053261732,191.17792759625786,195.33048917155762,723.9543417155064,665.3286103291324,9992.0,9819.0,9836.0,10653.666666666666,11043.916666666666
20161216,9990,10050,9980,10000,16915,-6557,26.38181191654584,181.38357147217053,181.0359080403664,718.0489769738385,672.0550521020044,10018.0,9860.0,9826.0,10627.0,11035.583333333334
20161219,10000,10100,9990,10000,19810,-9384,21.354156504062622,160.90059042775445,178.2491234200045,714.3344027055754,678.1555407871213,10008.0,9901.0,9823.5,10602.833333333334,11024.75
20161220,10050,10050,9940,9960,48134,-33955,15.49193338482967,120.37026210821342,176.47308576664037,710.3398247786115,685.0215730587095,9990.0,9939.0,9821.5,10578.0,11015.666666666666
20161221,9980,10000,9950,9950,13029,-8498,20.97617696340303,67.82329983125268,174.77056388305215,706.6189252740097,691.4790709456282,9980.0,9970.0,9819.5,10553.833333333334,11004.833333333334
20161222,9980,10050,9960,9970,9848,-4355,20.591260281974,49.436828377233105,177.74912095422582,701.7763176396312,697.0955617578528,9976.0,9984.0,9825.5,10530.0,10993.333333333334
20161223,9970,10100,9970,10050,17338,-3524,36.11094017053558,35.440090293338706,184.34953213935745,694.0308990878785,701.5557117342436,9986.0,10002.0,9835.5,10506.666666666666,10982.5
20161226,10100,10200,10000,10150,23060,3275,75.78918128598566,55.82114294781145,195.84368766952892,685.6123580824627,705.1776765864261,10016.0,10012.0,9854.5,10485.833333333334,10973.333333333334
20161227,10150,10300,10100,10300,44079,1507,128.9340916902896,103.15522284402279,212.44057992765883,674.3729597846642,707.7892763545497,10084.0,10037.0,9887.0,10466.666666666666,10967.083333333334
20161228,10050,10050,9920,9950,45210,9269,128.9340916902896,106.0,199.85995096566998,666.4273528798958,713.7828606953922,10084.0,10032.0,9906.0,10442.5,10959.166666666666
20161229,9980,9990,9910,9910,10326,1288,141.19490075778234,111.73182178770736,187.14366139412792,659.2036230683997,720.1128335586243,10072.0,10024.0,9921.5,10418.5,10950.083333333334
20170102,9910,10050,9850,9930,24053,-9338,152.6302722267113,115.15641536623131,171.00511688250734,651.9620813785057,726.0589919025161,10048.0,10017.0,9938.5,10395.666666666666,10941.583333333334
20170103,9940,10000,9740,9740,61421,-16845,182.93168123646598,142.22868908908637,158.37929157563497,643.9275321544371,734.0679606368947,9966.0,9991.0,9946.0,10368.0,10930.25
20170104,9750,9780,9470,9480,79942,-15193,177.47112441183214,209.6210867255487,170.93566041057667,640.8912847657746,745.6274343354124,9802.0,9943.0,9941.0,10336.833333333334,10916.75
20170105,9510,9580,9470,9470,40837,-22159,199.85995096566998,252.99209473815583,188.96758981370323,639.1298555239442,756.9268825691374,9706.0,9895.0,9932.5,10307.166666666666,10903.166666666666
20170106,9480,9540,9460,9500,25324,-14380,182.71288952889995,277.19307350653617,210.39011383617816,632.6688619560188,766.4490225494087,9624.0,9848.0,9916.0,10276.333333333334,10887.75
20170109,9530,9540,9450,9530,34223,-21037,100.11992808627062,283.1324778261936,226.53697269982223,625.4744643511756,774.8399655557914,9544.0,9796.0,9899.0,10246.833333333334,10872.166666666666
20170110,9520,9530,9380,9420,33789,-9279,36.3318042491699,276.4796556710819,246.28997137520642,618.9868738510003,781.7618589870865,9480.0,9723.0,9867.5,10215.5,10852.75
20170111,9420,9440,9240,9270,61510,-15851,91.52048950918041,230.34756347745466,274.4499043541462,607.5885852192437,792.5849936899521,9438.0,9620.0,9828.5,10178.333333333334,10834.166666666666
20170112,9300,9300,9050,9060,74022,-27398,173.2743489383238,256.14253844295365,318.07664170762365,606.3379145876488,807.0769617716156,9356.0,9531.0,9781.5,10141.0,10814.666666666666
20170113,9080,9150,9060,9100,22705,-3325,180.5103875127412,251.51540708274712,346.75784057465813,598.1802032459675,820.7160829965312,9276.0,9450.0,9737.0,10102.666666666666,10796.333333333334
20170116,9110,9110,9050,9050,30039,-13653,143.8054240979804,220.1726595197505,371.65138234641347,584.8746066939358,834.5797303967848,9180.0,9362.0,9689.5,10061.833333333334,10777.583333333334
20170117,9100,9140,9030,9060,24938,-13670,82.80096617793781,196.68248523953525,388.469754292403,574.189186786073,846.7248011539349,9108.0,9294.0,9642.5,10023.666666666666,10757.666666666666
20170118,9100,9110,9040,9060,18700,-983,17.435595774162696,197.3220717507294,401.00966322521464,564.6004240954107,858.878431282626,9066.0,9252.0,9597.5,9987.166666666666,10738.583333333334
20170119,9050,9120,9040,9040,25010,-14050,20.396078054371138,191.90883252211188,409.95853448855036,552.9827202442376,869.7492893869887,9062.0,9209.0,9552.0,9950.333333333334,10718.083333333334
20170120,9080,9150,9020,9090,29995,-13895,16.73320053068151,167.61861471805568,409.95853448855036,537.2875290649466,879.2350842258384,9060.0,9168.0,9508.0,9914.333333333334,10698.0
20170123,9090,9090,8980,9030,23770,442,20.591260281974,119.98333217576513,402.74185280400144,517.9569641065683,889.0758271312819,9056.0,9118.0,9457.0,9876.5,10677.416666666666
20170124,9050,9050,8900,8940,32925,-47,50.35871324805669,78.35815209663893,384.5682644212858,502.2784475654057,900.1107802192747,9032.0,9070.0,9396.5,9838.833333333334,10656.5
20170125,8940,8940,8670,8700,41614,-7837,138.70832707519762,112.16505694733988,353.45827193602366,495.7724332346241,914.1252497456284,8960.0,9013.0,9316.5,9798.833333333334,10633.166666666666
20170126,8700,8780,8520,8570,41641,-16570,198.85673234768794,172.0,357.7272005313546,504.538155147679,930.0327801870793,8866.0,8964.0,9247.5,9762.5,10609.166666666666
20170131,8590,8590,8470,8500,29401,-7349,205.854317418897,213.6913662270893,359.1531706667784,507.89639691557403,946.6977694422617,8748.0,8904.0,9177.0,9722.5,10585.0
20170201,8460,8630,8460,8620,31410,-8435,151.73661390712527,223.04483854149152,334.45889134540886,505.61667518194406,960.0115414527628,8666.0,8861.0,9111.5,9685.333333333334,10561.416666666666
20170202,8590,8620,8530,8580,18866,-7914,65.60487786742691,226.67377439836307,320.73782128087106,499.9255500125753,972.410521447866,8594.0,8813.0,9053.5,9646.666666666666,10536.666666666666
20170203,8610,8640,8560,8630,35118,-4623,46.04345773288535,216.28684657186162,317.70898633812675,489.42855000027845,982.7726897520663,8580.0,8770.0,9011.0,9608.833333333334,10511.916666666666
20170206,8630,8630,8560,8620,12771,-4561,48.16637831516918,199.939990997299,310.23015649675324,505.1748597156315,993.4576788784269,8590.0,8728.0,8968.5,9590.166666666666,10487.916666666666
20170207,8620,8620,8540,8550,14940,-3451,30.331501776206203,164.69365500832143,297.68943548604483,520.3655499313671,1004.106066636312,8600.0,8674.0,8921.0,9567.166666666666,10462.916666666666
20170208,8620,8620,8520,8580,13409,-2968,29.257477676655586,115.36463929644992,271.3535516627708,533.2181125537406,1012.6086224314473,8592.0,8629.0,8873.5,9544.666666666666,10437.333333333334
20170209,8580,8620,8540,8570,8997,-80,30.331501776206203,51.14684741017769,247.98991914995256,542.5535047858165,1020.549144115974,8590.0,8592.0,8831.0,9519.166666666666,10411.666666666666
20170210,8570,8830,8570,8820,39154,-748,98.67117106835207,80.64738061462381,226.63351473248608,544.4571965625083,1023.8283818862652,8628.0,8604.0,8808.5,9497.833333333334,10387.666666666666
20170213,8830,8840,8600,8800,7173,-100,119.76643937263893,98.49365461794987,219.16831431573314,545.9276254431887,1028.792158580074,8664.0,8627.0,8795.5,9476.166666666666,10365.166666666666
20170214,8800,8830,8720,8720,18701,-1901,105.9056183589898,92.0271699010678,208.1411780498996,543.6558092108505,1035.1547254183065,8698.0,8649.0,8776.5,9449.833333333334,10342.833333333334
20170215,8730,8870,8730,8870,21267,-2354,104.8045800525912,112.44554237496477,199.8468163369134,539.7171069693557,1038.2597586294014,8756.0,8674.0,8767.5,9427.666666666666,10320.916666666666
20170216,8820,8930,8820,8870,13216,-1680,55.35341001239219,121.49485585818027,189.9894733926067,538.1784090799397,1039.3599492798255,8816.0,8703.0,8758.0,9408.0,10297.75
20170217,8870,8870,8810,8840,14269,-6475,56.213877290220786,125.15590277729612,178.18810285762626,537.3994996481078,1037.9159674828454,8820.0,8724.0,8747.0,9388.666666666666,10272.666666666666
20170220,8860,8870,8720,8780,16870,-1318,58.17215828899593,120.99586769803341,165.3602128687551,537.1586513000425,1037.8036871469728,8816.0,8740.0,8734.0,9368.5,10247.916666666666
20170221,8780,9110,8710,9110,72002,38178,112.88932633336069,146.91494137765562,167.5559608011604,534.4501587819353,1034.3064772538098,8894.0,8796.0,8735.0,9356.166666666666,10226.333333333334
20170222,9100,9130,9000,9010,18031,-6549,120.56533498481228,140.1748907615055,165.84329953302304,532.3285065527697,1034.5254917380494,8922.0,8839.0,8734.0,9342.166666666666,10206.416666666666
20170223,9020,9040,8960,8960,10268,-65,118.15244390193544,111.15754585272201,167.13766780711043,531.5777355088359,1035.3233391877943,8940.0,8878.0,8735.0,9328.666666666666,10186.5
20170224,9010,9050,8960,9040,18351,3117,111.17553687749836,118.99579824514814,179.54386650621066,531.1679740595055,1036.3225447065045,8980.0,8900.0,8752.0,9318.5,10168.5
20170227,9050,9080,8970,9060,10876,357,50.039984012787215,122.65398485169571,186.34041429598682,531.1559720708026,1030.950448076525,9036.0,8926.0,8776.5,9310.0,10146.083333333334
20170228,9080,9080,8960,9030,14356,199,34.058772731852805,104.50358845513391,182.7867610085588,530.9815596294085,1027.800236616624,9020.0,8957.0,8803.0,9300.5,10125.083333333334
20170302,9030,9040,8950,8950,18833,-8397,44.45222154178575,100.52362906302179,180.4016352475775,531.4868818281103,1018.0055357578533,9008.0,8965.0,8819.5,9289.833333333334,10099.25
20170303,8950,8950,8860,8900,11166,854,60.86049621881176,98.0612053770501,172.46666344543223,532.3318722583067,1008.7347651336252,8996.0,8968.0,8835.5,9278.333333333334,10073.416666666666
20170306,8890,8930,8820,8900,12436,193,66.15134163416491,91.67333309092672,166.30995159640932,533.0268911288417,1003.8831688333897,8968.0,8974.0,8849.0,9267.0,10050.5
20170307,8900,8910,8840,8840,6081,-567,63.435006108614814,80.0,157.86069808536894,533.5352742684406,1000.9956154861643,8924.0,8980.0,8860.0,9253.666666666666,10028.333333333334
20170308,8880,8930,8840,8900,7759,-220,34.87119154832539,70.06425622241342,141.0274795917448,530.0644352862834,998.8133758227935,8898.0,8959.0,8877.5,9238.166666666666,10007.916666666666
20170309,8920,9030,8920,8960,15768,-120,37.947331922020545,68.0,124.26886174742249,524.7612155382141,995.0963067575548,8900.0,8954.0,8896.5,9223.0,9987.583333333334
20170310,8900,9010,8900,9000,7309,-68,55.13619500836089,69.39740629158989,100.92571525632108,514.2937714314099,990.6159664854288,8920.0,8958.0,8918.0,9205.5,9967.583333333334
20170313,9000,9020,8870,8890,15946,-2271,56.0,66.18912297349165,98.65470085099848,503.88190305073664,985.3701363223164,8918.0,8943.0,8921.5,9186.166666666666,9945.833333333334
20170314,8900,8970,8630,8650,66108,-47525,121.81953866272848,99.57911427603682,112.35657524150513,497.13501407769655,980.5819381878833,8880.0,8902.0,8914.0,9163.666666666666,9921.25
20170315,8660,8710,8630,8700,13534,-3400,140.14278433083882,106.155546251715,114.15340555585716,488.7572392187123,976.0403815361307,8840.0,8869.0,8913.0,9142.166666666666,9897.916666666666
20170316,8700,8740,8640,8720,25748,-20942,131.66624472506228,110.92339699089638,121.42796218334557,478.6797526064412,969.2774764685271,8792.0,8846.0,8905.5,9120.833333333334,9873.916666666666
20170317,8720,8740,8660,8670,9762,-988,85.46344247688599,120.75181158061356,131.73742824269794,468.1326972366168,964.5414821735977,8726.0,8823.0,8895.5,9098.666666666666,9850.75
20170320,8670,8750,8550,8670,12681,-2803,24.819347291981718,125.69805089976536,140.25334220616634,457.58457020390887,959.222772034316,8682.0,8800.0,8887.0,9077.166666666666,9827.583333333334
20170321,8620,8720,8580,8620,23634,-3769,33.82306905057553,135.6318546654878,150.3296377964106,446.8538165140139,954.5258821648216,8676.0,8778.0,8879.0,9055.0,9804.416666666666
20170322,8620,8620,8530,8580,32634,-22087,47.91659420284376,140.72668545801824,153.94398331860847,434.68184405995356,949.6551969298464,8652.0,8746.0,8852.5,9031.833333333334,9780.916666666666
20170323,8580,8630,8520,8560,25546,-15950,45.16635916254486,130.70577645995604,161.95678435928517,418.0482428298664,943.6480482092883,8620.0,8706.0,8830.0,9007.0,9756.833333333334
20170324,8560,8600,8520,8540,11089,-2369,46.303347611160895,95.28903399657275,170.73078222745892,394.84803687244965,937.9459828086998,8594.0,8660.0,8809.0,8980.166666666666,9733.0
20170327,8600,8600,8480,8480,24419,-11848,46.303347611160895,73.13685801290619,176.3774361986249,360.7237708949789,931.4752300340457,8556.0,8619.0,8781.0,8949.833333333334,9708.25
20170328,8480,8590,8480,8590,11996,-2736,38.98717737923585,72.80796659706958,168.7861072481974,339.2545340724169,923.9417219478014,8550.0,8613.0,8757.5,8927.166666666666,9684.833333333334
20170329,8590,8610,8580,8610,6893,-325,44.988887516807964,66.81317235396027,159.4451316284069,316.54607352875183,916.3338183582337,8556.0,8604.0,8736.5,8905.5,9662.0
20170330,8560,8630,8530,8600,16797,-4555,48.41487374764082,54.55272678794342,154.17198189035514,289.43431417512505,908.9562237352144,8564.0,8592.0,8719.0,8883.333333333334,9639.5
20170331,8600,8610,8560,8570,9825,-57,46.9041575982343,48.124837662063854,151.55444566227678,269.8091403604122,899.6383494063251,8570.0,8582.0,8702.5,8863.833333333334,9615.916666666666
20170403,8570,8640,8570,8640,23322,-2142,23.151673805580447,43.23193264243457,145.06808746240503,259.0527080641267,889.7849303188597,8602.0,8579.0,8689.5,8849.833333333334,9593.333333333334
20170404,8650,8650,8580,8600,13711,-2395,22.44994432064365,41.72529209005013,142.01672436723783,248.04883031779056,881.2382977948224,8604.0,8577.0,8677.5,8835.333333333334,9571.25
20170405,8640,8650,8570,8610,17353,-8042,22.44994432064365,42.89522117905443,133.08268106707195,234.0756644046284,870.2834747306223,8604.0,8580.0,8663.0,8820.5,9548.416666666666
20170406,8610,8630,8580,8600,15969,5125,22.44994432064365,42.708313008125245,114.78240283248995,216.72947807455228,859.5439641979962,8604.0,8584.0,8645.0,8805.0,9525.916666666666
20170407,8590,8620,8560,8560,14310,-1058,25.612496949731394,41.03656905736639,82.16446920658588,203.62438186202,848.4346329501211,8602.0,8586.0,8623.0,8790.666666666666,9503.083333333334
20170410,8550,8590,8510,8550,22110,4084,24.166091947189145,25.317977802344327,56.24944444170092,196.09918125451077,832.8121536899253,8584.0,8593.0,8606.0,8778.666666666666,9478.5
20170411,8550,8590,8530,8570,14789,5120,23.151673805580447,26.248809496813372,55.82114294781145,194.40871893976455,819.9315647257716,8578.0,8591.0,8602.0,8770.5,9455.75
20170412,8570,8600,8540,8590,13639,3761,18.547236990991408,25.475478405713996,51.1150662720885,190.93454375727876,804.042632921834,8574.0,8589.0,8596.5,8762.0,9432.333333333334
20170413,8600,8620,8560,8590,19494,-3218,16.0,25.219040425836983,42.5440947723653,188.435370588138,784.9727127248068,8572.0,8588.0,8590.0,8754.333333333334,9408.083333333334
20170414,8550,8620,8550,8600,5015,1287,17.88854381999832,24.67792535850613,38.50649295898031,185.1725921638749,767.9018853707003,8580.0,8591.0,8586.5,8746.666666666666,9385.166666666666
20170417,8570,8650,8570,8650,21995,-3058,26.83281572999748,26.758176320519304,36.53423052426314,181.00176487727575,751.4836990915511,8600.0,8592.0,8585.5,8739.833333333334,9363.5
20170418,8650,8670,8620,8640,16425,-4394,25.768197453450252,30.397368307141328,37.71935842508459,177.14863501785302,734.1385683236658,8614.0,8596.0,8586.5,8733.166666666666,9341.75
20170419,8660,8730,8640,8690,17784,627,36.11094017053558,41.52107898405339,43.88621651498339,171.01486290124845,715.3313868801492,8634.0,8604.0,8592.0,8726.5,9320.416666666666
20170420,8700,8740,8660,8730,15460,2168,44.45222154178575,56.04462507680822,52.48571234155064,166.3913559447507,693.8940841369977,8662.0,8617.0,8600.5,8721.5,9299.0
20170421,8730,8750,8670,8670,14490,-6186,32.0,54.55272678794342,52.64028875300743,164.05588478665624,673.9632727796662,8676.0,8628.0,8607.0,8717.0,9277.916666666666
20170424,8670,8730,8650,8650,14450,-2626,32.0,48.124837662063854,44.55053310567675,164.26697443091894,655.3081336290004,8676.0,8638.0,8615.5,8716.166666666666,9257.5
20170425,8740,8740,8660,8720,10424,-2730,29.93325909419153,47.96873982084583,49.55804677345546,163.16113371558467,642.6407703550611,8692.0,8653.0,8622.0,8718.666666666666,9240.583333333334
20170426,8730,8760,8690,8740,15288,-1365,35.440090293338706,49.355850717012274,55.70233388288143,160.6742736782141,625.942616956656,8702.0,8668.0,8628.5,8722.666666666666,9222.583333333334
20170427,8740,8780,8690,8720,12831,-493,34.058772731852805,43.9203825119955,58.69199263954155,160.1183589994862,609.5271163417431,8700.0,8681.0,8634.5,8724.333333333334,9204.833333333334
20170428,8700,8750,8640,8700,16948,-6712,30.724582991474428,34.77067730142742,58.386642307980004,159.04890931834473,591.0705682632088,8706.0,8691.0,8641.0,8726.333333333334,9186.5
20170502,8720,8720,8600,8620,15542,-445,41.95235392680606,39.191835884530846,58.566201857385295,159.1549733918329,572.0230910260467,8700.0,8688.0,8640.0,8726.166666666666,9167.5
20170504,8640,8670,8570,8610,13848,-4034,53.0659966456864,43.64630568559039,58.26448317800476,159.2712570840477,571.822081644179,8678.0,8685.0,8640.5,8726.0,9158.083333333334
20170508,8700,8700,8600,8650,12034,-1342,43.358966777357594,44.82186966202993,57.86838515113412,157.938454960643,569.2560874122316,8660.0,8681.0,8642.5,8727.666666666666,9147.416666666666
20170510,8660,8680,8310,8380,125686,-53635,110.52601503718479,98.0,81.1341481744894,163.04770944528784,568.9373867134477,8592.0,8646.0,8631.5,8724.333333333334,9134.5
20170511,8380,8380,8270,8320,84033,-15008,137.4918179383777,137.65536676788162,105.04641831114472,169.9852117744999,566.7714608986735,8516.0,8611.0,8619.5,8720.166666666666,9119.666666666666
20170512,8320,8360,8250,8270,54474,-7076,154.7384890710776,170.23806859806655,129.24685682831907,178.94785087598152,564.8049749449364,8446.0,8573.0,8605.5,8711.0,9104.416666666666
20170515,8270,8280,8150,8190,66939,-36373,156.8948692596415,196.67231630303237,157.83773313121296,190.55438127217445,563.4353704436695,8362.0,8520.0,8586.5,8700.833333333334,9088.5
20170516,8200,8200,8000,8060,78411,-14501,111.1035552986492,224.44598459317555,195.11535049810917,207.4326530596241,560.0847902081891,8244.0,8452.0,8560.0,8689.833333333334,9069.833333333334
20170517,8090,8090,7960,8000,65765,-30163,121.55657119218195,241.7436658942691,229.85810840603386,224.0719130592248,558.7958034920536,8168.0,8380.0,8530.5,8675.333333333334,9051.5
20170518,7970,7970,7830,7870,70809,-42226,140.76931483814218,259.4629067901614,270.3220301788221,245.1697824407006,561.4688078803242,8078.0,8297.0,8494.0,8658.666666666666,9033.333333333334
20170519,7840,7930,7820,7920,39610,-15585,111.96428001822723,257.2955499032193,294.9555051189925,261.57004585519144,563.4616224733772,8008.0,8227.0,8457.5,8643.333333333334,9016.0
20170522,7900,8100,7900,8080,36158,-486,80.39900496896712,225.57482128996574,302.77838430112536,270.66687192073096,562.69958804785,7986.0,8174.0,8429.5,8631.666666666666,9000.083333333334
20170523,8050,8170,8050,8160,43453,-1454,104.99523798725349,160.76380189582483,302.01158918160735,270.0079731329301,562.4002133715204,8006.0,8125.0,8403.0,8615.833333333334,8986.0
20170524,8160,8180,8130,8160,27278,-8262,121.39192724394816,137.77155003846042,296.65594549915903,271.2512160747294,561.7477129956894,8038.0,8103.0,8374.5,8601.666666666666,8971.916666666666
20170525,8150,8220,8140,8170,25211,-2585,94.74175425861608,120.39933554633929,291.7271841978392,272.7075662068506,561.6349583040761,8098.0,8088.0,8349.5,8588.5,8958.583333333334
20170526,8200,8230,8160,8230,37943,-416,47.749345545253284,114.8216007552586,284.3637635142705,270.05863560801674,561.9017744828711,8160.0,8084.0,8328.5,8575.0,8946.75
20170529,8230,8270,8210,8250,23888,-1554,38.262252939417984,121.57302332343306,270.1018326483551,265.6866889147128,562.5132035490365,8194.0,8090.0,8305.0,8561.5,8935.75
20170530,8250,8250,8070,8240,41104,-14160,37.416573867739416,128.90306435457614,251.1573212152097,261.68789722750273,562.7163226018556,8210.0,8108.0,8280.0,8548.333333333334,8924.416666666666
20170531,8240,8270,8210,8250,26400,-1254,29.93325909419153,129.77287852244012,229.98423859038692,259.11173051154054,562.6931705352397,8228.0,8133.0,8256.5,8536.666666666666,8913.25
20170601,8230,8250,8080,8110,180501,-139977,53.51635264103861,96.95875411740809,207.992788336519,260.38321118394487,563.9429578623677,8216.0,8157.0,8227.0,8523.5,8900.916666666666
20170602,8180,8210,8110,8200,44540,-976,53.29165037789691,56.43580423808985,187.4406572758429,258.930438963862,564.0483073779139,8210.0,8185.0,8206.0,8511.833333333334,8889.416666666666
20170605,8200,8240,8160,8170,38293,-1186,50.833060108555344,44.988887516807964,162.9539812339668,258.98434101058086,563.5766486372759,8194.0,8194.0,8184.0,8500.666666666666,8877.166666666666
20170607,8190,8190,8070,8070,51072,-22272,63.87487769068525,58.00862004909271,124.51907484397722,259.4512906539839,561.4864943466299,8160.0,8185.0,8155.0,8486.833333333334,8862.5
20170608,8180,8180,7750,7970,722148,-545275,80.89499366462674,86.97125962063559,119.43512883569893,260.31369964336847,559.6387723843756,8104.0,8166.0,8134.5,8470.333333333334,8846.666666666666
20170609,7950,8000,7890,7980,50721,-1353,94.5304183847718,103.25211862233142,115.96874578954453,258.46770698745144,554.157462329879,8078.0,8147.0,8117.5,8453.333333333334,8829.416666666666
20170612,8000,8020,7910,7910,27821,-636,90.77444574328173,120.6855418018248,118.80551334008032,261.3063336388832,549.0006008398883,8020.0,8115.0,8099.5,8437.0,8811.583333333334
20170613,7900,7980,7900,7910,13922,-7097,58.78775382679628,125.6542876307848,123.71236801548989,268.3310558905748,544.1531391889837,7968.0,8081.0,8085.5,8424.666666666666,8794.166666666666
20170614,7960,7970,7880,7880,27795,-2326,38.47076812334269,126.51086909827156,131.5399178956715,274.76474785980406,539.2966033540596,7930.0,8045.0,8076.5,8411.0,8776.583333333334
20170615,7890,7920,7840,7840,37771,-3837,45.86937976471886,119.68291440301745,140.50889651548758,281.2885035368795,534.1851985868069,7904.0,8004.0,8068.5,8396.333333333334,8758.583333333334
20170616,7910,7990,7810,7980,53849,-11510,45.86937976471886,114.4071676076285,134.66254119093398,283.95710748048486,526.5732973673635,7904.0,7991.0,8074.0,8384.833333333334,8741.75
20170619,7950,8190,7950,8190,98940,-3884,123.77398757412641,112.60550608207396,132.05585939290995,282.5685265949074,516.9439041137232,7960.0,7990.0,8087.5,8376.833333333334,8727.0
20170620,8190,8230,8140,8200,70704,22415,151.57836257197133,117.64777940955791,134.28607522747845,281.65872769840365,506.8217895762052,8018.0,7993.0,8093.5,8369.833333333334,8712.416666666666
20170621,8210,8220,8140,8210,43422,13860,148.94294209528695,133.27040181525678,135.95587519485872,281.03953853864897,495.55770350216414,8084.0,8007.0,8096.0,8363.666666666666,8697.75
20170622,8180,8200,8040,8180,37735,20277,86.57944328765345,142.04224723651762,136.49542116862384,280.82537080663377,482.00654098870336,8152.0,8028.0,8097.0,8357.333333333334,8682.166666666666
20170623,8200,8220,8150,8190,42357,18382,10.198039027185569,148.75819305167695,137.09850473291092,280.60544660868777,464.8952988461255,8194.0,8049.0,8098.0,8351.5,8665.833333333334
20170626,8200,8220,8180,8220,61940,14522,14.142135623730953,148.86235252742716,136.6336342193971,280.5951512209063,441.8477301820237,8200.0,8080.0,8097.5,8347.166666666666,8648.5
20170627,8220,8280,8160,8200,73147,2980,14.142135623730953,140.95744038538726,134.25721582097552,279.40929754635914,427.2904863468905,8200.0,8109.0,8095.0,8340.666666666666,8633.916666666666
20170628,8200,8230,8150,8220,49745,17861,16.0,121.24768039018312,133.24413683160697,277.5985810879019,412.59742957176695,8202.0,8143.0,8094.0,8334.166666666666,8619.833333333334
20170629,8230,8250,8180,8200,46686,-4000,12.0,67.44627491566901,130.7392442994834,275.93250986390524,396.47592577931226,8206.0,8179.0,8091.5,8327.5,8605.416666666666
20170630,8200,8230,8160,8220,48997,-36,9.797958971132712,13.45362404707371,133.68245958239996,274.43983351914557,384.11361708962374,8212.0,8203.0,8097.0,8321.666666666666,8592.75
20170703,8220,8260,8190,8210,51406,6524,8.94427190999916,12.84523257866513,134.08486118872628,271.63348468072564,376.9508883429818,8210.0,8205.0,8097.5,8314.5,8582.166666666666
20170704,8250,8260,8190,8190,54032,22367,11.6619037896906,13.564659966250534,134.6950258918272,269.51417196259416,369.71757238962067,8208.0,8204.0,8098.5,8307.666666666666,8571.5
20170705,8180,8380,8180,8370,128041,-1764,66.75327707311455,51.76871642217914,146.8426028099475,266.7643571056975,360.21728589269117,8238.0,8220.0,8113.5,8303.666666666666,8562.083333333334
20170706,8370,8370,8270,8350,42828,7167,76.0,62.61788881781308,151.55444566227678,264.0418211820377,349.6104081693528,8268.0,8237.0,8132.5,8299.5,8552.25
20170707,8390,8410,8240,8360,67609,4508,78.89233169326407,70.17121917139534,155.0249979841961,261.98658786666164,340.85553106249745,8296.0,8254.0,8151.5,8296.166666666666,8543.416666666666
20170710,8370,8370,8160,8160,55901,6375,91.34549797335389,75.20638270785267,144.78950238190612,260.4417187945944,336.03963886605794,8286.0,8248.0,8164.0,8289.666666666666,8534.166666666666
20170711,8200,8260,8100,8200,31244,14845,89.30845424706443,75.20638270785267,132.63766433407972,258.10091695522306,333.9126632324814,8288.0,8248.0,8178.5,8283.5,8527.0
20170712,8190,8280,8110,8250,33610,14609,79.64923100695951,74.62573282722255,114.24097338520886,255.0234738646931,330.6823647992601,8264.0,8251.0,8197.0,8277.833333333334,8519.916666666666
20170713,8240,8280,8180,8260,30387,6969,67.40919818541087,72.67048919609665,80.22468448052632,251.76951540780792,327.9159783987828,8246.0,8257.0,8218.0,8272.333333333334,8513.333333333334
20170714,8260,8290,8170,8260,28961,6486,39.7994974842648,71.61703707917552,59.12698199637793,248.13078988445255,324.85210310113604,8226.0,8261.0,8232.0,8266.666666666666,8506.666666666666
20170717,8210,8350,8160,8320,59986,3639,38.157568056677825,71.386273190299,61.25969311056007,243.18094543367425,321.29386860060424,8258.0,8272.0,8238.5,8261.166666666666,8500.5
20170718,8390,8390,8200,8350,36974,7255,39.698866482558415,69.10861017268397,65.14598989960932,238.43913735378175,317.74193538206833,8288.0,8288.0,8246.0,8256.333333333334,8494.75
20170719,8390,8390,8300,8330,28667,6775,37.20215047547654,65.29931086925804,67.05221845696084,231.890539311149,313.35814396506663,8304.0,8284.0,8252.0,8250.333333333334,8488.416666666666
20170720,8350,8360,8250,8320,35355,2242,30.066592756745816,62.8410693734599,66.47555941848101,223.5458565927655,309.7586426026065,8316.0,8281.0,8259.0,8243.5,8482.5
20170721,8330,8330,8200,8220,46458,-7487,45.34313619501854,59.16924876994806,65.2284447154767,216.5502251206246,307.80580999553825,8308.0,8267.0,8260.5,8236.0,8476.5
20170724,8220,8250,8110,8200,39943,10283,61.514225996918796,52.810983706043565,65.99052962357554,209.7683245864187,308.136153168095,8284.0,8271.0,8259.5,8228.5,8472.333333333334
20170725,8200,8590,8190,8570,300661,17378,131.66624472506228,99.27738916792687,93.03762679690406,204.72908928580003,308.136153168095,8328.0,8308.0,8278.0,8226.0,8472.333333333334
20170726,8650,8730,8600,8680,146398,8327,192.9144888285999,146.6594695203825,126.64517361510464,202.34870891555758,308.7047762656608,8398.0,8351.0,8301.0,8225.0,8473.833333333334
20170727,8700,8900,8630,8900,235364,10832,270.08146919031674,216.1596632121729,179.56614380222126,210.8221999690571,310.851474002025,8514.0,8415.0,8336.0,8228.0,8476.166666666666
20170728,8910,8930,8810,8920,142749,6630,262.72418997876844,255.86910716223642,217.7131139825986,220.68202363434293,313.324645270167,8654.0,8481.0,8371.0,8231.666666666666,8479.0
20170731,8920,8930,8550,8810,122949,21970,133.3566646253572,267.02059845637376,234.1772832706025,227.48986546367743,314.4727068183756,8776.0,8530.0,8401.0,8234.833333333334,8480.5
20170801,8810,8940,8750,8900,83057,17611,89.53211714239755,280.57975693196397,252.59206242477214,238.2363439010698,316.53115521629906,8842.0,8585.0,8436.5,8239.666666666666,8482.833333333334
20170802,8910,9070,8880,9060,96592,10270,80.59776671843954,299.091959102882,286.0576864899805,255.1850635645825,320.7995112047888,8918.0,8658.0,8471.0,8246.5,8487.083333333334
20170803,9060,9080,8850,8930,82323,22940,80.14985963805552,285.84786163272236,301.31378992671415,269.3038350179013,323.21303604126035,8924.0,8719.0,8500.0,8255.666666666666,8490.0
20170804,8900,8990,8810,8960,64114,10000,81.33879763065102,239.04183734233638,315.42035444783835,283.91880685978236,325.9503093525285,8932.0,8793.0,8530.0,8266.333333333334,8493.25
20170807,8960,9080,8740,8840,64583,4984,72.77362159464101,134.5399568901373,310.3127454681809,293.26490679136714,326.12241013035464,8938.0,8857.0,8564.0,8275.833333333334,8493.416666666666
20170808,8840,8880,8620,8790,74706,21422,94.3610088966836,99.14131328563283,302.2461745001912,300.31256864920374,326.04532745601176,8916.0,8879.0,8593.5,8285.833333333334,8493.333333333334
20170809,8770,8850,8610,8780,69128,14987,72.93833011524187,82.15229759416349,294.0918223956593,305.3909607186874,326.4383130433138,8860.0,8889.0,8620.0,8297.833333333334,8493.833333333334
20170810,8780,8800,8490,8740,83922,23367,76.0,93.27915093953204,283.1148176976966,308.04486505813236,325.40221905667613,8822.0,8873.0,8644.0,8310.166666666666,8492.75
20170811,8540,8700,8540,8570,43427,225,92.64987857520376,128.20296408429877,269.84208344882006,304.38731722705387,323.6419382079663,8744.0,8838.0,8659.5,8321.833333333334,8490.25
20170814,8610,8710,8400,8710,105091,21581,79.3473376995095,133.77593206552515,258.4550251010802,303.8064076564676,322.6855624637778,8718.0,8828.0,8679.0,8335.0,8489.166666666666
20170816,8720,8780,8610,8720,46714,10148,71.16178749862878,134.98148021117564,247.242290071905,305.8941356450248,322.28076096663193,8704.0,8810.0,8697.5,8345.666666666666,8488.666666666666
20170817,8630,8760,8550,8630,558209,-9995,64.06246951218786,115.58979193683152,233.19251703260122,307.0549625063805,317.48735757910856,8674.0,8767.0,8712.5,8353.5,8484.666666666666
20170818,8600,8760,8450,8700,53872,11928,57.48043145279966,103.07278981380101,215.22720552941257,309.15813105884,314.44897793213573,8666.0,8744.0,8731.5,8362.5,8482.083333333334
20170821,8700,8730,8540,8710,59616,5505,32.61901286060018,73.81734213584231,180.7318455613177,311.27600292954645,312.0950709858712,8694.0,8719.0,8756.0,8371.5,8480.0
20170822,8710,8930,8670,8930,95107,3251,101.07423014794622,91.4111590562115,131.86640967282005,318.781490818843,310.6069215625512,8738.0,8728.0,8792.5,8383.166666666666,8479.083333333334
20170823,8960,8990,8800,8990,91561,5811,141.19490075778234,120.14990636700472,128.1512777930833,327.58421309101885,309.5794189977901,8792.0,8748.0,8813.5,8395.5,8478.5
20170824,8990,9040,8930,9000,76330,16822,133.65627557282897,142.12670403551894,130.44059950797526,335.9141342000231,309.1457652419151,8866.0,8770.0,8829.5,8408.166666666666,8478.25
20170825,9010,9050,8840,8990,51146,14910,109.83624174196785,155.96473960482226,134.29072938963435,343.38231851168814,309.67535644482837,8924.0,8795.0,8834.0,8420.5,8478.583333333334
20170828,8940,9020,8850,8940,36506,577,28.98275349237888,141.40721339450826,135.0,347.2912642466237,310.1499525324777,8970.0,8832.0,8835.0,8434.333333333334,8478.916666666666
20170829,8950,8980,8790,8950,38050,4684,24.166091947189145,139.01079094804115,137.13497001129946,352.0960648582785,310.7483798121853,8974.0,8856.0,8842.0,8446.833333333334,8479.333333333334
20170830,8990,8990,8820,8860,20481,-4213,49.55804677345546,131.45341380123986,136.56500283747664,354.1288215071156,310.9470748112545,8948.0,8870.0,8840.0,8458.333333333334,8479.5
20170831,8880,8880,8650,8730,26691,6917,92.21713506718801,115.67194992737005,128.69634804453466,352.14043915558085,309.4115270249287,8894.0,8880.0,8823.5,8469.333333333334,8478.083333333334
20170901,8720,8740,8600,8650,51060,-2933,118.08471535300407,124.1168803990819,131.547519931012,346.7894013499915,306.6590125861992,8826.0,8875.0,8809.5,8480.666666666666,8475.5
20170904,8400,8580,8360,8500,33412,-10,157.6578574001309,162.18507946170638,142.94317052591214,340.6115415279097,302.87767974750415,8738.0,8854.0,8786.5,8489.333333333334,8471.333333333334
20170905,8460,8590,8410,8420,35308,-1715,157.6578574001309,204.84384296336563,162.98696266879753,332.31055588914484,300.46767944195216,8632.0,8803.0,8765.5,8497.833333333334,8467.416666666666
20170906,8440,8570,8310,8480,52852,15005,115.34296684236973,215.1650529244933,174.2699056062176,323.3979316910038,300.0038888642548,8556.0,8752.0,8750.0,8507.333333333334,8466.0
20170907,8480,8590,8400,8550,15793,994,77.20103626247513,205.42881978923992,179.42338197682042,312.9420872937948,299.33805443624465,8520.0,8707.0,8738.5,8518.5,8464.75
20170908,8550,8550,8340,8410,41602,9817,51.92301994298868,199.12056649176148,193.17349714699483,300.6093810908057,298.46044778032444,8472.0,8649.0,8722.0,8528.0,8462.166666666666
20170911,8460,8500,8290,8370,36799,6065,62.80127387243032,188.98677202386415,205.5626425204736,292.80496921978175,297.96513591788744,8446.0,8592.0,8712.0,8534.5,8459.666666666666
20170912,8450,8450,8280,8280,44934,-968,92.39047569960877,167.7647161950331,226.10782825899682,291.26276796013144,297.7801085631788,8418.0,8525.0,8690.5,8536.0,8456.416666666666
20170913,8280,8340,8150,8160,70283,-10,130.32267646115932,159.20113064925135,253.70997221236686,292.07571316701365,298.60926485274797,8354.0,8455.0,8662.5,8535.333333333334,8452.583333333334
20170914,8170,8180,8040,8060,43497,18,130.32267646115932,169.98823488700626,285.75164041523885,295.47189187583683,300.4958749029285,8256.0,8388.0,8634.0,8532.833333333334,8448.25
20170915,8050,8070,7930,7950,36263,-1001,150.0133327407934,190.5675733171832,321.59407643798414,301.45591164623715,303.7048548990155,8164.0,8318.0,8596.5,8529.0,8443.166666666666
20170918,7910,8050,7910,7980,22851,-1952,121.26005112979294,204.26453436659042,347.05907278156553,306.54757651376707,306.47090672200835,8086.0,8266.0,8560.0,8525.5,8438.5
20170919,7980,8070,7980,8070,18334,-208,73.91887445030531,204.8633691024337,351.7968163585339,309.62504205322904,308.2693514702668,8044.0,8231.0,8517.0,8523.0,8435.083333333334
20170920,8110,8110,7990,8000,23348,37,46.21688003316538,196.9796943849797,351.40966122177116,314.12824698736136,310.4566081691594,8012.0,8183.0,8467.5,8519.666666666666,8430.166666666666
20170921,7990,8080,7940,7990,19058,-10,39.698866482558415,161.0,343.7455454256825,319.12532369277636,312.572658220469,7998.0,8127.0,8417.0,8515.833333333334,8425.0
20170922,7980,7990,7720,7770,57792,-20764,101.07423014794622,162.97545827516484,344.8970860996074,330.7540207193545,317.763790242426,7962.0,8063.0,8356.0,8508.666666666666,8418.083333333334
20170925,7800,7800,7550,7550,63611,-1435,191.58288023724882,191.64811504421328,359.93436901746406,351.0015432061946,327.0917196382374,7876.0,7981.0,8286.5,8497.5,8409.583333333334
20170926,7500,7620,7430,7610,15778,-259,186.7190402717409,192.5201288177421,354.8728645585627,367.2221171622564,334.3660668593788,7784.0,7914.0,8219.5,8487.5,8401.0
20170927,7610,7800,7590,7780,9765,40,153.62291495737216,177.09884245810304,334.9100625541132,376.3945920024428,338.58180531332886,7740.0,7876.0,8165.5,8480.666666666666,8394.166666666666
20170928,7810,7810,7670,7740,10575,-269,92.73618495495705,169.71741218861428,320.6774079975077,387.9454070983252,343.16613040319066,7690.0,7844.0,8116.0,8470.166666666666,8386.916666666666
20170929,7820,7820,7680,7780,17666,-4448,94.5304183847718,166.73631877908304,303.8564628241433,397.62992286214035,346.99782860401285,7692.0,7827.0,8072.5,8460.666666666666,8380.083333333334
20171010,7770,7770,7710,7710,27995,-2418,62.80127387243032,161.55494421403512,296.9865316811521,408.919273478297,351.8939234111293,7724.0,7800.0,8033.0,8449.833333333334,8373.0
20171011,7710,7790,7660,7680,9394,-470,39.191835884530846,136.85393673548452,292.5303403067791,419.080309195447,357.09630470459626,7738.0,7761.0,7996.0,8441.833333333334,8365.75
20171012,7660,7800,7650,7800,29125,-602,44.0,113.0,273.17759791022394,425.99879368610664,360.2724277856506,7742.0,7741.0,7962.0,8435.166666666666,8359.333333333334
20171013,7800,7900,7710,7780,24918,-1133,46.475800154489,79.2464510246358,239.81816027982532,433.58531135408384,363.46135932526164,7750.0,7720.0,7923.5,8427.333333333334,8352.583333333334
20171016,7780,8000,7700,7840,15034,-736,58.78775382679628,86.14522621712709,212.63819036099795,439.5792179899824,365.7661669553838,7762.0,7727.0,7895.0,8420.333333333334,8346.333333333334
20171017,7850,7900,7790,7820,18914,-307,55.71355310873648,66.51315659326356,182.91733105422242,445.81872250179083,368.1235828123038,7784.0,7754.0,7867.5,8413.0,8339.833333333334
20171018,7830,7840,7750,7780,12858,-663,23.323807579381203,46.14108798023731,157.19017144847194,452.9981604081065,370.50302705362685,7804.0,7771.0,7842.5,8404.0,8332.583333333334
20171019,7780,7780,7700,7760,12508,-13,29.393876913398138,46.14108798023731,140.03124651305507,460.4066740994864,373.04593662668196,7796.0,7769.0,7822.5,8394.166666666666,8325.25
20171020,7700,7800,7650,7700,95583,-1139,48.98979485566357,50.049975024968795,131.20499228306826,468.8566471271901,375.8248705629772,7780.0,7765.0,7804.5,8383.666666666666,8317.0
20171023,7700,7760,7670,7700,10124,-840,46.647615158762406,53.301031884945715,128.63125592172378,476.9090292938653,378.0498111658934,7752.0,7757.0,7792.0,8373.333333333334,8308.416666666666
20171024,7700,7780,7650,7720,12307,-24,32.496153618543836,52.497618993626745,121.93850909372314,483.8336490983182,380.33504966061895,7732.0,7758.0,7779.0,8365.0,8300.5
20171025,7760,7760,7690,7710,9630,0,22.271057451320086,48.67237409455183,102.70832488167645,490.6373123010689,382.7286535165192,7718.0,7761.0,7761.0,8356.833333333334,8292.666666666666
20171026,7750,7750,7660,7700,19197,-1003,8.0,49.88987873306569,87.48714191239763,496.9385162056599,384.4662606210086,7706.0,7751.0,7746.0,8342.333333333334,8284.166666666666
20171027,7670,7750,7670,7720,13405,-2330,8.94427190999916,49.648766349225646,67.29598799334177,501.24500551661276,385.5682674822122,7710.0,7745.0,7732.5,8326.333333333334,8275.666666666666
20171030,7750,7750,7690,7720,12260,-1048,8.0,38.48376280978771,66.783231428256,501.4999723050994,386.6797411587117,7714.0,7733.0,7730.0,8306.666666666666,8267.333333333334
20171031,7740,7760,7700,7720,13503,-5016,8.0,25.317977802344327,52.65690837867335,500.5685656218153,387.80274911682665,7714.0,7723.0,7738.5,8286.666666666666,8259.166666666666
20171101,7720,7730,7700,7720,11587,-4740,8.0,16.76305461424021,43.977266854592045,501.0250326412103,389.45118079493415,7716.0,7717.0,7744.0,8268.5,8251.666666666666
20171102,7730,7730,7620,7620,25425,-6598,40.0,29.0,50.73460357586328,500.93276883098895,392.2488492303942,7700.0,7703.0,7736.0,8247.166666666666,8243.416666666666
20171103,7640,7700,7620,7660,9689,-4961,41.182520563948,31.764760348537177,53.34791467339656,495.09962521565353,394.0177308479513,7688.0,7699.0,7732.0,8223.833333333334,8235.166666666666
20171106,7640,7700,7620,7650,10348,-5639,39.7994974842648,34.9857113690718,54.99772722576816,491.7778122958151,397.35583514347536,7674.0,7694.0,7725.5,8202.5,8229.083333333334
20171107,7660,7700,7600,7690,22789,-10565,34.292856398964496,33.896902513356586,55.45042831214201,486.0160033942775,400.27112339334303,7668.0,7691.0,7724.5,8181.333333333333,8223.833333333334
20171108,7680,7740,7660,7730,9199,-413,37.416573867739416,35.510561809129406,54.506880299646575,481.698701356646,402.75454339159086,7670.0,7693.0,7727.0,8162.833333333333,8219.333333333334
20171109,7750,7780,7670,7730,22622,125,33.70459909270544,37.20215047547654,51.89171417480829,477.795254848084,405.1971742255204,7692.0,7696.0,7723.5,8145.166666666667,8215.5
20171110,7790,7870,7760,7850,43239,-227,66.93280212272605,59.405386961116584,57.62811813689564,471.9991760819205,406.31691756601373,7730.0,7709.0,7727.0,8129.666666666667,8213.75
20171113,7900,7900,7750,7810,17272,-3455,58.78775382679628,66.75327707311455,54.99772722576816,466.9450062787673,407.5152008075719,7762.0,7718.0,7725.5,8114.166666666667,8212.166666666666
20171114,7810,7840,7750,7770,17284,404,46.647615158762406,68.5638388656878,51.6817182376902,465.156932896857,408.31550981551305,7778.0,7723.0,7723.0,8100.833333333333,8211.333333333334
20171115,7770,8080,7770,8040,70208,19172,107.70329614269009,117.15374513859982,85.81375181169973,458.39199624558336,407.74733461941315,7840.0,7755.0,7736.0,8089.666666666667,8212.333333333334
20171116,8010,8010,7900,7970,7793,-6,101.27191120937731,123.69316876852982,99.81357623089157,451.2024367051637,408.16723662722165,7888.0,7790.0,7746.5,8077.166666666667,8211.416666666666
20171117,7970,7970,7870,7920,10658,7,99.8799279134702,120.9297316626478,106.01297090450771,445.82682238212584,409.0014177512946,7902.0,7816.0,7757.5,8065.333333333333,8209.416666666666
20171120,8040,8040,7720,7860,39232,-11738,92.39047569960877,107.80074211247343,107.39995344505509,438.81076660523803,410.21091289226126,7912.0,7837.0,7765.5,8051.333333333333,8206.916666666666
20171121,7890,7890,7700,7750,44606,-15639,98.67117106835207,100.90094152187085,106.96261028976434,431.95087169184296,412.29741658488365,7908.0,7843.0,7767.0,8035.333333333333,8203.416666666666
20171122,7760,7790,7680,7740,24039,-517,91.08238029388559,99.81983770774224,106.36141217565701,417.49421153646375,414.43482264714333,7848.0,7844.0,7768.5,8015.5,8199.333333333334
20171123,7740,7810,7710,7740,15098,-1052,74.40430095095309,98.71676655968832,105.42651469151392,399.1301653454364,416.50329297125916,7802.0,7845.0,7770.5,7994.666666666667,8195.083333333334
20171124,7810,7810,7740,7790,14675,-143,45.86937976471886,100.04498987955368,104.85227703774488,377.8245845183353,418.10471840903983,7776.0,7839.0,7774.0,7974.5,8191.333333333333
20171127,7820,7920,7730,7740,16599,-306,19.39071942966532,104.19213022104886,104.42700800080408,355.03035863900584,420.0741915295867,7752.0,7832.0,7775.0,7953.666666666667,8187.083333333333
20171128,7800,7950,7760,7900,38773,30,62.096698785040104,103.75451797391764,107.02336193560731,331.02853183475605,420.8284158132652,7782.0,7845.0,7784.0,7936.333333333333,8185.333333333333
20171129,7950,7960,7840,7900,14621,149,72.5534285888682,84.07734534343956,108.816359064251,303.59562835347344,421.62420734887746,7814.0,7831.0,7793.0,7918.833333333333,8182.833333333333
20171130,7930,7950,7850,7920,11459,400,71.55417527999327,76.83749084919418,104.52750834110607,277.7798388808543,422.29958264287575,7850.0,7826.0,7808.0,7903.166666666667,8180.75
20171201,7930,7930,7810,7830,16251,-632,66.4529909033446,70.2922470831599,98.90778533563473,256.1867266051718,423.3862745771845,7858.0,7817.0,7816.5,7888.166666666667,8178.75
20171204,7900,7950,7820,7940,25662,11334,37.094473981982816,78.77182237323191,94.59915433025816,236.3540188403957,423.51829948698446,7898.0,7825.0,7831.0,7876.333333333333,8178.5
20171205,7940,7940,7740,7760,75529,-45564,66.332495807108,77.87168933572714,90.52485846440192,222.3825532720219,424.8476851248017,7870.0,7826.0,7834.5,7864.0,8176.666666666667
20171206,7790,7800,7700,7800,18335,125,69.2820323027551,73.18469785412795,87.72684879784524,210.38826540947025,425.54017142961607,7850.0,7832.0,7838.0,7853.666666666667,8175.75
20171207,7800,7800,7700,7730,22891,57,72.49827584156743,74.49161026585477,87.72684879784524,194.48300411262704,426.7896876687007,7812.0,7831.0,7838.0,7841.166666666667,8174.25
20171208,7790,7790,7640,7700,19904,-3306,83.80930735902787,83.7615663654877,92.6539259826587,171.9912788480362,428.1354195816402,7786.0,7822.0,7830.5,7827.0,8172.75
20171211,7700,7710,7610,7650,20958,-170,51.14684741017769,96.0260381354974,100.64169116226137,155.81363511795615,429.7114988251645,7728.0,7813.0,7822.5,7814.333333333333,8171.166666666667
20171212,7730,7730,7620,7660,16287,36,54.18486873657626,101.1385188738692,106.21205204683693,139.2434917681341,431.877007955213,7708.0,7789.0,7817.0,7802.5,8168.5
20171213,7680,7730,7630,7690,6784,2430,28.70540018881465,97.65244492586962,96.40928378532848,125.31116825196042,434.0559359758863,7686.0,7768.0,7799.5,7792.666666666667,8164.333333333333
20171214,7630,7700,7610,7660,14818,-5065,19.39071942966532,87.840765023991,92.59589623736031,116.95250697899117,436.4553878186209,7672.0,7742.0,7784.0,7784.333333333333,8159.833333333333
20171215,7640,7700,7600,7640,12740,1199,16.73320053068151,87.29833904490967,92.14119599831554,112.73666464525864,438.97797179650075,7660.0,7723.0,7770.0,7777.333333333333,8155.083333333333
20171218,7620,7700,7570,7570,23653,-962,40.29888335921977,62.32174580353154,99.37177667728399,113.5297317876768,442.1802045927436,7644.0,7686.0,7755.5,7771.0,8150.0
20171219,7570,7620,7520,7550,19459,332,53.44155686354955,68.8839603971781,109.01720047772278,113.682183690632,445.5126884342385,7622.0,7665.0,7745.5,7763.833333333333,8144.666666666667
20171220,7550,7550,7460,7500,26829,-1068,58.855755878248644,68.8839603971781,121.46089905809194,111.49539103480352,449.2900572635711,7584.0,7635.0,7733.5,7754.333333333333,8138.666666666667
20171221,7500,7530,7430,7450,17206,-760,64.31174076325411,80.50465825031495,136.23142075160195,113.51199153395012,453.5893808162139,7542.0,7607.0,7719.0,7745.166666666667,8132.416666666667
20171222,7420,7450,7350,7450,31543,-12485,49.638694583963435,86.3481325796916,147.09180806557515,115.13892574626269,457.73245460677947,7504.0,7582.0,7702.0,7736.166666666667,8126.0
20171226,7450,7480,7410,7480,14777,-1873,37.20215047547654,88.00568163476721,154.463587942272,119.61698132791723,461.42713400963714,7486.0,7565.0,7689.0,7731.333333333333,8120.0
20171227,7360,7470,7330,7360,15478,25,47.91659420284376,100.72239075796404,162.22207001514928,126.68190697702877,466.46933327844454,7448.0,7535.0,7662.0,7728.166666666667,8112.833333333333
20171228,7400,7400,7350,7380,5220,35,45.86937976471886,95.83318840568752,163.65818036383027,133.4961505887086,471.10772977728067,7424.0,7504.0,7636.0,7724.333333333333,8105.916666666667
20180102,7390,7410,7300,7370,13963,-507,47.91659420284376,87.77812939451374,159.78970555076444,140.7672428743544,475.7625385167514,7408.0,7475.0,7608.5,7717.5,8099.083333333333
20180103,7440,7450,7330,7410,13859,-4,43.358966777357594,69.82836100038436,156.8717629148089,146.12551682183158,479.1986293691132,7400.0,7452.0,7587.5,7712.0,8091.083333333333
20180104,7430,7440,7200,7330,73355,-44814,26.0768096208106,66.30233781700309,144.15616532080756,153.7901709032383,483.5571249148372,7370.0,7428.0,7557.0,7704.5,8082.583333333333
20180105,7320,7320,7200,7300,29157,7634,38.67815921162743,62.61788881781308,146.60832172833847,162.26898108388642,488.0694323901889,7358.0,7403.0,7534.0,7697.666666666667,8073.75
20180108,7310,7340,7240,7280,9186,-175,47.07440918375928,63.31666447310692,143.19916200872126,170.84788555841232,493.3014558961254,7338.0,7381.0,7508.0,7691.0,8066.416666666667
20180109,7320,7390,7230,7340,28418,8,44.45222154178575,59.83310120660637,138.1041273822039,176.02714437079234,497.5375404600288,7332.0,7370.0,7488.5,7683.333333333333,8059.25
20180110,7370,7370,7290,7350,14024,-130,26.0768096208106,53.66563145999496,132.24598292575843,180.6386048311258,501.3742156982296,7320.0,7360.0,7471.0,7676.166666666667,8051.75
20180111,7320,7370,7310,7320,6388,95,25.612496949731394,36.66060555964672,129.44014060560966,184.99211694856962,505.38647890095336,7318.0,7344.0,7454.5,7667.5,8043.916666666667
20180112,7350,7350,7250,7330,19124,21,24.166091947189145,36.455452267116364,123.0690862889621,188.8550296444391,509.1302769323754,7324.0,7341.0,7438.0,7659.333333333333,8036.166666666667
20180115,7340,7340,7240,7280,3957,-544,24.166091947189145,38.06573262134856,113.13156058324309,194.29959684238383,513.0614810465523,7324.0,7331.0,7417.5,7651.0,8027.5
20180116,7280,7320,7190,7250,22652,244,36.11094017053558,42.53234063627347,104.12012293500234,200.40479867785785,517.0289052743932,7306.0,7319.0,7397.0,7642.5,8018.333333333333
20180117,7280,7280,7110,7180,39541,-17,54.18486873657626,48.82622246293481,98.55962662266937,208.79887983895281,521.799071323131,7272.0,7296.0,7374.0,7633.833333333333,8008.75
20180118,7180,7240,7140,7170,30087,-3,60.4648658313239,60.0,97.3344748791506,216.86785530927745,526.5336066095283,7242.0,7280.0,7354.0,7625.0,7999.166666666667
20180119,7170,9090,7130,7610,1610699,-105026,161.4187101918486,116.14215427655886,104.02403568406679,216.5216822599249,527.3210531127164,7298.0,7311.0,7357.0,7623.166666666667,7994.083333333333
20180122,7930,8100,7730,8050,552328,-7413,339.6704285038661,249.15055689281533,181.80965320906367,223.07018078473567,527.0091449768569,7452.0,7388.0,7384.5,7628.833333333333,7992.833333333333
20180123,8070,8120,7930,8120,214799,4223,407.65671833050914,330.67204296704614,242.4169961038211,231.61959953481514,524.483866662491,7626.0,7466.0,7418.0,7635.833333333333,7989.083333333333
20180124,8100,8630,8040,8390,296375,-36105,429.62309062712166,427.27040618325066,322.0947065693568,250.76748858875786,521.9567883352394,7868.0,7570.0,7465.0,7647.0,7986.666666666667
20180125,8410,8520,8330,8430,199790,-35579,294.61839725312467,487.8001640016125,384.7580408516501,269.9511787132417,516.8267964225045,8120.0,7681.0,7512.5,7658.833333333333,7982.75
20180126,8440,8480,8340,8470,107075,14964,172.32527382830415,524.2947644216944,435.47215754856245,289.17391921702665,511.6189988657076,8292.0,7795.0,7568.0,7671.333333333333,7979.0
20180129,8540,8540,8140,8290,203311,-9621,125.21980673998823,512.5075609198367,460.28550922226515,299.78487657318925,506.74111295207183,8340.0,7896.0,7613.5,7680.833333333333,7974.666666666667
20180130,8170,8520,8170,8370,97154,-243,60.663003552412405,480.47476520624883,484.78113618415483,312.3601909473568,500.9332332427304,8390.0,8008.0,7663.5,7693.333333333333,7970.25
20180131,8390,8450,8230,8240,50805,56,85.32291603080617,395.5300241448177,496.6840041716665,320.0588487551113,491.52567893845037,8360.0,8114.0,7705.0,7703.0,7963.416666666667
20180201,8220,8480,8220,8340,86419,14,77.82030583337487,242.38193001954582,507.2225842763707,330.1839133974389,484.7364404158365,8342.0,8231.0,7755.5,7714.5,7958.5
20180202,8270,8380,8000,8060,175884,-132,109.36178491593851,145.20330574749326,500.0927413990329,333.1109258020063,476.06792232518234,8260.0,8276.0,7793.5,7720.666666666667,7951.0
20180205,8060,8070,7800,7810,84518,520,207.5186738585229,192.65513229602783,486.02469073083114,333.30566551807595,469.1978897251899,8164.0,8252.0,7820.0,7722.0,7942.416666666667
20180206,7640,7900,7530,7870,77634,887,204.60694025374605,222.12834128044082,473.41604324314994,333.84311019100437,462.75796859735357,8064.0,8227.0,7846.5,7724.333333333333,7934.75
20180207,7910,8130,7790,7790,68772,55,206.35891063872188,249.36118382779625,459.8616639816805,333.5549263444775,456.39648333477487,7974.0,8167.0,7868.5,7723.333333333333,7926.5
20180208,7820,7930,7700,7850,31204,-229,96.24967532412771,248.8955604264568,442.4307855472989,333.7673840662799,450.3072947694404,7876.0,8109.0,7895.0,7724.0,7919.083333333333
20180209,7610,7800,7590,7590,43023,233,100.07996802557443,260.9770104817664,429.26215766125955,334.14916828633216,447.3048845279602,7782.0,8021.0,7908.0,7721.0,7910.916666666667
20180212,7700,7700,7590,7620,10620,395,116.89311356961966,269.19138173425983,410.37178265567917,331.7840663239382,442.0218383246525,7744.0,7954.0,7925.0,7714.0,7901.833333333333
20180213,7630,7710,7550,7580,35983,-295,111.82128598795492,250.808692034387,388.97654170913694,330.5229442360202,436.5522750934172,7686.0,7875.0,7941.5,7707.5,7892.333333333333
20180214,7650,7660,7500,7550,20957,36,108.33282051160671,235.3380547212881,360.0416642556803,329.9518483385155,432.3643011272307,7638.0,7806.0,7960.0,7701.333333333333,7883.333333333333
20180219,7560,7690,7560,7630,18108,-1844,28.70540018881465,157.87653403846943,321.466950089741,329.42184201989465,426.4227085759373,7594.0,7735.0,7983.0,7697.5,7874.416666666667
20180220,7660,7700,7550,7580,16604,-440,29.257477676655586,120.2538980657176,323.2688509584553,329.68907911647494,420.2994963915809,7592.0,7687.0,7981.5,7694.666666666667,7865.0
20180221,7550,7690,7550,7620,22970,147,29.257477676655586,114.17530380953669,332.1746528559938,329.77197509087387,409.3663718348624,7592.0,7668.0,7960.0,7692.666666666667,7854.083333333333
20180222,7620,7620,7410,7490,39304,-710,50.833060108555344,103.3440854621105,345.12715048225334,330.7255911876899,397.2111022146439,7574.0,7630.0,7928.5,7688.5,7841.583333333333
20180223,7490,7500,7440,7460,22460,-2251,68.87670143089025,99.6042167782067,342.45583656874646,331.7343314558306,384.24289735402635,7556.0,7597.0,7882.0,7683.0,7828.75
20180226,7560,7560,7410,7460,25086,-957,65.84831053261732,62.25752966509353,329.8677765408437,332.86717404294416,370.64223540635095,7522.0,7558.0,7833.5,7678.333333333333,7816.0
20180227,7510,7530,7450,7510,19381,-3167,59.12698199637793,62.76941930590086,302.4644607222475,332.2824685244001,357.0515738506682,7508.0,7550.0,7785.5,7671.833333333333,7804.083333333333
20180228,7500,7520,7410,7460,16288,-1824,20.591260281974,63.2771680782255,286.93901791147186,332.02120916157327,342.6011610545211,7476.0,7534.0,7744.0,7664.5,7791.666666666667
20180302,7400,7500,7360,7420,14983,-984,28.5657137141714,69.54135460285484,256.3839893597102,331.77849873372134,329.956899542813,7462.0,7518.0,7696.5,7656.166666666667,7779.666666666667
20180305,7420,7420,7330,7390,23317,145,40.693979898751614,78.20485918406861,232.06464616567516,332.7165543752447,320.13447695255167,7448.0,7502.0,7654.0,7648.833333333333,7768.5
20180306,7390,7390,7250,7360,38148,-7222,52.68775948927797,75.92759709091288,179.56892826989863,332.5421861288204,311.9066700692435,7428.0,7475.0,7605.0,7639.166666666667,7757.75
20180307,7370,7370,7230,7300,24131,-6285,54.258639865002145,83.31266410336427,158.43295111813072,334.9618137436653,307.1494275327304,7386.0,7447.0,7567.0,7631.5,7747.75
20180308,7300,7320,7160,7250,11459,-545,61.514225996918796,80.37412518964048,162.44691440590677,337.73938012714484,304.2110013357243,7344.0,7410.0,7539.0,7622.333333333333,7738.0
20180309,7300,7300,7160,7220,38273,-3408,64.06246951218786,93.27915093953204,157.93273884790318,341.3214109242702,300.13677437742297,7304.0,7383.0,7506.5,7613.833333333333,7727.5
20180312,7260,7340,7200,7300,30182,-2056,48.0,92.4175308044962,149.85326155943355,343.4729085221537,293.0170525002024,7286.0,7367.0,7482.0,7607.166666666667,7717.083333333333
20180313,7350,7350,7250,7290,31907,-7233,31.874754901018452,89.33084573650919,129.3986089569745,345.80867381930665,288.60140476734375,7272.0,7350.0,7454.0,7601.166666666667,7707.75
20180314,7300,7300,7220,7260,20610,7,28.70540018881465,74.86654793697917,132.01799119816963,348.45575998460015,284.9931285727504,7264.0,7325.0,7437.5,7594.5,7698.5
20180315,7280,7320,7220,7310,46986,-950,32.61901286060018,59.83310120660637,127.81236246936365,350.1118472079088,282.12702763573213,7276.0,7310.0,7422.0,7588.166666666667,7690.416666666667
20180316,7250,7330,7200,7270,23069,-49,18.547236990991408,48.01041553663122,126.50197626914768,352.3311258205845,281.3823022159549,7286.0,7295.0,7406.5,7581.666666666667,7683.0
20180319,7280,7280,7200,7250,34341,-2732,21.54065922853801,37.53664875824692,126.3833454217762,354.7839326810997,281.9724055654224,7276.0,7281.0,7391.5,7575.166666666667,7676.25
20180320,7220,7240,7170,7220,20112,-943,29.257477676655586,31.0,119.0756062340226,357.68639274556364,283.86905236259895,7262.0,7267.0,7371.0,7569.333333333333,7670.166666666667
20180321,7220,7240,7110,7190,78877,-20947,41.182520563948,36.38681079732051,115.12058894915366,360.96475666653885,285.7615434633802,7248.0,7256.0,7351.5,7563.333333333333,7663.583333333333
20180322,7190,7210,7080,7130,56157,-3340,49.15282290977803,52.57375771237965,107.24271537032247,365.13053221462235,287.3924798952665,7212.0,7244.0,7327.0,7557.166666666667,7655.75
20180323,7100,7100,6850,6900,80930,-347,125.44321424453376,116.25833303466896,135.71569548139962,374.48987525224817,293.73881775466236,7138.0,7212.0,7297.5,7548.0,7646.583333333333
20180326,6900,6900,6740,6850,41079,-21250,153.0228741071086,154.34053258946594,161.80543872194158,384.84109274666105,300.82773540556417,7058.0,7167.0,7267.0,7538.0,7637.083333333333
20180327,6870,6950,6790,6870,35413,-5617,142.6043477598071,171.36218952849546,176.99929378390186,394.1830863384842,308.5406397692858,6988.0,7125.0,7237.5,7527.833333333333,7629.583333333333
20180328,6830,6840,6770,6840,15216,-21,107.96295661012623,184.1222420024262,185.45619428857052,403.3868766110263,316.7094707918288,6918.0,7083.0,7204.0,7519.166666666667,7623.666666666667
20180329,6880,6880,6800,6840,24204,-374,22.803508501982762,180.12218075517518,191.7837323653912,412.3165922225288,324.6227618334109,6860.0,7036.0,7173.0,7510.166666666667,7617.25
20180330,6880,6970,6840,6960,25527,1384,45.34313619501854,163.04907236779977,188.33480825381162,417.94204808242523,329.7155234277578,6872.0,7005.0,7150.0,7503.333333333333,7610.416666666667
20180402,6880,7070,6880,6990,23198,-276,62.9285308902091,141.17011015083898,182.94808006644942,422.93406368132486,334.2767898352706,6900.0,6979.0,7130.0,7496.333333333333,7604.166666666667
20180403,6960,6990,6840,6940,24732,-817,62.481997407253225,116.14215427655886,179.4129315294748,428.40203729129485,339.27909684492363,6914.0,6951.0,7109.0,7489.833333333333,7597.166666666667
20180404,6940,6940,6760,6760,55685,-18741,85.41662601625049,97.85703858180055,189.013227050384,437.86334118687284,347.53695846679614,6898.0,6908.0,7082.0,7480.833333333333,7589.25
20180405,6760,6820,6580,6690,245196,-183504,119.8999582985749,86.3944442658207,203.01231489739732,448.7527158689695,356.9089519756427,6868.0,6864.0,7054.0,7471.0,7581.0
20180406,6690,6780,6610,6710,28719,8,123.19090875547596,96.66954018717578,212.374080339386,458.9496159708338,364.99839231048753,6818.0,6845.0,7028.5,7460.5,7571.916666666667
20180409,6740,6740,6500,6600,80811,-354,112.60550608207396,121.3260071048248,222.19979747965567,471.8220003346343,375.01754588628785,6740.0,6820.0,6993.5,7448.0,7562.083333333333
20180410,6640,6900,6510,6900,128968,7057,98.67117106835207,122.88612614937456,212.2121579928916,476.7588488950945,378.92757113598697,6732.0,6823.0,6974.0,7441.0,7554.25
20180411,6950,6950,6830,6900,40404,3417,120.16655108639841,125.01599897613104,202.22264957219798,481.581047753471,382.7607952615325,6760.0,6829.0,6956.0,7433.833333333333,7546.583333333333
20180412,6930,7090,6890,7070,69789,10270,164.0243884305014,144.55448799674122,187.4406572758429,483.44584897242026,384.59011370016714,6836.0,6852.0,6944.0,7430.333333333333,7540.666666666667
20180413,7110,7130,7040,7100,48687,2158,177.7188791321845,160.26228502052498,175.9680368703362,484.7579865823056,386.13033924989736,6914.0,6866.0,6935.5,7427.833333333333,7535.166666666667
20180416,7100,7110,6960,7000,31335,4424,83.33066662399864,161.06209982488122,161.4651665220706,486.83498801475923,388.8738727264161,6994.0,6867.0,6923.0,7424.833333333333,7529.333333333333
20180417,7060,7060,6850,6950,57158,-43,73.91887445030531,161.54256405046937,146.6790714451111,489.56133993130084,392.0943675391264,7004.0,6868.0,6909.5,7421.166666666667,7523.083333333333
20180418,6990,7060,6900,6940,48920,2,63.68673331236264,158.50552040859648,132.17791040866095,492.7575468724704,395.2288278823306,7012.0,6886.0,6897.0,7410.0,7516.583333333333
20180419,6960,7240,6900,7210,157719,1696,102.17631819555841,170.51686133634996,140.13921649559768,486.2653596543502,395.80297252030283,7040.0,6938.0,6901.0,7396.0,7512.416666666667
20180420,7350,7350,7140,7270,83333,-2719,138.36184445142382,178.22457742971366,161.56964442617308,477.2647471672962,396.0348960498822,7074.0,6994.0,6919.5,7381.833333333333,7508.833333333333
20180423,7300,7720,7270,7700,348558,37229,277.1714270988263,232.3445717033217,233.4866163187946,460.8650079527947,395.95019327676516,7214.0,7104.0,6962.0,7370.333333333333,7508.666666666667
20180424,7770,7810,7550,7630,125073,-11850,281.0693864511039,268.6279955626368,273.78823933836156,441.1662573978662,395.6342920626416,7350.0,7177.0,7000.0,7357.0,7507.916666666667
20180425,7600,7780,7390,7440,92236,-7364,192.35384061671346,261.7040313025384,287.15849282234365,416.8952373062832,395.2020492388346,7450.0,7231.0,7030.0,7339.833333333333,7505.583333333333
20180426,7410,7480,7300,7440,44803,-13182,152.91827882892218,262.4804754643667,296.9174969583302,398.3983210582032,394.7555414435016,7496.0,7268.0,7060.0,7325.666666666667,7503.25
20180427,7490,7550,7300,7540,74461,7,103.15037566582102,267.46214685446614,313.59049730500436,375.6571649194625,394.6253409533837,7550.0,7312.0,7089.0,7311.833333333333,7502.583333333333
20180430,7540,7850,7420,7760,108490,-991,121.72099243762352,275.85503439306666,344.78797832871146,360.6156387189293,395.0622225961049,7562.0,7388.0,7127.5,7303.833333333333,7503.416666666667
20180502,7830,7970,7640,7850,81704,-1804,168.949696655543,264.869779325615,375.70067873241857,342.13236554779184,396.09762229687897,7606.0,7478.0,7173.0,7295.666666666667,7505.083333333333
20180503,7710,7830,7530,7550,42775,16,152.23665787188048,194.95897004241687,371.7105728924051,329.1255670540667,395.757282168302,7628.0,7539.0,7212.5,7287.166666666667,7503.916666666667
20180504,7580,7730,7500,7670,41676,14,119.76643937263893,163.66123548354386,364.1191425893454,325.89104348231825,395.5091567282705,7674.0,7585.0,7261.5,7284.833333333333,7503.416666666667
20180508,7670,7690,7450,7520,37219,-561,124.41864811996632,129.07362240210043,345.0739051275828,318.41115977056864,394.9669465781169,7670.0,7610.0,7302.0,7279.0,7501.666666666667
20180509,7590,7670,7360,7470,19581,36,136.0,131.4572173750837,306.5203908388478,312.4311479702272,393.68271911996015,7612.0,7587.0,7345.5,7273.666666666667,7498.5
20180510,7470,7530,7410,7520,19949,22,67.11184694225007,132.0,290.84832817123083,305.05459438488583,392.6518725995175,7546.0,7576.0,7376.5,7268.166666666667,7496.083333333333
20180511,7520,7570,7360,7450,47475,263,77.09734106958554,131.0,269.729494123279,303.11324433066346,391.86837890960413,7526.0,7577.0,7404.0,7265.833333333333,7493.416666666667
20180514,7460,8200,7460,8180,400233,-4766,277.373394542447,214.8697279748825,306.9279231350579,321.9135063263537,393.69805653898567,7628.0,7651.0,7459.5,7275.166666666667,7494.583333333333
20180515,8340,8390,8020,8060,187099,-445,316.6449115334084,242.81886252925244,321.6655872175325,335.0845249913234,394.6874994506089,7736.0,7703.0,7507.5,7283.166666666667,7495.333333333333
20180516,7890,7950,7610,7670,97880,6116,292.205407205274,242.20652344641755,301.3121305224866,337.02369682560044,393.0970247072413,7776.0,7694.0,7541.0,7285.166666666667,7493.25
20180517,7670,8190,7660,8000,230760,-88,270.3627193235044,255.67362007058918,284.7854455550704,346.52785682442294,394.38939267671446,7872.0,7709.0,7593.5,7291.333333333333,7494.416666666667
20180518,8000,8060,7860,7970,65395,-392,169.06803364326444,260.5551764981844,253.3475873182928,355.42505851725554,396.08093133477007,7976.0,7751.0,7645.0,7297.833333333333,7496.25
20180521,7970,8030,7800,7880,44695,-33,136.02940858505562,261.6409753842085,237.408403389602,360.8697441210535,397.002300231675,7916.0,7772.0,7678.5,7302.166666666667,7497.416666666667
20180523,7880,7880,7560,7750,50908,222,126.58593918757327,248.2438317461282,218.40043498125183,364.64057645820566,397.05425741790685,7854.0,7795.0,7702.5,7306.5,7497.5
20180524,7800,7880,7520,7520,74222,-90,175.11139311878026,242.07436873820407,221.99718466683308,365.142095628226,396.1543522841639,7824.0,7800.0,7693.5,7307.5,7495.25
20180525,7380,7450,7080,7200,178750,-50481,277.0270744891193,292.8071037389633,246.56844891429242,364.8492458838234,396.41552799264235,7664.0,7768.0,7672.0,7303.166666666667,7490.75
20180528,7330,7770,7330,7770,91824,-956,242.20652344641755,273.1300056749533,241.480330461924,368.80267985257257,395.47215100759547,7624.0,7800.0,7688.5,7307.5,7489.666666666667
20180529,7760,7760,7490,7680,62609,9364,211.1492363235065,243.10491562286438,234.7014060460653,371.38520732791017,394.0731390100587,7584.0,7750.0,7700.5,7311.166666666667,7487.833333333333
20180530,7670,7750,7500,7710,37911,507,205.38743875904387,220.05681084665386,231.7951681981313,374.6429411227522,392.61366896213343,7576.0,7715.0,7709.0,7316.0,7486.083333333333
20180531,7760,7980,7750,7980,87250,-22,256.390327430658,232.98927013920616,239.0606617576384,384.08025058399164,393.9431713110082,7668.0,7746.0,7720.0,7325.833333333333,7487.333333333333
20180601,7990,8000,7840,7930,46877,181,119.76643937263893,226.20565863832852,241.85532865744347,391.7799836072903,393.8484533002749,7814.0,7739.0,7724.0,7335.333333333333,7487.25
20180604,7930,8000,7800,7950,46939,927,127.90621564255585,224.23425251285764,243.17483422426758,399.5626428425571,395.3209315091234,7850.0,7737.0,7744.0,7346.166666666667,7488.833333333333
20180605,7990,7990,7770,7970,49668,-438,100.47885349664377,231.4821807396846,247.36410410566847,407.2324957015699,396.735559494002,7908.0,7746.0,7759.0,7358.166666666667,7490.25
20180607,8000,8140,7870,8130,134140,-569,71.10555533852471,258.61941149109435,253.54437481435082,418.59155377129014,400.39937527745263,7992.0,7784.0,7789.5,7373.333333333333,7493.583333333333
20180608,8210,8440,8170,8390,291168,-1077,173.1588865753069,298.44429966075745,274.03421319244063,438.20780838901965,408.20079481701276,8074.0,7871.0,7835.5,7391.5,7499.333333333333
20180611,8310,8470,8310,8450,89807,466,208.07690885823925,248.88551585015952,294.6794869005985,458.4258997431649,417.04396251117066,8178.0,7996.0,7882.0,7410.833333333333,7506.0
20180612,8340,8690,8340,8610,194203,-17,229.78250586152114,295.77018105278967,317.23808094237364,482.9446713189109,428.7448655349405,8310.0,8080.0,7940.0,7433.333333333333,7513.916666666667
20180614,8840,10200,8790,8790,3331640,-69362,221.05203007436958,331.0120843715528,364.62960658728736,512.8833525599258,443.9027593094845,8474.0,8191.0,7970.5,7458.0,7523.083333333333
20180615,8850,8880,8200,8570,636994,41078,138.9100428334827,305.6157718443209,387.13563514613327,531.6012498938138,453.8386889148032,8562.0,8277.0,7996.0,7479.666666666667,7530.666666666667
20180618,8460,8780,8330,8490,253976,3,118.38918869558994,294.1360229553667,393.80325036749,546.174473547906,462.0488114550436,8582.0,8328.0,8037.0,7500.333333333333,7537.75
20180619,9150,9210,8510,8540,558029,-57960,102.76186062932103,267.299457537796,408.57557440454025,560.8278602999908,470.941580477424,8600.0,8389.0,8064.0,7522.333333333333,7545.833333333333
20180620,8520,8660,8500,8590,141405,24,102.68398122394748,228.3002409109548,423.5150528611704,575.4487138068865,480.41275656149935,8596.0,8453.0,8095.0,7545.666666666667,7554.5
20180621,8700,8720,8230,8430,215623,-17899,57.82732917920384,163.49006085998008,426.50762009605415,583.8032393041344,486.92823307651634,8524.0,8499.0,8122.5,7567.333333333333,7562.25
20180622,8230,8450,7900,8050,228586,-2043,192.45778757951047,182.2333668678708,418.3404713866446,580.4476002762398,488.82676294063344,8420.0,8491.0,8137.5,7586.5,7567.25
20180625,8020,8230,8000,8050,119913,20,236.0,224.6797721202334,394.4920785009504,575.3776296194054,490.6669992642854,8332.0,8457.0,8164.0,7606.5,7572.25
20180626,8000,8050,7650,7780,91208,-801,291.3417237540823,303.0181512715039,340.13379720339464,567.7063990790792,490.95478831254735,8180.0,8390.0,8193.0,7621.666666666667,7574.75
20180627,7780,7830,7540,7570,96693,-7382,289.93792439072195,378.6872060157301,355.0366178297669,558.5728590691356,490.5603088989347,7976.0,8286.0,8183.0,7633.833333333333,7576.5
20180628,7600,7980,7340,7460,81691,598,241.7767565337909,410.5374526154709,373.3845203004538,549.452126111701,490.3471276105399,7782.0,8153.0,8172.0,7644.166666666667,7577.166666666667
20180629,7380,7500,7230,7280,64176,1,266.0375913287444,459.0468385687892,409.9570099412864,544.3143240197828,490.73209906822586,7628.0,8024.0,8150.5,7649.5,7576.416666666667
20180702,7340,7340,6840,6850,88879,7056,314.03184551889,547.6677825105289,497.9799192738599,547.4275954151399,494.9371382647345,7388.0,7860.0,8094.0,7647.166666666667,7571.75
20180703,6850,7360,6800,7000,61199,7557,271.3963890695674,551.3111644071794,551.6509312962319,546.1882815372998,497.1844057627762,7232.0,7706.0,8047.5,7648.166666666667,7569.0
20180704,6910,7000,6750,6850,33946,-496,243.42555330120956,518.4553982745285,610.3431411919038,543.8656901190483,500.8824920414817,7088.0,7532.0,7992.5,7649.666666666667,7565.25
20180705,6850,6950,6670,6680,47854,96,201.33554082675025,479.7092869645115,674.1409348200123,544.1612046686593,506.6663308664638,6932.0,7357.0,7928.0,7649.5,7560.25
20180706,6730,7000,6600,6980,62656,-103,114.78675881825394,429.9534858563191,702.8902830456543,537.448292086268,509.02187657671936,6872.0,7250.0,7870.5,7654.0,7557.25
20180709,7000,7000,6710,6970,65613,-83,120.09995836801943,342.10524696356237,718.3764681557992,527.3471079109112,511.47742836079664,6896.0,7142.0,7799.5,7660.166666666667,7554.083333333333
20180710,7000,7460,7000,7430,80045,68,248.78906728391425,288.7923129170858,706.4932766842159,518.9113604458666,511.1555536237004,6982.0,7107.0,7748.5,7669.0,7555.0
20180711,7490,8040,7300,7960,146670,-160,447.68739093255687,364.9712317429965,680.590919716095,510.40397943394083,512.0521823997548,7204.0,7146.0,7716.0,7686.666666666667,7560.25
20180712,8020,8180,7900,7990,388148,-30,447.68739093255687,437.91437519222876,638.5013703979029,505.4430399821997,512.8810507540455,7466.0,7199.0,7676.0,7702.0,7566.166666666667
20180713,7950,8120,7750,7770,142218,11,383.01958174485014,470.44234503284247,605.445290674558,499.38459349683916,512.3879552321836,7624.0,7248.0,7636.0,7713.166666666667,7570.5
20180716,7780,7820,7510,7560,101210,-6761,219.21678767831628,458.4419265294133,572.9090241914505,491.1334679423858,511.1375113958152,7742.0,7319.0,7589.5,7722.5,7573.666666666667
20180717,7560,7740,7480,7700,41048,142,161.31955864060626,457.83075475551004,530.9413809452038,480.74768156811206,509.918777574011,7796.0,7389.0,7547.5,7735.0,7578.083333333333
20180718,7690,7710,7400,7550,66805,-68,161.31955864060626,422.19545236773934,474.18851736413865,470.1612902916089,509.91665304822817,7714.0,7459.0,7495.5,7745.166666666667,7577.583333333333
20180719,7620,7880,7510,7620,112448,-6229,84.14273587185052,333.64801812688773,424.64691215173104,465.28772460322716,508.0918552128984,7640.0,7553.0,7455.0,7752.0,7574.0
20180720,7710,7830,7620,7770,77964,-2289,84.14273587185052,277.4094446842068,409.13200803652603,461.03856189622314,505.94926595714486,7640.0,7632.0,7441.0,7760.333333333333,7571.083333333333
20180723,7900,7900,7350,7350,77937,-13798,144.41606558828556,199.09796583591708,384.75186809163125,463.96991640958265,500.72779670120224,7598.0,7670.0,7406.0,7754.5,7562.416666666667
20180724,7290,7530,7250,7330,39728,-6064,166.3249830903343,212.93191400069648,375.26357403830184,466.891939674605,494.79484384980384,7524.0,7660.0,7383.5,7749.5,7553.25
20180725,7390,7430,7150,7330,58870,-5103,181.9890106572372,207.992788336519,372.9379975277392,468.3174374524228,487.9994236680529,7480.0,7597.0,7371.5,7747.666666666667,7543.75
20180726,7300,7460,7200,7430,72755,-16156,168.09521111560557,165.7377446449661,372.6392357227027,468.42866763942664,483.2795875293866,7442.0,7541.0,7370.0,7747.5,7536.583333333333
20180727,7470,7570,7260,7560,52092,-2903,88.09086218218096,147.71594362153328,374.2512525029142,468.2879871282954,477.21061620900065,7400.0,7520.0,7384.0,7747.833333333333,7529.833333333333
20180730,7590,7590,7370,7550,30140,-4032,100.79682534683322,147.47542168103809,354.9070300797097,468.96825289352364,472.7552147315854,7440.0,7519.0,7419.0,7744.333333333333,7524.083333333333
20180731,7480,7770,7390,7770,58328,6592,147.56693396557372,157.23867208800766,349.08272658497435,468.77962128607396,467.36626132250296,7528.0,7526.0,7457.5,7743.0,7519.333333333333
20180801,7760,8220,7700,8200,226450,-3932,271.9852937200833,256.6495665299281,355.54887146495065,471.69584715365477,468.8867133971189,7702.0,7591.0,7525.0,7753.833333333333,7520.5
20180802,8240,8380,8230,8330,571738,-1642,325.0476888088885,339.6409869259009,341.0406867222737,477.2752234179677,473.9180367488744,7882.0,7662.0,7607.5,7764.833333333333,7524.833333333333
20180803,8290,8440,8230,8270,111046,-1925,308.0,385.55933395522925,338.2395600753998,480.50968310257593,477.7254848647293,8024.0,7712.0,7672.0,7777.333333333333,7528.166666666667
20180806,8280,8360,8000,8360,116054,1602,215.09067855209344,409.0733430572077,329.5493134570303,484.5138170255535,483.1086762374563,8186.0,7813.0,7741.5,7792.166666666667,7532.916666666667
20180807,8400,8400,8170,8320,64805,-5992,56.07138307550475,399.8949862151312,344.2440994410797,487.8368067292411,487.5482597199044,8296.0,7912.0,7786.0,7805.5,7536.833333333333
20180808,8210,8330,8100,8220,66922,-6321,49.396356140913866,357.22401934920333,355.3012806056292,488.44367354077315,491.46871014939217,8300.0,8001.0,7799.0,7818.333333333333,7542.083333333333
20180809,8150,8500,8140,8440,138571,24946,75.47184905645283,322.60812141048154,380.0694015571366,492.7672427783109,498.1596060058537,8322.0,8102.0,7821.5,7822.666666666667,7548.916666666667
20180810,8430,8450,8320,8350,83296,961,71.10555533852471,273.1464808486465,396.79308209695387,496.4796907559429,503.44965543329874,8338.0,8181.0,7850.5,7827.5,7555.333333333333
20180813,8350,8350,8130,8300,102872,-9951,71.442284397967,174.8828179095934,402.4409894630516,499.68923675932524,507.9796515503752,8326.0,8256.0,7887.5,7838.0,7561.583333333333
20180814,8300,8610,8260,8600,210955,-5761,130.29197979921864,109.12836478203087,428.4375683807385,508.7527231702227,516.647741589219,8382.0,8339.0,7932.5,7848.0,7569.666666666667
20180816,8680,9020,8500,8800,652814,-12030,182.25257199831228,166.2197340871414,458.219379773488,522.9674676516756,528.6160915282222,8498.0,8399.0,7995.0,7861.833333333333,7579.833333333333
20180817,8770,8770,8520,8630,162595,-825,185.96773913773328,177.73294573601152,469.62192240141434,532.1352167341242,537.1602220632296,8536.0,8429.0,8045.5,7874.333333333333,7588.25
20180820,8630,8630,8430,8590,68554,25,161.0714127336071,175.0114281982751,479.47132343863916,539.6763433349107,544.7376980920025,8584.0,8461.0,8086.5,7888.333333333333,7597.416666666667
20180821,8600,8700,8470,8660,100035,-947,76.05261336732617,180.74567767999324,463.6011216552436,546.3999349274064,553.0739791286878,8656.0,8491.0,8152.0,7907.333333333333,7607.416666666667
20180822,8650,8790,8510,8770,134434,-515,81.24038404635961,188.42505141302203,441.64918204384804,549.4840762022006,562.897760600662,8690.0,8536.0,8224.0,7933.5,7618.333333333333
20180823,8800,9050,8620,8760,636469,-52554,71.386273190299,166.1926592843378,405.39456089099167,559.1064299395832,572.2842570206562,8682.0,8590.0,8295.5,7950.0,7628.75
20180824,8750,8850,8580,8680,94326,4204,66.75327707311455,160.0124995117569,361.07616924964736,565.6756039362804,579.981028186187,8692.0,8614.0,8358.0,7966.666666666667,7638.916666666667
20180827,8430,8430,8140,8170,169482,-44,223.19498202244603,194.9974358805777,315.234436570626,565.2620827740077,581.6270043787282,8608.0,8596.0,8388.5,7974.333333333333,7645.166666666667
20180828,8170,8370,8090,8090,68834,8413,299.9066521436295,233.29166294576407,260.662137641814,565.4558387313216,582.5481382114995,8494.0,8575.0,8415.5,7976.166666666667,7651.0
20180829,8100,8220,8050,8220,48159,4365,278.6108397029807,255.97070144842752,220.26347858871202,566.279377457029,584.2116958397071,8384.0,8537.0,8438.0,7981.0,7658.166666666667
20180830,8160,8300,8120,8170,40726,1493,211.1492363235065,260.9674309181128,221.9746607160376,566.7788124321597,585.1194975295557,8266.0,8474.0,8436.5,7984.666666666667,7665.416666666667
20180831,8240,8240,8090,8090,24665,2907,50.754310161798074,278.38821814150106,233.59098869605396,566.9352304764122,585.1324577015927,8148.0,8420.0,8424.5,7986.666666666667,7672.416666666667
20180903,8100,8160,8010,8140,41732,1135,49.55804677345546,283.5930182497446,239.53287874527786,566.9788110873362,585.1815898128599,8142.0,8375.0,8418.0,7986.833333333333,7680.083333333333
20180904,8150,8260,8050,8240,64336,-4,54.18486873657626,269.0,242.39636960977776,565.5244370393519,586.3316692702515,8172.0,8333.0,8412.0,7984.333333333333,7687.916666666667
20180905,8250,8450,8170,8430,117700,-1778,118.42297074469971,230.32368527791493,241.49275351446883,565.2556943541454,589.0366369951641,8214.0,8299.0,8417.5,7984.0,7697.416666666667
20180906,8450,8710,8200,8380,243949,253,131.84839779079607,176.09372504436382,237.43367494944766,561.7665341480176,590.9020822722525,8256.0,8261.0,8425.5,7980.166666666667,7706.75
20180907,8410,8410,8140,8280,71326,780,102.68398122394748,109.03669107231748,239.4968684555186,553.2424624177079,592.0529021035528,8294.0,8221.0,8417.5,7971.666666666667,7714.833333333333
20180910,8290,8430,8200,8430,68067,98,78.33262411026456,123.77802712921223,239.0036610598256,551.0047388380691,594.1770920079442,8352.0,8247.0,8421.5,7969.333333333333,7724.5
20180911,8500,8630,8330,8430,71355,-3220,58.309518948453004,122.67436570041843,237.37312400522515,550.1126147332703,596.0043810431031,8390.0,8281.0,8428.0,7968.333333333333,7734.333333333333
20180912,8430,8750,8300,8680,109037,-19,131.90905958272918,168.76314763596937,240.8858650896727,552.8226559111662,600.2675098101541,8440.0,8327.0,8432.0,7970.666666666667,7746.5
20180913,8680,8720,8520,8530,38441,-187,131.90905958272918,169.82638193166574,227.05230674890754,551.7546757590814,602.2717179335024,8470.0,8363.0,8418.5,7969.666666666667,7757.666666666667
20180914,8560,8650,8420,8480,37591,-502,92.73618495495705,145.72576985557498,222.37131109925133,552.4865760056559,603.0502961798228,8510.0,8402.0,8411.0,7970.5,7768.916666666667
20180917,8490,8490,8190,8190,48066,-145,159.6746692496966,137.26252219743014,223.35845629839042,553.1126819090987,598.9489868838904,8462.0,8407.0,8391.0,7972.833333333333,7779.666666666667
20180918,8130,8190,8080,8080,28444,2045,222.6566864030811,162.75441622272498,224.20080285315657,553.1957660316485,593.451059247999,8392.0,8391.0,8362.0,7973.333333333333,7789.916666666667
20180919,8080,8160,7890,8000,69987,2140,212.6593520163174,199.43921379708652,216.82423757504606,552.6309799493573,587.7169575761549,8256.0,8348.0,8323.5,7977.0,7799.333333333333
20180920,8150,8150,7760,7760,75867,-14755,236.0,265.3375209049787,225.52771448316503,550.8311648972026,581.1161673885432,8102.0,8286.0,8273.5,7980.166666666667,7807.0
20180921,7850,7850,7690,7760,36803,-11300,172.55723688098394,308.8106215789865,231.66516786085904,547.4379467623181,574.3372025409565,7958.0,8234.0,8227.5,7985.166666666667,7814.666666666667
20180927,7840,7850,7760,7800,9028,986,133.8656042454521,326.17326683834773,249.59767627123452,540.2749043052153,568.9717821555287,7880.0,8171.0,8209.0,7993.833333333333,7821.666666666667
20180928,7800,7890,7680,7680,24743,1748,107.33126291998992,343.74990909089706,274.15825721652084,521.0961736781511,564.0028011655363,7800.0,8096.0,8188.5,8007.666666666667,7827.416666666667
20181001,7700,7730,7610,7670,21727,4295,50.438080851673966,303.3232599059953,296.30896037750864,506.3532747881431,558.3064421387976,7734.0,7995.0,8161.0,8018.833333333333,7833.5
20181002,7670,7740,7590,7650,47439,4854,57.75811631277461,259.8865136939584,316.5043443619693,485.5034900890796,549.843910932219,7712.0,7907.0,8135.0,8032.166666666667,7840.916666666667
20181004,7700,7810,7600,7740,26747,17,54.918120870983934,178.9441253576099,327.97675222491,454.25944006556136,539.7205038004126,7708.0,7833.0,8117.5,8049.833333333333,7849.666666666667
20181005,7740,7940,7630,7910,47255,11216,94.86832980505136,138.14847085653898,331.00453169103287,432.8528104972225,529.5327080447796,7730.0,7805.0,8106.0,8065.333333333333,7859.666666666667
20181008,7900,7970,7710,7710,22172,688,92.43376006633076,105.1475154247593,340.3009697312072,411.4825499200154,516.9941905436698,7736.0,7768.0,8079.5,8077.666666666667,7868.916666666667
20181010,7830,7830,7250,7270,56136,-9171,211.43320458244014,158.5717503214239,372.9111824550184,416.1630289519429,512.2883302727888,7656.0,7695.0,8021.5,8075.0,7872.0
20181011,6890,7140,6700,6710,97022,13306,433.9769579136661,332.7461494893668,460.07173353728217,451.21056306563884,515.5731371227278,7468.0,7590.0,7938.0,8054.166666666667,7870.416666666667
20181012,6640,6990,6640,6950,47868,1697,449.7110183217663,377.13260267444394,500.2027089090982,472.8019023742154,517.2383329335755,7310.0,7509.0,7871.5,8036.833333333333,7869.416666666667
20181015,7030,7030,6900,6930,26543,6705,347.42481200973543,399.6448423287857,522.7836550620151,492.52103733953345,519.5712976422793,7114.0,7422.0,7796.5,8022.833333333333,7868.0
20181016,6830,6930,6830,6900,26791,1312,180.48822676285562,417.4014853830782,536.2555361019595,509.8022219992212,521.0409186323449,6952.0,7344.0,7720.0,8011.833333333333,7867.166666666667
20181017,7070,7070,6920,6950,24169,-4554,90.86253353280438,417.0563511085762,513.4712747564366,526.2251313731379,521.0409186323449,6888.0,7272.0,7633.5,7999.333333333333,7867.166666666667
20181018,6980,7040,6900,6940,287101,270028,18.547236990991408,406.97542923375613,491.11505780214065,540.5068351914488,521.0409186323449,6934.0,7201.0,7554.0,7989.166666666667,7867.166666666667
20181019,6930,6930,6710,6790,46592,-23431,58.44655678480983,380.05789032725,469.43023975879527,560.0460298541026,526.8221289542652,6902.0,7106.0,7469.5,7975.333333333333,7863.666666666667
20181022,6800,6860,6660,6670,57646,-33962,106.39548862616309,288.8529037416796,469.67302456070433,583.9614713316166,535.2132492965502,6850.0,6982.0,7393.5,7957.0,7858.666666666667
20181023,6660,6700,6410,6410,92284,-30304,199.83993594874875,215.07208094032106,488.2827049978322,611.973492526712,551.0140588550391,6752.0,6852.0,7310.0,7941.333333333333,7847.916666666667
20181024,6580,6580,6060,6100,119505,-14824,297.01178427799795,267.6658364453708,528.0104165639159,651.4376195937782,573.1651642902808,6582.0,6735.0,7215.0,7920.833333333333,7835.166666666667
20181025,5850,6020,5660,5720,221024,-23088,389.4303532083754,405.96058922018534,604.3930840107289,706.0882853202223,603.5679792334124,6338.0,6636.0,7113.0,7894.0,7820.833333333333
20181026,5760,5780,5440,5510,97215,-17618,427.0550315825819,510.87767616132925,678.3691841468036,767.2500678829889,638.2214381913351,6082.0,6492.0,7000.5,7862.0,7804.75
20181029,5470,5510,5100,5100,118407,-23229,455.51728836565576,634.1048809148215,768.5016265434965,844.1656630463302,683.5883213279067,5768.0,6309.0,6865.5,7821.0,7784.416666666667
20181030,4755,5090,4750,5060,194250,-82394,390.40491800181,699.5033952741045,838.6028559455302,914.7247764581704,727.0732377525015,5498.0,6125.0,6734.5,7779.5,7761.916666666667
20181031,5020,5430,5000,5320,99581,14,248.86944368483645,677.8465903137671,863.5571781879878,967.4045459658217,760.1431699944685,5342.0,5962.0,6617.0,7738.666666666667,7740.833333333333
20181101,5320,5830,5320,5710,221073,35098,245.84547992590797,595.859882858378,850.9406559801922,999.596738134269,782.0793331457393,5340.0,5839.0,6520.0,7697.166666666667,7725.5
20181102,5730,5880,5690,5850,80852,-27579,319.46204782415083,505.7519154684439,814.3676995068013,1023.5612531200413,800.4404343167827,5408.0,5745.0,6425.5,7655.833333333333,7710.333333333333
20181105,5850,6000,5800,5870,78748,-10208,319.46204782415083,406.6755463511422,747.0158967518698,1045.4397665840609,817.5802670416566,5562.0,5665.0,6323.5,7615.833333333333,7696.583333333333
20181106,5890,6120,5850,6070,77656,3135,249.9279896290129,353.73577709923546,677.0544660512919,1059.2849265213467,830.615229647623,5764.0,5631.0,6241.5,7577.666666666667,7684.916666666667
20181107,6080,6160,6050,6110,82730,3121,148.37789592793126,355.07182372021583,634.8328520169699,1071.1882680254362,842.7494520254761,5922.0,5632.0,6183.5,7540.833333333333,7673.166666666667
20181108,6150,6220,6150,6190,42109,-1178,134.81839637082174,392.72000203707483,623.2806350272723,1081.2142865006506,853.2484332767569,6018.0,5679.0,6157.5,7507.0,7662.666666666667
20181109,6240,6250,6070,6230,49784,-1072,125.47509713086498,420.1773435110466,596.6931791130179,1086.4337557142326,861.7673659729214,6094.0,5751.0,6121.5,7470.166666666667,7646.416666666667
20181112,6150,6300,6080,6180,63930,586,57.82732917920384,375.3784756748847,567.5596884909992,1092.6438883124013,871.1440394678436,6156.0,5859.0,6084.0,7434.0,7630.75
20181113,6120,6150,6010,6140,33731,652,41.47288270665543,270.74157419945686,536.2312933800115,1099.0826477869816,881.6098910517917,6170.0,5967.0,6046.0,7398.0,7618.0
20181114,6190,6260,6180,6190,25070,-899,28.70540018881465,169.83521425193305,496.2620275620532,1098.458149205208,890.3851187674771,6186.0,6054.0,6008.0,7357.833333333333,7602.916666666667
20181115,6180,6290,6100,6290,54060,-85,50.833060108555344,138.62178760930766,453.61299584557764,1090.504776086029,897.6810827845495,6206.0,6112.0,5975.5,7316.0,7588.916666666667
20181116,6290,6290,6200,6280,13942,-446,58.855755878248644,115.43396380615197,420.2142310774351,1084.794130494505,905.110302517088,6216.0,6155.0,5950.0,7276.833333333333,7575.583333333333
20181119,6300,6320,6210,6270,14866,1311,58.855755878248644,70.178344238091,394.1826987578222,1078.627973656964,912.7012677579776,6234.0,6195.0,5930.0,7238.166666666667,7563.25
20181120,6200,6340,6190,6320,45858,-15011,43.358966777357594,65.57438524301999,389.1590291898674,1068.772335698921,919.6676596287483,6270.0,6220.0,5925.5,7199.166666666667,7553.25
20181121,6240,6340,6240,6310,35327,-1601,18.547236990991408,59.16079783099616,396.48959633261495,1054.819876671839,926.0530792324533,6294.0,6240.0,5936.0,7158.166666666667,7545.833333333333
20181122,6350,6430,6260,6370,23312,9396,35.213633723318026,67.94115100585212,404.02072966618925,1038.579425090827,931.9554561364912,6310.0,6258.0,5968.5,7118.333333333333,7534.166666666667
20181123,6420,6460,6370,6420,39794,6360,51.92301994298868,82.46817568007673,401.0536123762009,1022.1103441191296,937.335704122368,6338.0,6277.0,6014.0,7080.666666666667,7523.666666666667
20181126,6430,6590,6420,6550,30597,576,87.31551981177229,109.288608738514,358.02618619313307,1014.3453827741936,941.337169491899,6394.0,6314.0,6086.5,7053.666666666667,7514.0
20181127,6550,6600,6500,6580,17889,-4896,103.65326815879949,118.55800268223145,286.17957649000743,1007.0266878289616,944.1607678546643,6446.0,6358.0,6162.5,7028.5,7502.333333333333
20181128,6600,6680,6600,6650,19097,513,103.65326815879949,132.83071933856263,232.09696249628087,996.0645338306772,946.4964635728488,6514.0,6404.0,6229.0,7002.333333333333,7491.666666666667
20181129,6680,6770,6650,6700,31856,4224,95.7078889120432,153.0522786501397,221.45597756664867,985.0602209452256,948.2717283741445,6580.0,6445.0,6278.5,6977.833333333333,7481.25
20181130,6760,6770,6610,6750,41922,12399,73.91887445030531,166.7213243709394,221.25268359954416,974.7280389933223,949.51636446627,6646.0,6492.0,6323.5,6955.5,7471.083333333333
20181203,6790,6900,6700,6820,43374,-5290,82.21921916437786,174.93141513175956,220.76911015810157,962.5657120424388,949.40857321242,6700.0,6547.0,6371.0,6933.5,7460.166666666667
20181204,6810,6890,6790,6850,42567,-5501,73.91887445030531,178.38161340227865,232.7230113246217,947.4509075524646,947.1586749620731,6754.0,6600.0,6410.0,6910.333333333333,7447.333333333333
20181205,6710,6870,6710,6760,63607,-12943,53.141321022345686,154.74172029546523,233.94176625818656,926.7013632591857,944.7064469101964,6776.0,6645.0,6442.5,6882.5,7433.25
20181206,6760,6850,6540,6550,27864,-8155,104.8045800525912,130.23440405668543,227.58459965472179,906.8145712693596,941.8795887599307,6746.0,6663.0,6460.5,6852.0,7416.083333333333
20181207,6570,6720,6530,6670,48302,342,108.9954127475097,102.15674231297709,225.49667403312182,887.782803142368,935.8062440426668,6730.0,6688.0,6482.5,6825.166666666667,7398.416666666667
20181210,6690,6720,6610,6670,61892,-26231,100.39920318408907,91.76055797563568,217.78659279211843,863.0030738967965,931.9151390492824,6700.0,6700.0,6507.0,6795.833333333333,7382.583333333333
20181211,6790,6790,6460,6650,48144,-10977,66.93280212272605,84.74078120952156,202.65426223003556,836.5048150221967,928.6997743262826,6660.0,6707.0,6532.5,6766.166666666667,7367.25
20181212,6690,6800,6620,6710,58918,-16166,53.66563145999496,82.58934555982387,190.00723670428974,798.5417264543237,924.3318307478587,6650.0,6713.0,6558.5,6733.333333333333,7352.0
20181213,6790,6840,6750,6800,39119,-10201,53.66563145999496,86.37708029332781,186.4510659663816,763.6173234457358,918.6588012183363,6700.0,6723.0,6584.0,6704.5,7337.083333333333
20181214,6800,6870,6540,6540,122104,-83995,84.52218643646175,101.46920715172656,173.40991897812538,727.9951732133835,915.9839275641856,6674.0,6702.0,6597.0,6672.166666666667,7321.333333333333
20181217,6630,6770,6590,6760,60514,1026,91.08238029388559,95.93747964169165,159.53918014080432,700.814209013571,914.9383365684148,6692.0,6696.0,6621.5,6648.333333333333,7310.583333333333
20181218,6660,6880,6660,6860,41582,185,108.73821775254551,97.57561170702442,151.7324948717314,676.2489679596027,913.3178830811928,6734.0,6697.0,6648.5,6628.0,7300.666666666667
20181219,6880,6960,6840,6960,29186,183,139.37001112147476,125.06398362438324,145.22052196573318,653.8166579569407,912.7734141373263,6784.0,6717.0,6681.0,6610.666666666667,7293.833333333333
20181220,6950,6990,6830,6950,40429,-11969,154.86768546084753,129.15494570476193,137.94926603646718,638.1198729251291,912.9502846390803,6814.0,6757.0,6710.0,6597.166666666667,7288.666666666667
20181221,6940,7030,6780,6890,50758,-21180,72.27724399837061,131.18307817702708,126.0664507313504,621.192044021264,913.5291418755678,6884.0,6779.0,6733.5,6582.666666666667,7283.916666666667
20181224,6890,6990,6890,6950,24714,-2044,39.698866482558415,134.76275449841472,127.09346954112158,602.6851720976939,914.0333539989543,6922.0,6807.0,6753.5,6568.5,7281.166666666667
20181226,6860,6940,6550,6830,50123,-1824,49.638694583963435,124.1974234837422,121.58947322856531,586.1551747520864,914.1137784763753,6916.0,6825.0,6766.0,6554.333333333333,7281.0
20181227,6860,6960,6800,6870,32502,-361,46.647615158762406,118.52847759083046,120.54459755625716,569.4871962269448,914.5230959663684,6898.0,6841.0,6777.0,6541.0,7279.916666666667
20181228,6890,6980,6850,6920,22030,-143,41.182520563948,119.83738982471205,123.02845199383759,553.2301861690562,914.2709755138367,6892.0,6853.0,6788.0,6528.833333333333,7280.5
20190102,6940,7020,6860,6930,19291,2348,43.81780460041328,60.29925372672534,126.45552577882866,533.0242854585974,913.1844426999644,6900.0,6892.0,6797.0,6515.333333333333,7282.583333333333
20190103,6940,7060,6890,6900,33843,5,36.3318042491699,41.279534881100595,128.37055737200802,503.86448244188216,913.4342667770779,6890.0,6906.0,6801.0,6498.5,7281.916666666667
20190104,6920,6960,6860,6910,24133,-8076,20.591260281974,38.3275357934736,130.16912076218384,481.72776429083655,913.6212707622587,6906.0,6911.0,6804.0,6485.166666666667,7281.416666666667
20190107,6940,7020,6760,6860,47317,-25063,24.166091947189145,37.269290307168454,130.30349189488362,473.38203974730004,914.3178999793112,6904.0,6901.0,6809.0,6478.333333333333,7276.666666666667
20190108,6890,6990,6790,6960,31851,-1159,33.1058907144937,38.67815921162743,119.76957042588072,476.49282960651726,912.6073757222093,6912.0,6902.0,6829.5,6482.5,7268.333333333333
20190109,6980,7090,6900,7030,37447,-2902,58.44655678480983,54.0740233383831,121.48559585399414,477.90895808927985,910.4512922479222,6932.0,6916.0,6847.5,6483.833333333333,7260.333333333333
20190110,7040,7150,6970,7050,46118,-852,71.386273190299,67.11184694225007,121.95388472697374,480.01837349069024,909.4446412816513,6962.0,6926.0,6866.5,6485.833333333333,7254.333333333333
20190111,7050,7170,7050,7170,32680,2430,102.48902380255166,91.54233993076645,128.29165990040042,485.11842769436,909.0432661444548,7014.0,6960.0,6892.5,6490.333333333333,7251.083333333333
20190114,7160,7170,7040,7170,27143,-12928,82.365041127896,105.26157893552612,134.59104725055082,489.3914588545237,908.1385112172653,7076.0,6990.0,6915.5,6494.0,7246.666666666667
20190115,7170,7300,7100,7240,26409,1852,79.5989949685296,125.76167937809991,149.09309172460001,495.4180053245533,907.7127811460581,7132.0,7022.0,6937.5,6499.0,7244.083333333333
20190116,7280,7280,7140,7250,13178,-37,71.442284397967,138.36184445142382,133.98134198462114,503.357615308091,907.058800005282,7176.0,7054.0,6973.0,6506.666666666667,7241.0
20190117,7260,7260,7130,7170,15756,-24,36.87817782917155,131.8673575984595,131.15925434371758,510.0865939554701,905.7817985955684,7200.0,7081.0,6993.5,6515.0,7236.0
20190118,7120,7240,7060,7240,23986,-5099,36.11094017053558,126.11106216347557,137.79967343938083,518.2409081582119,905.721623746821,7214.0,7114.0,7012.5,6528.833333333333,7235.083333333333
20190121,7280,7280,7120,7180,12672,-1302,33.82306905057553,94.14881836751856,141.8899221227498,521.7773844166195,905.6932734408,7216.0,7146.0,7023.5,6546.833333333333,7233.833333333333
20190122,7210,7300,7120,7220,11225,-2284,31.874754901018452,72.63607918933951,147.0068025636909,517.4794413520043,905.6511431317864,7212.0,7172.0,7037.0,6571.833333333333,7232.916666666667
20190123,7250,7250,7050,7080,16037,-4552,55.281099844341014,63.88270501473775,143.29253295269785,502.6058760763022,905.5753235744792,7178.0,7177.0,7046.5,6598.0,7230.0
20190124,7120,7120,6850,7040,20525,-7564,78.587530817554,65.90902821313632,141.59449141827517,466.2866309706759,905.2299278208703,7152.0,7176.0,7051.0,6630.333333333333,7225.666666666667
20190125,7060,7060,7000,7000,7298,-1359,83.33066662399864,84.55175929571188,132.90880332017142,421.37420687790535,904.9685039027112,7104.0,7159.0,7059.5,6662.666666666667,7221.083333333333
20190128,6990,7010,6870,6920,19968,-8538,99.27738916792687,110.56219968868204,129.75361266646874,384.58144636559217,903.9703166220057,7052.0,7134.0,7062.0,6689.333333333333,7214.0
20190129,6960,6960,6820,6900,10178,-3603,68.81860213634101,124.1772926102031,130.91600360536523,363.6815991431487,899.8694195396232,6988.0,7100.0,7061.0,6709.166666666667,7203.166666666667
20190130,6870,7250,6860,7000,56451,1788,53.0659966456864,116.38298844762492,128.2760694751753,347.8561324580199,894.0944169321523,6972.0,7075.0,7064.5,6728.333333333333,7192.083333333333
20190131,7010,7110,6950,7110,30405,7159,74.18894796396563,112.82287002199509,122.86171087853205,332.7546643796741,888.6422188124487,6986.0,7069.0,7075.0,6749.0,7182.416666666667
20190201,7080,7120,6990,7040,23116,2121,77.35631842325486,97.41149829460586,117.27211944874195,322.7872966655473,882.1435029078766,6994.0,7049.0,7081.5,6765.166666666667,7171.416666666667
20190207,7040,7100,6910,6940,13730,1588,73.86474125047754,91.56964562561113,110.83659143080862,312.01869602065517,876.0693426070293,6998.0,7025.0,7085.5,6779.0,7159.916666666667
20190208,6920,6970,6810,6910,22632,-12142,71.27411872482185,70.31358332498779,114.15340555585716,302.8459454350185,870.9385741832525,7000.0,6994.0,7083.0,6791.0,7149.0
20190211,6980,6980,6850,6880,5752,992,85.93020423576334,71.442284397967,122.0440494247876,294.0832742982605,863.1795873399446,6976.0,6974.0,7075.5,6801.833333333333,7136.0
20190212,6980,6980,6760,6820,13642,1286,72.77362159464101,80.96912991998866,134.14171610651178,282.7226261428278,856.4268430521997,6918.0,6952.0,7064.0,6812.5,7123.25
20190213,6830,6910,6800,6840,8272,-800,44.0,85.58037158133867,140.24532077755748,268.8326100419855,849.9694071294052,6878.0,6936.0,7047.5,6824.166666666667,7111.083333333333
20190214,6920,6920,6800,6800,5208,663,40.0,94.88940931421166,147.10200542480715,255.8799631767203,839.3780394172301,6850.0,6924.0,7029.0,6834.333333333333,7096.083333333333
20190215,6750,6800,6620,6750,23123,-6772,43.08131845707604,108.39280418920806,150.6809543373017,246.16254792263646,825.2680372664937,6818.0,6909.0,7004.5,6842.0,7079.0
20190218,6780,6830,6730,6740,12566,-2891,38.98717737923585,114.45959985951374,150.1299437154361,235.470922950839,813.46805151382,6790.0,6883.0,6979.0,6849.666666666667,7063.25
20190219,6740,6800,6740,6740,5452,-762,39.7994974842648,92.86549412995122,152.01562419698837,223.5741860466703,801.8345458317737,6774.0,6846.0,6957.5,6857.5,7047.833333333333
20190220,6740,6810,6700,6810,8539,69,30.59411708155671,66.79071791798619,140.51334456200235,212.4646375799672,788.3611649423423,6768.0,6823.0,6936.0,6865.666666666667,7032.416666666667
20190221,6810,6830,6760,6760,8485,-25,26.0768096208106,56.25833271614081,133.69741957120937,200.31218690331082,772.4579096770129,6760.0,6805.0,6915.0,6873.166666666667,7015.666666666667
20190222,6810,6810,6690,6740,6728,-1017,27.129319932501073,46.861498055439924,119.0756062340226,190.16542506106003,756.0987406125694,6758.0,6788.0,6891.0,6879.333333333333,6998.833333333333
20190225,6720,6790,6690,6710,5298,-483,33.1058907144937,40.85339643163099,116.99893161905369,181.93672587464854,740.6472347813412,6752.0,6771.0,6872.5,6884.166666666667,6982.416666666667
20190226,6620,6740,6620,6690,6838,-923,41.66533331199932,43.77213725647858,116.81181447096864,178.5014005540708,733.0524035764751,6742.0,6758.0,6855.0,6886.5,6970.083333333333
20190227,6740,6740,6630,6630,14334,-7840,44.988887516807964,49.4064773081425,121.58433287229073,177.18038516905233,726.4501540981648,6706.0,6737.0,6836.5,6887.333333333333,6957.916666666667
20190228,6690,6690,6500,6510,25189,-3265,81.3879597975032,79.724525711979,139.08270920570968,181.16750996365624,718.2791162836684,6656.0,6708.0,6816.0,6885.0,6943.666666666667
20190304,6620,6620,6340,6360,40343,-16854,130.23056476879765,129.49517365523704,169.28969253915017,191.86685197983945,711.3394593225148,6580.0,6669.0,6789.0,6879.333333333333,6928.583333333333
20190305,6390,6410,6300,6400,7219,-989,127.34205903785283,149.4824404403407,181.93130571729543,200.82185305994795,704.9064358719478,6518.0,6635.0,6759.0,6873.5,6914.5
20190306,6400,6400,6300,6350,9132,-4383,106.39548862616309,166.86521506892922,184.00815199332882,211.63149313997062,697.7181807310036,6450.0,6596.0,6721.0,6865.666666666667,6899.583333333333
20190307,6350,6400,6150,6180,21005,-3049,106.39548862616309,191.31387822110557,203.8528881325943,229.11732802161518,689.8248519655174,6360.0,6533.0,6678.0,6854.5,6882.416666666667
20190308,6150,6210,6040,6100,17775,-3715,116.68761716651858,214.1051143714227,230.3562458454296,248.4205104248928,678.6931068853527,6278.0,6467.0,6636.0,6843.5,6863.0
20190311,6100,6100,6010,6060,13318,-1693,134.81839637082174,224.3412579085711,253.16545972940307,265.4082808717914,668.1665627341097,6218.0,6399.0,6593.5,6835.333333333333,6843.666666666667
20190312,6140,6140,6040,6080,11334,-4929,106.1319932913728,216.48094604375692,267.5308393438035,281.7766550534259,658.6184192858425,6154.0,6336.0,6553.5,6825.5,6825.333333333333
20190313,6100,6110,6050,6100,4656,-348,40.79215610874228,190.8428673018722,277.50450446794554,296.103585478287,645.2344481317742,6104.0,6277.0,6517.5,6816.0,6805.916666666667
20190314,6150,6180,6070,6080,7983,-4644,14.966629547095765,157.53094934012174,282.7273421514092,310.09044379518883,631.1536175046838,6084.0,6222.0,6479.5,6806.5,6786.333333333333
20190315,6130,6160,6090,6110,8826,590,17.435595774162696,127.18490476467716,283.6106486012117,322.46873233400004,609.7745428073522,6086.0,6182.0,6445.0,6796.5,6764.916666666667
20190318,6270,6270,6070,6130,8983,-903,18.973665961010283,112.91146974510606,282.4606167238187,333.5639202441601,590.6112593936748,6100.0,6159.0,6414.0,6785.333333333333,6744.916666666667
20190319,6090,6150,6090,6130,5190,-176,18.973665961010283,79.3473376995095,278.51885034948714,342.5970665370085,571.4031462600777,6110.0,6132.0,6383.5,6778.5,6725.333333333333
20190320,6130,6130,6070,6080,6461,-2397,22.44994432064365,32.939338184001215,273.3765717833187,354.07669445378474,558.377802955753,6106.0,6105.0,6350.5,6767.166666666667,6707.75
20190321,6130,6130,6060,6060,7858,-2067,27.85677655436824,24.103941586387897,258.8261965103224,365.21724889256257,547.0892612020299,6102.0,6093.0,6313.0,6753.833333333333,6690.916666666667
20190322,6060,6100,6020,6040,6206,344,36.55133376499413,28.653097563788805,243.78474111395897,375.4101090804068,536.9262764935701,6088.0,6087.0,6277.0,6738.5,6674.583333333333
20190325,6010,6030,5950,6010,11440,-85,40.29888335921977,36.27671429443411,225.70943710886348,385.7291435994757,530.9802256208427,6064.0,6082.0,6240.5,6722.833333333333,6660.0
20190326,5920,6020,5920,5920,13976,-3016,56.0,60.695963621974066,208.56413881585686,398.49996514677986,525.5329569962763,6022.0,6066.0,6201.0,6706.666666666667,6644.666666666667
20190327,5950,5950,5900,5940,5166,27,54.99090833947008,70.0,183.14679904382717,409.0578266642968,518.6128667473619,5994.0,6050.0,6163.5,6689.833333333333,6629.166666666667
20190328,5890,6000,5890,5930,12846,313,47.91659420284376,77.62087348130012,155.4437197187458,419.99798279910556,513.4375908740844,5968.0,6035.0,6128.5,6674.833333333333,6614.583333333333
20190329,6030,6030,5850,5980,8248,-394,33.82306905057553,74.80641683706017,131.4762335937564,428.47403655269716,507.43776301502726,5956.0,6022.0,6102.0,6660.0,6600.5
20190401,5980,6050,5960,6050,4648,108,47.58150901348127,66.66333324999583,117.69770600993036,434.11375237345567,500.6615345945642,5964.0,6014.0,6086.5,6645.5,6587.166666666667
20190402,6070,6080,6020,6060,4508,95,54.18486873657626,57.105166141076936,93.19200609494358,438.8724188186832,491.6366940020353,5992.0,6007.0,6069.5,6631.0,6573.166666666667
20190403,6060,6070,6010,6070,7873,-14,54.18486873657626,55.892754449928475,67.48888797424357,443.2346694720345,478.2140095075123,6018.0,6006.0,6055.5,6617.166666666667,6557.833333333333
20190404,6100,6120,6040,6110,4089,-162,42.23742416388575,62.36184731067546,62.57795138864806,446.2476579456565,468.10228583116583,6054.0,6011.0,6052.0,6603.833333333333,6544.5
20190405,6110,6150,6050,6140,12214,-511,33.82306905057553,73.27346040688948,64.68384651518491,448.8707745242315,464.7669592271501,6086.0,6021.0,6054.0,6591.833333333333,6535.083333333333
20190408,6130,6200,6130,6200,7584,5232,50.833060108555344,90.55385138137414,72.10409142344143,449.0259519841996,465.4792930116063,6116.0,6040.0,6061.0,6579.166666666667,6530.833333333333
20190409,6250,6250,6180,6180,5967,1323,46.9041575982343,89.68834929911465,76.57675887630658,447.9862349073102,464.9637904065774,6140.0,6066.0,6066.0,6565.0,6524.416666666667
20190410,6180,6220,6180,6190,4316,1422,33.82306905057553,85.84287972802403,80.96141056083448,445.992775227712,464.45068360415064,6164.0,6091.0,6070.5,6550.666666666667,6518.25
20190411,6200,6330,6200,6300,17783,508,53.0659966456864,88.1816307401944,95.19847687857195,439.7199550721454,463.54281086040237,6202.0,6128.0,6081.5,6536.166666666667,6513.25
20190412,6330,6370,6290,6310,10025,542,56.780278266313566,88.3685464404615,107.3906420504133,432.78744462147097,462.16680941255953,6236.0,6161.0,6091.5,6521.833333333333,6507.916666666667
20190415,6370,6380,6300,6300,13523,-2974,58.17215828899593,88.79189152169245,116.4474130240771,423.4189873974114,460.84070970627715,6256.0,6186.0,6100.0,6506.166666666667,6502.583333333333
20190416,6290,6310,6250,6300,6796,-465,45.16635916254486,83.78544026261366,124.26886174742249,412.94053916835196,460.4466129028385,6280.0,6210.0,6108.5,6490.333333333333,6498.5
20190417,6300,6300,6200,6250,7310,-1502,21.354156504062622,69.9714227381436,127.7928010491984,404.4110944733014,460.7258765618623,6292.0,6228.0,6117.0,6475.0,6495.0
20190418,6250,6250,6150,6160,5934,-316,56.07138307550475,62.777384462878025,127.4205634895718,393.858265538624,461.66978789597954,6264.0,6233.0,6122.0,6457.0,6492.916666666667
20190419,6160,6230,6160,6200,3748,990,55.281099844341014,56.115951386392794,127.04329970525795,383.7267546340521,461.04964031403,6242.0,6239.0,6130.0,6440.666666666667,6493.75
20190422,6200,6230,6160,6230,1774,-691,47.07440918375928,54.735728733616035,125.6940730504028,370.93257099098463,456.2228987388691,6228.0,6242.0,6141.0,6424.166666666667,6498.0
20190423,6210,6240,6200,6200,2854,-390,30.59411708155671,52.76362383309168,115.47727049077669,362.0010359097879,448.0086727215181,6208.0,6244.0,6155.0,6409.5,6503.75
20190424,6200,6230,6050,6100,17419,-12852,44.8998886412873,66.97014260101288,105.40872829135166,354.6410940025351,430.78977052531286,6178.0,6235.0,6163.0,6393.833333333333,6512.083333333333
20190425,6110,6260,6020,6240,16253,11102,49.638694583963435,63.474404290233394,91.9388383655134,346.23735436159234,410.52262591634536,6194.0,6229.0,6178.5,6381.166666666667,6521.916666666667
20190426,6230,6230,6170,6180,6173,-473,49.79959839195493,58.68560300448485,79.89211475483673,339.9465235719407,396.75348314696816,6190.0,6216.0,6188.5,6368.833333333333,6529.083333333333
20190429,6180,6180,6070,6100,7307,-4406,55.71355310873648,60.695963621974066,76.21679604916491,334.49676131928743,391.5944614299145,6164.0,6196.0,6191.0,6355.5,6532.333333333333
20190430,6100,6100,5980,6050,11835,-1526,67.40919818541087,64.10148204214939,77.10220489713637,325.99062699508363,389.1045275163165,6134.0,6171.0,6190.5,6339.666666666667,6534.0
20190502,6190,6210,6100,6150,13624,-4,65.29931086925804,58.557663887829406,72.69628601242296,311.00357268362836,385.94242518271835,6144.0,6161.0,6194.5,6323.666666666667,6536.333333333333
20190503,6100,6150,6070,6150,4961,-57,45.86937976471886,58.65151319446072,70.871362340511,297.41156481994364,385.20470748295537,6126.0,6160.0,6196.5,6308.833333333333,6537.0
20190507,6150,6200,5980,6100,9132,-554,37.416573867739416,59.49789912257407,72.97088460475177,286.95813670635084,385.2981439386709,6110.0,6150.0,6194.5,6294.833333333333,6536.916666666667
20190508,6100,6140,6010,6110,15304,-1821,37.094473981982816,54.0,75.23297149521609,276.45870698248063,385.966454717284,6112.0,6138.0,6190.0,6281.5,6536.25
20190509,5990,6110,5790,6100,37604,-6312,23.151673805580447,50.754310161798074,77.74316690230724,266.1567520586787,387.0055626937656,6122.0,6128.0,6186.0,6268.5,6535.166666666667
20190510,6100,6100,5900,5960,20795,-5292,64.68384651518491,71.58212067269312,92.00407599666441,259.1350463020786,389.1986068267951,6084.0,6114.0,6174.5,6254.166666666667,6533.333333333333
20190513,6000,6000,5720,5830,16738,-483,110.09087155618307,99.6042167782067,114.27598172844546,253.27104497352298,392.8128530233738,6020.0,6073.0,6151.0,6237.333333333333,6530.75
20190514,5800,5960,5700,5870,20670,13246,114.99565209172042,109.25200226998129,123.5273249123448,246.73529450671128,396.1887088950394,5974.0,6042.0,6129.0,6221.833333333333,6528.083333333333
20190515,5870,5970,5820,5900,4652,18,94.10632284814872,114.96086290559931,126.56618821786488,240.32177503362755,399.7123618586058,5932.0,6022.0,6109.0,6207.666666666667,6524.833333333333
20190516,5900,5950,5810,5870,6158,424,43.17406628984581,122.9796731171457,128.79732140071854,233.92656729975482,403.5246705253411,5886.0,6004.0,6087.5,6193.166666666667,6521.416666666667
20190517,5920,5930,5800,5870,6936,180,22.271057451320086,118.33849753989612,131.42583459883372,226.42487103226966,407.2229034029378,5868.0,5976.0,6068.5,6178.666666666667,6518.083333333333
20190520,5870,5970,5790,5830,5639,176,22.271057451320086,109.92724866929035,139.37718608151047,215.37073978447768,411.6215899751813,5868.0,5944.0,6052.0,6162.333333333333,6514.0
20190521,5820,5850,5790,5820,3825,2259,29.257477676655586,102.0,143.73934743138358,205.2775898354383,416.03184139668764,5858.0,5916.0,6033.0,6146.666666666667,6509.916666666667
20190522,5820,5840,5780,5830,8699,5018,21.54065922853801,81.21576201698781,142.76203977248298,194.19770853374524,420.41823587460937,5844.0,5888.0,6013.0,6131.5,6505.416666666667
20190523,5850,6070,5700,5850,16649,1242,17.88854381999832,40.26164427839479,140.19539935390176,182.34666313182956,424.5561080578775,5840.0,5863.0,5995.5,6117.166666666667,6500.666666666667
20190524,5830,5830,5570,5670,36193,-13905,65.72670690061993,59.6992462263972,154.7384890710776,175.57041955289475,431.1889248221158,5800.0,5834.0,5974.0,6100.166666666667,6493.333333333333
20190527,5610,5670,5500,5540,13727,2956,119.565881421081,106.60675400742676,169.11238866505315,176.19875141372924,439.72706181136084,5742.0,5805.0,5939.0,6082.0,6484.666666666667
20190528,5360,5550,5360,5530,6972,-1611,136.76256797823007,131.71560272040668,181.66659021405118,181.1202792492121,447.92844170609726,5684.0,5771.0,5906.5,6065.666666666667,6475.333333333333
20190529,5530,5530,5370,5430,8816,-1320,144.72042012100437,158.44241856270688,203.37403964124817,194.56354289018063,457.3983721371308,5604.0,5724.0,5873.0,6050.166666666667,6464.75
20190530,5370,5440,5340,5400,11694,6,95.20504188329524,176.8078052575734,223.4384702776136,206.35588191218793,466.7505579361392,5514.0,5677.0,5840.5,6033.5,6453.5
20190531,5420,5440,5390,5400,4080,56,62.289646009589745,181.6590212458495,231.1514654939484,217.60335985912292,475.23210703394165,5460.0,5630.0,5803.0,6017.666666666667,6441.666666666667
20190603,5320,5420,5320,5350,5333,-1632,59.799665550904216,185.8386396850773,236.7931586849586,232.70218210260128,483.97414416742,5422.0,5582.0,5763.0,6003.833333333333,6429.166666666667
20190604,5360,5380,5350,5380,9611,-1376,26.38181191654584,176.11359970201053,237.55209954870952,245.638566913488,492.3002697093718,5392.0,5538.0,5727.0,5991.833333333333,6417.666666666667
20190605,5380,5500,5380,5470,12910,3258,39.496835316262995,147.15977711317726,226.66053913286274,254.36718865927497,499.6164084134152,5400.0,5502.0,5695.0,5982.0,6408.666666666667
20190607,5470,5470,5400,5460,7211,-95,46.21688003316538,90.55937278934744,211.92215551942647,262.63515039304747,506.4044757463352,5412.0,5463.0,5663.0,5971.666666666667,6398.583333333333
20190610,5470,5490,5450,5450,3225,-9,47.91659420284376,58.7281874401041,205.22853115490543,270.4088981930488,513.0561954821202,5422.0,5441.0,5637.5,5960.833333333333,6388.416666666667
20190611,5500,5580,5480,5510,6214,49,42.23742416388575,54.18486873657626,202.04640556070282,276.0100642283029,518.6485576855047,5454.0,5438.0,5621.5,5951.333333333333,6378.916666666667
20190612,5510,5570,5480,5570,6219,1181,44.0,61.77378084592201,194.01739612725453,279.47192266006243,522.9201593512352,5492.0,5442.0,5606.5,5942.333333333333,6369.416666666667
20190613,5570,5570,5410,5520,15627,8,43.54308211415447,65.79513659838392,182.6164012349384,283.5259639291938,527.0666664035008,5502.0,5451.0,5587.5,5932.166666666667,6358.75
20190614,5520,5550,5510,5530,5817,-33,38.78143885933064,67.26068688320095,170.98172416957314,286.9325801565793,532.1449259577585,5516.0,5464.0,5570.5,5922.166666666667,6350.333333333333
20190617,5530,5610,5510,5560,5537,447,23.151673805580447,69.13754406977442,156.5726668355623,289.8725294557757,535.6163635376117,5538.0,5480.0,5555.0,5913.5,6340.333333333333
20190618,5500,5570,5500,5500,7411,-159,25.768197453450252,53.898051912847464,143.57141080312613,293.9914492327598,538.8790835308354,5536.0,5495.0,5538.5,5904.166666666667,6329.0
20190619,5500,5570,5500,5530,3977,-288,19.39071942966532,38.47076812334269,128.2341608152835,297.29540116744437,540.6021270052394,5528.0,5510.0,5524.0,5895.666666666667,6317.083333333333
20190620,5510,5580,5510,5580,8390,402,27.568097504180447,41.09744517606904,108.4562123624092,299.6265731424525,541.5806085486465,5540.0,5521.0,5511.5,5888.5,6305.666666666667
20190621,5630,5630,5540,5580,5255,-1160,30.98386676965934,39.0,78.01281945936834,302.1814668186072,542.8934249313584,5550.0,5533.0,5498.0,5882.833333333333,6294.75
20190624,5630,5630,5580,5610,4193,-9,39.496835316262995,34.19064199455752,72.28416147400479,304.0880720372169,543.0819395412839,5560.0,5549.0,5495.0,5877.333333333333,6283.583333333333
20190625,5600,5710,5590,5620,17013,-48,31.368774282716245,37.416573867739416,76.73982017179868,305.7781966643658,544.0751326796395,5584.0,5560.0,5499.0,5872.166666666667,6273.5
20190626,5620,5630,5570,5610,1781,-36,16.73320053068151,40.29888335921977,80.25584090893322,307.26861212912064,544.6200510451001,5600.0,5564.0,5503.0,5866.0,6263.0
20190627,5610,5620,5590,5600,5725,3921,13.564659966250534,38.67815921162743,81.07249841962441,308.17649164035186,544.5695547865008,5604.0,5572.0,5511.5,5858.5,6252.0
20190628,5610,5620,5500,5590,8153,148,10.198039027185569,36.27671429443411,78.54298186343577,308.9275355515886,544.2909505854904,5606.0,5578.0,5521.0,5850.666666666667,6240.833333333333
20190701,5590,5600,5510,5570,4225,-686,17.204650534085253,35.902646142032474,74.05909802313283,309.6415490347584,544.296889727504,5598.0,5579.0,5529.5,5842.333333333333,6229.75
20190702,5570,5580,5470,5550,8816,-267,21.54065922853801,26.90724809414742,61.601542188487464,309.87255444739816,544.1736791282024,5584.0,5584.0,5539.5,5833.0,6218.416666666667
20190703,5550,5570,5510,5550,2695,1300,20.396078054371138,23.323807579381203,49.55804677345546,309.33526400220074,544.3333078182599,5572.0,5586.0,5548.0,5823.166666666667,6207.5
20190704,5540,5590,5340,5510,6526,1149,26.5329983228432,32.69556544854363,47.116875957558996,307.934877674882,543.588226254571,5554.0,5579.0,5550.0,5811.666666666667,6195.416666666667
20190705,5510,5520,5390,5440,12558,477,46.303347611160895,52.962250707461436,49.183330509431755,307.7545919862845,542.460725665239,5524.0,5565.0,5549.0,5799.333333333333,6182.166666666667
20190708,5440,5460,5270,5300,12672,-20,94.02127418834527,93.08061022576076,70.51772826743641,310.0076611952606,542.457365196496,5470.0,5534.0,5541.5,5784.5,6167.583333333333
20190709,5230,5340,5180,5280,19695,-220,108.92199043352082,114.97825881443848,90.60905032059436,309.2389852521112,540.5583276168492,5416.0,5500.0,5530.0,5767.5,6151.833333333333
20190710,5230,5300,5230,5300,1983,-214,92.0,122.67436570041843,102.92108627487372,306.72934142113684,537.9297700447239,5366.0,5469.0,5516.5,5750.666666666667,6136.25
20190711,5290,5340,5280,5330,2465,-58,57.2712842531054,120.56533498481228,110.6390527797486,302.88845581570456,533.2728090661091,5330.0,5442.0,5507.0,5734.5,6120.333333333333
20190712,5330,5330,5290,5300,5753,3,16.0,116.27983488120373,119.26755635964041,298.79810165948317,528.2888979740085,5302.0,5413.0,5495.5,5717.833333333333,6104.083333333333
20190715,5270,5320,5260,5300,7951,77,16.0,107.72186407596183,125.53385997411215,295.3291948539605,524.1813458467439,5302.0,5386.0,5482.5,5702.0,6088.5
20190716,5300,5350,5250,5280,8203,233,16.0,96.48315915225828,132.93889573785393,294.06839718333794,518.5527670571173,5302.0,5359.0,5471.5,5687.333333333333,6072.166666666667
20190717,5270,5300,5190,5230,11281,-3594,33.1058907144937,79.37883848986453,142.10119633556926,292.09639771026053,514.116549421685,5288.0,5327.0,5456.5,5671.166666666667,6055.916666666667
20190718,5230,5260,5140,5240,10749,-2491,29.66479394838265,54.589376255824725,146.57677169319837,287.99575614114633,508.2310757807517,5270.0,5300.0,5439.5,5654.666666666667,6039.416666666667
20190719,5150,5250,5150,5250,1312,-146,26.0768096208106,30.14962686336267,148.39474384222643,283.6611339056584,504.2181791869407,5260.0,5281.0,5423.0,5638.833333333333,6024.166666666667
20190722,5250,6820,5220,6820,2722269,-131343,628.2228903820683,463.272058298361,337.9241778861051,316.27146391769827,500.91039340643937,5564.0,5433.0,5483.5,5650.833333333333,6022.333333333333
20190723,7100,7240,5990,6100,3878370,-211029,639.6061288011553,500.04499797518224,362.8894459749415,312.4090534322296,492.88941175743884,5728.0,5515.0,5507.5,5648.5,6014.833333333333
20190724,6050,6350,5710,5870,1010704,879,589.1892734936713,504.753405139579,370.897222960755,306.07551718812334,486.0149103226438,5856.0,5572.0,5520.5,5643.333333333333,6006.083333333333
20190725,6080,7200,5930,6220,7132395,-117063,509.2504295530834,531.9671042461179,400.9398333914953,309.42671004398426,479.47957174690384,6052.0,5661.0,5551.5,5645.333333333333,6000.416666666667
20190726,6150,6190,5880,6100,763468,30,319.77492084277026,531.816697744627,418.4148658926927,310.5805942993068,470.74479256025177,6222.0,5741.0,5577.0,5646.166666666667,5992.916666666667
20190729,6050,6080,5730,5890,432528,2288,134.84806264830058,511.97656196353364,423.92334212685205,305.2894346167975,459.5504370219216,6036.0,5800.0,5593.0,5641.833333333333,5982.75
20190730,5830,6080,5740,5940,423838,-394,134.84806264830058,482.3732994269065,430.4169490157189,300.61141399151364,449.22488027259595,6004.0,5866.0,5612.5,5638.333333333333,5973.583333333333
20190731,5890,6170,5690,6100,645537,89404,119.66620241321272,436.05160245090264,442.93340357213975,300.61141399151364,440.5725362781876,6050.0,5953.0,5640.0,5638.333333333333,5966.583333333333
20190801,6000,6030,5690,5710,307829,-585,145.79437574886074,378.1534080237808,442.14251096224615,294.4495806675746,432.5919860437336,5948.0,6000.0,5650.0,5631.666666666667,5956.583333333333
20190802,5650,5650,5240,5640,187474,30,164.75436261295178,313.35124062304266,439.5338439756375,288.07522165762236,425.15695631186964,5856.0,6039.0,5660.0,5624.0,5946.25
20190805,5690,5730,5100,5100,190571,-78,340.96334113801737,309.4850561820393,449.76660614145203,292.3637384411931,424.4512061347713,5698.0,5867.0,5650.0,5609.666666666667,5931.916666666667
20190806,4900,5110,4695,4700,163707,153,492.17882928870483,454.90768294237466,489.6212822171847,313.2160684819831,430.83155222112333,5450.0,5727.0,5621.0,5590.833333333333,5914.083333333333
20190807,4580,4945,4580,4940,109672,748,394.88732570190194,508.1180965090695,507.3864404967873,321.90819947407925,432.13673729804117,5218.0,5634.0,5603.0,5575.333333333333,5898.583333333333
20190808,4950,5370,4925,5170,134215,24818,310.3546358603332,484.09606484663766,512.8596299183628,323.2001014159962,430.0598714782977,5110.0,5529.0,5595.0,5563.166666666667,5885.416666666667
20190809,5220,5340,5170,5180,80911,-14,180.70971196922432,453.2780603558924,516.9613138330567,324.35148972780047,427.6018316018576,5018.0,5437.0,5589.0,5551.666666666667,5872.416666666667
20190812,5130,5220,5030,5130,65108,194,183.80424369420854,434.2683502167755,523.0054971030419,326.07701884980605,425.42214328872774,5024.0,5361.0,5580.5,5539.333333333333,5859.0
20190813,5090,5230,5090,5150,33771,-791,88.67919710958145,391.5047892427371,527.4883884977943,327.59120867287413,421.24217763965333,5114.0,5282.0,5574.0,5528.0,5845.166666666667
20190814,5160,5400,5140,5390,67128,-584,94.57272334029513,287.2089831464191,523.4080626050768,325.8235292638896,414.80931864376976,5204.0,5211.0,5582.0,5520.833333333333,5833.75
20190816,5340,5350,5170,5200,67958,-565,93.16651759081692,234.5207879911715,524.7856705360771,325.84232724122364,410.3717741949743,5210.0,5160.0,5580.0,5510.333333333333,5820.916666666667
20190819,5180,5290,5180,5280,39344,1137,95.28903399657275,179.17589123540031,523.8823818377557,324.10539266619736,405.10986164295684,5230.0,5124.0,5581.5,5500.833333333333,5809.0
20190820,5230,5340,5230,5320,54685,-325,85.18215775618742,188.1595068020747,442.21346655207145,324.15788334249675,399.38493510555054,5268.0,5146.0,5506.5,5495.0,5797.583333333333
20190821,5290,5390,5260,5360,32897,68,66.332495807108,125.44321424453376,421.4792402954148,324.560215265346,393.97673366208153,5310.0,5212.0,5469.5,5492.0,5787.0
20190822,5330,5390,5280,5330,36137,18,55.281099844341014,90.60353193998566,412.1513678249776,325.1792667980385,390.51927680452826,5298.0,5251.0,5442.5,5488.666666666667,5777.166666666667
20190823,5330,5840,5270,5450,257726,7159,57.06137047074842,103.58088626768937,371.7041834577599,325.12920508584637,387.95488533582335,5348.0,5279.0,5404.0,5489.0,5769.583333333333
20190826,5250,5460,5240,5320,55626,7283,49.234134500364675,98.59513172565876,335.81989220413965,325.6550663232135,385.74666953316927,5356.0,5293.0,5365.0,5487.666666666667,5760.583333333333
20190827,5430,5510,5370,5480,39426,7542,64.9307323229917,96.62297863344929,315.0154758103164,325.4571144299778,382.76479578099344,5388.0,5328.0,5344.5,5489.0,5753.333333333333
20190828,5520,5520,5260,5290,76672,-10392,76.05261336732617,78.20485918406861,283.89434654462565,325.97443662515576,383.04807320918053,5374.0,5342.0,5312.0,5488.0,5745.916666666667
20190829,5290,5430,5250,5320,51429,2107,77.30459236035075,76.71375365604267,219.1597590799917,326.39597628201193,383.60199824288253,5372.0,5335.0,5273.0,5487.0,5739.416666666667
20190830,5300,5420,5300,5350,21402,-251,66.75327707311455,62.128898268036274,196.09946455816748,326.86133655280753,384.08690422920836,5352.0,5350.0,5255.0,5485.0,5733.5
20190902,5300,5410,5300,5410,16367,-80,67.82329983125268,59.674114991342776,179.20030691937998,326.98772487966056,383.879095188315,5370.0,5363.0,5243.5,5484.166666666667,5727.916666666667
20190903,5410,5550,5360,5420,44402,-8897,50.35871324805669,60.00833275470999,179.95763390309398,327.0625152606811,383.36332310274184,5358.0,5373.0,5259.5,5483.666666666667,5722.25
20190904,5470,5490,5390,5430,13935,-18,43.17406628984581,62.128898268036274,129.82295636750843,327.11550797128206,382.8619928328392,5386.0,5380.0,5296.0,5482.333333333333,5716.833333333333
20190905,5430,5500,5410,5450,16462,-1377,33.70459909270544,62.89674077406554,105.1320598105069,326.94019160795017,381.91389372815405,5412.0,5392.0,5321.5,5480.333333333333,5711.333333333333
20190906,5490,5500,5360,5430,23363,-3004,13.2664991614216,61.31883886702357,101.61077698748299,326.96121924265464,380.8189639890731,5428.0,5390.0,5334.5,5478.833333333333,5705.5
20190909,5380,5480,5310,5420,36948,-6534,10.95445115010332,57.09640969448079,96.70961689511543,326.97757313474517,379.691532329337,5430.0,5400.0,5346.5,5477.0,5699.583333333333
20190910,5440,5470,5360,5460,24771,1512,14.696938456699069,54.55272678794342,85.9127464349732,326.80507271967167,378.69687929697375,5438.0,5398.0,5363.0,5475.333333333333,5694.416666666667
20190911,5500,5640,5390,5540,69501,1120,42.42640687119285,56.57738063926254,79.3646646814563,326.8954980822174,377.46190941064964,5460.0,5423.0,5382.5,5476.0,5690.083333333333
20190916,5540,5690,5540,5670,46443,-4952,93.08061022576076,83.7615663654877,101.15705610583971,327.7710922101631,376.09972081933,5504.0,5458.0,5396.5,5478.333333333333,5687.0
20190917,5670,5820,5580,5750,82790,-1462,124.80384609458157,113.03096920755831,117.44786077234444,329.3685456880229,374.979962428128,5568.0,5498.0,5424.0,5481.166666666667,5684.833333333333
20190918,5700,5850,5690,5730,33157,-22,112.24972160321823,127.90621564255585,130.1259005732525,330.675907128581,374.3843001075829,5630.0,5530.0,5446.5,5483.666666666667,5683.25
20190919,5820,5840,5740,5770,22756,-82,83.04215796810678,140.30324301312496,144.42645187083974,332.3249748192923,373.7311496552037,5692.0,5565.0,5469.0,5486.333333333333,5681.833333333333
20190920,5720,5820,5680,5820,16949,-102,49.15282290977803,151.14231703927263,160.92234151913152,334.6439235296376,373.2559350578817,5748.0,5604.0,5492.0,5489.666666666667,5680.916666666667
20190923,5820,5820,5700,5800,19010,-3094,32.61901286060018,151.95064988344078,169.63121764580953,336.6605197454996,372.4117251858937,5774.0,5639.0,5515.5,5492.833333333333,5679.416666666667
20190924,5800,5870,5710,5820,19204,-231,34.292856398964496,143.09437445266673,181.25672401320733,338.9976646916923,371.08905040934775,5788.0,5678.0,5534.0,5496.5,5677.5
20190925,5720,5790,5650,5710,33641,-104,41.279534881100595,114.37219941926449,178.1368855683741,339.89618513072645,369.44303988923696,5784.0,5707.0,5553.5,5498.5,5674.583333333333
20190926,5700,5790,5540,5680,47073,-125,59.19459434779497,81.04936767180853,179.33976134700302,340.5728833724777,367.6613780223143,5766.0,5729.0,5563.5,5500.333333333333,5671.333333333333
20190927,5630,5680,5550,5590,15297,-203,83.66600265340756,70.02856560004639,168.02603964862112,340.70857537357017,365.5238250333963,5720.0,5734.0,5578.5,5501.0,5667.0
20190930,5570,5610,5450,5480,15295,-74,114.64728518373212,102.88342918079664,159.09981143923457,340.6586349343136,363.32412067883,5656.0,5715.0,5586.5,5499.833333333333,5661.5
20191001,5590,5600,5470,5520,13187,-2521,88.67919710958145,117.20068259186891,150.54899534702983,340.66601434996085,360.1702915139829,5596.0,5692.0,5595.0,5500.0,5655.833333333333
20191002,5540,5540,5400,5450,13888,20,82.60750571225353,136.61625086350452,148.32734070291963,340.63906443914595,357.42006682200315,5544.0,5664.0,5597.0,5500.166666666667,5649.75
20191004,5450,5520,5340,5410,14562,382,61.64414002968977,150.65191668213185,148.9387457983986,339.8519285410747,354.6175463327291,5490.0,5628.0,5596.5,5502.0,5643.25
20191007,5420,5460,5280,5300,29350,-649,75.20638270785267,164.51139778143033,158.58751527153706,339.6437676281479,350.81570620854615,5432.0,5576.0,5590.0,5502.333333333333,5634.916666666667
20191008,5320,5380,5240,5310,13895,-193,83.7615663654877,163.46559270990332,167.45447142432474,339.5468794335883,346.53161431909945,5398.0,5527.0,5583.0,5502.5,5626.583333333333
20191010,5300,5400,5260,5380,7859,-22,57.619441163551734,135.5027674994131,170.07277853907132,339.18366050756333,341.691371058642,5370.0,5483.0,5580.5,5503.333333333333,5618.916666666667
20191011,5380,6000,5290,6000,28928,17039,263.2869157402244,197.727084639409,188.66570965599445,343.9937014923691,337.7740759579811,5480.0,5512.0,5609.5,5515.0,5616.416666666667
20191014,5800,5800,5530,5680,55072,-528,270.9686328710392,197.727084639409,186.02352001830303,343.47472816590647,332.80207665007345,5534.0,5512.0,5620.5,5521.333333333333,5611.666666666667
20191015,5680,5680,5490,5500,36516,-20561,247.192232887686,196.0127546870356,187.09021887848647,342.0501912484304,329.1280990069593,5574.0,5503.0,5618.5,5525.0,5606.166666666667
20191016,5510,5560,5400,5450,32395,-13607,222.38704998268219,196.57059800488983,190.18083499658948,340.0415007348025,324.8858667120936,5602.0,5500.0,5607.5,5528.666666666667,5599.916666666667
20191017,5470,5490,5400,5420,11295,-523,214.84878403193252,197.83831782544047,191.41316569139127,338.2709302053262,320.10410632990687,5610.0,5490.0,5591.0,5531.666666666667,5593.166666666667
20191018,5420,5500,5380,5430,23543,145,96.04165762834377,198.33305322109072,191.68724527208374,336.5534463082746,315.5607772950343,5496.0,5488.0,5576.0,5534.666666666667,5586.75
20191021,5430,5470,5360,5370,13236,-132,42.23742416388575,200.2598312193436,191.26944345608368,292.57719778961086,312.6305949347705,5434.0,5484.0,5556.0,5510.5,5580.666666666667
20191022,5380,5450,5350,5380,14872,-1773,30.331501776206203,194.25756098540927,184.83506160899242,282.75327878986843,307.24488061975336,5410.0,5492.0,5534.0,5498.5,5573.5
20191023,5480,5480,5300,5370,34039,-22442,25.768197453450252,189.4096090487492,177.50704211382714,279.0250387007886,302.71042956437185,5394.0,5498.0,5512.5,5490.166666666667,5566.75
20191024,5370,5370,5270,5320,15620,656,34.9857113690718,193.94844675841048,167.35814889033637,263.12539258303553,299.54816668951037,5374.0,5492.0,5487.5,5475.166666666667,5560.25
20191025,5320,5350,5250,5270,14659,-5513,41.66533331199932,106.81292056675541,165.57400158237405,251.4721102269127,297.3047328366078,5342.0,5419.0,5465.5,5461.333333333333,5553.75
20191028,5270,5340,5270,5300,15586,1667,41.66533331199932,67.59437846448475,161.62533836004798,245.99339421975202,293.11071097670435,5328.0,5381.0,5446.5,5451.5,5546.666666666667
20191029,5290,5330,5260,5300,11799,-66,33.1058907144937,58.386642307980004,161.10865898517062,238.3365384394719,288.68205068772323,5312.0,5361.0,5432.0,5440.833333333333,5539.583333333333
20191030,5310,5330,5210,5210,17766,190,38.47076812334269,65.73431371817918,167.69838997438228,224.12199059088553,285.6051567390477,5280.0,5337.0,5418.5,5426.0,5532.166666666667
20191031,5260,5260,5100,5130,32549,-223,64.9307323229917,84.11896337925236,177.16941045225613,224.1723047612629,282.96466210532475,5242.0,5308.0,5399.0,5416.333333333333,5524.0
20191101,5130,5180,5080,5150,13474,-1470,71.9444229944198,85.44003745317532,184.75389035146188,224.7998492481179,280.01278492705103,5218.0,5280.0,5384.0,5408.166666666667,5516.083333333333
20191104,5200,5300,5170,5250,14845,-561,62.73754856543249,80.22468448052632,186.90639368411132,222.1776066318188,278.0646907153136,5208.0,5268.0,5376.0,5410.666666666667,5510.166666666667
20191105,5250,5300,5210,5300,10532,-211,62.73754856543249,72.24956747275377,186.90639368411132,202.60689908122552,277.15718314171033,5208.0,5260.0,5376.0,5420.666666666667,5505.75
20191106,5310,5330,5270,5310,7942,-377,74.93997598078076,64.99230723708769,186.90639368411132,193.3002126795948,275.6954715912768,5228.0,5254.0,5376.0,5426.833333333333,5501.083333333333
20191107,5320,5320,5220,5250,13284,-3990,56.7097875150313,61.16371473349211,188.90407618683088,191.794088078795,274.1858655898767,5252.0,5247.0,5369.5,5428.166666666667,5495.666666666667
20191108,5320,5370,5280,5280,15379,-129,24.819347291981718,61.61168720299746,122.11777102453188,190.05693591301326,272.7152437379468,5278.0,5248.0,5333.5,5429.833333333333,5490.75
20191111,5340,5340,5220,5290,17877,2772,20.591260281974,60.83584469702052,92.86549412995122,186.92801644774303,271.0857669741013,5286.0,5247.0,5314.0,5432.5,5485.916666666667
20191112,5270,5390,5270,5390,12110,6239,47.15930449020639,73.37574531137656,84.5739321540627,183.37416211966087,269.3772525048244,5304.0,5256.0,5308.5,5436.5,5482.25
20191113,5390,5430,5290,5350,9696,-2980,50.754310161798074,76.55063683601854,78.82099973991703,183.61455703541023,267.85049727277,5312.0,5270.0,5303.5,5435.833333333333,5478.333333333333
20191114,5230,5350,5230,5260,41547,505,48.41487374764082,61.16371473349211,74.59725196010909,182.4873663809176,266.6233167896928,5314.0,5283.0,5295.5,5436.833333333333,5473.583333333333
20191115,5280,5310,5260,5300,5984,29,46.21688003316538,42.14261501141095,67.9632253501848,182.21865680726341,264.8345395406625,5318.0,5298.0,5289.0,5437.166666666667,5469.0
20191118,5300,5390,5260,5310,7974,-751,44.45222154178575,39.03844259188627,65.60487786742691,182.33028638459297,264.5795406559524,5322.0,5304.0,5286.0,5437.0,5466.0
20191119,5230,5300,5210,5280,18838,-4016,30.331501776206203,39.698866482558415,61.95966429863868,183.1790259699781,265.0288768340858,5300.0,5302.0,5281.0,5435.666666666667,5463.833333333333
20191120,5270,5270,5200,5200,20732,-85,38.98717737923585,49.88987873306569,60.81734949831339,185.17401725517814,266.03820475501334,5270.0,5291.0,5272.5,5433.5,5461.083333333333
20191121,5200,5260,4910,5020,46466,-1085,108.1480466767662,95.58242516278816,80.92434738692674,192.57004497578686,269.031390156001,5222.0,5268.0,5257.5,5426.333333333333,5457.666666666667
20191122,4985,5060,4985,5030,8142,890,122.21292893961751,119.0,94.7879211714235,198.71944209468032,271.7808425722285,5168.0,5243.0,5245.5,5421.5,5454.583333333333
20191125,5070,5070,4990,5040,9355,-2029,106.1319932913728,132.04544672195252,103.82075900319742,204.4610123111736,274.3416235084835,5114.0,5218.0,5232.5,5414.166666666667,5451.583333333333
20191126,5020,5060,5010,5040,12333,-1600,67.40919818541087,128.14444974324874,110.61080417391422,209.4357498926285,276.73513209152713,5066.0,5183.0,5219.5,5410.0,5449.0
20191127,5040,5080,5020,5060,15096,-1719,13.2664991614216,119.59933110180843,115.95688854052612,213.89535343708735,278.9203390861578,5038.0,5154.0,5212.0,5405.666666666667,5446.333333333333
20191128,5040,5100,4990,4995,18542,243,21.354156504062622,122.5,124.1720077151046,220.17119286232918,281.91086246432883,5033.0,5127.5,5205.25,5399.75,5442.375
20191129,5040,5060,4990,5060,14287,-533,23.748684174075837,109.13409183202104,127.67414577744393,224.4179353839093,284.03953351180536,5039.0,5103.5,5200.75,5393.916666666667,5439.041666666667
20191202,5030,5050,4980,5000,17188,-568,28.35489375751565,88.06957476904269,134.3063196577138,229.97661414872127,286.82696281487216,5031.0,5072.5,5188.25,5386.916666666667,5435.291666666667
20191203,5060,5060,4970,4990,9584,-750,32.0,57.360700832538654,138.34264526891192,235.43628236809596,289.5803686905199,5021.0,5043.5,5172.75,5379.583333333333,5430.958333333333
20191204,5030,5030,4950,4970,19809,-9327,30.265491900843116,29.193321153990002,141.2911444500327,240.9970464313684,292.3035635504138,5003.0,5020.5,5155.75,5371.583333333333,5425.958333333333
20191205,4970,5050,4955,4985,14704,-5233,31.048349392520052,31.08054053584011,144.22638454873643,245.8830458205211,294.90365658473735,5001.0,5017.0,5142.5,5364.166666666667,5421.5
20191206,5060,5060,4975,5010,8679,-914,13.564659966250534,30.822070014844886,143.35794362364442,249.9007580793686,297.08986668897165,4991.0,5015.0,5129.0,5357.333333333333,5417.166666666667
20191209,5060,5060,4980,4990,12712,-589,12.806248474865697,30.413812651491103,141.40898132721273,253.8941708660406,299.31657107919096,4989.0,5010.0,5114.0,5349.5,5412.416666666667
20191210,5020,5020,4960,4975,10729,-293,13.92838827718412,30.253099014811692,129.3181638440633,257.1113436923968,301.83073059404967,4986.0,5003.5,5093.25,5340.083333333333,5408.041666666667
20191211,5050,5060,4950,4975,12881,-5643,12.884098726725126,24.59674775249769,117.36588090241558,257.64203202587294,304.16962327393003,4987.0,4995.0,5074.5,5328.5,5403.416666666667
20191212,4990,5000,4955,4960,15566,-2162,16.911534525287767,26.74415824063266,111.73517798795507,255.94574077717425,306.383916299549,4982.0,4991.5,5059.5,5315.333333333333,5398.25
20191213,4960,5010,4960,4975,7019,-1755,9.486832980505136,14.177446878757825,98.41589048522602,253.80015924559143,308.3232853098698,4975.0,4983.0,5043.25,5302.75,5393.208333333333
20191216,5010,5050,4950,5020,16680,-3766,20.346989949375807,17.464249196572982,77.10179958989282,248.9016288277109,309.528873070464,4981.0,4985.0,5028.75,5290.25,5388.291666666667
20191217,5040,5080,5010,5080,18523,-576,43.88621651498339,33.52610922848042,53.100729750164454,240.5398298036657,310.05241212458174,5002.0,4994.0,5018.75,5277.916666666667,5383.791666666667
20191218,5090,5100,5000,5090,20363,-950,52.91502622129181,42.941821107167776,37.42575984532578,231.87297468364682,310.4940926935726,5025.0,5006.0,5013.25,5266.083333333333,5379.458333333333
20191219,5100,5110,5030,5090,10251,-3980,46.086874487211645,48.941291360159276,40.9961888472575,221.4047795072255,310.93635189687666,5051.0,5016.5,5016.75,5253.916666666667,5375.208333333333
20191220,5080,5100,5040,5050,10468,-4291,27.27636339397171,49.87233702163957,41.54741267515946,214.76788180570625,311.7018446062492,5066.0,5020.5,5017.75,5242.916666666667,5370.708333333333
20191223,5070,5090,5020,5050,10515,-3897,18.33030277982336,49.449469157919175,41.87108190625124,208.44961754656643,312.51464132428976,5072.0,5026.5,5018.25,5232.416666666667,5366.375
20191224,5050,5070,5030,5050,6125,-126,19.595917942265423,46.67976006793523,42.18634257671551,204.4351805715196,313.3706510363382,5066.0,5034.0,5018.75,5223.416666666667,5362.208333333333
20191226,5050,5100,5030,5100,13645,49,22.271057451320086,45.93745748297353,44.95205779494415,202.26280690060105,313.793188152545,5068.0,5046.5,5020.75,5217.083333333333,5358.458333333333
20191227,5080,5090,5040,5090,6330,583,22.271057451320086,37.17862289004261,46.9547654663507,198.99432920389924,314.4250678051479,5068.0,5059.5,5025.5,5209.916666666667,5354.958333333333
20191230,5090,5170,5050,5140,11355,-99,33.82306905057553,32.31098884280702,52.77073052365297,196.70499273384223,314.9312066641516,5086.0,5076.0,5029.5,5204.75,5352.458333333333
20200102,5090,5120,5020,5050,33072,-3181,33.82306905057553,28.08914381037628,52.497618993626745,195.84140054243113,316.09608408739115,5086.0,5079.0,5032.0,5198.75,5350.375
20200103,5070,5070,4990,5030,44853,91,38.67815921162743,31.68595903550972,51.61395160225575,196.5638679066449,317.3743162223516,5082.0,5074.0,5034.0,5194.25,5348.291666666667
20200106,5030,5040,4965,4965,25403,-1,58.65151319446072,44.835811579584465,51.93445388179218,198.13358288392442,319.25460059391946,5055.0,5061.5,5033.75,5188.5,5345.5
20200107,5020,5020,4980,4990,5581,-257,60.33241251599343,48.376130477746976,51.71073389539158,198.1417842516336,320.88415182004866,5035.0,5051.5,5034.0,5182.0,5342.666666666667
20200108,4970,4990,4890,4890,43545,-1834,56.0357029044876,68.5,60.38211655780211,170.84178840793297,323.49243293630514,4985.0,5035.5,5028.0,5163.5,5339.25
20200109,4945,4975,4875,4885,15775,-11061,56.62155066756826,81.6333265278342,67.5920668421968,160.8037753487801,326.10133639346753,4952.0,5019.0,5022.75,5150.25,5335.791666666667
20200110,4935,4955,4810,4825,37118,-25554,59.4474557908074,99.12239908315377,79.71002132730865,159.54832078847127,329.35694922133234,4911.0,4996.5,5015.25,5139.0,5332.0
20200113,4825,4880,4820,4870,5763,-76,54.09251334519409,99.12239908315377,85.44003745317532,157.9753848609855,331.90209399819,4892.0,4973.5,5010.0,5129.333333333333,5329.0
20200114,4885,4940,4875,4940,9520,-30,36.959437225152655,91.4070566203726,86.1336171305954,155.1823300357029,333.68810287510007,4882.0,4958.5,5009.0,5121.333333333333,5326.5
20200115,5000,5010,4945,4990,13128,1091,57.32364259186605,70.25133450689745,85.8992869586238,150.75587329549586,335.0192365958592,4902.0,4943.5,5009.75,5114.0,5324.333333333333
20200116,5020,5020,4965,4965,7995,-1321,61.36774397026504,61.44102863722254,86.4060183089118,148.18745167215613,307.2997061101485,4918.0,4935.0,5007.0,5107.25,5308.875
20200117,5000,5000,4975,4990,6408,-120,44.54211490264017,56.204981985585576,84.81597726843687,144.59087396197452,299.96538862906124,4951.0,4931.0,5002.5,5100.75,5299.625
20200120,4990,5140,4950,5140,38937,-927,70.0,84.29264499349871,88.03408430829504,140.3896116360104,295.7084683675338,5005.0,4948.5,5005.0,5096.916666666667,5293.541666666667
20200121,5170,5180,5060,5070,22249,-182,64.99230723708769,91.3523398715107,87.17224328879006,137.38457276232876,283.9284650475765,5031.0,4956.5,5004.0,5092.75,5283.958333333333
20200122,5080,5160,5020,5120,43571,-5013,69.25315877272314,100.23597158705051,90.2981173668643,135.48808373095994,274.2687215079517,5057.0,4979.5,5007.5,5090.25,5275.791666666667
20200123,5200,5280,5110,5120,53558,-301,54.18486873657626,102.8396810574595,93.18798205777395,132.77620582426508,268.77620996295576,5088.0,5003.0,5011.0,5087.25,5269.375
20200128,5000,5000,4900,4910,53916,-2480,84.23775875461075,90.55523176492895,95.23129737644028,131.74414914176495,263.6198303067125,5072.0,5011.5,5004.0,5080.75,5260.791666666667
20200129,4910,4985,4905,4920,15157,-4001,94.10632284814872,83.72723571216237,94.23375191511799,132.23240798675826,253.9638227470074,5028.0,5016.5,4995.0,5075.916666666667,5250.958333333333
20200130,4935,4975,4890,4900,26866,-2707,103.07278981380101,88.1263297772011,93.75366659496576,133.9318597470737,252.43315603199488,4994.0,5012.5,4985.5,5072.083333333333,5244.208333333333
20200131,4960,4960,4800,4855,50811,-16039,92.21713506718801,100.06997551713499,90.80026156349993,136.3737715079767,252.26303512261487,4941.0,4999.0,4971.25,5067.166666666667,5237.666666666667
20200203,4775,4840,4755,4810,33627,98,41.03656905736639,115.02282382205715,95.34509688494735,138.16344990135113,254.94513298691956,4879.0,4983.5,4959.25,5059.833333333333,5235.25
20200204,4810,4900,4800,4845,18355,9,39.42080668885404,122.20474622534105,96.99226773305179,137.25713399706268,252.73948695103743,4866.0,4969.0,4950.0,5052.25,5236.458333333333
20200205,4890,4890,4830,4865,11524,-5699,29.154759474226502,111.06417064022041,98.65343379730885,135.13563145463596,253.56321806591012,4855.0,4941.5,4945.0,5044.833333333333,5235.833333333333
20200206,4875,4925,4860,4910,22604,-117,32.34192325759245,102.60238788644249,98.36920249752968,133.53266350214295,255.22190780300772,4857.0,4925.5,4941.0,5039.166666666667,5233.666666666667
20200207,4910,5080,4880,5000,51059,-22,65.5286197016235,84.58871083070126,98.439067447838,129.8771855757879,256.0604854767854,4886.0,4913.5,4946.5,5034.5,5232.166666666667
20200210,5000,5020,4955,4995,22470,-1979,64.38944012802101,58.300943388593645,97.9208864338962,125.62607102817684,256.8023687538864,4923.0,4901.0,4952.0,5029.583333333333,5231.041666666667
20200211,4965,5020,4960,4975,12515,-3010,52.858301145610035,62.41994873435896,93.55346065218541,116.69928115449785,257.753583336114,4949.0,4907.5,4959.5,5022.666666666667,5229.583333333333
20200212,5000,5010,4955,4985,12399,-1787,32.64965543462902,66.6258208204597,91.38483189238792,108.71787520294531,258.2819807838075,4973.0,4914.0,4965.25,5016.583333333333,5226.208333333333
20200213,4990,5030,4965,4980,20199,-35,9.273618495495704,69.21704992268884,91.24794518234371,104.07966366511371,259.2405273911692,4987.0,4922.0,4967.25,5011.916666666667,5224.375
20200214,4980,5000,4945,4960,9990,-3018,11.575836902790224,66.15323121359984,91.10810885974968,97.27377601262478,260.2983031016668,4979.0,4932.5,4965.75,5006.25,5221.708333333333
20200217,4995,4995,4950,4990,9500,16,10.295630140987,53.68659050451984,91.26061582084574,88.88424900946457,260.98762409535925,4978.0,4950.5,4967.0,5000.916666666667,5218.958333333333
20200218,4995,5010,4945,4945,5957,50,16.911534525287767,40.893153461184674,91.22054319066513,81.38318144418105,261.84394207310777,4972.0,4960.5,4964.75,4995.333333333333,5215.5
20200219,5010,5010,4890,4900,14757,96,31.622776601683796,33.376638536557266,82.77190042520469,77.79174477609965,263.1912987213052,4955.0,4964.0,4952.75,4990.333333333333,5211.916666666667
20200220,4910,4980,4800,4830,25911,-6370,55.67764362830022,50.53711507397311,82.29937727589437,80.34491617588402,264.54886914718014,4925.0,4956.0,4940.75,4987.166666666667,5206.75
20200221,4860,4860,4800,4810,15848,74,67.82329983125268,64.27285585688566,76.03412063014869,83.27314492932841,266.782526914811,4895.0,4937.0,4925.25,4983.5,5202.5
20200224,4790,4790,4675,4690,22875,139,87.17797887081349,94.6850040925172,78.67456704679094,91.0103779172636,269.5860896311372,4835.0,4906.5,4903.75,4977.666666666667,5195.916666666667
20200225,4690,4750,4650,4750,29060,-2868,71.442284397967,102.17142457654195,85.47331454904507,95.17688211242859,272.4695574235911,4796.0,4884.0,4895.75,4972.833333333333,5191.416666666667
20200226,4670,4760,4670,4725,8170,40,52.191953402799555,106.16496597277279,92.94622100978607,99.62188932703285,275.48169618132715,4761.0,4858.0,4886.0,4967.25,5186.458333333333
20200227,4725,4860,4670,4745,15014,-2219,39.16631205513228,102.50487793271108,97.7915512710582,103.52572814833584,277.967461625651,4744.0,4834.5,4878.25,4963.083333333333,5181.416666666667
20200228,4660,4740,4570,4570,41644,4993,66.43794096749237,120.03020453202602,118.67602959317438,114.32224800380341,282.6601193234398,4696.0,4795.5,4864.0,4954.916666666667,5174.416666666667
20200302,4580,4730,4580,4720,52040,6940,66.9776081985614,102.29980449639187,122.2896152582058,118.04104159043258,284.7470978300006,4702.0,4768.5,4859.5,4950.25,5168.583333333333
20200303,4820,4820,4720,4760,48060,17951,68.51277253184257,83.75559682791355,124.18207398815659,120.39896063495087,286.1318169429127,4704.0,4750.0,4855.25,4946.416666666667,5163.0
20200304,4760,4880,4715,4870,18869,-4306,96.31199302267605,78.7146746166177,124.20648131236952,120.75258796296758,286.1416704290752,4733.0,4747.0,4855.5,4944.75,5158.166666666667
20200305,4870,4885,4775,4820,33125,4407,102.64501936285072,77.71100308193171,123.78004685731865,121.6799079542478,286.6852101567296,4748.0,4746.0,4851.0,4942.0,5153.083333333333
20200306,4800,4820,4725,4810,18592,6129,51.61395160225575,77.71100308193171,119.1857793530755,122.508049621143,287.3147229091925,4796.0,4746.0,4841.5,4938.666666666667,5148.0
20200309,4815,4835,4665,4710,25030,8002,54.626001134990645,76.49182962905255,116.99866452229271,125.75372757796967,288.6142538066792,4794.0,4748.0,4827.25,4934.0,5141.75
20200310,4840,5780,4830,5040,2682657,3528,108.25894882179486,116.34431657799186,121.85955030279736,126.38068044065555,286.43569910646346,4850.0,4777.0,4830.5,4935.083333333333,5137.583333333333
20200311,5030,5030,4650,4775,322482,25,111.37324633860683,115.06954418958998,117.04699910719627,127.91216061456993,284.11812574242146,4831.0,4782.0,4820.0,4931.75,5130.125
20200312,4765,4800,4390,4460,190597,10181,186.34376834227646,150.53321892525915,134.99629624548965,141.37860418739606,284.8644140207523,4759.0,4753.5,4794.0,4923.416666666667,5119.375
20200313,4200,4340,4000,4300,104741,41845,256.78006153126455,197.81367495701602,167.20944949374123,162.15570363689457,288.95212682658865,4657.0,4726.5,4761.0,4912.166666666667,5107.458333333333
20200316,4305,4390,4230,4270,91605,50134,295.94594100950263,240.70781042583562,189.98684164962586,181.15570343945296,292.4440800066613,4569.0,4681.5,4725.0,4899.666666666667,5094.958333333333
20200317,3850,4380,3850,4270,80206,20468,193.33908037435157,268.0601611579013,207.09221979591604,196.72605035592773,294.3591172886323,4415.0,4632.5,4691.25,4886.166666666667,5082.041666666667
20200318,4360,4380,4100,4100,90721,43916,114.36782764396636,297.72848368941794,237.88061606612675,219.17433446606603,300.31279700015136,4280.0,4555.5,4651.25,4869.666666666667,5067.875
20200319,4135,4200,3840,3950,135182,50073,134.07460609675496,332.77657669974315,278.64168299089783,246.90832756708767,309.26451450327005,4178.0,4468.5,4607.25,4850.666666666667,5052.291666666667
20200320,3920,4295,3920,4215,74153,30494,122.40914998479485,319.3180232933932,287.0431152283573,258.5388832775849,312.6126019361293,4161.0,4409.0,4577.5,4836.75,5039.833333333333
20200323,4090,4240,4065,4220,69611,46284,114.9086593777858,306.7164814613,295.97128239070764,268.761498461572,315.85527628321125,4151.0,4360.0,4554.0,4822.916666666667,5027.666666666667
20200324,4170,4490,4170,4475,50702,37029,172.29625648864223,214.3950792345757,292.91839733960035,270.73767541412275,315.57629987382614,4192.0,4303.5,4540.25,4813.333333333333,5018.375
20200325,4475,4710,4475,4560,94231,24674,215.90275588792286,172.77441940287343,289.9068816016619,270.0331255395213,315.4436662822867,4284.0,4282.0,4532.0,4804.333333333333,5010.708333333333
20200326,4590,4690,4505,4585,43522,-139,162.15424755460464,188.96362083745117,286.10138063280993,268.86565986624163,314.31312899073134,4411.0,4294.5,4524.0,4795.916666666667,5002.916666666667
20200327,4650,4750,4495,4550,59165,571,134.1118935814419,203.9785527941602,285.97377502141694,266.8833884963797,314.29324373257566,4478.0,4319.5,4523.0,4786.083333333333,4995.416666666667
20200330,4500,4580,4425,4580,34368,3586,39.6232255123179,217.22626452618482,282.7613835020617,265.91794630378115,314.2262984968882,4550.0,4350.5,4516.0,4778.25,4988.5
20200331,4645,4870,4610,4705,128055,2265,55.982140009113614,239.19448154169444,280.634437480506,264.03813907964667,313.9661578327794,4596.0,4394.0,4513.25,4772.833333333333,4983.541666666667
20200401,4750,4780,4605,4605,56992,8040,53.009433122794285,224.66029911846908,269.5134504992283,263.6932666729336,314.39819055238087,4605.0,4444.5,4500.0,4766.833333333333,4977.666666666667
20200402,4680,4760,4555,4760,55019,10374,79.435508432942,171.5,266.2489436598763,262.0880895165224,312.83448765610177,4640.0,4525.5,4497.0,4763.0,4972.5
20200403,4890,4890,4730,4780,27786,6653,80.58535847162312,151.84202316881849,264.56048457772374,261.57753258892393,298.7856905698098,4686.0,4582.0,4495.5,4761.166666666667,4962.333333333333
20200406,4780,4820,4705,4790,30586,1009,68.1615727518079,105.01904589168578,268.3509828564076,261.11027629843085,291.8446956675385,4728.0,4639.0,4499.5,4759.583333333333,4954.916666666667
20200407,4800,4860,4680,4790,59577,893,70.8519583356734,98.11855074347562,247.9284170884814,261.00255426544646,287.9044980551526,4745.0,4670.5,4487.0,4759.0,4949.0
20200408,4790,4880,4730,4835,48311,3653,24.576411454889016,101.76443386566841,251.72902097295017,260.7928482953016,284.39296646610205,4791.0,4698.0,4490.0,4758.416666666667,4943.875
20200409,4940,4940,4835,4895,27958,2921,42.96510211788167,109.53994705129264,266.5533483188684,260.3338668363688,281.05337571427515,4818.0,4729.0,4511.75,4757.666666666667,4939.5
20200410,4925,4980,4810,4980,64244,10960,72.1526160301898,115.09126813099245,280.384891711376,260.18823314366205,277.4629479775445,4858.0,4772.0,4545.75,4757.5,4935.75
20200413,5040,5060,4880,4880,33845,6016,63.67102951892642,99.12618221237013,281.9036847932286,259.28441858695675,274.6333414256394,4876.0,4802.0,4576.25,4756.083333333333,4931.666666666667
20200414,4840,4975,4840,4930,19825,3041,48.72371086031933,100.0862128367339,282.75110521446237,258.4948285529961,271.54080673558417,4904.0,4824.5,4609.25,4755.083333333333,4927.916666666667
20200416,4910,5070,4910,5040,17758,241,58.65151319446072,89.1683800458436,272.12072229067746,256.3209115971153,268.705952463429,4945.0,4868.0,4656.25,4753.416666666667,4925.166666666667
20200417,5040,5170,5040,5110,50291,-508,80.84553172563095,106.84568311354464,236.72914374871547,257.1939794305254,266.8059401936395,4988.0,4903.0,4714.25,4754.083333333333,4923.416666666667
20200420,5190,5190,5020,5110,22505,-170,93.93614852653904,114.45086281894078,222.2757296692556,256.9599379708366,265.46702818984,5014.0,4936.0,4759.0,4753.916666666667,4922.083333333333
20200421,5270,5650,4825,4990,382326,2,69.74238309665078,104.20652570736631,189.91116344227902,254.39933339749007,263.27615413045504,5036.0,4956.0,4797.5,4751.75,4919.5
20200422,5120,5390,5040,5210,415929,-16,74.40430095095309,113.09730323929035,194.9953525087201,260.3392418232167,262.3175953567033,5092.0,4998.0,4834.25,4756.75,4918.75
20200423,5230,5250,5040,5150,109705,-12,72.0,107.0151858382725,195.90096349941726,264.3767697598313,261.81867930635343,5114.0,5029.5,4863.75,4760.583333333333,4918.25
20200424,5100,5120,4995,5010,48739,-1,83.33066662399864,97.718984849414,187.3766260770004,265.7152167051087,261.23652277911515,5094.0,5041.0,4885.0,4762.416666666667,4917.25
20200427,4995,5100,4985,5050,35380,5,84.4748483277715,95.58242516278816,173.88214399414338,268.01036464157414,260.6515740523072,5082.0,5048.0,4910.0,4765.666666666667,4916.416666666667
20200428,5150,5270,5050,5110,100780,-240,70.88018058667741,78.54298186343577,161.51702696619944,271.5656253811275,259.46647985251684,5106.0,5071.0,4936.5,4770.666666666667,4915.25
20200429,5090,5140,5020,5050,24827,-143,49.638694583963435,63.88270501473775,154.12555758212196,273.76007084423924,257.3639878122269,5074.0,5083.0,4953.75,4774.083333333333,4913.166666666667
20200504,5020,5140,4925,5040,40948,8728,32.496153618543836,63.88270501473775,132.5603636084331,275.6389546727518,255.05471907536256,5052.0,5083.0,4975.5,4777.0,4910.916666666667
20200506,5050,5120,5010,5010,21709,5343,32.496153618543836,66.64082832618455,123.09955320796256,276.7382437526653,253.32306722696774,5052.0,5073.0,4988.0,4778.666666666667,4908.916666666667
20200507,5090,5120,5020,5120,30650,-308,42.23742416388575,67.26068688320095,116.50107295643248,278.75686339289103,251.78279605501015,5066.0,5074.0,5005.0,4780.666666666667,4907.583333333333
20200508,5160,5190,5100,5100,53787,-361,40.29888335921977,61.35959582656977,107.10858975824488,280.4215452765881,249.96383071767931,5064.0,5085.0,5020.5,4782.416666666667,4906.0
20200511,5110,5140,5000,5030,32161,-17,42.42640687119285,46.70117771534247,93.14639016086453,281.1385581677528,246.27000764822483,5060.0,5067.0,5032.5,4783.333333333333,4903.0
20200512,5050,5050,4885,4905,70825,81,76.13146524269712,59.29797635670209,86.75540328993924,280.3676158185071,242.83764795492272,5033.0,5042.5,5036.0,4782.0,4899.291666666667
20200513,4950,4950,4870,4910,34384,0,91.19210492142399,71.17759478937175,85.59023016676613,279.68608395004134,240.57912982784578,5013.0,5032.5,5036.75,4780.833333333333,4896.375
20200514,4830,4925,4830,4880,10644,61,85.20563361656319,84.09667056429761,91.47779785281234,279.01866723647845,237.71977769786747,4965.0,5015.5,5031.75,4779.5,4892.875
20200515,4845,4985,4845,4935,21633,1563,52.01922721455981,80.75270893288967,87.61991782694159,278.4152948180881,234.66096998376952,4932.0,4998.0,5034.5,4778.583333333333,4889.75
20200518,4935,4960,4835,4875,16825,-1280,21.771541057077236,86.35537041782636,91.62798426245119,277.86161373720347,231.92039088601854,4901.0,4980.5,5031.75,4777.416666666667,4886.375
20200519,4895,4945,4860,4940,28391,-1226,26.944387170614963,84.65961256703223,93.74533321717941,278.2027013803237,230.1883249231939,4908.0,4970.5,5026.75,4778.083333333333,4884.208333333333
20200520,4970,6090,4915,5100,918386,-38,81.57205403813246,92.77526610039983,93.32570653362343,281.1738662381509,230.69592405456646,4946.0,4979.5,5026.25,4782.583333333333,4884.875
20200521,5160,5160,5010,5080,78879,-6,88.1702897806285,87.3341284951078,92.2018844709803,283.7256475106005,231.00261166838038,4986.0,4975.5,5024.75,4787.083333333333,4885.291666666667
20200522,5080,5100,4975,4980,38093,43,84.73488065725944,77.04057372579723,92.4158400924863,284.49969488321574,230.73198361796142,4995.0,4963.5,5024.25,4791.916666666667,4884.791666666667
20200525,4980,5030,4945,4960,23483,11,65.23802572120036,73.79193722894121,82.85944424143817,285.25323788166924,230.3979008340216,5012.0,4956.5,5011.75,4795.416666666667,4884.125
20200526,4960,5050,4915,4990,28358,1,56.7097875150313,72.24956747275377,76.61388581712849,286.1787999753118,230.04021010310186,5022.0,4965.0,5003.75,4799.833333333333,4883.541666666667
20200527,5000,5030,4960,5000,39743,-50,41.182520563948,70.42016756583301,76.60409584349912,287.22449359686607,230.06084642099773,5002.0,4974.0,5003.25,4804.083333333333,4883.583333333333
20200528,5000,5040,4925,4930,24308,-98,24.819347291981718,65.14598989960932,77.40276157864136,286.0295609233006,229.53304046924717,4972.0,4979.0,4997.25,4810.083333333333,4882.5
20200529,4915,4970,4910,4920,15997,-37,31.622776601683796,66.30422309325402,74.59013004412849,286.12568867890235,229.30686620613707,4960.0,4977.5,4987.75,4813.416666666667,4881.833333333333
20200601,4930,5000,4930,4965,22972,-190,31.68595903550972,57.27346680619221,73.33314393914938,286.69084200344247,229.21983852928258,4961.0,4986.5,4983.5,4816.833333333333,4881.625
20200602,5010,5100,5010,5050,49495,-1458,47.707441767506246,57.846780377130756,73.74957626996917,288.16946210284465,229.59193495768227,4973.0,4997.5,4984.0,4819.833333333333,4882.291666666667
20200603,5080,5460,5070,5460,391528,-18578,202.7313493271329,149.6337194618913,127.38818626544615,299.59653424745625,235.35102329723782,5065.0,5033.5,5006.5,4830.5,4886.25
20200604,5420,5730,5300,5370,488605,-350,219.80900800467663,180.710403685012,148.43853947004465,307.43287433515644,239.17274963309868,5153.0,5062.5,5019.0,4839.833333333333,4889.25
20200605,5390,5510,5300,5370,79287,-209,196.91622584236168,199.77549899825055,166.3843442154339,314.32091703964403,242.9711774181163,5243.0,5101.5,5032.5,4850.833333333333,4892.416666666667
20200608,5400,5470,5360,5440,81367,-205,148.51262572589582,216.9383552993799,188.58950129845508,322.4005014467056,247.91505251654044,5338.0,5149.5,5053.0,4857.5,4896.291666666667
20200609,5510,5540,5150,5280,57284,-67,63.435006108614814,213.02640681380325,191.56118474262996,326.70003018361666,250.2613078816066,5384.0,5178.5,5071.75,4865.916666666667,4898.833333333333
20200610,5360,5390,5240,5270,25589,2478,63.435006108614814,205.67510787647592,192.4283957735968,326.3830720518085,252.46962138564757,5346.0,5205.5,5089.75,4879.416666666667,4901.416666666667
20200611,5280,5340,5150,5150,35388,-648,98.26494797230599,185.8393123103936,186.62311619946763,319.29622044215097,253.3941778640346,5302.0,5227.5,5103.25,4893.583333333333,4902.875
20200612,5010,5090,4935,5020,40951,50,140.48487463068756,171.13225879418528,183.68791468139648,309.15892847418985,253.3941778640346,5232.0,5237.5,5107.5,4906.083333333333,4902.875
20200615,4985,5060,4705,4705,71704,-696,212.17916957137902,222.57639138057743,197.65247278999573,299.09400231695713,253.50283529063347,5085.0,5211.5,5099.0,4913.333333333333,4899.75
20200616,4885,4900,4735,4860,32975,-107,201.2063617284504,242.7472965863884,201.5998511904213,279.8553197631834,252.92598829686452,5001.0,5192.5,5095.0,4926.0,4897.833333333333
20200617,4860,4895,4805,4830,31128,1651,155.2932709424333,246.8648415631517,209.69084386305474,249.76233147129253,252.3835815234666,4913.0,5129.5,5081.5,4940.666666666667,4895.666666666667
20200618,4900,4900,4830,4840,20972,-2183,100.5186549850325,246.43508272971198,216.19956059159787,231.65723901627254,252.03520201738826,4851.0,5076.5,5069.5,4951.083333333333,4893.916666666667
20200619,4950,4950,4835,4885,30149,1943,62.401923047290786,231.1514654939484,219.1373712993747,211.4402332149104,251.62968478357053,4824.0,5028.0,5064.75,4962.166666666667,4892.541666666667
20200622,4980,4980,4870,4920,26072,1941,32.496153618543836,186.86626233753375,220.26390421492127,201.8070275997403,251.22897576569284,4867.0,4976.0,5062.75,4969.583333333333,4891.458333333333
20200623,4920,4965,4800,4845,18609,1922,33.674916480965464,159.6911080805691,224.87718870530202,195.36177267309918,250.53354177823329,4864.0,4932.5,5055.5,4974.333333333333,4889.333333333333
20200624,4925,4980,4815,4835,24888,1764,32.71085446759225,114.75626344561763,229.7361258052377,189.5945234786247,249.9031444332233,4865.0,4889.0,5047.25,4978.5,4887.208333333333
20200625,4835,4845,4765,4800,21906,1996,41.54515615568198,76.96752561957544,234.74600635580575,182.75545287435054,248.94658270813235,4857.0,4854.0,5040.75,4982.666666666667,4884.375
20200626,4810,4825,4780,4790,10963,9,45.89117562233506,55.21775076911409,239.74608964485742,176.9283439379973,248.62689234596604,4838.0,4831.0,5034.25,4986.166666666667,4882.208333333333
20200629,4790,4895,4650,4680,26731,-7,58.73670062235365,61.11669166438903,251.61478493920026,177.61809451672818,248.9287848581316,4790.0,4828.5,5020.0,4985.75,4879.291666666667
20200630,4720,4810,4680,4715,9556,-56,57.39337940912697,68.65857557508748,260.068620752293,174.2136898236634,249.24870096140117,4764.0,4814.0,5003.25,4987.583333333333,4877.208333333333
20200701,4780,4780,4685,4685,17990,2145,51.32250968142536,78.37250793486196,246.5101417791974,176.10098113102302,249.64035241912723,4734.0,4799.5,4964.5,4986.333333333333,4874.666666666667
20200702,4750,4750,4650,4720,14998,1988,39.319206502675,80.41299646201476,233.40629811553933,177.43512116256917,250.03137303224682,4718.0,4787.5,4932.0,4985.333333333333,4873.25
20200703,4745,4850,4700,4800,10585,2000,43.01162633521314,73.8850458482635,212.00294809270926,177.2561705548029,250.11746893065956,4720.0,4779.0,4903.5,4985.5,4872.541666666667
20200706,4850,4870,4800,4850,12641,1628,61.26989472816157,62.657800791282156,172.70350314918338,176.31718577539,250.08819277818213,4754.0,4772.0,4874.0,4986.5,4872.75
20200707,4875,4880,4830,4845,11437,1956,66.55824516917495,62.657800791282156,145.44307305609297,176.1785710256564,250.1008095367668,4780.0,4772.0,4852.25,4986.666666666667,4872.541666666667
20200708,4885,4885,4790,4865,10720,-29,52.66877632905477,66.21933252457322,109.66312051004202,176.48032625567342,250.02515151336158,4816.0,4775.0,4832.0,4986.166666666667,4871.916666666667
20200709,4850,4920,4850,4890,14761,3,29.49576240750525,74.59222479588605,83.48053665376139,176.90832528546798,249.7967368133795,4850.0,4784.0,4819.0,4984.666666666667,4871.083333333333
20200710,4850,5050,4795,4800,28524,9,29.49576240750525,74.73285756613352,69.61321713582846,177.9903243305909,249.73010083744305,4850.0,4785.0,4808.0,4983.333333333333,4869.708333333333
20200713,4830,4855,4800,4845,6794,22,29.563490998188964,67.60362416320592,65.84071688552609,178.74584299681567,249.49582494915074,4849.0,4801.5,4815.0,4981.916666666667,4868.5
20200714,4870,4875,4820,4875,10641,3447,31.144823004794873,64.08002808988148,66.43182595714195,179.09998759159356,248.25263999458198,4855.0,4817.5,4815.75,4979.166666666667,4866.291666666667
20200715,4920,4930,4790,4850,20182,5286,30.757112998459398,46.733285782191686,66.7883784800919,179.02738772408256,247.55285280308576,4852.0,4834.0,4816.75,4974.833333333333,4864.458333333333
20200716,4885,4895,4825,4850,14909,1321,24.372115213907882,27.2213151776324,66.99766786985947,178.84979731538266,246.44454737515758,4844.0,4847.0,4817.25,4970.5,4862.208333333333
20200717,4870,4910,4825,4895,15956,430,19.131126469708992,25.695330315059195,67.53656417082527,179.09050706828572,245.3294836662449,4863.0,4856.5,4817.75,4968.916666666667,4860.333333333333
20200720,4870,4990,4870,4950,23032,541,37.06750598570128,37.818646194701365,70.07629770471611,176.3289815145988,245.4238963289428,4884.0,4866.5,4819.25,4964.583333333333,4860.666666666667
20200721,4950,5100,4950,5060,58494,2397,78.63841300535,68.30812543175226,87.52142594816428,175.12398385708264,246.03517137991935,4921.0,4888.0,4830.0,4963.083333333333,4861.833333333333
20200722,5060,5100,4975,4990,38798,934,73.10266752998827,74.1434420565973,94.2267875924888,175.05338471378818,246.2874196055216,4949.0,4900.5,4837.75,4962.75,4862.583333333333
20200723,5000,5050,4870,4910,31778,1076,59.531504264548865,74.10296890138748,95.06938255821377,174.80773168057843,246.3240547144072,4961.0,4902.5,4843.25,4960.416666666667,4863.041666666667
20200724,4905,4950,4850,4900,28011,904,58.44655678480983,65.88816282155696,95.01151246033295,173.8775710722225,246.29842657017983,4962.0,4912.5,4848.75,4956.916666666667,4863.791666666667
20200727,4945,4945,4875,4900,20159,576,63.68673331236264,62.217360921209114,87.25644675323423,173.5993751581761,246.3142048286917,4952.0,4918.0,4859.75,4954.416666666667,4864.25
20200728,4905,4975,4900,4915,32297,304,34.0,60.58877783880443,81.35531635978069,173.30961376096784,246.3574074847617,4923.0,4922.0,4869.75,4952.333333333333,4864.666666666667
20200729,4915,4990,4910,4960,13443,-30,22.271057451320086,56.35601121442149,71.62576352123585,173.1504644322012,246.47598204006187,4917.0,4933.0,4883.5,4951.5,4865.083333333333
20200730,4990,5000,4960,4960,27996,512,27.49545416973504,49.386232899462975,62.787339488148405,171.76138163736306,246.32029453618043,4927.0,4944.0,4895.5,4948.833333333333,4864.75
20200731,4945,5030,4945,4985,22904,197,31.52776554086889,47.81213235152768,61.65377117419502,170.7022057716573,246.27790310124504,4944.0,4953.0,4904.75,4946.916666666667,4864.666666666667
20200803,5090,5200,4985,5180,123428,3390,92.79008567729635,83.12039460926542,84.65924344098522,172.9838423725635,247.7439559479181,5000.0,4976.0,4921.25,4949.416666666667,4866.375
20200804,5290,5290,5150,5210,62715,2140,111.82128598795492,107.02336193560731,103.5,176.05799233894572,249.48000086925597,5059.0,4991.0,4939.5,4954.5,4868.25
20200805,5250,5260,5160,5240,28520,-208,118.15244390193544,130.49521064008442,120.82295932479059,179.69882210637948,251.5614432352716,5115.0,5016.0,4958.25,4960.0,4870.416666666667
20200806,5170,5240,5170,5220,28997,-135,93.03762679690406,138.2244551445221,132.35817881793326,182.42684987498157,253.4363688501437,5167.0,5047.0,4974.75,4965.666666666667,4872.583333333333
20200807,5250,5310,5140,5150,67611,7610,31.622776601683796,131.83702059740276,131.22952221203886,183.89495416247868,254.4693689279964,5200.0,5072.0,4992.25,4969.25,4873.916666666667
20200810,5200,5310,5170,5290,55628,-156,45.34313619501854,132.8683559016217,141.6853909194593,187.9790916262824,257.19058743328713,5222.0,5111.0,5014.5,4976.166666666667,4876.791666666667
20200811,5370,5390,5260,5330,59856,-2764,61.514225996918796,129.94710462338128,153.496539048931,193.28404544083702,260.4636590941694,5246.0,5152.5,5037.25,4982.666666666667,4880.375
20200812,5330,5360,5100,5270,49149,-68,62.096698785040104,116.62010975813736,155.16342191380028,196.20716092883387,262.8151250041478,5252.0,5183.5,5058.25,4985.5,4884.041666666667
20200813,5320,5320,5250,5250,26136,-3168,60.13318551349163,90.5883546599672,152.79295631670985,198.7621414873622,264.8182520099633,5258.0,5212.5,5078.25,4988.333333333333,4887.708333333333
20200814,5250,5310,5130,5200,24496,-81,43.08131845707604,50.833060108555344,148.91356553383577,200.59536385408626,265.70213259264403,5268.0,5234.0,5093.5,4992.0,4891.958333333333
20200818,5200,5200,4970,4990,59666,10867,116.68761716651858,88.79752248796134,147.23195984568025,200.55236223927463,265.5292637939284,5208.0,5215.0,5095.5,4992.5,4893.958333333333
20200819,4990,5080,4990,5010,25598,-26,119.9333148045196,108.09717850156868,148.23461134296537,200.56455042863914,265.2818731512054,5144.0,5195.0,5093.0,4992.833333333333,4896.333333333333
20200820,5010,5080,4760,4850,52465,2,146.424041741785,147.86480311419618,156.0336502168683,201.3927892336486,264.9542380568367,5060.0,5156.0,5086.0,4990.333333333333,4897.208333333333
20200821,4895,4895,4775,4830,27936,7908,133.2066064427737,174.8170472236618,161.4264538419896,202.29694895205125,263.3277128890728,4976.0,5117.0,5082.0,4988.666666666667,4899.375
20200824,4825,4850,4795,4850,8937,-15,77.35631842325486,191.52284459040385,164.5820464084707,202.8905698476068,262.85451920079066,4906.0,5087.0,5079.5,4987.5,4900.458333333333
20200825,4850,4945,4820,4945,22695,281,69.25315877272314,182.71904662623436,162.4059343127584,202.94368403239886,262.5685624753845,4897.0,5052.5,5081.75,4987.166666666667,4902.0
20200826,4965,4980,4885,4940,13421,505,49.15282290977803,159.46864895646416,161.20949103573275,202.86462371569087,262.5745793533946,4883.0,5013.5,5083.0,4985.333333333333,4902.583333333333
20200827,4915,4990,4865,4900,16868,5537,46.43274706497561,137.00456196784106,164.00457310697163,193.4765274301253,262.46559298389917,4893.0,4976.5,5080.0,4976.0,4903.25
20200828,4975,4975,4855,4900,24541,1558,34.292856398964496,103.20004844960104,166.69883022984894,186.76403710379844,262.32660940207694,4907.0,4941.5,5077.0,4968.166666666667,4904.0
20200831,5050,5300,4960,5180,122975,43178,105.24257693538296,98.24586505293749,166.7353816680791,181.45936184102897,262.90887468717875,4973.0,4939.5,5086.75,4965.0,4907.916666666667
20200901,5180,5230,5010,5130,45021,16461,120.3328716519306,113.27069347364305,165.69003440158977,172.02947098867222,263.41248810426333,5010.0,4953.5,5084.25,4959.833333333333,4908.666666666667
20200902,5130,5200,5130,5180,22630,12860,130.29197979921864,131.7279393295135,164.67752578904017,169.38360474174908,264.2714007687524,5058.0,4970.5,5082.75,4958.166666666667,4912.041666666667
20200903,5180,5220,5140,5200,23560,1727,111.42710621747295,141.21703155073044,162.98983864032752,167.46193597278622,262.27752146205444,5118.0,5005.5,5080.75,4957.0,4918.208333333333
20200904,5100,5140,5050,5070,32476,10839,47.07440918375928,129.23718505136205,159.83018331967213,166.23393823758067,256.4283221007176,5152.0,5029.5,5073.25,4955.666666666667,4924.625
20200907,5200,5200,5050,5130,25959,2928,45.34313619501854,117.07369473968096,159.4088689502563,167.5348222502421,249.9689946058873,5142.0,5057.5,5072.25,4957.5,4931.791666666667
20200908,5130,5200,5080,5110,22730,238,47.07440918375928,111.55267813907473,151.75864884743802,165.37035455733945,243.0029113631041,5138.0,5074.0,5063.25,4964.25,4938.791666666667
20200909,5110,5180,5060,5160,20569,-2817,44.0908153700972,104.4222198576529,140.9563318904121,166.67289571619054,231.3375622520523,5134.0,5096.0,5054.75,4969.25,4947.625
20200910,5180,5200,5110,5110,23463,-571,29.393876913398138,81.49233092751734,132.8182498755348,166.6285581424814,212.95431418720818,5116.0,5117.0,5046.75,4973.916666666667,4957.291666666667
20200911,5110,5180,5100,5180,14363,183,27.85677655436824,39.30648801406709,128.26023350984514,167.75550578736784,202.74751676887192,5138.0,5145.0,5043.25,4979.583333333333,4965.333333333333
20200914,5200,5200,5140,5190,20593,-280,34.058772731852805,40.29888335921977,127.66631309785679,169.42517194514582,191.91793312753185,5150.0,5146.0,5042.75,4984.666666666667,4973.416666666667
20200915,5190,5250,5140,5230,17668,-169,39.293765408777,46.946778377222,133.29924043294469,172.08032684953324,187.80674445897037,5174.0,5156.0,5054.75,4989.833333333333,4979.708333333333
20200916,5240,5240,5160,5160,17178,-384,39.293765408777,46.303347611160895,134.7819999109673,172.3864159052045,184.52449683156846,5174.0,5154.0,5062.25,4995.083333333333,4984.708333333333
20200917,5160,5180,5080,5100,15571,-340,42.61455150532503,46.086874487211645,125.81211189706656,171.62143416956954,181.13599863193363,5172.0,5144.0,5074.75,4999.5,4989.0
20200918,5110,5130,5040,5090,15525,126,53.141321022345686,43.17406628984581,112.58857624110894,170.01094735920802,176.8304272470882,5154.0,5146.0,5087.75,5004.333333333333,4993.5
20200921,5090,5140,5040,5090,14581,14,54.626001134990645,46.21688003316538,98.51998528217513,168.03389208324023,172.92682701185387,5134.0,5142.0,5099.75,5009.333333333333,4997.75
20200922,5080,5080,4935,4945,36683,-915,70.96477999684069,75.11491196826367,98.51998528217513,162.7181228374796,170.90549289121046,5077.0,5125.5,5099.75,5013.75,4999.75
20200923,4950,4995,4880,4910,13215,175,82.07313811473276,97.68444093098962,101.13450202576763,158.61431208990274,167.2447007559375,5027.0,5100.5,5098.25,5017.0,5002.291666666667
20200924,4895,4895,4795,4830,25086,-319,102.54754994635417,126.75271200254456,108.85167660628844,154.59110492513878,166.51909612830445,4973.0,5072.5,5094.75,5019.416666666667,5002.875
20200925,4850,4880,4830,4835,11228,575,94.79451460923254,139.14381049834736,115.39172413999195,151.54995509284032,165.97983478707,4922.0,5038.0,5091.5,5021.333333333333,5003.333333333333
20200928,4835,4905,4835,4905,4420,-52,45.055521304275246,134.1910950845845,120.30663946765364,149.57743720887595,165.07485149958396,4885.0,5009.5,5077.75,5023.083333333333,5004.291666666667
20200929,4920,4945,4920,4925,12024,-16,40.17461885320133,113.70576062803501,124.09169996417972,148.43479675817898,164.0675462198715,4881.0,4979.0,5067.5,5024.333333333333,5005.416666666667
20201005,4925,4970,4915,4970,7999,9,53.72150407425317,96.43650760992956,123.00812981262659,146.7710565994145,163.35645563493853,4893.0,4960.0,5057.0,5026.416666666667,5006.541666666667
20201006,4970,5010,4955,4960,8854,-8,48.10405388322278,84.52218643646175,120.14574482685602,145.52834775311982,163.0932546815153,4919.0,4946.0,5045.0,5028.0,5007.083333333333
20201007,4960,4985,4955,4970,4354,-4,26.343879744638986,70.59745037889117,121.07848694132248,144.6215367386263,163.10962571346738,4946.0,4934.0,5040.0,5029.333333333333,5007.0
20201008,4980,4995,4950,4960,8410,-607,16.61324772583615,49.48737212663449,120.42736400004776,141.8161955951656,162.7522827979471,4957.0,4921.0,5031.5,5032.0,5007.666666666667
20201012,4950,4985,4945,4975,10745,-30,6.0,51.71073389539158,119.61892617809272,139.9230939551264,162.62469040998337,4967.0,4924.0,5024.75,5034.166666666667,5008.041666666667
20201013,4985,5000,4960,4985,8625,-886,9.486832980505136,54.5,115.74325034316256,138.53940474254807,162.61147885663837,4970.0,4931.5,5016.0,5036.0,5007.583333333333
20201014,5010,5010,4955,4955,9100,-922,10.677078252031311,42.883563284783136,114.370833257435,136.83148090413823,162.4083021203339,4969.0,4944.0,5008.25,5037.75,5006.291666666667
20201015,4975,4990,4880,4905,24592,-842,27.64054992217051,27.459060435491967,109.31491206601231,135.75058829329282,162.38660573646362,4956.0,4951.0,4994.5,5038.666666666667,5004.583333333333
20201016,4930,4930,4855,4905,16788,-1864,34.058772731852805,27.459060435491967,101.17404558482376,135.58013210634917,162.63387114022146,4945.0,4951.0,4980.25,5038.833333333333,5003.875
20201019,4920,4920,4880,4910,8769,-35,32.496153618543836,29.193321153990002,84.31006760761137,136.1125963628707,161.74950090202512,4932.0,4949.5,4964.25,5038.166666666667,5001.375
20201020,4895,4915,4880,4890,12134,-72,22.0454076850486,33.17001658124397,72.70273378628896,137.39197776911305,161.48528807379483,4913.0,4941.5,4950.75,5035.333333333333,4999.208333333333
20201021,4910,4925,4860,4905,10215,-68,6.782329983125267,34.19064199455752,64.6645188646757,138.2874170775315,161.70875740852708,4903.0,4936.0,4941.0,5033.916666666667,4998.333333333333
20201022,4905,4995,4865,4905,11652,-575,6.782329983125267,33.27536626394967,55.23302906775981,138.36355091560472,161.85984485161129,4903.0,4929.5,4931.75,5033.833333333333,4997.125
20201023,4925,4925,4875,4910,11636,-300,7.3484692283495345,32.05074102107469,41.72753886823425,138.20817631295523,161.71862889272612,4904.0,4924.5,4922.75,5034.0,4995.458333333333
20201026,4900,4925,4880,4880,13341,-15,11.224972160321824,29.66479394838265,42.39398542246293,138.55464224861544,161.97903135162272,4898.0,4915.0,4919.5,5033.666666666667,4994.041666666667
20201027,4880,4900,4860,4880,8178,-10,13.19090595827292,20.05617112013158,43.22614949310197,139.12551786776984,162.2535256862236,4896.0,4904.5,4918.0,5033.083333333333,4992.708333333333
20201028,4895,4905,4875,4905,3907,-11,13.19090595827292,11.05667219374799,38.4146781842566,139.78366221406264,162.44092943572866,4896.0,4899.5,4921.75,5032.166666666667,4991.833333333333
20201029,4905,4910,4840,4910,73948,105,14.0,11.401754250991381,33.04920573932148,140.35926126186033,162.18171821327485,4897.0,4900.0,4925.5,5031.333333333333,4990.083333333333
20201030,4915,4945,4880,4885,10440,39,12.884098726725126,12.083045973594572,33.944808144987356,141.4887117593079,162.1451199726451,4892.0,4898.0,4924.5,5029.666666666667,4988.291666666667
20201102,4900,4915,4875,4895,5157,9,11.401754250991381,11.412712210513327,34.5470693402494,141.14558579226596,162.3200713280508,4895.0,4896.5,4923.0,5024.916666666667,4987.166666666667
20201103,4890,4940,4890,4895,5522,0,8.717797887081348,11.224972160321824,33.28945028083221,140.01745922791903,162.36479418050214,4898.0,4897.0,4919.25,5019.666666666667,4987.083333333333
20201104,4905,4930,4895,4900,5805,6,8.124038404635959,10.965856099730654,32.16655872175325,137.84895114975114,162.4068964064887,4897.0,4896.5,4916.25,5014.0,4987.0
20201105,4920,4950,4900,4950,17298,-47,23.021728866442675,19.467922333931785,30.760160922856045,135.43663955180858,162.14703118654424,4905.0,4901.0,4915.25,5009.5,4987.583333333333
20201106,4975,5130,4935,5100,76939,-71,78.77816956492454,63.00793600809346,50.03686141236278,134.72152347951715,162.39470413453586,4948.0,4920.0,4922.25,5008.666666666667,4988.958333333333
20201109,5090,5120,5010,5100,30278,-132,92.64987857520376,81.03085831953156,62.49199948793446,130.22960492819306,162.36703962302016,4989.0,4942.0,4928.5,5005.5,4990.833333333333
20201110,5090,5150,5070,5130,36557,-112,92.64987857520376,95.34673565466206,75.65175146683652,124.30596213366242,162.78946440912574,5036.0,4967.0,4935.75,5002.166666666667,4992.416666666667
20201111,5140,5160,5100,5130,25182,-102,67.34983296193093,104.19812858204315,86.68765771434823,120.51267798579893,162.97741834155025,5082.0,4989.5,4944.5,4999.833333333333,4992.666666666667
20201112,5150,5200,5080,5140,31771,591,16.73320053068151,109.36749974283951,95.96711676402495,117.49184368749461,163.3362244653953,5120.0,5012.5,4956.25,4998.0,4993.166666666667
20201113,5130,5140,5080,5090,14973,-362,19.39071942966532,102.54754994635417,99.4346519076725,115.16063659938486,163.56826216988625,5118.0,5033.0,4965.5,4996.166666666667,4994.083333333333
20201116,5090,5160,5080,5130,24676,15,17.435595774162696,94.86964741159314,104.71508964805406,116.42343692925405,164.00254063190926,5124.0,5056.5,4976.5,4998.5,4995.5
20201117,5150,6660,5100,6660,5202051,-149838,615.2397906507672,482.0383802146879,380.08880541262977,242.49879724736698,223.13876786118888,5430.0,5233.0,5065.0,5026.0,5009.416666666667
20201118,7840,8650,7750,8650,8631388,-968,1392.3304205539719,1117.2448254523267,866.4503375843303,522.6546554739955,399.14123092285104,6134.0,5608.0,5252.25,5089.333333333333,5039.833333333333
20201119,8720,9580,8010,8150,5750296,-5519,1480.3459055234355,1322.3902600972224,1066.8785076099339,652.0070722177587,488.98122549774297,6736.0,5928.0,5414.5,5144.666666666667,5066.666666666667
20201120,8140,8200,7610,7920,1287710,-2108,1268.6906636371214,1413.3081758767264,1190.264676448058,741.2304897187108,553.3030865230562,7302.0,6210.0,5565.0,5195.833333333333,5091.666666666667
20201123,7820,8060,7750,7820,894460,-569,655.9573156844888,1435.0804855477618,1275.1121519301746,812.9261062153295,606.1981922311163,7840.0,6482.0,5712.0,5243.75,5115.458333333333
20201124,7830,8070,7480,7480,926282,-19,388.36065712170176,1386.0162336711646,1315.5572963577072,860.7356793592164,643.1349961433235,8004.0,6717.0,5842.0,5286.083333333333,5135.708333333333
20201125,7620,7630,7290,7330,444483,-659,297.5231083462258,1287.7736602369225,1335.2146597083185,897.9799049655685,672.7761192236283,7740.0,6937.0,5963.25,5326.583333333333,5151.291666666667
20201126,7330,8590,7330,7790,3998839,11594,224.0892679268688,1156.709125061266,1368.7389040646135,949.8185901351981,714.0347201625458,7668.0,7202.0,6107.25,5374.75,5171.458333333333
20201127,7670,7710,7470,7610,380361,-9954,185.321342537766,919.2736262941521,1375.8997964968235,991.5419074181458,747.4775533142889,7606.0,7454.0,6243.5,5415.25,5190.125
20201130,7580,7650,7350,7360,303940,-442,169.77632343763364,506.0839851249988,1359.8954693284336,1021.4950202466173,772.7759654057022,7514.0,7677.0,6366.75,5452.416666666667,5206.125
20201201,7350,7470,7200,7470,219808,-1965,170.2233826476257,387.83501646963236,1336.1492244506226,1052.901978528218,799.6959220283136,7512.0,7758.0,6495.5,5490.583333333333,5224.375
20201202,7400,7550,7380,7410,187752,-220,155.48633380461447,259.96922894835075,1297.720694140307,1080.3893941793867,824.0061680175314,7528.0,7634.0,6621.0,5527.416666666667,5242.208333333333
20201203,7550,8000,7410,8000,1307477,9482,230.7379465974333,232.65639900935454,1271.3350266550513,1123.950111956226,861.2373114290871,7570.0,7619.0,6773.5,5576.25,5265.958333333333
20201204,7970,7970,7610,7900,482776,691,267.0880004792428,230.13257048927252,1232.9285259089436,1160.9523718576775,893.5702023890465,7628.0,7617.0,6913.5,5622.416666666667,5289.958333333333
20201207,7790,7830,7540,7540,307302,-1562,239.21538412067062,220.56518310921155,1166.368188009258,1184.5165299488087,915.012109057908,7664.0,7589.0,7035.5,5662.916666666667,5313.583333333333
20201208,7470,7670,7300,7590,252574,507,224.0892679268688,217.57757237362492,1085.8695824084953,1207.9395306562192,937.1227537286316,7688.0,7600.0,7158.5,5703.416666666667,5336.333333333333
20201209,7600,7890,7550,7800,347452,1818,176.5899204371529,204.55072720476943,987.9908906462649,1234.7063837878259,962.3047817900173,7766.0,7647.0,7292.0,5748.25,5361.083333333333
20201210,7740,7850,7560,7760,161651,-4403,133.92535234226565,202.64254242384544,859.2793492223585,1258.857161939515,985.4604641431666,7718.0,7644.0,7423.0,5791.25,5385.416666666667
20201211,7840,8570,7570,8470,2026650,3907,333.79035336570166,319.02977917429587,701.7592179658204,1302.0379832101535,1023.4460366482108,7832.0,7730.0,7592.0,5845.916666666667,5415.291666666667
20201214,8220,8390,8050,8080,524174,1783,308.2207001484488,308.47366176061126,423.7272117766335,1330.3794858568106,1050.6551849720763,7940.0,7802.0,7739.5,5893.416666666667,5441.625
20201215,8160,8160,7790,7840,341788,-1333,264.5751311064591,287.9392296996017,343.9516681163213,1349.852798044524,1071.5512476728602,7990.0,7839.0,7798.5,5938.083333333333,5466.583333333333
20201216,7840,10150,7720,10150,4344294,-409,880.3408430829504,723.533689609544,594.0561842115609,1448.7866834584054,1151.4003543694262,8460.0,8113.0,7873.5,6022.25,5510.875
20201217,12500,13150,11900,13150,1192996,-3292,1978.4175494571411,1671.566929560405,1295.6283224752385,1706.8097657292178,1342.747803919607,9538.0,8628.0,8123.5,6156.583333333333,5580.458333333333
20201218,17050,17050,15450,17050,5203607,-203661,3468.051902725794,2999.48678943582,2335.018201213858,2198.2450370819197,1698.1107102822739,11254.0,9543.0,8580.0,6355.916666666667,5682.625
20201221,18950,20100,16600,17400,4689043,-189069,3754.023974350723,3714.400220762432,3013.9026195283755,2605.547015503603,2002.0258450817678,13118.0,10529.0,9059.0,6563.5,5788.625
20201222,16850,17000,14300,14800,2748127,-69369,2673.836195431575,3773.2346865786135,3236.1929794126927,2801.2145679250075,2160.589322898404,14510.0,11250.0,9425.0,6728.333333333333,5872.666666666667
20201223,14650,15250,13600,14900,1997814,-164,1573.3403954643766,3724.9429525833007,3407.2001335407344,2978.5079271712457,2308.300583025873,15460.0,11960.0,9803.5,6896.166666666667,5957.791666666667
20201224,14450,14500,13000,13550,897194,-350,1459.9315052426261,3468.251576803505,3467.7330851725023,3085.044042320188,2406.3283721003995,15540.0,12539.0,10091.5,7041.416666666667,6031.375
20201228,13550,14100,12800,13350,821928,-339,1444.6452851824909,3193.8567594680885,3487.9510819390803,3175.676091620273,2493.8035677204725,14800.0,13027.0,10378.5,7182.166666666667,6102.625
20201229,13350,14400,13150,14100,828866,-263,630.3967004989795,2739.738856168595,3505.58764688604,3282.412031274453,2594.806776351098,14140.0,13629.0,10715.5,7335.083333333333,6179.708333333333
20201230,14100,14550,13700,14100,697323,-3810,539.4441583704472,1945.5654704995154,3496.4740811280158,3379.4351629870116,2689.7931250480788,14000.0,14255.0,11047.0,7487.25,6256.833333333333
