date,open,high,low,close,volume,korcom,standard deviation5,standard deviation10,standard deviation20,standard deviation60,standard deviation120
20201230,3805,3960,3805,3935,71726,287,,,,,
20201229,3730,3875,3725,3800,88252,124,,,,,
20201228,3885,4140,3725,3730,155661,-243,,,,,
20201224,3900,3945,3800,3885,95049,-976,,,,,
20201223,3980,4090,3875,3900,128395,3828,74.63243262818118,,,,
20201222,3900,4285,3860,4000,556042,7031,91.95651146058121,,,,
20201221,3785,3900,3730,3900,125734,2446,86.81013765684284,,,,
20201218,3790,3870,3750,3785,71866,0,68.22023160324218,,,,
20201217,3835,3850,3760,3790,81216,0,80.24961059095554,,,,
20201216,3795,3870,3765,3835,51411,-570,80.41144197189851,77.80745465570763,,,
20201215,3830,3850,3745,3795,89826,-1385,43.28972164382676,74.87322618933953,,,
20201214,3915,3915,3785,3830,96905,-2330,21.118712081942945,73.72245248226622,,,
20201211,3870,3950,3850,3915,103479,600,44.78839135311742,65.27059062089143,,,
20201210,3800,3860,3795,3850,57560,0,39.37003937005909,64.96152707564686,,,
20201209,3820,3865,3745,3800,145811,1354,43.428101501216965,65.72670690061993,,,
20201208,3815,3875,3745,3820,156483,7659,39.44616584663208,42.8485705712571,,,
20201207,3930,3930,3735,3815,178348,0,40.865633483405134,36.47259244967377,,,
20201204,3975,4075,3850,3930,215960,-3196,46.43274706497563,45.89117562233506,,,
20201203,4115,4115,3875,4000,161096,0,78.58753081755403,63.7102817447859,,,
20201202,3970,4075,3965,4025,105491,0,87.783825389419,79.97499609252883,79.66178506661781,,
20201201,3970,4030,3850,3965,132427,0,73.3893725276351,78.58116822750856,81.19575112036352,,
20201130,4140,4180,3960,3960,163074,0,33.075670817082504,77.49838707999025,81.93137372215864,,
20201127,4170,4260,4005,4095,212608,0,49.132473986153016,95.78100020358944,87.71366769209946,,
20201126,4225,4245,4125,4170,90386,0,80.16233529532434,116.30133275246678,106.1790939874704,,
20201125,4420,4465,4130,4205,258441,0,101.55786527886455,124.4598328779209,124.16999436256769,,
20201124,4530,4535,4330,4420,410917,0,150.63200191194434,162.6968039022279,164.25190257650024,,
20201123,4240,4810,4240,4550,1254683,267,169.7822134382751,198.23218709382186,210.01473162614133,,
20201120,4205,4370,4180,4325,331127,839,139.76408694654003,193.33972690577588,218.05661535482065,,
20201119,4285,4430,4145,4205,385454,65,132.0378733545796,184.74577126418887,216.37294193128733,,
20201118,4295,4370,4195,4285,453594,0,118.76868274086398,177.5697046232831,218.77728401276096,,
20201117,4120,4890,3990,4360,4386430,1397,114.76062042355818,159.95702547872037,220.75368060351863,,
20201116,3935,4050,3935,3975,180732,0,137.5499909123952,157.20687007888682,214.84936583569504,,
20201113,4010,4050,3900,3935,84699,0,168.6297719858507,179.62739212046696,214.1080334784296,,
20201112,4035,4105,3910,4010,128124,1376,174.3158053648607,192.10934386437324,208.10153771656837,,
20201111,4070,4105,3970,4035,107507,-148,152.2694979304785,200.6364872100785,197.62511859579075,,
20201110,4040,4215,3890,4080,268154,0,49.658836071740545,190.73279738943694,186.7516733526111,,
20201109,4130,4155,3985,4040,186338,-904,48.062459362791664,147.10540438746634,174.58593872359927,,
20201106,4060,4115,3965,4115,241005,0,37.067505985701274,131.18307817702708,168.622915109425,,
20201105,3910,4045,3890,4015,195757,0,35.86084215408221,128.91857895586656,168.040917636153,,
20201104,3890,3990,3870,3905,124860,732,71.65193647069142,120.06664815842908,174.02226868995922,,
20201103,3795,4035,3790,3885,395757,10445,86.0,70.62046445613339,178.68337919347832,,
20201102,3745,3880,3620,3790,318603,1167,112.2319027727856,94.73119866232032,190.17097570344524,,
20201030,3970,3970,3690,3775,381132,0,86.97125962063559,112.91589790636215,204.52139252410825,,
20201029,3780,4040,3725,3970,608862,0,73.14369419163897,111.95534824205586,205.9344555920654,,
20201028,3545,4465,3545,3825,5180562,0,71.37226352022192,115.73677030226824,212.24985276791207,,
20201027,3435,3585,3355,3440,137729,0,174.26990560621763,179.8304757264463,238.45125287991328,,
20201026,3545,3550,3360,3450,103113,0,211.62703040963365,210.513657514186,238.10501884672726,,
20201023,3755,3755,3550,3580,122291,0,210.7035832633133,195.42325859528594,238.08546259694302,,
20201022,3715,3850,3690,3770,141323,0,159.48667655951704,176.8304272459918,232.1066565180765,,
20201021,3715,3770,3635,3715,55128,0,134.32795688165587,167.9583281650541,219.19226719937078,,
20201020,3755,3820,3565,3715,99150,0,116.33572108342304,158.74822833657075,192.54139165384763,,
20201019,3750,4000,3710,3755,335262,0,67.12674578735364,157.16949449559223,191.43846922706092,,
20201016,3725,3740,3510,3575,180703,0,69.02173570694958,159.0039307690222,198.47843081806232,,
20201015,4055,4090,3500,3725,1126786,0,62.73754856543249,128.2575533838066,194.6817916498622,,
20201014,4135,4215,4075,4160,75272,-2063,197.038067388005,194.7825710888939,203.66808169175735,,
20201013,4140,4245,4070,4135,95825,0,234.77648945326703,216.49711314472532,207.57167436815735,,
20201012,4030,4195,4020,4130,196767,0,245.70307283385773,215.86801523152985,213.25512889494675,,
20201008,4070,4070,3970,4030,52016,0,161.72198366332265,206.6010648568879,208.14943550247824,,
20201007,3820,4000,3820,3970,71230,2752,72.6636084983398,205.53345226507534,206.23409029547068,,
20201006,4150,4150,3805,3840,112797,2751,109.83624174196785,198.1167585036662,205.30023745724296,214.15393931053956,
20201005,3830,4035,3830,4005,123322,0,94.02127418834527,189.43666487773692,209.07220642639314,214.33001228634944,
20200929,3895,3895,3740,3825,61781,0,85.17041739947034,183.96263207510378,208.97906593723772,214.0850038860474,
20200928,3590,3840,3590,3740,81218,0,97.84681905918046,155.76905982896602,209.49030407157355,213.92632428530683,
20200925,3430,3680,3350,3625,143473,388,125.08397179495061,172.580416038437,210.44536107978325,217.5750828258298,
20200924,3635,3670,3360,3430,157003,560,192.69146322554096,215.64090521049107,225.23473866169124,226.93550233981074,
20200923,3585,3680,3355,3670,133757,1525,132.53678734600442,203.94913581577148,213.08727672012787,229.08034737959423,
20200922,3830,3830,3375,3585,236861,843,103.6822067666386,187.7391807801451,204.08699125618062,233.07990701807728,
20200921,4010,4055,3620,3830,226745,-9527,129.3290377293514,168.89641796083183,197.85158579096694,232.72957602237742,
20200918,4050,4095,3850,4050,101128,541,212.40527300422653,180.52700628991775,204.22352949648175,232.7512978839574,
20200917,4195,4215,3935,4050,200326,59,190.8821626030049,199.79739738044637,208.1734553203178,233.05452092208432,
20200916,4185,4245,4070,4195,121328,-2549,213.22757795369716,227.33235581412515,219.4816336279652,234.96564465186543,
20200915,4225,4230,4090,4125,139850,77,122.51530516633422,247.54797514825282,224.85259060104323,235.88020735581497,
20200914,4315,4365,4010,4230,203424,-19,73.55270219373317,272.1562051469707,225.0527715892438,238.83762208291697,
20200911,4265,4570,4100,4320,550599,-4308,91.83681179135085,286.76689139438673,236.6668280515889,243.3752675054172,
20200910,4145,4265,4130,4230,114166,0,63.00793600809346,238.4853244960788,240.27731374393287,245.19905462478636,
20200909,4070,4155,3990,4145,91752,-110,69.7853852894716,207.66318884193223,240.6702879459788,245.7148867194571,
20200908,4190,4200,4020,4150,241773,0,64.18722614352485,127.95018561924793,241.45121142789975,246.12072184645956,
20200907,4250,4300,4080,4190,301378,-1,64.31174076325411,79.09013844974606,246.4927737277512,247.70753083693967,
20200904,4460,4905,4285,4285,1903458,0,52.44044240850758,75.20638270785267,256.4741702394226,250.9154904212441,
20200903,4600,4680,4430,4550,309648,5170,151.57176518072222,118.13551540497888,282.9624533396619,261.3895958781325,
20200902,4620,4770,4525,4615,578675,5170,189.59430371189953,160.88505213350308,312.00320511174294,273.5143074665181,
20200901,4340,4900,4160,4900,1038773,-664,252.08331955922827,235.149420581893,359.0413451122313,296.91865468508405,
20200831,3960,4500,3960,4385,1042348,0,211.7215152033444,231.0432859877127,354.578623157122,300.57235910102537,
20200828,3980,4100,3805,3955,160478,0,311.1816189944387,263.6896850466472,338.08246035545875,300.0030555399953,
20200827,4145,4350,3930,3980,397511,0,364.80953934895945,284.0462110291211,298.94982856660135,298.9841481305213,
20200826,3955,4465,3940,4140,927001,-539,349.3794498822162,284.3501362756839,276.1697847339574,294.6909280170595,
20200825,3820,4080,3820,3970,360951,0,163.8108665504215,299.51794603996603,244.5530361700716,286.0266474571132,
20200824,3800,3860,3630,3820,168014,0,101.66612021711067,331.587092631785,245.34809455139518,283.6096201941443,
20200821,3780,3855,3665,3815,219914,0,120.33287165193059,357.04481511429344,258.2222879613616,282.995877472918,
20200820,3960,3960,3600,3810,436528,-171,129.3213052826177,356.2148228246545,270.3234174095917,280.9897561398915,
20200819,3690,4015,3690,3950,444124,0,71.386273190299,321.529547631318,275.3464862677575,276.4212139109445,
20200818,3910,4190,3560,3690,657395,-600,82.3164625090267,186.80270340656207,295.161396527392,278.65256144525233,
20200814,4410,5280,3950,3950,3348457,0,98.16312953446422,119.20989891783316,297.97021663246875,278.6362996811437,
20200813,4350,4590,4285,4480,366748,0,270.08146919031674,209.64791914063923,304.7002625532186,286.40893210388714,
20200812,4320,4630,4175,4350,729749,0,289.38555596297476,240.24206542568686,307.3763979228079,290.4369792035598,
20200811,4470,4620,4175,4320,692301,-139,292.9436805940691,256.4415137999306,309.40860928552127,293.50804456134136,
20200810,3820,4595,3760,4595,3001668,139,217.81643647805828,308.5952041104981,323.2046565258619,303.8836011626091,
20200807,3510,3800,3380,3625,558882,-68,338.9896753589997,329.7199569331526,345.66340202572843,306.90537584444877,
20200806,3420,3530,3405,3510,138414,0,430.73193519868016,363.23683733894615,371.8430448455374,312.67088660976015,
20200805,3350,3680,3270,3455,476568,0,465.86908032192906,398.44855376823745,384.9554357325018,319.47509031743533,
20200804,3225,3395,3170,3350,229194,-10796,452.7758827499539,443.01382596934826,393.34622154026135,328.85596095487716,
20200803,3200,3360,3140,3230,333270,-6908,135.18135966175217,487.45794690414067,370.55566383473393,341.0992340947135,
20200731,3255,3255,3185,3200,124005,-2192,121.26005112979294,527.9348918190575,385.7346075995779,353.58281286787076,
20200730,3235,3335,3205,3255,134871,-3203,93.19871243745806,499.98899987899733,406.69237452895567,364.1002895265719,
20200729,3310,3355,3200,3260,180403,0,50.23942674832188,461.32418102674825,422.9003280916206,373.6992626282383,
20200728,3460,3575,3235,3300,403801,7142,33.2264954516723,394.329811198697,427.6162853540547,377.07238473976514,
20200727,3155,3895,3120,3535,2922542,0,116.91877522451216,140.7693148381422,426.7698442954942,375.4922232513243,
20200724,3115,3230,3050,3140,206229,467,129.94614268996213,128.239034618949,444.5632688380815,386.0700407813186,
20200723,3355,3355,3115,3115,254775,-3168,149.76648490233055,125.51493934986385,460.68590167271276,398.80014487905555,
20200722,3490,3490,3355,3355,243948,-1782,153.27752607606897,115.03912377969506,463.7436657249351,404.13061694897067,
20200721,3555,3560,3415,3545,252222,0,184.8675201326615,140.0723027582541,458.28048180126586,405.93017325096156,
20200720,3380,3680,3330,3585,950228,0,196.25493624365222,162.64685671724493,457.969636002214,407.4240215467584,
20200717,3515,3515,3270,3380,529140,0,166.6253282067285,157.24503171801646,453.4982772844902,410.63307323367593,
20200716,3740,3765,3505,3545,536956,200,94.95261976375376,164.19196082634497,403.69078513139283,412.4063782646111,
20200715,3680,3900,3505,3680,905104,100,96.98453484963466,181.90931806809678,359.8840090918189,411.4887857929223,
20200714,3680,3920,3375,3680,2574234,-9064,110.51696702316798,192.66291807195282,310.52938669311214,410.7040364490659,
20200713,2770,3770,2760,3680,4463308,200,118.64231959971113,203.2295500167237,181.61687008645526,409.83418056032815,
20200710,2425,2955,2370,2900,3131050,-1087,303.0445511801854,249.7003203842558,207.7979788159653,426.9064755761957,
20200709,2585,2930,2460,2460,5711895,-18913,509.2739930528556,379.9855260401375,287.09536743040695,461.31773817571286,
20200708,2225,2410,2190,2255,627481,19717,596.8751963350462,508.9292681699491,368.9495222926849,502.3783642169847,393.7500970017519
20200707,2240,2310,2160,2225,309969,0,544.3473155991494,586.0793461639814,433.0383210525373,539.5863320379995,420.79784503831416
20200706,2250,2345,2160,2245,348030,-3703,256.0585870460118,620.9388053584669,481.926861670939,572.9793662660695,445.24501486697085
20200703,2450,2545,2150,2250,2069488,0,87.0976463516667,644.7759300718351,521.5239687684549,603.3714249025129,467.85038674238604
20200702,2045,2095,2000,2095,58352,10796,60.36555309114628,644.6634781031108,565.8491406726711,637.4716279089516,493.3982062498361
20200701,2040,2055,1965,2045,27589,0,85.18215775618742,592.5286912884472,605.1348506737985,670.2290445976078,518.6162879882071
20200630,1900,2170,1890,2020,311446,0,98.15294188153507,484.8259997153618,636.9522646949301,702.0944064408685,542.6222020583631
20200629,1965,1965,1900,1900,23285,0,113.78049041905207,266.01174786087927,659.4486333293901,736.0637568625876,568.5825150221287
20200626,1975,2010,1955,1975,6580,-53,66.07571414672717,159.92498241363043,682.7431343484901,764.103759678982,591.1998393098567
20200625,2030,2040,1950,1975,32374,0,49.457052075512955,128.0048827193713,701.1338584749708,788.0574349838552,612.6078348952128
20200624,2010,2030,1995,2030,15404,0,45.93473631142341,117.89402020458883,702.4672590235081,808.1333902202584,631.6324528992759
20200623,1980,2020,1960,2010,24919,0,44.339598554790726,107.94558814513913,686.7355295162763,825.0078114108304,650.2429981147222
20200622,2005,2030,1980,1980,25797,0,22.22611077089287,88.74683092933516,659.8126628066487,841.8353420090862,668.5783411567334
20200619,1975,2055,1945,2020,44982,0,21.817424229271428,49.24428900898052,637.0029434782859,854.1494266552868,685.0543317869032
20200618,1980,1980,1945,1975,16695,0,21.817424229271428,39.50949253027682,592.2035123165011,864.2948956615827,701.8506674321828
20200617,1965,1995,1940,1980,26324,0,18.33030277982336,35.57035282366482,515.0533952902363,874.0992029893781,717.9285873937761
20200616,1875,1980,1870,1965,39464,0,18.81488772222678,34.19064199455752,407.1187633848388,884.0326005803678,733.5781030901439
20200615,2000,2000,1875,1875,49117,1601,47.81213235152768,40.37635446644484,230.70869077691975,894.509094885755,750.278374264439
20200612,2010,2045,1900,2000,98676,0,43.520110293977886,40.85339643163099,143.21836474419183,899.6357712059545,763.670099475771
20200611,2270,2270,2080,2080,94548,0,65.80273550544841,50.35126612112152,111.00675655112337,899.712361442996,774.8858114802039
20200610,2290,2320,2205,2270,68000,8182,133.3641631023867,97.81232028737485,112.46416095805976,888.5349364731429,782.7060864132424
20200609,2310,2340,2255,2290,144295,-22,158.73247934811576,127.7311629947837,118.38074167701592,873.4094233710397,790.1985334219642
20200608,2175,2340,2175,2300,234417,9006,123.83860464330176,146.5170638526448,123.43292713048805,846.5820946934527,797.2700121177411
20200605,2190,2250,2150,2170,147414,0,84.71127433818948,147.74048192692482,118.12572751098878,835.6074636654055,805.0452357459319
20200604,2115,2200,2115,2190,116378,0,53.51635264103861,144.98620624045586,121.78361958818753,832.849672143111,811.6697028947324
20200603,2105,2140,2095,2115,34799,0,71.386273190299,138.19280010188663,122.5214266975388,829.7290220306859,818.6687523300664
20200602,2130,2275,2075,2105,121301,0,69.81403870282824,127.93455358111818,122.67309199657589,821.8861902491249,823.5258504679072
20200601,2085,2130,2055,2130,47555,0,32.64965543462902,93.43446901438462,117.79510813272499,816.2419431285191,826.2029571412158
20200529,2080,2100,2060,2085,21389,0,35.63705936241092,81.08791525252083,115.69869273246078,813.2947395214921,831.2727816427055
20200528,2110,2135,2065,2080,13825,0,18.601075237738275,81.08791525252083,113.29717560469182,809.482906792285,836.9919592986282
20200527,2140,2150,2090,2110,17915,0,18.05547008526779,76.10026281163555,112.784085756814,804.2830269873897,841.235941767958
20200526,2105,2125,2090,2120,12797,0,19.493588689617926,62.347814717117394,111.59525079500638,794.6500408985066,844.2391174898265
20200525,2070,2115,2055,2115,28795,0,16.30950643030009,32.64965543462902,108.66088302604747,789.7334993527869,849.9754040559063
20200522,2070,2070,2030,2060,31337,0,23.15167380558045,33.15116890850155,107.55550892446362,778.4951830294124,856.3019965964118
20200521,2080,2095,2070,2070,14474,0,24.899799195977465,22.338307903688676,103.93387320792183,747.6716451015694,861.7041970791892
20200520,2075,2095,2065,2075,10579,0,24.61706725018234,22.693611435820433,100.19325077069999,718.5993851854363,866.5390841589324
20200519,2030,2090,2030,2075,18301,0,18.81488772222678,23.15167380558045,94.9509741919501,687.4759389728958,870.7087590322936
20200518,2000,2055,1990,2030,23039,0,16.911534525287763,26.0,80.15765715139366,639.8154844692842,875.3621472789935
20200515,2035,2060,2000,2000,22243,0,30.166206257996713,35.71064267133819,80.15765715139366,628.075875635702,879.4370348489368
20200514,2075,2075,2005,2035,15262,0,28.74021572639983,37.403208418530085,81.95844983892981,617.7906142501307,883.5231311425243
20200513,2100,2100,2020,2075,11702,0,28.74021572639983,34.96069221282668,74.98499849970241,607.3936749661516,887.6115882508652
20200512,2160,2160,2060,2100,21063,0,35.298725189445584,32.25290684574028,62.8171950981606,598.4499596178989,891.2883893867107
20200511,2185,2185,2080,2165,55381,0,56.480084985771754,42.19300889957956,46.24594576825489,590.9696833735761,894.6344603849858
20200508,2180,2215,2155,2185,32633,0,55.82114294781145,54.53439281774392,47.55523104770255,583.3938718586444,897.6617919396674
20200507,2155,2215,2130,2180,47961,0,44.87761134463375,61.814237842102365,46.6074028454748,573.9388517564861,899.2501032882288
20200506,2075,2185,2045,2155,103314,0,30.430248109405877,64.22616289332565,48.23121395943059,563.7880992299602,901.819294498935
20200504,2030,2110,1925,2075,92530,0,39.949968710876355,64.22616289332565,48.4406853791353,552.338563644516,906.6762982025193
20200429,2025,2040,2000,2030,25424,0,61.72519744804386,64.22616289332565,49.81465647779148,532.4196535628621,911.7780667769745
20200428,1985,2025,1970,2025,32909,131,63.76519426771944,60.67330549755798,51.850747342737236,523.530854444658,916.2737178603718
20200427,1905,1995,1905,1980,30712,0,59.21148537234985,68.52736679604726,56.95173395077952,514.9221826321574,920.0212397533134
20200424,1970,1990,1875,1905,45956,-2322,57.4978260458602,89.69392398596462,68.45573387233806,498.69370331118114,924.6111936241101
20200423,1900,1970,1900,1970,44461,881,45.232731511594565,95.11046209539727,71.03652229663537,472.02830658999716,928.2739770072683
20200422,1885,1905,1870,1900,21239,1508,47.47630988187688,100.85757284408544,78.5636684479561,440.9476773571495,932.1518703381986
20200421,1945,1970,1800,1885,49147,0,39.06404996924922,97.9910710218028,86.77953387752422,416.43693666895155,936.9152166892641
20200420,1945,1975,1930,1930,29738,-740,29.765752132274432,82.17207554881402,90.12317959326764,379.0383574110766,940.1675345679394
20200417,1970,1970,1925,1945,27050,0,30.56141357987225,60.01874707122767,91.94393672233299,325.2044228891496,939.4281422093985
20200416,1915,1965,1895,1945,23091,-3422,24.372115213907882,47.43680006071236,93.27747584492396,257.2419283908057,938.5826998059371
20200414,1895,1945,1895,1915,27983,709,22.44994432064365,40.43513323831146,96.3327566303403,158.33815782122906,937.710017216885
20200413,1910,1960,1895,1895,33891,0,19.078784028338912,30.757112998459398,100.06841409755815,119.55644296964425,937.662977500446
20200410,1890,1925,1845,1910,77383,0,19.8997487421324,25.39685019840059,102.48292540711537,109.79080486694498,937.7095089972646
20200409,1885,1950,1880,1910,52773,0,16.431676725154983,25.144581921360317,103.43445992511573,108.36089393010562,938.5824112502511
20200408,1890,1890,1845,1865,35858,0,18.275666882497067,24.186773244895647,104.77475841060371,108.60977549618457,938.0874816688959
20200407,1885,1885,1835,1845,52838,0,25.88435821108957,31.100643080167973,100.96410253154521,108.49718378320784,939.0858577701462
20200406,1780,1840,1740,1830,40724,0,32.95451410656816,38.13135192987524,92.9310900614018,108.26036003798369,940.61991139266
20200403,1715,1780,1715,1740,34879,0,55.910642993977454,59.371710435189584,89.00105336455503,114.23693093254562,943.5756866244972
20200402,1615,1755,1615,1735,51019,0,54.644304369257,69.02173570694958,83.46069434171018,120.15900923359145,947.494897926751
20200401,1655,1750,1585,1670,33565,0,65.06919393998976,82.70580390758559,90.25103877518737,128.3208597834112,950.2956694497783
20200331,1595,1695,1590,1655,31568,0,62.080592780675026,92.64043393680753,98.1386137053116,135.63420987673877,953.5579198964396
20200330,1535,1585,1510,1585,33304,0,57.148928248918196,108.08445771710196,110.12805046853582,146.17873382342782,955.2865480518876
20200327,1645,1645,1490,1545,143026,0,66.60330322138685,117.39250401963491,124.47489706764321,157.58586724561917,954.8143353189446
20200326,1500,1590,1490,1590,42405,-3839,46.62617290749907,109.49429208867465,133.46605373652272,165.9497079104206,953.4222341634501
20200325,1465,1525,1465,1500,40872,0,51.478150704935004,111.23061628886177,144.70206460172008,177.4153945468673,950.738528723856
20200324,1385,1440,1375,1440,48041,0,56.2672195865408,113.66177897604805,160.99126529101002,190.51829891698227,949.0616994563643
20200323,1380,1405,1260,1385,64542,0,72.97944916207575,113.36776437771012,178.55163818906948,204.7385019156511,946.0785695290982
20200320,1300,1670,1300,1400,330556,0,74.93997598078077,112.61549626938559,187.73968014247913,217.02911990994966,941.0303713070183
20200319,1410,1485,1220,1315,183585,-1000,61.204574992397426,114.2814508133319,199.05950743433576,231.84997244386435,937.6021712844018
20200318,1350,1435,1350,1385,116943,8365,40.3732584763727,105.66456359631643,199.72653178784327,242.53778342536106,933.9471335487311
20200317,1330,1355,1215,1320,75696,0,35.9722114972099,97.67420334970744,203.17849295631754,254.82341380301125,930.3545461796941
20200316,1425,1460,1350,1355,93898,-322,33.91164991562634,89.05195112966364,201.51054562975202,264.76639336508333,925.1826358737094
20200313,1465,1510,1350,1420,158242,0,39.67366884975475,79.36623967405788,191.760918854704,271.2073187106512,917.229863918468
20200312,1765,1900,1560,1560,84200,-2347,82.86132994346639,72.84229540589725,175.63741059353035,270.35515479128696,902.6140269224851
20200311,1950,2010,1835,1860,40269,-1633,196.45864704817652,153.6033853793594,175.2018478783839,265.2977755696809,883.5865203186904
20200310,1940,1980,1905,1950,37678,-2310,236.60938273872404,215.8587501121972,185.056748053132,259.84368965890644,856.7059613231772
20200309,2095,2120,1960,1960,66987,-3592,219.63606261267753,252.39106561049263,196.29760569095174,257.26946260465394,839.5179410017939
20200306,2045,2090,2005,2075,18246,0,174.42476888332115,290.0344807087599,222.7300776725056,255.3222908839351,828.5897060920256
20200305,2000,2095,1995,2045,32917,-206,76.06576102294646,295.89018233121556,242.51945798224185,254.36358491995642,816.924784889447
20200304,1980,2030,1980,2000,9548,0,48.104053883222775,289.3220523914484,257.43676408003654,253.09883609635958,802.1728781184836
20200303,1980,2015,1975,1980,14196,-29,42.261093218230876,256.04150054239255,269.29119926206346,251.23499125984003,789.8422662503939
20200302,1950,1990,1900,1965,29812,0,41.060930335295616,205.56081825094975,278.44882833296384,249.95603780131398,779.491704707841
20200228,2030,2035,1910,1950,73514,0,32.95451410656816,136.44504388214327,284.55436651016333,248.63207701787152,768.8337307607922
20200227,2090,2110,2030,2055,29216,0,36.46916505762094,59.94997914928745,295.62476215635314,247.81455880467178,757.4119849398728
20200226,2080,2120,2075,2115,18234,0,62.49799996799898,55.87709727607546,305.45979686367957,247.7281636301253,742.9199663415243
20200225,2075,2105,2060,2105,26849,0,68.96375859826666,58.65151319446072,308.61383637160594,247.5602479981135,732.351889415572
20200224,2075,2170,2015,2080,61754,0,59.27900134111572,56.356011214421486,303.51884208398064,247.84206160375317,716.8224043478292
20200221,2200,2200,2160,2170,26772,0,38.600518131237564,68.63126109871507,299.8177571459042,249.57378946693794,688.0614866238355
20200220,2215,2240,2180,2200,32726,0,44.204072210600685,82.61961026293939,285.00657887143655,251.85098107147653,661.0198861838865
20200219,2225,2245,2200,2240,39963,0,59.19459434779497,95.04735661763561,271.741950202762,255.0153998617833,633.142480837978
20200218,2245,2265,2220,2245,22350,0,60.13318551349163,98.67243789427725,242.82246601169416,258.7601313099723,594.896663237035
20200217,2215,2260,2215,2245,23892,0,30.166206257996713,92.37017917055266,205.33874451744455,262.6697731415261,580.6192799622586
20200214,2260,2290,2215,2235,27466,0,16.911534525287763,70.59745037889117,159.8380039289792,265.9289143737449,568.07173231517
20200213,2255,2270,2215,2260,51980,0,8.366600265340756,63.97069641640616,120.00286454914472,269.2441065072501,556.1388075506793
20200212,2285,2290,2245,2270,44192,-115,12.409673645990857,62.80923498976882,114.40580186336868,272.4062020015099,545.7569269041774
20200211,2265,2295,2255,2285,26519,0,17.72004514666935,57.105166141076936,114.6799895361016,274.8899274659236,537.1543785439076
20200210,2245,2255,2230,2255,20561,0,16.55294535724685,31.815876539866068,111.56696419639809,276.300661518488,528.7414285488622
20200207,2230,2270,2225,2230,27742,0,18.16590212458495,22.14158982548453,112.25083518620417,277.25584855067365,519.0804904401226
20200206,2220,2255,2215,2245,35398,0,19.131126469708992,15.937377450509228,111.67027357358972,278.93378346043727,509.02594720756446
20200205,2265,2265,2220,2220,34346,0,22.494443758403985,18.275666882497067,106.42485611923736,281.14837670209084,497.81137485051323
20200204,2185,2260,2185,2220,30915,0,13.92838827718412,20.254629100529094,97.78675779470538,283.7419969502785,480.9096632078309
20200203,2135,2200,2100,2185,52902,0,19.748417658131498,27.427176303804956,84.51183349094003,285.694025819385,471.73319429230844
20200131,2195,2240,2185,2185,73768,0,23.108440016582687,32.12864765283469,64.13803473759056,287.87275352526984,462.6998648482169
20200130,2255,2265,2200,2210,50960,0,15.937377450509228,31.815876539866068,54.52063829413933,290.57284179511237,448.3359975137723
20200129,2235,2290,2220,2245,88388,0,22.67156809750927,29.512709126747414,50.40089284923802,293.6917318096167,428.35671142428106
20200128,2280,2280,2130,2235,267432,0,24.819347291981714,22.93468988235943,43.514365444073434,296.59946570341975,405.8499226588873
20200123,2360,2420,2330,2420,307597,0,83.15046602394962,63.5,50.22449601539444,303.4780332522688,389.0614686510237
20200122,2360,2375,2335,2365,62908,0,82.28000972289685,73.59347797189639,54.43976028602966,308.6508612764027,365.6612636337417
20200121,2330,2370,2300,2360,122908,0,72.59476565152615,80.13894184477357,58.16947223415709,313.46034659728076,335.1014668060379
20200120,2420,2425,2335,2350,128471,0,60.61352984276695,82.3786987030021,61.344824557580836,317.83262322940885,300.9678831149085
20200117,2375,2410,2355,2385,134488,-1000,24.779023386727733,85.66796367370944,66.62347559231935,322.71610976212276,262.35074791309074
20200116,2385,2405,2325,2370,273097,0,11.575836902790225,79.9140162925128,69.75134407307412,326.9637679553409,251.73183138124998
20200115,2415,2430,2375,2405,241457,0,19.339079605813716,71.63972361755732,74.38077708655895,331.7532864276615,250.96973035718486
20200114,2445,2510,2375,2430,806062,0,27.676705006196094,63.326534722815836,80.50000000000232,336.81534464582717,252.8652439486786
20200113,2225,2720,2225,2460,7523859,0,32.09361307176243,58.1033561853358,88.0255644685132,342.02923851623916,255.37541809396845
20200110,2220,2280,2215,2225,49663,0,82.0121942152507,60.58877783880444,89.59631688858852,342.8214630905626,255.2335395715554
20200109,2175,2220,2175,2220,39418,0,103.95191195932858,74.50503338701353,90.79200129967603,343.32196583123056,255.02036955680896
20200108,2240,2240,2155,2175,92262,0,118.43141475132347,92.1737489744233,93.60689077199591,342.30772177806233,255.32691462776864
20200107,2220,2265,2200,2245,46632,0,100.14988766843426,95.81362116108544,93.60689077199591,341.7278298913049,256.1491535978431
20200106,2240,2270,2210,2240,48631,0,24.779023386727733,98.75348095130622,92.89913885499894,339.8508149010199,256.93108673988024
20200103,2225,2295,2225,2260,34617,0,29.427877939124322,97.06183596038146,91.65287775078518,337.6294401986996,257.5957750688778
20200102,2210,2245,2200,2245,54989,-322,29.765752132274432,95.66739256402883,88.82707920448793,333.44410659392463,258.3317069841329
20191230,2235,2235,2210,2230,10316,0,9.695359714832659,88.88756943465155,86.3839539497954,327.69814828419044,258.9453469524716
20191227,2245,2255,2220,2235,9667,0,10.295630140987,72.1127589265589,85.19096196193803,322.6580577363916,259.62246896001017
20191226,2215,2250,2210,2245,16145,0,10.295630140987,21.93171219946131,85.19096196193803,314.7080988789427,260.3451201717151
20191224,2200,2220,2185,2220,55519,0,9.486832980505138,22.14158982548453,85.86726675515166,303.8102820840637,260.8551608279164
20191223,2225,2240,2200,2220,14847,0,9.486832980505138,22.14158982548453,83.41575091072653,289.73244362495416,261.3952912045117
20191220,2220,2245,2200,2225,15876,0,9.695359714832659,12.257650672131263,83.05833793184387,274.9249771402262,261.8949342717892
20191219,2230,2250,2205,2225,35640,0,9.273618495495704,12.338962679253067,82.35441700358501,254.23101644414,262.38706565344415
20191218,2195,2230,2190,2230,30868,0,3.7416573867739413,12.257650672131263,81.43862719864802,234.75424502137105,262.8584820720549
20191217,2195,2220,2195,2200,41194,0,10.488088481701515,12.5,78.82694653480098,208.269590248362,262.79257504732243
20191216,2195,2215,2195,2210,23066,115,11.224972160321824,12.0,75.85306519845044,179.45865741785934,263.18434603905035
20191213,2215,2245,2185,2220,18992,0,10.770329614269007,11.874342087037917,68.16157275181062,149.6175448342226,263.63795671758805
20191212,2180,2215,2180,2215,21851,0,10.0,11.357816691600547,54.11734934381369,124.71690164349796,263.29949347443016
20191211,2190,2210,2190,2205,13849,0,7.0710678118654755,9.0,18.3643676722171,116.3095426962922,262.7605056574065
20191210,2210,2220,2195,2205,17985,0,5.830951894845301,9.604686356149273,18.848076824980648,111.22112609071752,262.1394315955248
20191209,2220,2220,2190,2210,14716,0,5.830951894845301,9.604686356149273,19.06567596494739,106.1249263839481,262.3219998346018
20191206,2195,2220,2190,2220,22116,0,5.830951894845301,9.16515138991168,15.610493265761097,104.43295962268789,262.4728524321925
20191205,2210,2235,2190,2195,36472,0,8.12403840463596,9.9498743710662,16.23845743906645,101.92109557015479,262.74670615865926
20191204,2210,2245,2210,2210,14162,0,8.12403840463596,7.681145747868608,15.958931668516302,97.65368941086642,263.1114571600627
20191203,2225,2245,2195,2210,47184,0,8.0,7.0710678118654755,13.404756618468406,92.18832626747495,263.4187097885594
20191202,2215,2275,2190,2225,76215,0,10.295630140987,8.381527307120106,12.090802289359152,85.38389615273269,263.8851812605086
20191129,2280,2475,2205,2215,580184,-539,9.695359714832659,8.0,11.768602295955647,76.87544037813218,264.29741441015176
20191128,2215,2235,2215,2220,4784,273,5.830951894845301,8.381527307120106,11.053845484733923,73.02753476142925,264.689909637469
20191127,2240,2265,2220,2235,11849,237,8.602325267042627,10.594810050208546,9.908960591322003,71.0916368733465,265.14141928832026
20191126,2240,2240,2215,2240,26869,2782,9.273618495495704,12.489995996796797,11.211043662405945,68.69740412367676,265.6273986819849
20191125,2230,2245,2220,2240,7900,823,10.488088481701515,13.74772708486752,12.295832627373086,65.13746148636221,266.16355860740623
20191122,2210,2235,2200,2230,20649,166,7.483314773547883,14.0,12.48999599681171,64.3471487756372,266.63215597002704
20191121,2285,2285,2210,2210,42382,422,11.135528725660043,11.629703349613008,12.497499749964891,64.22594664324266,266.99011633808624
20191120,2310,2310,2265,2290,33174,441,26.38181191654584,22.254213084267885,20.091976010347327,64.39116571565276,267.81717631727463
20191119,2290,2320,2265,2320,20562,4143,40.69397989875161,33.33541660156657,29.063508047040237,64.95570071636507,268.8423969075611
20191118,2290,2290,2255,2290,21159,1303,41.182520563948,35.552777669262355,31.916884246435657,65.10802988536814,269.57327067773525
20191115,2300,2300,2255,2290,25089,0,36.87817782917155,35.5,34.346579160090634,65.21178105900287,270.3340397648032
20191114,2290,2315,2285,2300,28126,0,11.661903789690601,35.387144558440994,36.925600875278555,65.45752439558372,271.16261713325866
20191113,2310,2315,2285,2315,17780,0,12.489995996796797,36.82729965664059,39.689419244936964,65.86729082024279,272.07166896896524
20191112,2315,2315,2295,2310,13689,0,10.198039027185569,36.63673020344474,41.1665823211057,66.12167866053711,272.80930140037054
20191111,2370,2370,2295,2315,28639,0,9.695359714832659,35.4400902933387,42.561719890065206,66.53001619986274,273.51391075227355
20191108,2305,2345,2300,2320,27400,2352,6.782329983125268,30.967725134404045,44.11915683691578,66.88604529761048,274.2659109888763
20191107,2285,2325,2255,2305,34860,2657,5.0990195135927845,11.715374513859981,42.62921533409186,67.1037236092057,274.9729500585313
20191106,2290,2305,2270,2285,25457,0,12.083045973594572,12.449899597988733,40.935162146990116,66.95894264396989,275.6329804841181
20191105,2290,2305,2265,2290,16745,0,13.638181696985855,12.083045973594572,38.9061370480336,66.82668296088029,276.2758252131824
20191104,2250,2290,2250,2290,20140,0,12.884098726725126,12.083045973594572,37.513330963810354,66.12797987403425,276.89211446980255
20191101,2265,2275,2215,2250,34955,0,18.275666882497067,19.6468827043885,35.40744978108947,65.33758489566674,277.15574241851505
20191031,2225,2240,2200,2230,35069,0,24.576411454889016,28.26658805020514,34.65815199921041,65.10162995056791,276.9844779796683
20191030,2225,2250,2220,2225,24570,0,28.21347195933177,33.1058907144937,35.33677263135914,65.26101439602712,277.06166581948753
20191029,2270,2270,2225,2245,26673,0,22.93468988235943,33.350412291304586,35.08917211905081,65.19436751402696,276.880662094104
20191028,2255,2270,2255,2270,8766,0,15.937377450509228,30.643106892089126,34.08078637590941,62.047472864632795,276.7012403096373
20191025,2260,2355,2240,2255,29194,0,16.431676725154983,26.119915773217954,32.690786163694085,60.635294085931,276.6675922424327
20191024,2260,2275,2250,2260,24131,0,15.297058540778355,22.360679774997898,28.91690681937424,59.27314362807158,276.7045531288291
20191023,2270,2310,2260,2260,17504,0,8.12403840463596,20.766559657295186,29.27776460046724,58.108136741372114,276.71660882069403
20191022,2270,2285,2250,2270,22364,0,6.0,18.364367672206956,27.967615200448762,55.758594255341244,276.5934139972777
20191021,2315,2330,2270,2270,20604,0,6.0,15.337861650177967,27.90497267514112,53.80901153357735,276.31576328843323
20191018,2315,2340,2290,2315,11249,0,20.493901531919196,23.874672772626646,28.96549671592691,50.77804370218152,276.342480749286
20191017,2310,2335,2280,2315,17767,0,23.958297101421877,26.650515942472857,29.68480250903436,46.031390255860394,276.3279773053563
20191016,2315,2330,2285,2310,16530,0,21.307275752662516,24.919871588754223,29.40663190507156,38.025941437663974,275.9287221769873
20191015,2320,2335,2285,2315,19381,0,17.60681686165901,24.779023386727733,29.68480250903436,38.81007887418746,275.3455404880738
20191014,2335,2355,2315,2320,20163,0,3.1622776601683795,26.43860813280457,30.00000000000621,39.596576731926206,274.6024272572229
20191011,2305,2345,2300,2335,12172,0,8.602325267042627,27.03701166919155,31.15585819714123,39.68626966594916,272.9350470909854
20191010,2260,2400,2250,2305,25593,0,10.295630140987,24.088378940891808,31.15585819714123,40.1746188531819,270.9364899699284
20191008,2240,2300,2190,2260,31569,0,25.41653005427767,24.088378940891808,31.460292433484668,40.123420702718356,267.7557156512103
20191007,2315,2315,2190,2235,44938,0,37.603191353926334,30.18277654557314,32.79767522249668,40.212888343009226,264.13679839032613
20191004,2330,2330,2255,2315,48361,0,36.87817782917155,29.004310024546353,33.7416656376115,40.888992677989286,259.4994881979595
20191002,2345,2355,2290,2330,45140,-972,35.6931365951495,29.9833287011299,34.90701935141946,41.77943074446774,253.93432002959312
20191001,2345,2385,2325,2345,35925,0,42.261093218230876,32.341923257592455,35.33677263135914,43.08994146612411,249.06073207933008
20190930,2365,2390,2320,2345,30608,-1,41.036569057366385,34.311076928595526,34.346579160090634,44.36989407242764,241.99173539607293
20190927,2410,2435,2370,2390,27590,0,25.099800796022265,41.84495190581536,38.36013555763812,46.93516509207864,233.2814674498567
20190926,2435,2455,2365,2410,37826,0,30.56141357987225,50.15974481593781,44.36778110296223,50.09012710436853,222.51769202445882
20190925,2480,2490,2375,2435,158965,0,35.63705936241092,59.799665550904216,50.532167972494236,54.12042898325734,211.5586830855494
20190924,2480,2495,2455,2480,46688,-1506,45.0111097397076,72.1959140118054,59.987498697648434,59.97777366101388,197.06904017938814
20190923,2475,2500,2455,2480,37002,0,36.38681079732051,73.55440163579607,66.34380151905958,65.10226997235995,183.67904903814878
20190920,2490,2555,2455,2460,45879,0,27.129319932501073,59.99166608788257,69.31991055966802,68.20129519785647,165.66781941249792
20190919,2490,2510,2455,2490,69270,0,19.595917942265423,58.44014031468439,73.32973476019379,72.39455934129805,147.02630504438025
20190918,2590,2590,2490,2490,162844,-2000,10.954451150103322,54.32540842000178,77.80223325843785,76.24448978267696,128.59707071790322
20190917,2350,2490,2345,2490,186076,0,11.661903789690601,48.02082881417188,81.09253973085546,79.5708541699274,114.35962252426377
20190916,2385,2385,2345,2370,40644,0,46.475800154489,43.03777410601064,79.65550828411287,79.15070014429347,109.06514840784585
20190911,2340,2370,2335,2360,24045,0,61.318838867023565,47.85655649960619,78.4135670659126,78.50207888258386,105.78928709416714
20190910,2355,2360,2310,2345,28520,0,64.99230723708769,56.08029957123981,77.60637860382595,77.71833045612485,102.43612508400277
20190909,2365,2380,2330,2335,36792,0,56.302753041036986,64.38167441127949,77.60637860382595,76.99255916428031,101.18049740715253
20190906,2410,2600,2295,2365,449490,0,13.038404810405298,64.69350817508662,75.64885987244205,75.91163539858321,99.54866900166597
20190905,2330,2360,2290,2355,46471,0,10.770329614269007,63.671029518926424,70.35401552150647,74.97332859089656,96.78433032896123
20190904,2315,2345,2290,2330,29596,0,12.806248474865697,64.5832795698701,62.401923047293764,73.79024325748324,93.18655683629089
20190903,2295,2335,2265,2325,34796,0,15.362291495737216,58.482903484693715,61.78794380783659,72.86212245664714,88.8987310089592
20190902,2220,2285,2180,2280,49022,0,29.563490998188964,51.20790954530364,65.33758489568139,71.8182021959978,83.70474523587832
20190830,2265,2265,2205,2225,33508,0,45.89117562233506,42.59107887809371,74.43789357578822,71.70754648027486,81.29933331353661
20190829,2210,2260,2180,2220,40557,0,47.05316142407437,51.07837115648854,82.58745364763568,72.02136064312758,80.06594504256388
20190828,2195,2230,2180,2205,35899,0,44.87761134463375,57.83813620786894,91.07002800043696,72.78507172947776,78.73214083208526
20190827,2185,2220,2170,2185,109500,0,31.71750305430741,64.5077514722068,99.27077868134396,74.08380202325456,77.04209482486384
20190826,2285,2285,2160,2175,114269,-110,19.390719429665317,69.1755014437915,105.58497762466199,75.47056085358123,76.98209568178089
20190823,2360,2420,2305,2320,72400,-336,51.90375708944392,63.88270501473775,101.27283693074058,74.21926973501259,76.67078793272924
20190822,2370,2375,2310,2365,88614,-164,77.45966692414834,65.39113089708727,96.31848213089933,74.38539843274724,76.90902589353352
20190821,2340,2360,2325,2350,44219,-618,82.18272324521742,67.67569726275453,92.04075184395428,74.49622473654995,77.04093428534522
20190820,2250,2350,2250,2340,67833,-152,69.06518659932803,69.13935203630419,84.41119593987739,74.4496007749814,77.10021211602897
20190819,2205,2280,2205,2250,59135,0,40.24922359499622,69.13935203630419,76.2708987753545,74.88931647585507,77.02772769163492
20190816,2330,2330,2190,2205,146255,0,62.976185975335156,70.5,67.31409584923779,76.26416079798412,77.3514593520524
20190814,2310,2355,2305,2320,66399,0,56.178287620752556,70.99471811339207,65.3925645620385,76.26429738451742,77.39454070255138
20190813,2295,2340,2280,2310,77500,0,50.0,68.08817812219681,63.707829189200694,76.26429738451742,77.42195891493286
20190812,2230,2450,2230,2305,312354,0,43.88621651498338,60.03332407921454,62.575454453007154,76.2803218398989,77.38091208792312
20190809,2285,2345,2240,2255,112694,0,43.289721643826724,47.70744176750625,62.01360737773906,76.69401686064421,77.25848344287002
20190808,2215,2350,2185,2260,158629,0,27.018512172212592,48.82622246293481,59.34222779775269,77.01889198255697,77.20085635681482
20190807,2105,2290,2105,2210,328558,0,36.68787265568828,49.063734060913056,58.465267467107104,78.10338589899573,77.27974975519496
20190806,2270,2370,2070,2095,449548,1,71.62401831787993,68.66585760041157,68.35568740054022,82.94823519654157,79.01343723628416
20190805,2485,2545,2350,2350,370514,0,83.03011501858829,69.95712972957081,69.74731177615645,83.05164892335037,78.66061947098365
20190802,2480,2550,2380,2455,289531,0,122.36829654775782,91.8163928718614,81.53220222709781,84.63582115287107,79.52707435558598
20190801,2550,2610,2500,2525,266026,0,157.24503171801646,114.32519407374737,97.83915371670165,88.03609581680249,81.9819488092282
20190731,2625,2670,2490,2560,363672,1,167.17057157286985,137.13588151902476,113.37327727467515,92.33619129150168,85.36681472070354
20190730,2670,2820,2610,2660,827856,2,103.77861051295686,168.0959547401424,135.18020380218536,101.14521326620078,91.37102894549751
20190729,2525,2795,2480,2700,2081604,-135,89.27485648266257,193.28993765843063,153.86601314130542,111.18112724538341,97.77055588072322
20190726,2555,2620,2510,2515,183223,0,74.47147104764348,188.5232081203797,152.31135873597992,112.84142634688106,99.51401876398602
20190725,2550,2690,2510,2595,426962,0,66.73829485385434,184.5270982809842,159.63924172959597,116.75460971151193,102.87127879055171
20190724,2725,2800,2540,2555,323931,0,67.45368781616021,164.51139778143033,163.98380255378996,119.05679667004284,105.27839251507869
20190723,2765,2805,2660,2700,318043,0,75.40557008603542,104.30843685915345,176.8705388129984,126.45187380536315,110.97096717411716
20190722,2735,2805,2705,2785,298087,0,98.99494936611666,97.51922887307919,194.04187692351456,136.96319456943633,118.98493572952418
20190719,2880,2880,2720,2755,613670,-28751,89.30845424706443,92.79008567729636,201.620156482432,145.31966678861525,125.33005730427297
20190718,3280,3500,2850,2885,3766483,32751,108.64621484432857,111.14854924829204,213.45652367636922,158.89846513488052,135.22265589267997
20190717,2640,3155,2640,3095,3120133,-287,139.15459029439165,161.97916532690246,246.85572709580867,182.5497458837477,152.00109077643398
20190716,2725,2740,2610,2685,314522,0,142.35167719419397,161.15520469410848,243.7697427902002,185.78099038622742,155.20277394966297
20190715,2640,2900,2620,2715,1520749,0,150.3861695768597,160.9666114447341,239.74191852907236,189.55642666205628,158.79736826115916
20190712,2600,2680,2570,2650,381958,0,165.54153557340223,147.60081300589098,229.20242145317832,191.66918476606384,160.72426677561515
20190711,2725,2735,2560,2580,761518,0,180.6931099959265,149.15512059597552,216.60505534266824,192.18957654704369,162.01131647718387
20190710,2755,2815,2630,2670,662223,0,45.27692569068709,138.4593803250614,197.14905528558936,193.556552172453,164.50707093888843
20190709,2735,3000,2650,2750,2686470,0,58.1033561853358,137.38995596476477,156.31118801928534,196.128129179764,168.42868586504443
20190708,2675,3070,2590,2825,5205272,0,84.61678320522472,138.7227450708787,143.0419518882498,201.57110339088996,173.6680262262946
20190705,2920,3380,2575,2635,9309354,0,86.4060183089118,143.81933110677437,133.77593206552655,202.40265149778043,175.19294423103048
20190704,2530,2600,2480,2600,221699,0,81.44937077718895,142.27526137737368,130.04109927250065,202.7881180772975,176.24200139455743
20190703,2510,2750,2425,2535,254342,0,104.66135867644753,80.76044824045988,131.45246289058403,202.5094476534058,176.65801865627046
20190702,2545,2560,2475,2510,15019,0,111.32834320154055,92.52567211320326,137.35355838128245,202.40654565063068,176.698483770151
20190701,2460,2580,2440,2560,65686,0,44.78839135311738,92.81837102642989,140.05356118285735,202.6822054075974,177.10423406069629
20190628,2465,2505,2420,2460,36319,-107,47.07440918375928,105.64681727340394,143.75739111433668,202.6480254584802,176.83242518617985
20190627,2440,2540,2440,2465,33923,0,38.91015291668744,114.45086281894078,150.12723770189197,202.63779605218642,176.56030111709495
20190626,2420,2460,2410,2440,45316,-3918,43.08131845707603,121.18580774991764,156.51677226419017,202.65013296044862,176.20394886955827
20190625,2405,2450,2395,2420,28405,0,48.2078831727758,114.60802764204608,165.04999242653835,202.72605695042085,175.55028066531355
20190624,2405,2430,2390,2410,22945,0,21.540659228538015,73.45236551670749,169.98878639486892,202.80551370435543,174.93724569273192
20190621,2440,2440,2395,2405,48877,0,22.045407685048602,64.08783035803287,174.40953959001317,202.89775750362205,174.37618976098562
20190620,2410,2445,2410,2440,20295,0,14.696938456699069,50.865017448144066,166.7295714622945,202.8755091730415,173.83480644151584
20190619,2415,2430,2390,2410,47702,123,12.489995996796797,47.23346271447817,125.16264418747461,202.64699740078603,173.12517549129765
20190618,2445,2480,2405,2410,70095,0,12.649110640673518,44.395945760846224,125.58761881650744,202.33731462310038,172.39569612281625
20190617,2415,2685,2395,2445,399778,0,16.911534525287763,21.1482859825566,120.9607374316161,201.78880598839186,171.76289778517156
20190614,2380,2415,2350,2385,38414,0,22.045407685048602,22.60530911091463,121.71149288378798,201.36402911697223,171.10303405811547
20190613,2455,2455,2390,2390,39666,0,21.118712081942874,19.67866865415443,123.87771187748172,201.18625629555524,170.2101438092316
20190612,2545,2550,2445,2455,10446,0,28.39013913315678,21.93171219946131,118.59068260196655,200.6934332923359,169.54186122706417
20190611,2460,2475,2430,2455,18958,-197,31.68595903550972,24.743686063317245,103.6758771363926,199.9259585168657,168.8462482720872
20190610,2375,2610,2375,2440,35140,0,31.144823004794873,25.104780421266383,67.91722903652926,199.10178510835092,168.21302941179275
20190607,2400,2465,2365,2370,54266,-8511,35.298725189445584,29.49576240750525,58.3411304312864,198.0063656384106,167.43487539937362
20190605,2535,2780,2400,2400,110423,0,33.67491648096547,29.223278392404914,48.04880331496688,195.63969149660687,166.67164575897058
20190604,2380,2540,2315,2520,59830,0,51.146847410177685,42.555845661906424,46.66101156212081,192.9072891889284,166.39443913485746
20190603,2380,2520,2310,2380,64152,0,54.55272678794342,44.654227123532216,45.42576361493962,190.04931742985602,165.771298070241
20190531,2350,2350,2235,2300,46027,0,71.442284397967,57.24727067729954,44.4128359824091,187.61285492559395,165.38011245983
20190530,2380,2620,2335,2360,161953,-212,72.22188034107116,58.787753826796276,45.24930938699919,184.0029249465549,164.68867409449808
20190529,2385,2410,2350,2370,4069,-969,72.55342858886821,59.665735560705194,44.73463423344794,183.35869142808815,163.78313384032973
20190528,2360,2385,2360,2385,1862,0,30.72458299147443,57.4543296888929,44.51123453691632,183.15390841220204,163.46814164642953
20190527,2425,2425,2360,2360,6739,0,28.982753492378876,55.04770658256346,45.57685816289197,183.03299262397343,163.3392856058396
20190524,2445,2445,2370,2425,12187,0,24.289915602982237,53.81449618829484,45.784140267131505,182.20973873228488,163.0194209204107
20190523,2470,2490,2400,2420,5843,0,26.19160170741759,54.323107422164284,45.89662296945574,179.77153711184144,162.68681035625693
20190522,2340,2460,2340,2430,9468,0,27.09243436828813,55.49774770204643,45.57685816289197,176.05039919169224,162.41300555991145
20190521,2365,2460,2340,2340,3046,0,37.416573867739416,38.67815921162743,47.733635939454395,175.7356561239977,162.31134347982598
20190520,2400,2425,2365,2365,17557,0,36.52396473549935,38.82331773560833,48.35997828784017,174.90322721118534,162.1147945044685
20190517,2395,2445,2395,2400,2637,0,33.823069050575526,29.95413160150032,47.2361090692319,173.58145302229718,161.89554245460403
20190516,2475,2475,2300,2385,16730,0,30.56141357987225,28.74021572639983,47.2361090692319,171.32204486158278,161.70883792759355
20190515,2440,2465,2415,2450,5128,0,36.959437225152655,33.37663853655727,48.55151902876338,168.5736527126571,161.47219832942503
20190514,2390,2445,2360,2440,9234,0,32.341923257592455,35.57035282366482,47.8140931107176,164.40623383017098,161.08860894104026
20190513,2500,2525,2420,2420,4043,0,24.166091947189145,33.03407331831786,46.378874501224935,155.8435825506487,160.7076311453105
20190510,2385,2505,2370,2500,7244,0,37.73592452822641,43.12771730569565,50.734603575866956,154.39982369016553,160.51150335205628
20190509,2520,2530,2450,2480,9112,0,28.5657137141714,47.37087712930804,52.98820623497622,154.26877249354553,159.91533675842166
20190508,2470,2525,2470,2520,3359,0,37.094473981982816,55.991070716677676,58.42730526047195,154.26537380615974,159.27936128249453
20190507,2520,2530,2470,2505,6702,0,34.92849839314596,51.13951505440778,57.12431618847067,154.16556305910854,158.48080303481373
20190503,2540,2540,2515,2520,5160,0,14.832396974191326,47.44470465710583,61.23469196460755,153.01223171875571,157.9131266094096
20190502,2535,2570,2500,2540,7477,0,19.8997487421324,47.738873049120045,60.2966624283664,151.11095537164726,157.64277038785966
20190430,2530,2590,2500,2540,4424,-500,13.416407864998739,40.252329125157466,62.459486869493034,151.15793800598385,157.2087198511142
20190429,2560,2560,2520,2530,8385,-1011,13.2664991614216,39.14396505209967,63.25494051851106,150.78210456003785,156.72733200442775
20190426,2600,2600,2505,2560,5088,-18,13.2664991614216,37.41991448413532,66.01325624448754,150.80856150172926,156.39266264936938
20190425,2605,2605,2515,2580,8346,-12,17.88854381999832,27.861263431510064,67.33312706239309,149.0566633495045,156.2521944290473
20190424,2565,2640,2515,2610,3531,-516,28.705400188814647,35.5,73.30202930342634,145.26534629199065,156.32093389883494
20190423,2630,2630,2560,2565,4864,-589,26.153393661244042,30.265491900843113,74.49161026585728,141.80529981476073,156.33870259970652
20190422,2580,2640,2565,2605,10612,-1467,20.346989949375804,33.27536626394967,77.83757126221484,133.47312983850912,156.63341291586096
20190419,2590,2595,2560,2580,1580,-268,16.911534525287763,29.257477676655586,71.61485530251647,109.06292780876939,156.6585492134745
20190418,2565,2635,2560,2590,23770,-804,16.431676725154983,26.362852652928137,66.24952830021036,106.86371772807311,156.76061013179566
20190417,2560,2640,2510,2585,26101,0,13.038404810405298,24.642443060703215,62.19877410367806,103.47822503094153,156.82721715847228
20190416,2620,2620,2560,2560,2420,0,14.628738838327793,22.477766792989023,53.5630469633718,101.70665197298636,156.79956685740757
20190415,2635,2635,2570,2620,8438,0,19.390719429665317,19.93113142799475,53.04479239284826,102.46798280437953,156.9742050200307
20190412,2525,2650,2510,2570,15001,0,20.493901531919196,18.848076824970764,47.79121258139798,100.21348739343509,156.3200454107732
20190411,2505,2530,2480,2525,17938,0,31.080540535840107,26.43860813280457,38.120696478427206,94.14380253396486,155.1224818490343
20190410,2490,2525,2480,2505,28016,0,39.67366884975475,32.89756829919196,37.77896239973211,82.72544953035074,154.61982386020085
20190409,2530,2545,2485,2490,28299,0,47.391982444291145,40.87786687193939,36.84426685388613,80.03172114160418,154.18265119837426
20190408,2525,2550,2475,2535,27711,0,27.386127875258307,39.03844259188627,36.27240686803638,78.70144005458395,153.95570588647888
20190405,2530,2555,2505,2525,6922,0,16.24807680927192,39.14396505209967,35.116769498351815,78.57303750155538,153.67655766252702
20190404,2530,2545,2515,2530,9101,0,16.911534525287763,37.178622890042604,34.65815199921041,78.78698426064736,153.63891086101708
20190403,2535,2595,2505,2530,11586,0,16.30950643030009,34.77067730142742,34.97409755805534,78.30584624122365,153.6646725738425
20190402,2515,2600,2480,2535,11424,0,3.7416573867739413,34.0624426605022,35.11053972812683,78.74691351975322,153.7624825556308
20190401,2555,2570,2510,2510,15994,0,8.602325267042627,20.303940504246953,36.12132334231918,78.90588627528047,153.80718787387886
20190329,2570,2570,2400,2555,17730,0,14.352700094407323,17.291616465790582,36.1066129677151,79.51986998367657,154.00845485450034
20190328,2640,2640,2540,2550,4589,0,15.937377450509228,18.980252896102307,35.66773752287033,79.81449847405716,154.18549434583872
20190327,2690,2690,2500,2565,21602,0,19.131126469708992,20.645822822062577,33.39535895899866,80.16839914967014,154.42118067697405
20190326,2560,2700,2540,2560,8184,-502,19.6468827043885,16.5,33.311972322280354,80.27708092737824,154.62912057746288
20190325,2700,2740,2550,2555,13435,0,5.0990195135927845,17.03672503740082,30.978823412137082,80.66115683661396,154.81124259348007
20190322,2650,2745,2605,2700,12118,0,57.21887800367987,49.68903299521938,44.92980636504427,84.7661816737912,155.92412684808386
20190321,2720,2720,2610,2645,3366,0,57.879184513951124,54.70146250330058,48.54121959737283,86.52115187756598,156.34718644202505
20190320,2700,2790,2635,2665,6002,0,57.879184513951124,59.48949487094339,53.667960646929494,89.1133407520929,156.82048632292776
20190319,2710,2790,2655,2700,7849,0,53.34791467339656,66.12299146287923,61.56500629416335,91.73330910851644,157.5449450862396
20190318,2790,2790,2640,2710,2300,0,24.779023386727733,65.97158479224218,68.10653419460112,94.44516339594908,158.53600515516843
20190315,2685,2795,2680,2680,14744,0,23.45207879911715,64.19501538281614,71.97395362212897,96.80948501509305,159.07641420260765
20190314,2620,2745,2620,2680,14316,0,16.0,59.02541825349483,74.1092942889107,98.97544588880379,159.3763670965458
20190313,2790,2790,2600,2710,11381,0,13.564659966250536,55.02045074333724,76.30694594858565,101.66311469204321,159.89514250666363
20190312,2635,2825,2635,2715,23092,0,15.620499351813308,45.5411901469428,76.36221251378441,102.91619433089335,159.9494494798058
20190311,2615,2695,2590,2635,5272,0,28.53068523537421,26.720778431774775,74.69061185986077,102.62878088852716,158.47677712804784
20190308,2605,2650,2595,2615,11115,0,39.92492955535426,33.04920573932148,71.92834976558528,103.23957439965004,156.71226619191003
20190307,2640,2640,2565,2605,17402,0,47.15930449020638,38.47401720642127,69.18453584436607,101.85147137975414,154.5643013890755
20190306,2595,2660,2565,2600,11224,0,42.23742416388575,44.10215414239989,66.19856493913122,97.59809879750502,151.94240045346012
20190305,2580,2635,2575,2595,11556,0,14.142135623730951,46.928136549409246,63.373890522835765,95.08603560284408,148.98431591578014
20190304,2635,2640,2505,2580,53661,0,11.575836902790225,47.751963310423164,58.536313515632095,92.54919862789377,148.036008194717
20190228,2625,2665,2490,2610,26233,0,10.295630140987,46.71455875848556,56.144345218377715,90.53682492038992,147.6271521152893
20190227,2595,2640,2595,2640,16924,0,20.0,44.29729111356585,52.75592383799541,87.87759795431882,147.22827490179887
20190226,2670,2705,2580,2595,47534,0,20.346989949375804,36.38681079732051,51.05083251035553,86.42819755919946,146.44528747018913
20190225,2730,2995,2605,2680,543201,0,35.552777669262355,27.608875384557045,48.303079611970624,86.0177630234258,144.9831168332051
20190222,2665,2895,2610,2730,161500,0,49.03060268852505,44.10215414239989,46.90149251356904,87.00989726589103,143.13245977649794
20190221,2700,2700,2620,2665,19389,0,44.56455991031439,45.4972526643093,45.81143416223042,82.82926717047962,142.33557765601267
20190220,2600,2695,2515,2645,23177,0,44.11349000022555,44.87761134463375,45.81143416223042,78.90020947725205,141.20537028465444
20190219,2645,2645,2585,2635,13652,0,33.37663853655727,43.430979726457934,45.87687325876048,75.86977146545865,139.88134232469932
20190218,2645,2655,2605,2645,13841,0,34.40930106817051,41.063974478854334,44.500000000004185,71.97144495484024,137.7586897339924
20190215,2660,2710,2585,2645,10182,0,9.797958971132712,35.41186241925155,42.20411709774738,70.24416741306192,135.6134211647364
20190214,2635,2660,2610,2635,4126,0,4.898979485566356,33.39535895899309,41.484937025387566,67.84152284715415,132.31480112680669
20190213,2585,2645,2585,2635,8531,0,4.898979485566356,33.60059523282288,40.62865368185823,64.34687897118285,125.81963915552461
20190212,2550,2650,2550,2585,10077,-25,22.44994432064365,35.35533905932738,39.080046059343026,63.19260681087841,124.45782418154434
20190211,2650,2650,2550,2575,18638,0,28.982753492378876,40.152833025827704,36.486298798321165,61.453403757091074,124.12795817221924
20190208,2550,2650,2545,2650,9024,0,30.066592756745816,27.207535720825582,36.78569694868336,60.999260013716125,124.38347263158839
20190207,2545,2600,2505,2590,12078,-578,29.765752132274432,27.27636339397171,37.62977544445851,59.77643534220611,124.41830625177215
20190201,2600,2600,2555,2595,10095,-3443,26.343879744638983,27.54995462791182,37.9835490706223,58.86065229750361,124.11327151707377
20190131,2560,2590,2555,2585,10754,-1024,26.343879744638983,28.705400188814647,38.641784379093735,58.35570999386108,123.44954406784888
20190130,2485,2565,2400,2565,23249,0,28.39013913315678,30.066592756745816,40.35080544425814,57.99730597190469,123.39384073186052
20190129,2525,2550,2515,2535,8956,0,22.0,33.689761055846034,43.857724519181026,57.89621941215983,123.35922447832223
20190128,2550,2600,2495,2550,15098,0,22.0,33.24530041975858,46.54567649095212,58.0335152208413,123.36046998759271
20190125,2500,2550,2500,2550,5732,0,16.911534525287763,30.512292604784715,48.60298344752483,58.35499597767346,122.65463595896578
20190124,2500,2525,2485,2525,15487,0,13.784048752090222,34.219877264537345,52.2637541705566,59.173649822636946,120.85433725496793
20190123,2540,2540,2490,2500,8677,-3400,18.601075237738275,40.40111384603152,55.03180898353581,60.40051508241424,119.51388081866274
20190122,2490,2580,2460,2490,38794,-4025,24.819347291981714,34.64462440264001,51.88930525648202,62.00420012654028,115.63580279867074
20190121,2495,2550,2485,2490,18529,412,23.323807579381203,35.64056677439347,53.24178340364241,63.486383054416144,104.27906436046048
20190118,2440,2600,2440,2525,67127,0,15.937377450509228,30.335622624235025,52.47558956315186,64.13505714938032,103.46556559499908
20190117,2385,2485,2380,2430,77455,0,31.240998703626616,37.73592452822641,59.371710435192725,67.52463542210064,102.71153646122906
20190116,2315,2405,2305,2400,37710,-26,45.34313619501854,47.510525149697095,66.4544016600885,71.78377060464948,102.96560914533953
20190115,2230,2320,2230,2320,15476,25,71.52621896899066,69.93568473962345,80.22000997257712,79.54292167683809,104.74758018951897
20190114,2245,2300,2245,2265,8056,0,89.92218858546538,89.98472092527709,96.40280078919062,89.46119580887716,106.82597966112786
20190111,2285,2285,2210,2240,5130,0,73.91887445030531,102.54389304098027,109.92355298115311,99.27441625222944,108.1636411364421
20190110,2190,2250,2190,2215,8896,0,65.92419889539804,112.07698247187065,124.00075604608374,109.13838692228637,108.35928375088186
20190109,2280,2280,2225,2230,7233,0,36.796738985948195,114.22455953077692,133.2056680475736,117.10924980072056,111.04925708893383
20190108,2195,2245,2155,2225,10169,-3000,17.029386365926403,111.82128598795491,135.47947261485916,124.93606698360567,113.94344814426194
20190107,2130,2195,2130,2195,6698,0,15.297058540778355,105.5094782472172,141.03279760396293,133.36799028751986,117.58311924149511
20190104,2180,2230,2100,2165,14371,0,23.748684174075834,83.18804000576044,145.64511663629636,142.39957474967238,121.74800363411707
20190103,2210,2275,2150,2170,12315,0,26.94438717061496,67.86935980249113,147.36243585120454,150.4381563596401,125.50188134934992
20190102,2245,2310,2205,2210,10403,0,22.93468988235943,43.246387132337425,145.28506461436555,156.36875487129333,128.29488060282438
20181228,2210,2255,2155,2245,28793,0,29.086079144497972,30.479501308256342,141.67215675636612,160.7707131980848,130.39499287423095
20181227,2210,2255,2185,2190,24155,0,29.223278392404914,26.462237244798484,137.54635582232038,166.634392708504,133.33687495297872
20181226,2260,2435,2210,2245,42620,2655,29.765752132274432,27.09243436828813,128.83007218813614,170.47083491188206,135.1503727848834
20181224,2345,2380,2290,2290,25982,0,34.26368339802363,36.47259244967377,119.39849245279595,172.9366253541669,136.2425775246476
20181221,2290,2515,2290,2340,123696,230,50.25932749251625,52.11765535785354,110.92339699089806,174.32510735850454,136.73839581073395
20181220,2195,2350,2180,2275,60251,226,49.658836071740545,54.00231476520243,101.41837851198555,176.89173949056683,138.128858669093
20181219,2195,2210,2115,2180,15339,1954,52.85830114561004,55.21775076911409,91.87593536939025,180.04418824894287,140.87444542926883
20181218,2165,2200,2145,2195,26932,1297,60.11655346075655,52.28766584960549,71.58692268843781,183.21683798772634,143.27651490117373
20181217,2235,2235,2175,2180,17224,506,63.671029518926424,51.137070702182385,60.20537766678631,186.12943525048686,146.00151611657108
20181214,2290,2290,2200,2235,39399,9938,36.959437225152655,50.46038049797088,47.51052514970101,186.69588684988528,147.52819292710583
20181213,2250,2360,2215,2290,55178,0,42.118879377305376,52.87721626560914,45.07216435895188,185.709057847659,148.36300616132797
20181212,2230,2295,2145,2230,25446,0,38.13135192987524,50.23942674832188,44.313513740171544,186.1729146967011,150.17626217956763
20181211,2235,2290,2165,2230,36672,0,34.87119154832539,50.47028828924994,44.22315569925299,186.33398553850859,151.94474850163868
20181210,2140,2295,2135,2235,34990,0,23.108440016582687,48.155996511338024,44.17224807501167,185.4307298037572,153.57399591801413
20181207,2130,2195,2130,2165,10161,0,39.6232255123179,39.24601890638081,46.230401252859274,185.56662475299981,155.93610136314595
20181206,2125,2170,2125,2170,10685,0,31.52776554086889,37.53664875824692,47.73036245410643,186.88965475797204,158.31073851940536
20181205,2160,2185,2115,2165,15858,0,32.341923257592455,39.01602234979881,49.00191322795848,188.3553637557316,160.80869845877112
20181204,2175,2185,2145,2185,21333,0,26.5329983228432,39.5,48.059208274797584,189.26060442915025,162.74169525663658
20181203,2170,2185,2140,2175,22372,0,7.483314773547883,39.88734135035826,47.80428851055491,190.1893062772474,164.24598337724888
20181130,2175,2175,2115,2170,15951,-588,6.782329983125268,40.252329125157466,49.06373406091685,191.03626400938919,166.23226722471972
20181129,2175,2250,2170,2175,20470,0,6.6332495807108,27.83882181415011,49.61350622562744,191.77243458501806,168.15848489347962
20181128,2145,2190,2135,2170,7862,-27,5.477225575051661,24.879710609249457,50.32395056034822,191.82341416579098,170.1863969952539
20181127,2105,2180,2105,2170,14519,-513,2.449489742783178,19.77371993328519,50.7413785780439,190.95367384670527,172.05812971203636
20181126,2180,2205,2095,2100,25968,-1201,28.5657137141714,22.18670773233379,52.85061494439182,192.1685277446697,175.2189057452405
20181123,2215,2220,2165,2180,7946,-204,29.732137494637012,22.67156809750927,42.39324828319213,189.43518020684095,177.06730809843506
20181122,2185,2230,2185,2215,5787,-432,37.36308338453881,27.060118255469618,38.4797024416818,184.21877090989898,178.46218086755496
20181121,2245,2245,2145,2195,11022,-2747,39.06404996924922,27.932955446926844,38.40898332422211,180.81751082851596,179.75677529343025
20181120,2255,2265,2240,2245,4718,0,48.641546028061235,35.245567097154215,40.14349262334273,177.03569947580382,180.60753471886522
20181119,2300,2340,2225,2275,10290,0,34.292856398964496,45.30176596999283,43.6713578905027,172.99606610812603,181.29700539907037
20181116,2230,2280,2165,2240,10473,-22,27.27636339397171,47.11952886012338,43.89191269471373,168.58106770597666,182.2518813727111
20181115,2145,2240,2120,2150,15933,-122,43.749285708454714,48.82622246293481,39.79321550214775,164.90948695841325,184.35619489788263
20181114,2200,2240,2145,2145,17684,0,53.23532661682466,50.59891303180336,40.04606722264213,161.1567559862079,186.4684773777043
20181113,2210,2210,2040,2170,15903,0,52.09606511052442,50.59891303180336,39.00240377208016,156.50299517900012,188.1871851818569
20181112,2275,2315,2210,2210,9719,-22,36.55133376499413,40.450587140361755,37.75248336203027,152.5647403563422,189.3686696778519
20181109,2340,2340,2285,2320,7173,-22,64.68384651518491,52.63316444980294,47.7460731369646,148.2521079108088,189.6881761382888
20181108,2350,2460,2260,2305,62539,-22,70.63993204979744,58.92580080066795,53.464941784316686,140.78707327023346,189.9840956428354
20181107,2330,2330,2255,2280,1927,-22,57.584720195551874,60.03332407921454,55.74215191397236,135.1479641808203,190.4722019671795
20181106,2290,2295,2230,2260,2241,0,38.47076812334269,60.47520152922188,56.86607072763488,128.86887715813333,191.0401172238247
20181105,2330,2330,2260,2295,3374,-20,20.639767440550294,62.05844019954095,59.394865097922164,122.47820100826216,191.2579655204033
20181102,2275,2290,2250,2290,8643,0,15.297058540778355,64.04100249059192,60.7433123891048,116.40076842051741,191.4847642256671
20181101,2215,2285,2210,2210,7707,0,30.919249667480614,57.578207683115664,59.934860473687365,111.24332064841873,192.36647154585893
20181031,2175,2240,2150,2215,7766,0,35.9722114972099,48.03384223648989,58.802635995339294,104.8418120577547,193.01084814072948
20181030,2000,2200,1885,2175,33127,257,47.391982444291145,47.15930449020638,58.58487432776802,98.07858951993654,193.88426799254168
20181029,2380,2400,2150,2210,30230,0,37.815340802378074,47.15930449020638,51.43624694707393,91.3986992370252,194.12838946744995
20181026,2370,2490,2325,2400,12997,23,80.2869852466762,61.83849933496123,62.13845427752747,87.5522066477302,193.69836229446872
20181025,2450,2450,2375,2420,8123,-20,103.99038417084533,77.18322356574646,73.07359304153843,84.66748687265552,192.96390260444315
20181024,2425,2545,2420,2490,20198,162,123.79014500355026,100.57459917891794,88.52224296751847,84.66748687265552,192.51348708165105
20181023,2590,2590,2450,2550,8962,0,114.9956520917204,124.76878616064195,107.87608632129908,86.11083781317454,192.2513500530644
20181022,2605,2610,2505,2590,12177,2,72.93833011524188,146.9693845669907,127.1895730789296,94.00927111489337,192.28796041933023
20181019,2600,2620,2545,2610,4843,22,69.39740629158989,163.2666530556684,143.52242856083635,103.19113199408271,192.64777877429668
20181018,2645,2645,2625,2630,4781,599,49.63869458396343,166.3249830903343,153.73577169936857,113.87063200549704,192.73684924154813
20181017,2585,2690,2585,2650,11399,0,34.40930106817051,161.48142308017972,161.13348503647643,124.68582740453535,193.39494348785433
20181016,2650,2665,2555,2585,2913,29,24.413111231467404,129.65434817236172,161.53540633557824,131.41946731320644,193.74365581012032
20181015,2615,2620,2510,2620,5567,22,21.540659228538015,83.97767560488919,164.05391644212696,138.84753828889785,194.44364632773664
20181012,2350,2585,2350,2520,21333,516,45.65084884205331,68.11938050217427,164.6471606193085,142.30015226039438,194.5511884583573
20181011,2570,2570,2315,2480,62017,1089,62.80127387243033,56.62375826453062,163.19926470422706,144.47498341696198,194.34784108226424
20181010,2750,2750,2620,2620,32617,331,56.0357029044876,50.815843985906604,165.01212076693145,150.37083789381177,194.9623850829332
20181008,2750,2760,2715,2755,12215,386,95.51963149007642,70.06425622241343,172.9398378049441,160.9062011096953,197.0646397054173
20181005,2780,2780,2690,2775,39848,459,119.45710527214361,86.00726713481832,180.71023075631433,171.18660627124092,199.41089889277856
20181004,2815,2815,2685,2790,55318,0,118.54956769216832,98.95074532311517,185.8593218001195,181.43477171944497,201.90729445851952
20181002,2895,2900,2815,2815,28145,0,68.36665854054884,111.39569111954016,183.00956259168638,191.98413924650254,204.82427682040952
20181001,2850,2900,2825,2895,27887,0,48.620983124572874,131.42393237154334,181.70443032573633,204.38763552513112,208.84084433820092
20180928,2840,2880,2825,2850,23349,0,43.243496620879306,135.15176654413364,165.4952793888707,214.18221409195405,211.99577023428088
20180927,2825,2860,2815,2840,17272,0,35.298725189445584,136.28646301082145,144.4582552158248,223.03679006437605,214.84820222660417
20180921,2810,2835,2800,2825,20479,0,27.748873851023216,117.86538932188702,138.08421343513663,230.8738833216056,217.43715167965058
20180920,2840,2840,2805,2810,27944,0,28.879058156387302,70.11597535512146,129.29617163706112,237.40663369463923,219.78202585492
20180919,2855,2870,2805,2840,30084,782,14.0,38.23937760999779,125.3445252095215,243.31408314266145,221.51147449587612
20180918,2845,2865,2815,2855,15682,390,15.297058540778355,32.745228660065884,124.41337347729292,249.25805180352216,223.91297602715477
20180917,2810,2900,2790,2850,48516,0,16.55294535724685,27.586228448267445,123.96849398133533,254.22609960863716,226.04737319986583
20180914,2830,2845,2810,2825,20577,0,16.55294535724685,23.286262044390035,122.34275622201902,258.6930157327163,227.49517699406164
20180913,2800,2825,2780,2825,28530,0,12.409673645990857,22.36626924634504,120.82916659482665,263.29240188218006,228.83581799453097
20180912,2825,2840,2785,2800,21451,0,19.849433241279208,17.204650534085253,118.9524589909783,266.2673572850305,230.10269069242275
20180911,2785,2840,2770,2825,37866,0,15.811388300841896,16.194134740701646,112.76385724158416,269.44050827594316,231.68369241993972
20180910,2770,2795,2760,2790,26249,0,15.033296378372908,19.551214796017153,107.35775472689606,271.5308453932971,232.54151361758926
20180907,2760,2800,2740,2800,32320,583,14.352700094407323,20.8806130178211,89.39064548374384,272.35621843868535,233.47016449289026
20180906,2860,2860,2760,2795,40417,39,12.083045973594572,22.18670773233379,53.25880208942342,272.76546702249294,234.96142931105268
20180905,2795,2880,2770,2840,91684,472,19.235384061671343,22.18670773233379,31.264996401732922,273.5839679147862,237.12881813245056
20180904,2790,2810,2770,2800,29255,3589,17.88854381999832,19.621416870348583,27.94973166240371,273.55118351050646,238.80936943629217
20180903,2785,2805,2760,2790,15894,0,17.88854381999832,17.0,26.851443164202042,272.7584783283534,240.37557057770968
20180831,2795,2795,2750,2785,28172,0,19.6468827043885,17.46424919657298,27.17880608121653,271.3880984862801,241.88854397911714
20180830,2850,2890,2765,2795,64581,0,19.6468827043885,16.30950643030009,27.806249297601656,269.89267414206427,243.55845750502317
20180829,2750,2790,2725,2765,18862,0,12.083045973594572,19.75474626513841,24.973736204268125,267.4272876253761,244.7471448874522
20180828,2755,2755,2720,2740,25091,0,20.248456731316587,24.289915602982237,28.568995432117884,264.24676756143236,245.51586492640254
20180827,2795,2795,2705,2725,31329,20,26.38181191654584,31.148836254345042,33.11344137960252,258.6103353610497,246.37552849597432
20180824,2750,2800,2740,2780,27116,20,25.573423705088842,30.663496212923928,33.138912172857644,255.3350195766756,247.26756411606613
20180823,2735,2800,2735,2750,57389,0,19.131126469708992,31.63858403911275,34.924024682163605,252.1327224344776,247.45198397871854
20180822,2725,2785,2715,2720,31508,-2299,21.354156504062622,28.0178514522438,37.53248592886398,247.7582266825625,247.87003763173865
20180821,2710,2760,2710,2725,10481,0,22.58317958127243,27.681221071332818,37.4457941563585,244.3170185548987,248.45522735495823
20180820,2685,2795,2685,2710,39384,0,25.219040425836983,28.674901917879335,37.95638944895013,241.1522542341693,248.96959528224323
20180817,2655,2735,2655,2685,29179,0,21.118712081942874,31.815876539866068,41.60754138374884,236.70428104845485,249.2328193956263
20180816,2670,2690,2610,2680,23148,0,18.275666882497067,30.430248109405877,44.32832051860721,229.16090901857913,249.4596243215937
20180814,2615,2710,2615,2695,22206,687,16.55294535724685,29.13760456866693,46.056351353536165,220.89495995457352,249.8521646227438
20180813,2765,2775,2645,2655,60318,0,18.16590212458495,34.29650127928503,48.833262229758645,212.72848827136804,249.9693175616284
20180810,2760,2790,2720,2765,34473,514,36.932370625238775,37.686204372422544,48.14041960764751,205.9813233173215,251.19546118954105
20180809,2720,2775,2720,2760,43148,272,43.977266854592045,34.67347689517162,46.83481610938995,202.08159793069146,252.39436390410856
20180808,2760,2810,2720,2720,48762,0,41.15823125451335,32.71467560591118,45.91500299466801,197.12198352514702,252.88443987434175
20180807,2760,2800,2710,2760,40397,5252,41.78516483155236,35.80851853958776,40.57323625249005,191.22694123881976,254.00934680419323
20180806,2745,2780,2730,2775,49791,0,18.81488772222678,40.02811511925087,39.07044919117737,184.19072241082537,255.2452218238236
20180803,2750,2785,2690,2745,126885,0,18.601075237738275,40.48456495999432,37.325426990194934,177.58088923705097,256.22735333532654
20180802,2760,2820,2735,2735,202238,0,19.131126469708992,38.39270764090493,35.646703914953655,170.14232196082722,257.1765734482043
20180801,2705,3225,2705,2800,2559975,169,22.93468988235943,39.92492955535426,36.086701151537426,158.75109360953022,258.78319701162906
20180731,2735,2735,2705,2705,12859,0,32.802438933713454,38.87158345115362,35.920050111328806,145.63107402687746,259.5105937411669
20180730,2730,2760,2695,2745,28192,0,30.72458299147443,25.96150997149434,35.9956594605568,128.04325983388802,260.53849150472877
20180727,2750,2750,2660,2730,23969,382,31.400636936215164,26.196373794859472,35.96526101671407,109.63509550625828,261.4732266674601
20180726,2650,2785,2650,2705,14707,0,35.014282800023196,28.653097563788805,34.65093793824884,101.1062422515146,262.23069519033066
20180725,2720,2825,2665,2690,12424,20,19.748417658131498,32.155870381627054,35.230491055339726,92.79397729498382,262.87765162186446
20180724,2650,2730,2650,2720,21554,149,19.131126469708992,31.78049716414141,35.230491055339726,87.11566385495007,263.71570340468224
20180723,2790,2820,2655,2675,54026,0,19.849433241279208,33.31666249791537,36.894274623583165,83.98127271401904,264.2296849123751
20180720,2735,2830,2735,2790,24019,411,39.92492955535426,38.36991008589934,39.53716605929631,81.81326128582094,265.54816208908886
20180719,2900,2925,2760,2760,63138,371,42.8485705712571,39.44616584663204,38.95189340712942,79.90145840693616,266.4888860513568
20180718,2965,3010,2900,2900,34524,19,76.05261336732617,61.773780845922005,52.012017842036975,80.7232497831657,268.46755183614476
20180717,3005,3070,2970,3010,22751,13,116.43023662262307,99.65565713997374,77.16014191278016,86.07696007385124,271.49099317473537
20180716,2970,3010,2940,3005,23254,908,104.47966309287182,120.76940837811536,90.51898972039167,88.71345100315247,274.066141651982
20180713,2960,2970,2920,2970,16007,0,93.18798205777395,128.3793207646777,99.94998749374795,90.43916770711358,275.7563808821593
20180712,2910,2960,2905,2960,24634,405,39.54743986657038,127.83192089615176,106.72394295564783,87.54820100950037,277.2999748317172
20180711,2920,2980,2895,2940,16929,785,26.758176320519304,118.6001686339442,109.72237693378855,80.9428381980485,278.4074751550802
20180710,2890,2975,2880,2955,19019,3179,21.77154105707724,108.8358856260195,113.79010282094121,80.82491365084523,279.27057767613104
20180709,2895,2990,2820,2890,43248,2766,28.21347195933177,80.50465825031493,114.48908244894083,81.63855808787042,278.9309919386753
20180706,2910,2950,2880,2920,41530,0,25.612496949731394,68.36665854054884,114.99429333667116,83.16482963902965,278.8338781375511
20180705,3010,3080,2895,2950,55464,0,23.748684174075834,37.749172176353746,115.63520225260288,85.44231322295079,279.37427292971074
20180704,2930,3040,2930,3010,19168,0,40.0,37.603191353926334,120.85218243788721,89.58465115309751,280.8691866332164
20180703,3110,3145,2945,2970,101099,-4880,41.182520563948,34.14674215792775,118.56933625520712,91.37088644031448,281.1409788700405
20180702,3290,3290,3110,3110,96876,0,65.84831053261732,56.26944108483752,126.55433615645246,99.28060681164703,283.7542186421672
20180629,3450,3450,3215,3295,304575,0,126.63332894621384,113.29165900453572,150.11558047051736,117.18512775376685,289.87467358997327
20180628,3165,3395,3115,3390,159292,0,162.5423021862309,161.35674761223964,175.19917237247546,138.34126483286025,298.0172906989798
20180627,3155,3210,3125,3180,69692,0,145.54724318928203,162.09873534361705,171.98837169995062,145.58464509998618,301.23645370650513
20180626,3280,3290,3210,3210,64949,838,96.82974749528164,162.5307663182574,169.51327381653735,153.44515849862034,303.71470702600766
20180625,3125,3330,3025,3325,104774,634,76.48529270389177,160.71403174583108,167.43954132760987,165.6498985477775,308.1267072298962
20180622,3220,3220,3070,3125,78916,350,97.23168207945392,144.0668247723951,159.4590464664842,169.4758873376652,308.82077461423836
20180621,3350,3400,3220,3220,136330,0,65.46754921333164,127.14263643640555,149.75208679681353,175.92919977460662,311.3130764957154
20180620,3130,3350,3105,3350,202129,1039,82.06095295571457,121.5370313937279,156.65467595957796,186.86096658567695,316.3268983144292
20180619,3180,3255,3060,3175,86477,0,86.22064717919949,91.68424073961675,156.60858852566284,190.80378228256768,317.6255219944191
20180618,3155,3190,2980,3180,95047,0,76.22335600063802,83.99404740813482,156.083911726995,194.73377481976704,318.79171840282686
20180615,3080,3215,2875,3190,202440,0,65.39113089708727,83.64956664561987,153.83006045633724,198.43868000524094,319.9488864343188
20180614,3295,3295,3075,3125,74402,0,76.38062581571324,71.2460525222275,149.54012839368693,200.4945967684255,319.2219028573916
20180612,3200,3235,3120,3200,71498,0,25.96150997149434,70.71067811865476,144.04947066893502,203.98657022787938,319.2935969318392
20180611,3185,3230,3130,3200,131987,0,28.0,70.77428911688199,138.22332473211736,207.5078813764277,319.06559539798684
20180608,3040,3220,2980,3185,195599,0,28.106938645110393,59.371710435189584,124.68861215043005,210.1821960955681,318.68883944828394
20180607,3005,3050,3000,3030,29409,0,65.16133823057964,75.28113973632439,115.85119766321094,210.16950830751477,316.3405969266261
20180605,2980,3015,2955,3005,16191,0,87.48714191239762,91.34549797335389,111.12914784160083,209.82903093285861,313.54155315613406
20180604,2980,3040,2965,3000,34833,0,89.2972563968233,79.68061244744545,111.88470628285339,209.4942819426511,310.59821033594864
20180601,2990,3000,2900,2980,46831,0,74.22937423958254,89.31545219053643,110.99408768038221,208.65375359405647,307.25701499541753
20180531,2945,3040,2945,2990,22001,0,16.852299546352718,92.45133855169432,117.3400507073368,207.44376748089354,303.79684995350436
20180530,3010,3040,2935,2945,51302,0,21.307275752662516,95.25754563287887,123.0190534023099,205.76962576845315,298.67410705018875
20180529,3060,3095,3000,3040,46903,0,30.72458299147443,93.38763301422732,112.0767036453177,205.27765749507924,295.32604392810947
20180528,2930,3050,2930,3025,37572,0,33.67491648096547,80.56053624449132,113.88590782006513,204.15168312365842,292.2078194063733
20180525,2900,3035,2840,2930,106308,0,43.05810028322197,66.41535966928132,119.64113005150182,202.13875528678147,287.99261841910874
20180524,2985,3020,2945,2950,37615,0,45.232731511594565,36.01735692690401,113.88014532832479,200.12593257468993,284.4901750891017
20180523,3045,3045,2970,2985,28257,0,42.118879377305376,33.391615714128,115.93613543671522,197.77321116763014,281.4785367779792
20180521,3000,3040,2975,3030,60211,0,39.67366884975475,35.654592972014136,112.23051055751449,194.9240592869166,278.05963339224155
20180518,3075,3075,3010,3020,37259,0,38.67815921162743,36.840874039577294,93.37123486385073,191.68478175263698,272.7363908408529
20180517,2945,3070,2945,3015,55071,0,29.154759474226502,37.429934544425805,89.90098720259068,188.57108886453432,266.9747048983502
20180516,3155,3175,2970,2980,120151,0,19.849433241279208,37.62977544445356,86.06501902631739,184.09800756360576,261.186342590039
20180515,3225,3250,3170,3185,65578,0,71.5122367151245,65.90902821313632,85.63877626402875,183.99975467978973,257.6977362413076
20180514,3185,3235,3155,3225,52634,0,99.74968671630002,91.17154161250099,93.000000000002,184.31713310367047,256.40007800311935
20180511,3240,3295,3175,3185,96745,0,100.07996802557443,101.54924913557953,91.8078836484121,182.61866385692767,254.12573440896264
20180510,3175,3255,3100,3245,134520,0,94.88940931421166,107.93979803575695,96.0273398569406,182.70163898796739,251.92150108384772
20180509,3225,3240,3035,3175,175056,0,27.129319932501073,101.3274395215827,95.33362470818139,181.49349544512498,248.19565534742773
20180508,3200,3240,3100,3215,229377,0,25.768197453450252,97.62812094883319,101.97885810304199,179.96566030465263,245.32693605790905
20180504,3590,3670,3170,3240,1201747,0,28.21347195933177,96.98066817670417,108.7129247145912,178.2799569653199,242.40116829110946
20180503,3100,3450,3090,3450,922935,0,95.7601169589929,122.45509380993508,135.56271611324541,183.7854085309541,240.93669927091113
20180502,3040,3120,3000,3070,91867,0,124.37845472588891,115.43829520570719,133.294786094582,178.6166752200575,234.02171892916587
20180430,3095,3095,2940,3040,60122,0,146.13692209705252,105.09995242624994,131.7620962189065,174.31315609812629,225.46733872856024
20180427,3190,3190,3030,3055,102376,0,157.1114254279427,114.17092449481173,127.50882322412191,169.28025742996857,217.3648965769195
20180426,3025,3195,2970,3195,167737,-883,154.16225218904918,113.60457737256893,128.15298474869937,163.9415546264407,214.40031029726055
20180425,3125,3165,2930,3005,111746,-100,64.69930447848725,126.07140833670417,128.8940941238208,156.80089551190153,210.09709643534256
20180424,3005,3150,2965,3090,107744,0,65.00769185258002,125.30063846605093,122.28527098551311,150.1168757631528,207.3472287345432
20180423,2990,3030,2950,2965,51976,0,78.96834808959854,136.98996313599037,121.29612524726572,141.60633519255998,204.80442906996123
20180420,2985,3005,2940,3000,56594,0,82.90958931269651,139.20847675339314,120.5121881802848,136.93193260400463,202.8354560283491
20180419,2990,3030,2905,2985,105091,-195,42.82522621072771,136.57324042432325,122.5601892948945,130.99395660360705,201.00569626396586
20180418,2840,2945,2815,2945,79881,0,50.05996404313531,69.2098258919931,126.5531015028884,130.04942970527665,199.28620889454874
20180417,2780,2845,2780,2830,43750,0,60.41522986797286,91.07140056021979,139.49551964131453,133.81836259149068,197.92168414694163
20180416,2775,2830,2770,2805,29394,0,80.4114419718985,109.09285036151545,151.93316787324738,138.1710644655984,195.8045900892167
20180413,2770,2840,2765,2775,21505,0,82.07313811473277,123.19598207733887,165.4952793888707,142.95240078043415,194.30538231667285
20180412,2765,2790,2745,2765,17791,0,64.68384651518491,107.54185231806267,174.72317390661254,147.72748465408588,191.30797959197037
20180411,2775,2805,2755,2760,33556,0,26.570660511172846,112.38772174930854,182.8790583965271,152.18708789586313,187.5168696114968
20180410,2880,2885,2740,2790,83868,0,16.55294535724685,94.07975340103735,183.0810954194899,155.7157310257696,185.8121064110062
20180409,2965,2970,2880,2880,24329,0,44.204072210600685,88.03550420143,180.8825585842935,155.91210130497973,185.17555015445805
20180406,2930,2995,2895,2940,21105,0,71.10555533852471,79.47483878561818,173.79783514186929,155.61535556907558,184.6210646161651
20180405,3005,3030,2930,2960,34884,-1343,79.39773296511683,75.39893898457723,163.18298777752653,155.49330103469924,184.17194562571623
20180404,3010,3015,2860,2980,59323,0,68.70225614927067,80.59311384975766,119.7421709340547,155.73026894816434,183.8928535784587
20180403,2940,3030,2920,2960,50596,0,34.40930106817051,86.80581777738172,116.19891350610975,155.84090890677524,183.86836701536
20180402,3020,3200,2905,2960,217050,0,12.649110640673518,89.1403387922662,113.9130699261519,156.35474267049426,183.71105029367789
20180330,2900,2995,2870,2965,40945,0,7.745966692414834,85.55115428794635,110.70766685284435,153.98286340441626,183.5123699660647
20180329,3000,3040,2850,2920,51110,-500,19.8997487421324,73.62234715084816,92.19002115196835,148.88334359491282,183.2276968389199
20180328,2950,3035,2905,3000,52339,0,25.37715508089904,57.72564421468157,91.94937465801696,148.09540843659147,182.92824564719857
20180327,2910,3000,2870,2995,50344,0,28.74021572639983,33.896902513356586,84.90583018851163,146.7636753045171,182.76179377510815
20180326,2850,2940,2835,2910,36057,0,37.22902093797257,27.820855486487112,83.93263667966337,143.18344876416688,182.6126745023334
20180323,2905,2945,2835,2850,42612,0,56.39148871948674,42.95346318982906,81.89742059430426,144.75004797543133,182.6126745023334
20180322,3050,3100,2900,2950,143658,0,56.07138307550475,42.82522621072771,80.39589541761677,143.0981355185652,182.2975999034596
20180321,2845,3050,2820,3050,159556,0,68.73136110975832,52.04805471869242,86.5516464314826,136.93517829818708,182.22923216531933
20180320,2800,2845,2750,2845,83976,0,75.39230729988306,61.702917273010684,85.98546388780125,137.42298348125613,181.9764131159911
20180319,2800,2835,2770,2795,70710,-625,91.13725912051558,75.8023746329889,86.58088703634523,138.75698180632452,182.1622397678194
20180316,2900,2900,2785,2820,126114,0,95.00526301210897,81.02623032080415,83.77760739004411,138.9753175527566,181.96954396426304
20180315,2820,3265,2785,2850,1629949,-334,91.13725912051558,83.15798217850165,78.57480512225514,139.5362109513774,181.6930361213833
20180314,2805,2820,2770,2800,25220,0,22.494443758403985,82.31190679361036,75.19308478843233,139.48444258132452,181.6590021319116
20180313,2845,2855,2785,2805,45201,-29,19.849433241279208,76.81959385469308,74.04854826396243,139.00179854951725,181.85681466932428
20180312,2755,2870,2750,2845,80383,0,20.346989949375804,75.69015788066504,75.18310980533043,137.82134167908382,181.6023586484299
20180309,2685,2790,2655,2760,55985,0,32.95451410656816,81.58431221748455,81.5567287230206,140.60395521543035,181.83743884765028
20180308,2715,2740,2680,2685,18495,0,54.16641025580336,88.21706184180019,92.85035002626739,145.49427251041132,182.79882308764604
20180307,2695,2720,2695,2715,8472,0,58.1033561853358,53.301031884945715,97.46281342132687,149.15770457248868,183.48893018382955
20180306,2670,2700,2670,2695,9389,0,58.48076606885378,57.23635208501674,102.7408755072701,153.20683187551978,184.16787329923162
20180305,2690,2720,2605,2670,27365,-1,31.144823004794873,65.05574532660432,108.03789844309436,157.71246692073095,184.92136091384495
20180302,2700,2700,2645,2690,19201,-199,14.628738838327793,65.65249424050849,109.53880590914059,161.41584924935128,185.29233190797495
20180228,2715,2725,2690,2705,22447,-2,15.165750888103101,57.844619455918284,110.96480297824338,164.12994513156116,185.96564796281191
20180227,2705,2735,2700,2715,8210,-88,15.165750888103101,54.08558033339386,105.31500367943958,166.51292909427758,186.29396852378125
20180226,2685,2750,2685,2705,22202,-3,15.684387141358123,47.90876746483883,98.22677842625387,169.28893364764247,186.44776971940317
20180223,2745,2745,2685,2705,6970,-4,8.0,22.74313083108832,96.15709802193686,171.93062231286552,186.6502782984669
20180222,2715,2715,2690,2715,10378,-5,4.898979485566356,14.142135623730951,95.9374796416936,174.104534371995,186.59912747654064
20180221,2680,2725,2680,2715,24575,-7,4.898979485566356,13.820274961085254,87.96696823240171,175.79128644187446,186.27495638170544
20180220,2700,2705,2665,2700,15588,-9,6.0,13.238202294873727,59.629585777534736,177.7048700326853,186.0493839384994
20180219,2730,2730,2665,2700,21295,-12,6.782329983125268,13.076696830622021,55.944168596917876,179.48700045778676,185.9946049098248
20180214,2665,2705,2665,2700,11324,-15,7.3484692283495345,7.745966692414834,55.05622126517922,181.3793599675068,185.4600089791916
20180213,2700,2710,2655,2705,2838,1,5.830951894845301,5.937171043518958,51.75905717843373,179.68807850148463,186.01780362076946
20180212,2690,2695,2635,2690,5706,2,4.898979485566356,7.745966692414834,44.26059195266566,176.7297646754002,186.69601238824822
20180209,2690,2690,2650,2690,9056,2,6.0,8.139410298049853,40.80134801695126,174.48845870779616,187.01210132414676
20180208,2700,2740,2650,2690,38342,0,6.324555320336759,8.888194417315589,35.548382522983694,169.8432896983439,187.68412718508853
20180207,2730,2770,2685,2700,14190,0,6.324555320336759,8.789197915623474,17.356554957720515,166.78404200242494,188.35801829378488
20180206,2715,2775,2550,2730,50829,0,15.491933384829668,11.874342087037917,13.095800853723018,161.46282251823638,188.49225871963142
20180205,2800,2820,2740,2770,35154,0,30.72458299147443,23.58495283014151,19.459894655428446,154.0900485286297,188.20200066832925
20180202,2820,2840,2760,2830,36055,0,51.22499389946279,43.384905209070126,33.45145736736103,133.03015009137283,188.03560537540528
20180201,2765,2820,2765,2810,55477,0,48.33218389437829,50.202091589892945,39.53716605929631,129.73463835417553,187.18083483776275
20180131,2820,2825,2750,2765,28212,0,35.270384177096794,49.90991885387112,39.34145396398527,127.35012978224779,187.01488632817333
20180130,2830,2845,2785,2820,32241,0,26.5329983228432,54.057839394485605,44.05678154382561,124.04331120844579,186.34495621921084
20180129,2770,2855,2770,2830,33394,-524,24.166091947189145,54.95680121695585,48.945760797032996,114.55226851626276,185.3633069287496
20180126,2815,2820,2775,2790,32572,-757,23.15167380558045,49.5,50.18465901050213,112.15103283816154,184.44579149442876
20180125,2790,2800,2760,2795,17818,0,23.021728866442675,41.09744517606904,51.05144464165899,106.52060311924909,183.81168182410576
20180124,2775,2815,2765,2790,31467,-242,16.73320053068151,30.099833886584822,51.290228114138586,104.7500662953898,182.69987152584935
20180123,2820,2820,2755,2775,44017,0,18.275666882497067,22.830900113661748,51.09977984297361,101.93938830937009,182.8113734533363
20180122,2795,2815,2730,2790,61869,0,6.782329983125268,21.1482859825566,51.163952153839446,99.32476892609341,182.5779466343855
20180119,2690,3130,2655,2795,603599,0,7.3484692283495345,18.547236990991408,50.38042774729461,97.64088823620548,183.04591105938928
20180118,2710,2710,2640,2690,18761,0,39.57271787481876,36.11094017053558,51.00183820217045,98.62171695704328,184.40301576229305
20180117,2690,2690,2640,2685,13190,0,49.05099387372289,46.73328578219169,51.94708846509468,99.71246857283435,185.78370039736959
20180116,2690,2710,2660,2690,11475,-1719,51.088159097779204,50.60632371551998,52.79382066113772,100.62996019520465,187.13935686780354
20180115,2670,2705,2655,2690,15687,1,42.5440947723653,49.48737212663449,52.79382066113772,101.47779587454158,188.4696962084226
20180112,2695,2695,2635,2670,17482,0,7.745966692414834,52.54521862167861,54.20966242285938,102.64863883927113,190.00102338907303
20180111,2700,2720,2655,2695,15866,0,8.602325267042627,50.00999900019995,53.91892061234509,103.42657083919542,191.21257803817764
20180110,2710,2710,2650,2700,22894,0,10.198039027185569,45.78209256903839,53.91892061234509,103.45073975354208,192.32479400455637
20180109,2685,2700,2650,2690,11840,0,10.198039027185569,42.15744299646268,55.54502678008512,102.32695419856427,193.54629075927238
20180108,2695,2730,2625,2685,24251,0,10.295630140987,32.848135411313685,57.3427196773956,100.53644308850585,194.77914398251593
20180105,2690,2720,2670,2695,5683,0,5.0990195135927845,7.681145747868608,55.3511517495379,97.69496177160322,195.7333787466043
20180104,2730,2730,2660,2690,9751,-1936,5.0990195135927845,7.681145747868608,54.20101475065179,95.29719594801826,196.81519814848724
20180103,2715,2715,2650,2700,5932,0,5.0990195135927845,8.200609733428363,54.34323784980402,92.48963905937109,197.042913402711
20180102,2725,2725,2695,2715,3688,0,10.295630140987,11.0,50.65570056765944,89.04290476443515,194.7979544439868
20171228,2675,2740,2670,2690,10827,0,9.273618495495704,11.0,45.48626166218073,87.12443208805452,190.82458131315076
20171227,2695,2695,2640,2680,11366,0,11.832159566199232,9.16515138991168,43.41370751272428,81.8426674920945,190.2487224369583
20171226,2690,2730,2675,2695,6738,0,11.575836902790225,9.16515138991168,39.55692101264167,75.8939318317886,189.04793906280696
20171222,2675,2700,2590,2690,25823,0,11.575836902790225,9.0,35.28101472464153,73.28028384224001,185.8621801228153
20171221,2685,2700,2645,2675,12722,0,7.3484692283495345,10.5,32.01171660502405,72.52178791385016,185.66283284493375
20171220,2740,2740,2630,2685,25267,0,7.0710678118654755,10.5,24.67159297654638,67.62930002758745,184.059541807974
20171219,2750,2750,2635,2715,82150,0,13.2664991614216,12.658988901172163,10.70922499531934,54.085516134680084,179.65545728794064
20171218,2730,2780,2730,2750,38928,0,26.94438717061496,21.02974084481309,16.678953804132096,52.11125918007075,177.95656753983891
20171215,2730,2770,2720,2745,14287,0,30.397368307141328,25.079872407968907,19.84155991852386,51.46897663209096,176.12700594238208
20171214,2735,2770,2700,2730,44753,6258,23.45207879911715,26.119915773217954,20.992558205239604,50.10793904716811,174.14433668657054
20171213,2730,2760,2700,2735,15176,1,12.24744871391589,26.92582403567252,22.254213084276255,47.54493488619455,172.9434517407514
20171212,2740,2760,2690,2735,43029,1,7.3484692283495345,25.83118270617898,22.162750280603095,46.582960642507054,170.5703209090186
20171211,2775,2815,2740,2740,22166,1,5.0990195135927845,25.787593916455254,23.313086453757524,45.45594631678772,168.0448797114264
20171208,2770,2795,2710,2780,64382,2,18.275666882497067,29.223278392404914,28.133609793277017,43.28394621564818,165.46139193850553
20171207,2805,2825,2785,2785,24749,2,22.58317958127243,27.477263328068172,31.948200262305427,43.75587262171806,164.77694835242835
20171206,2820,2845,2815,2845,15909,3,39.57271787481876,36.0416425818802,41.76945654423065,46.143721734973916,164.17266803753006
20171205,2850,2875,2810,2840,18041,4,39.57271787481876,40.99085263811915,48.23380557244444,48.36464503010493,163.59604191593706
20171204,2850,2875,2830,2850,13199,5,30.822070014844883,47.01329599166602,53.72615750265761,50.61146938523439,163.1512111764384
20171201,2910,2985,2825,2850,24279,7,24.779023386727733,49.98999899979995,58.05385430787841,52.230458865804934,162.6268682103125
20171130,2900,2930,2865,2880,36874,10,14.0,52.478567053607705,64.37148048631764,55.15955392212777,162.40501497458246
20171129,2850,2950,2800,2930,111642,-189,32.863353450309965,59.03600596246328,72.97730811697821,60.27345094557097,161.61405931004924
20171128,2790,3065,2780,2850,233248,9,31.240998703626616,51.38093031466052,72.27508215146057,61.774399138220424,160.768332072046
20171127,2785,2830,2785,2790,15624,0,45.60701700396552,43.76071297408213,69.92853494819101,61.86320033392102,160.64280057010157
20171124,2875,2890,2805,2810,26411,0,49.95998398718719,40.44749683231337,67.03730304838025,62.20993802350387,160.36325409486523
20171123,2770,2900,2750,2815,106531,0,49.4368283772331,37.0,62.21736092121211,62.692536770065246,159.8345444427694
20171122,2745,2760,2730,2760,27537,-2389,29.664793948382652,45.12482686947397,57.69044548276926,62.56529922142136,159.0360229546363
20171121,2745,2760,2720,2745,41343,0,27.459060435491963,52.92447448959697,55.90784828626811,62.24832661739587,158.3666631586502
20171120,2775,2805,2740,2745,40958,0,31.144823004794873,57.716981903075975,56.13376880274807,61.92064814475056,157.70997907553394
20171117,2735,2795,2730,2775,21077,0,26.0,57.879184513951124,55.08856505664649,61.65512279337387,157.21521320754627
20171116,2800,2815,2720,2775,42539,-1505,13.416407864998739,53.59337645642417,53.08660377157661,61.43079891678854,153.90603532135654
20171115,2815,2870,2780,2785,44283,-2,16.73320053068151,31.304951684997057,51.02144157117057,61.024585209564236,149.57564395279792
20171114,2850,2875,2800,2815,57711,4,22.44994432064365,25.20416632225712,48.509663985646945,60.93775284847321,145.8690372960346
20171113,2935,2935,2825,2845,76740,0,27.27636339397171,31.63858403911275,46.478489648442455,61.365480705536925,140.61471567333956
20171110,2805,2930,2805,2910,166532,0,48.620983124572874,48.590122453025366,50.274247881001386,63.85769770008143,137.0184496904004
20171109,2815,2830,2790,2830,27099,0,41.54515615568198,49.34825224868658,49.66072391740149,64.29986175896232,132.03954978845746
20171108,2845,2845,2770,2815,38239,0,35.298725189445584,47.791212581394085,49.40331466612714,64.62901610129671,126.08063447212685
20171107,2865,2900,2710,2825,75426,0,33.91164991562634,43.77213725647858,49.21889880930264,64.54778591606465,111.54812582470909
20171106,2825,2890,2800,2865,78212,0,34.84250278036869,40.049968789001575,49.78139712784659,65.56988426268326,108.99222704193484
20171103,2830,2880,2805,2825,42668,0,17.204650534085253,36.59234892706397,49.34318595308143,66.01194125980808,106.80485027222204
20171102,2830,2895,2770,2880,52241,-972,25.612496949731394,34.60130055359191,49.34318595308143,67.25877679199219,104.48082625802998
20171101,2970,2970,2820,2835,101156,0,22.44994432064365,29.618406439239774,42.58741011144458,67.33931491582615,98.0190953618764
20171031,2950,2970,2885,2940,105735,0,40.66939881532551,39.319206502675,50.1566296714639,70.82254819852803,97.0340629624724
20171030,2970,2995,2815,2915,401619,0,44.429719783046124,42.649736224272246,53.77964298877757,73.15622552683293,93.85046468839283
20171027,2705,3445,2705,3045,2150805,0,70.46985170979147,68.56566195990527,71.77177369969598,81.05874927071645,95.33926992008037
20171026,2615,2655,2590,2650,2888,0,131.85598204101322,96.57768893486735,82.53181204844816,82.65473704244107,94.34363901306357
20171025,2580,2650,2560,2610,5984,-48,171.0730837975396,122.20474622534103,94.42060156555016,85.2514255338587,94.08173714326223
20171024,2650,2680,2580,2580,2960,0,185.60711193270586,144.99051693128072,107.1012955103736,88.62604802702396,94.85515273302224
20171023,2670,2700,2650,2650,3043,0,171.0438540258024,151.69377047196105,112.016739820441,89.35459168702535,95.55234167724495
20171020,2670,2695,2660,2670,3110,0,32.49615361854384,155.50321540083985,115.8584804837366,89.60406736799591,96.08581776206599
20171019,2740,2740,2590,2670,3030,0,35.552777669262355,154.4190726561975,119.3461352537248,89.92527762289652,96.62556597508213
20171018,2690,2720,2680,2720,2450,0,45.34313619501854,152.41391012633986,120.53500528892167,89.5822092952707,96.77607852669452
20171017,2680,2710,2635,2690,815,0,23.664319132398465,138.2208377922808,122.54692978610429,89.25789725409,97.11203974736515
20171016,2740,2740,2595,2680,6568,0,18.547236990991408,122.10753457506216,124.01083622006738,89.4804059867579,97.53666511456908
20171013,2665,2720,2660,2720,1437,0,20.591260281974,42.0,120.94704419703845,89.2675052860752,97.2485986046096
20171012,2660,2720,2660,2720,2407,0,17.435595774162696,44.82186966202994,120.62830306358609,88.91674476722295,96.25139789752212
20171011,2770,2770,2630,2660,6362,0,23.323807579381203,40.29888335921977,122.1525685362382,89.36100317749546,95.34344898257966
20171010,2655,2745,2655,2740,5028,0,29.393876913398138,29.257477676655586,121.20514634288584,88.9386102257527,93.49976789932201
20170929,2650,2735,2615,2730,7477,0,28.0,27.568097504180443,118.52320447912456,88.49964689194798,91.97032092235193
20170928,2635,2650,2595,2650,4794,0,37.416573867739416,30.265491900843113,118.86415565678483,89.37417443285855,90.94640324880206
20170927,2665,2665,2575,2635,8256,1,43.31281565541543,34.96069221282668,116.16690578646043,90.73997495897282,89.91499650907531
20170926,2545,2680,2545,2665,9813,0,42.82522621072771,34.84250278036869,114.04385121522499,91.14716427599386,89.23046782850392
20170925,2725,2780,2700,2700,8983,0,34.55430508634199,35.0,101.93134944657788,90.8675776427771,86.71068593639608
20170922,2870,2870,2790,2790,3872,0,55.37147279962851,45.760244754590204,92.23441602786008,90.43456044135833,84.04404227350926
20170921,2870,2895,2825,2870,2397,-321,86.4060183089118,68.47627326307996,62.46999279654491,90.77945649882311,83.51969785960853
20170920,2890,2890,2805,2870,3440,0,84.75848040166836,82.66801074176153,72.94861204985584,90.77199763999398,83.72274639483366
20170919,2855,2880,2805,2870,4427,-441,67.52777206453653,88.43641783790206,78.52706539786377,90.82717869056835,82.50251469234313
20170918,2860,2890,2800,2855,4755,0,31.04834939252005,93.46255934865042,77.93386619435977,90.99187234766023,78.55195555953362
20170915,2810,2905,2810,2850,6151,0,8.717797887081348,96.05857587951219,80.11671173981351,91.34682838257238,78.60050846247928
20170914,2800,2810,2745,2810,11048,0,22.0,86.69054158326617,80.00742153075784,91.29393919276852,78.67439051067981
20170913,2840,2855,2795,2800,11781,0,27.129319932501073,69.28924880528002,78.94420498048208,91.06255481199987,78.55991167400167
20170912,2895,2925,2815,2855,7254,0,23.958297101421877,51.146847410177685,81.70679286326427,91.28922292484381,78.61110988420748
20170911,2875,2960,2875,2895,2084,0,34.14674215792775,32.94313282005827,85.31229395579733,92.10350457802996,79.52371239660572
20170908,2940,2940,2890,2915,2851,0,45.27692569068709,32.848135411313685,88.47315977176565,93.28998249186772,80.69988985263215
20170907,2855,2925,2820,2910,8099,-566,43.01162633521314,36.207733980463345,91.66378783358438,94.50525411613485,81.49845559207631
20170906,2850,2875,2810,2855,11103,-2833,26.153393661244042,36.19737559547653,91.2671216813611,94.82568071056437,81.9720480814736
20170905,2880,2880,2835,2850,6381,0,27.386127875258307,36.22499137335991,86.34632302536323,94.87213617402055,82.10299045510726
20170904,2885,2920,2840,2880,18848,-2664,26.94438717061496,36.68787265568828,86.40710329596968,95.32779704204106,82.71096763230042
20170901,2920,2965,2900,2930,12984,-1598,30.983866769659336,41.593268686170845,87.81336743344018,96.63361503925665,83.88110592118083
20170831,2965,2975,2910,2920,13433,-608,32.802438933713454,38.71692136521188,80.68263443889505,97.68728451316098,84.62908245530639
20170830,2960,2985,2940,2965,7642,0,40.049968789001575,35.7246413557925,71.00132041025978,99.46869272958729,86.25346208835371
20170829,2970,2995,2940,2960,20882,0,30.72458299147443,37.094473981982816,60.30132668524278,100.19740931447805,87.80042671058283
20170828,2990,3005,2960,2965,15519,0,19.131126469708992,40.43513323831146,50.330780840360234,102.21980673474503,89.41685111819686
20170825,3015,3015,2980,2995,11300,0,23.958297101421877,47.02127178203499,51.66236541236157,105.15659618978731,91.46104779573548
20170824,3025,3035,2975,3015,11462,0,21.447610589527216,54.13178363955875,57.992995266673134,108.53686009830855,93.8036420609234
20170823,2995,3025,2960,3025,9457,-1321,26.0,53.5,63.769114781376516,112.0200874843429,96.28833111202162
20170822,2960,3000,2960,2995,9733,0,20.591260281974,42.89522117905443,66.02035670912701,114.22015170518479,98.06417081292852
20170821,3010,3050,2945,2960,49181,0,22.271057451320086,32.49615361854384,65.43126164151485,115.30647567822565,99.09078854770013
20170818,3020,3055,3005,3030,11569,0,25.495097567963924,33.1058907144937,67.86199230792133,117.97889994966596,101.26627955546232
20170817,3025,3060,3015,3020,4186,0,25.96150997149434,27.129319932501073,65.21886230225404,120.41825258471222,103.13299632300338
20170816,3030,3055,3010,3025,6739,0,25.96150997149434,26.90724809414742,59.79705260295337,122.80234796886704,105.02578221827561
20170814,3015,3065,3015,3025,4339,0,26.19160170741759,24.438698819699873,57.992995266673134,125.0776425532027,106.70412753656001
20170811,3100,3155,3010,3035,11465,0,5.0990195135927845,21.70829334609241,58.56353387561557,127.59299440887158,108.46286326821036
20170810,3095,3165,3055,3100,9285,0,29.899832775452108,33.1058907144937,64.4476531768254,131.8587996895001,111.4203673656396
20170809,3125,3180,3055,3100,22315,0,35.298725189445584,40.12792045446661,68.34654343857027,135.62353429827635,114.2793771494748
20170808,3105,3145,3095,3130,4738,0,40.8166632639171,49.658836071740545,68.9723676554631,140.33142813433656,117.82542848310587
20170807,3100,3180,3075,3105,9531,0,31.52776554086889,50.20956084253277,64.1599563590903,143.90243125890026,120.81770013815016
20170804,3250,3250,3100,3100,35016,0,11.661903789690601,41.0,59.81220611213377,147.13995605092117,123.63193020685227
20170803,3230,3300,3170,3210,16712,0,42.0,57.14017850864661,69.14839115988435,153.73793990641042,128.78435356139963
20170802,3230,3360,3175,3230,8146,0,54.405882034941776,67.11184694225007,76.2381138276674,160.45689971661278,134.06154655192626
20170801,3260,3335,3205,3230,34273,0,59.665735560705194,70.46453008429134,83.11851478461567,166.78795586679135,139.1349202812583
20170731,3210,3330,3160,3280,75720,0,59.665735560705194,75.1065909225016,92.11236344812987,174.330684332967,145.18230278402442
20170728,3255,3350,3210,3315,131531,0,38.67815921162743,78.39005038906404,101.59816681417226,182.61708572858305,151.74457705853015
20170727,3200,3235,3170,3225,25217,-1375,35.6931365951495,74.50671110712108,102.49969512149961,187.45925483214458,155.85006594660496
20170726,3225,3225,3170,3200,17441,0,41.593268686170845,67.83251432757008,102.05880657738642,190.49458653725762,159.2699490383301
20170725,3260,3335,3180,3225,73717,0,42.118879377305376,63.52952069707436,102.35233265539371,192.04571215092616,162.97347688097074
20170724,3260,3260,3185,3220,61955,0,40.07492981902776,52.58564442887431,99.55243593202717,191.9707008894871,166.46412693298586
20170721,3065,3450,3030,3260,441621,0,19.339079605813716,33.425289826716536,94.01163491823964,191.5471366414977,170.58526195784893
20170720,3050,3055,3000,3055,9199,0,71.17583859709698,64.76109943476871,92.51891698458415,188.57423751816327,170.95522074509967
20170719,3015,3050,3000,3020,11861,0,98.35649444749441,88.94380248224157,92.51891698458415,185.53367094831253,170.9201760975807
20170718,3030,3050,3005,3050,7187,-141,98.71170143402453,99.27235264664579,90.91582645502582,182.48475963762348,171.13870572499968
20170717,3030,3030,3000,3030,8508,0,89.42035562443263,103.58571330062848,90.5621333670998,180.22460909160958,171.13111749476144
20170714,3020,3060,3010,3030,15881,0,13.2664991614216,95.94399407987974,90.90207643393177,177.06046911217518,170.89648731031858
20170713,3095,3095,3040,3060,3435,0,14.696938456699069,92.57429448826494,92.53208902861954,173.60177530454655,171.09400843462677
20170712,3090,3090,3025,3075,11886,0,17.435595774162696,88.60727961065051,93.41439931830838,171.04815761131033,171.4228395825991
20170711,3090,3090,3050,3090,20368,0,24.0,78.63841300535,94.29872745695126,168.39883214163976,171.7587485641978
20170710,3080,3105,3075,3090,5127,0,22.44994432064365,65.56675987114203,94.71635286475284,163.6687881736276,171.98334463935558
20170707,3100,3110,3060,3080,9177,0,11.135528725660043,24.310491562286437,95.3398526325711,160.8398962391603,172.1352373297275
20170706,3135,3135,3075,3100,3572,0,8.717797887081348,27.31757675929547,94.81923591761522,157.66789992470999,172.3798645675864
20170705,3140,3145,3075,3115,16584,0,11.832159566199232,27.40437921208944,92.85068658873973,151.58447864695265,172.8085806768914
20170704,3110,3110,3075,3110,3578,465,12.806248474865697,28.478061731796284,90.527620094645,144.13092042384272,173.24652774300029
20170703,3075,3120,3075,3110,13705,0,12.489995996796797,24.879710609249457,83.92556225608723,137.17717152970766,173.39041027405813
20170630,3065,3120,3065,3105,9930,-1140,5.0990195135927845,16.889345754054535,71.45802963978487,130.93562879862347,173.31081584510278
20170629,3135,3135,3070,3085,12122,0,10.488088481701515,13.19090595827292,66.80007485026026,127.32643414992589,173.12710086974204
20170628,3120,3120,3080,3120,15058,1795,11.575836902790225,12.932517156377562,63.32653472281878,125.95002867099457,173.16418028374014
20170627,3100,3125,3065,3115,13300,0,12.083045973594572,13.076696830622021,56.802288686287746,124.36907439821543,172.91343370473538
20170626,3110,3120,3085,3100,9609,1120,12.24744871391589,12.409673645990857,49.21889880930264,122.50838973538825,172.55513913434473
20170623,3110,3140,3085,3110,12384,-1712,12.409673645990857,9.539392014169456,30.67979791329096,120.18073773373375,172.53089497892444
20170622,3100,3120,3075,3110,20171,0,6.6332495807108,9.273618495495704,30.556300495975826,117.50989911020778,172.75824067820525
20170621,3120,3120,3080,3100,10541,-122,6.0,9.233092656309694,26.752336346576772,113.20124042313189,172.8028289940296
20170620,3130,3130,3085,3120,15213,0,7.483314773547883,10.062305898749054,25.95549074859446,108.2439053968305,172.84044002588016
20170619,3190,3190,3100,3130,29268,-3343,10.198039027185569,12.134661099511597,22.82953131363788,105.0038359087802,172.95903095500813
20170616,3190,3190,3140,3170,9369,-1124,24.166091947189145,21.656407827707714,22.442983313284635,103.24495548614405,173.43562186172187
20170615,3170,3170,3140,3170,14136,4048,27.85677655436824,24.336187047275914,24.21130934089217,101.82010279574416,173.88269812819212
20170614,3155,3170,3145,3165,9269,0,21.540659228538015,27.09243436828813,25.567313116562964,99.98260265334139,174.54146275950856
20170613,3150,3175,3150,3165,16612,-2264,15.165750888103101,28.61817604250837,27.115493725919368,95.9839034537817,175.17681543707027
20170612,3155,3175,3140,3165,11916,-319,2.449489742783178,27.518175811634027,28.08358061217217,91.30017646327386,176.12061839043426
20170609,3175,3175,3140,3155,18245,-4928,4.898979485566356,25.787593916455254,27.184554438143227,87.27268091067276,176.89426671667175
20170608,3145,3175,3125,3175,17141,-1827,6.324555320336759,24.295061226512683,28.481353549302614,85.0071892384699,177.87683004448186
20170607,3175,3205,3145,3145,24366,0,10.198039027185569,17.578395831246947,28.45500834651736,81.78269818381557,178.5220525982595
20170605,3175,3175,3160,3175,7823,926,11.661903789690601,13.6106575888162,29.533878851251025,80.14721697533714,179.54245474417024
20170602,3170,3190,3165,3180,3826,0,13.564659966250536,9.759610647971568,30.553232234910475,78.22949678139048,180.69380177528748
20170601,3180,3200,3165,3175,5244,-1826,12.649110640673518,10.04987562112089,30.581857366752146,76.18959355889501,181.51101416689787
20170531,3165,3190,3155,3180,7480,0,13.19090595827292,10.770329614269007,28.760867511262113,74.93311832711356,181.9432098134722
20170530,3180,3185,3155,3160,14987,0,7.3484692283495345,11.01135777277262,28.252212302762636,73.84344362683575,182.28087587111355
20170529,3185,3185,3165,3180,13709,0,7.745966692414834,11.575836902790225,27.97766966708222,73.10361748157143,182.7908451087268
20170526,3175,3200,3170,3185,8119,0,8.602325267042627,12.409673645990857,26.233328038973106,71.50874072449506,182.83564549588226
20170525,3230,3245,3165,3175,61024,0,8.602325267042627,11.224972160321824,24.320773014038277,68.31600390019884,182.5659650570974
20170524,3195,3215,3180,3210,11575,0,16.30950643030009,15.819292019556375,24.0104144070937,67.73903150246548,182.5664072483289
20170523,3195,3210,3170,3195,10916,0,12.409673645990857,12.658988901172163,19.92956346738113,66.49874685538431,182.639881704123
20170522,3215,3215,3180,3195,7361,0,11.661903789690601,13.047988350699889,17.28438601745438,65.25505514690337,182.64626939039687
20170519,3230,3250,3195,3215,5240,0,14.0,16.0,16.753730927777625,64.18268198408256,182.8774635286533
20170518,3200,3230,3165,3215,18306,0,9.16515138991168,17.435595774162696,18.614510468996293,63.240941380326596,183.30227009567966
20170517,3095,3210,3090,3200,30685,0,9.16515138991168,17.204650534085253,19.032866310684067,63.31118033616819,183.74857803684594
20170516,3130,3130,3090,3110,17016,0,39.319206502675,29.171904291629644,24.314347616178654,63.19722216120061,183.86532189956196
20170515,3145,3175,3090,3130,20816,0,44.87761134463375,34.0,26.343879744646053,63.19722216120061,183.60396218644874
20170512,3145,3180,3135,3145,4370,0,40.620192023179804,35.832945734337834,27.110883423458787,62.94706771039138,183.27665317009036
20170511,3145,3180,3130,3145,4986,0,29.899832775452108,37.26929030716845,27.563562904682197,62.62603957888926,182.99210194707146
20170510,3145,3160,3115,3145,8921,0,13.784048752090222,36.43144246389374,28.301943396176394,62.13471028519793,182.96606679171313
20170508,3160,3215,3110,3145,11748,0,6.0,36.01735692690401,28.301943396176394,61.22652611412184,182.60803024056958
20170504,3145,3185,3145,3185,3734,0,16.0,35.28809997718778,28.42094298225118,60.479335313834554,182.89111438839691
20170502,3195,3230,3145,3145,15618,0,16.0,31.06847276581197,29.037691023915322,57.928296194547364,182.54177604046558
20170428,3220,3220,3170,3195,7500,0,22.271057451320086,27.69927796892908,29.473505051153527,53.93224916506996,183.12798632379355
20170427,3195,3225,3170,3215,7968,0,27.85677655436824,30.397368307141328,30.85854824842498,53.69118228870308,183.74978741486353
20170426,3180,3225,3180,3190,14268,-1240,22.891046284519195,27.640549922170507,30.8463936303804,53.526408331701795,184.38177482846953
20170425,3190,3280,3190,3205,46511,-1240,24.08318915758459,27.572631357924475,31.483130403445788,53.06828672153208,181.94137773074917
20170424,3210,3210,3175,3190,12858,-1220,9.695359714832659,26.5329983228432,31.56342820417916,52.46500156191807,178.48493847912357
20170421,3270,3270,3200,3210,18620,-1212,10.295630140987,26.100766272276374,32.337091705970906,50.94461862326418,174.350934221462
20170420,3280,3280,3195,3235,44522,-1890,16.55294535724685,27.115493725912497,33.94480814499284,51.13564477612331,171.63209603362836
20170419,3220,3265,3210,3250,12094,-1580,21.587033144922902,27.40437921208944,37.09026152510079,50.367744859438204,169.25480052278513
20170418,3245,3275,3200,3220,11366,-1500,20.591260281974,27.244265451650556,37.87809393304225,49.6025172972652,166.4273281512486
20170417,3210,3250,3205,3245,5719,-666,15.033296378372908,20.79062288629179,39.61060464068142,48.565248206270326,164.5630525479421
20170414,3230,3250,3210,3210,11943,-1430,15.033296378372908,19.77371993328519,39.442204552995925,46.35281365070164,161.7108992324372
20170413,3275,3290,3240,3250,10928,-1230,16.73320053068151,22.073740054644116,41.78142529881397,46.14168999461252,158.8386180915402
20170412,3280,3280,3220,3275,18958,-1405,23.021728866442675,24.879710609249457,41.80610003337279,47.11864457590086,156.81356145296726
20170411,3310,3310,3255,3280,4732,-1562,25.019992006393608,27.663152387246107,42.64973622427661,48.47135465639121,154.67867679665346
20170410,3325,3325,3240,3305,21472,-2482,32.155870381627054,29.765752132274432,45.727453460698776,50.60817621692639,151.3851267371742
20170407,3300,3310,3265,3295,8667,-1940,18.81488772222678,29.837057495671385,46.41928478553254,51.72577264342278,149.42414928282847
20170406,3270,3290,3250,3285,5229,-312,10.770329614269007,30.004166377354995,45.196791921555366,52.76592703212078,146.97760009798674
20170405,3270,3300,3230,3270,19678,-1930,12.083045973594572,29.837057495671385,42.02603359823971,53.48520044526551,142.3056606100926
20170404,3300,3310,3250,3270,27778,-2552,13.784048752090222,26.081602711489953,41.27347816698239,53.96500923956012,136.8647954085727
20170403,3290,3300,3260,3270,12248,-1920,10.295630140987,24.879710609249457,35.9956594605568,54.30981085917321,131.8482331972276
20170331,3270,3350,3260,3290,16954,-1620,8.717797887081348,14.798648586948742,35.58089374931963,54.965835348507156,127.63548765269661
20170330,3270,3340,3255,3270,16234,-1480,8.0,11.789826122551595,35.04550613131978,54.319272209198516,125.08324311570159
20170329,3320,3320,3265,3275,15691,-1610,7.745966692414834,11.789826122551595,32.48076353782916,54.590075919461626,123.94992268388772
20170328,3320,3320,3290,3290,20317,-3964,9.16515138991168,12.083045973594572,31.195953263209837,55.01363467363087,122.87934461634217
20170327,3285,3335,3285,3325,12639,-2357,19.235384061671343,16.55294535724685,30.066592756752012,56.00167408215359,122.13976937876284
20170324,3325,3335,3280,3330,85926,-1120,25.019992006393608,21.47673159491453,30.265491900849266,57.194781716161316,121.07306678204085
20170323,3310,3330,3295,3325,23704,-1240,22.22611077089287,24.19194080680589,31.10868046061055,57.959756153189204,119.70100917381934
20170322,3300,3320,3270,3290,11544,-1060,18.05547008526779,23.13547060251855,30.622703995571204,57.21280936607993,116.88740278817113
20170321,3275,3310,3275,3300,13431,-520,15.937377450509228,21.80022935659164,27.816362091408944,57.12534950054514,113.73317183218201
20170320,3300,3300,3265,3295,3756,-530,16.30950643030009,19.974984355438178,26.551836094710524,57.02697948245894,111.57825324511447
20170317,3260,3305,3240,3295,10786,0,12.409673645990857,19.80530232033836,20.265426223012742,57.59195545679325,110.08323082260097
20170316,3210,3300,3200,3265,20675,0,12.409673645990857,20.591260281974,19.039432764669556,57.556433659144425,108.54011515209923
20170315,3280,3280,3200,3210,25752,-1357,33.85262175962151,33.41032774457623,25.703842125261595,57.131913634670944,106.4342438498891
20170314,3320,3320,3275,3280,16834,0,31.52776554086889,33.61919094802848,25.703842125261595,57.17243654073142,103.53085959701914
20170313,3275,3305,3275,3280,15024,1963,29.563490998188964,31.796226191169293,25.39192785119658,57.148685218701225,100.29162339014692
20170310,3205,3280,3170,3275,10942,0,26.570660511172846,28.464890654980568,25.39192785119658,56.79177366097622,97.52733769170109
20170309,3280,3280,3210,3210,2756,0,33.52610922848042,31.622776601683793,30.13614938907047,56.441894900897886,95.26715906980287
20170308,3190,3300,3190,3250,7637,0,26.90724809414742,31.368774282716245,30.800771094249775,55.5000000000362,92.90204481368797
20170307,3155,3210,3150,3190,16949,-404,35.552777669262355,36.40054944640259,36.47858961089878,55.29183936173602,91.05248791529262
20170306,3185,3185,3170,3185,8907,0,35.014282800023196,39.16631205513228,41.506023659227736,55.222026603758785,89.01988502893344
20170303,3230,3240,3200,3200,44915,0,23.15167380558045,37.11131902802701,44.05678154382561,54.90768768278893,87.02825211777875
20170302,3230,3240,3220,3230,15193,-40,24.979991993593593,35.6931365951495,44.77722635448038,54.53203696506841,85.63365730773094
20170228,3270,3270,3225,3240,7215,0,22.0,35.05709628591621,45.03540274051485,53.774929619290056,84.56736302438381
20170227,3240,3285,3225,3270,7854,795,30.0,33.85262175962151,44.65072787760993,53.57464937411735,83.83133488345742
20170224,3270,3295,3245,3290,9372,-1291,31.368774282716245,35.34119409414458,42.804789451653335,53.69564435060161,82.72125213972906
20170223,3310,3320,3270,3270,39685,0,21.908902300206645,34.78864757359791,39.82775414205994,53.31217028037863,80.58169595032933
20170222,3330,3330,3285,3310,31780,0,23.323807579381203,40.5,38.67411925306603,54.023850185755805,80.14375105610203
20170221,3305,3335,3290,3320,36374,0,20.396078054371138,46.6074028454708,40.474529027530046,54.73420624561437,79.59598503280475
20170220,3300,3340,3290,3320,35516,0,19.390719429665317,46.04617247937118,41.72154719087455,55.35711085512281,79.05429524846444
20170217,3255,3335,3235,3300,41594,2477,18.547236990991408,38.79432948254165,41.949374250402975,55.73224679965341,78.1840776629691
20170216,3245,3325,3215,3300,55220,0,8.94427190999916,30.083217912982647,42.174488734309186,56.069091802522635,77.41472683259148
20170215,3175,3270,3135,3215,35762,2750,39.03844259188627,33.01893396219811,43.25722483008327,55.90145098498231,76.93431541840157
20170214,3165,3165,3130,3165,7584,0,59.74947698515862,47.4236228055175,46.690470119718995,54.09938128629312,76.4792886815211
20170213,3100,3190,3100,3135,24868,3379,67.86751800382861,63.64943047663506,53.06776328431765,53.924072134434745,76.44401546235792
20170210,3175,3175,3125,3135,17347,1535,62.289646009589745,73.21885003194191,57.8554232548719,54.250960052987374,76.19055059526228
20170209,3115,3220,3115,3150,15931,626,29.664793948382652,78.13449942247023,60.48295214356168,54.09938128629311,75.79188427682377
20170208,3115,3150,3100,3110,10225,0,18.275666882497067,81.88406438373708,66.1489795839692,55.36018424828589,76.20308210454114
20170207,3120,3175,3100,3115,28160,0,14.628738838327793,78.62728534039567,70.43614129124602,56.39148871952359,76.50561662393949
20170206,3145,3180,3115,3150,26069,2430,16.911534525287763,67.20305052599919,71.88358644364075,57.18458174099939,76.55606832401611
20170203,3125,3150,3105,3145,19544,3460,17.72004514666935,53.67494760127857,73.38426261808708,57.18458174099939,76.29693455330569
20170202,3210,3210,3095,3125,28427,1880,15.937377450509228,28.412145290350743,76.0998521680586,58.87009002884353,75.74587447517636
20170201,3140,3225,3095,3210,32630,1600,33.075670817082454,27.184554438136374,76.0242559976773,58.91354305726058,75.70491645203218
20170131,3140,3145,3090,3140,25737,540,29.223278392404914,26.272609310839304,77.4092210269576,60.00324065325991,75.85255022086712
20170126,3130,3185,3130,3140,22149,729,29.765752132274432,26.19160170741759,77.45119430970948,61.24149600832313,75.93907462936797
20170125,3200,3200,3130,3135,48941,4082,30.495901363953813,26.19160170741759,76.02466704958577,62.40236818871278,76.0654757247424
20170124,3240,3560,3140,3200,336932,4520,32.863353450309965,31.480152477394387,74.05403432629699,62.49644434333581,75.8051115068417
20170123,3215,3275,3180,3270,58913,7770,52.306787322488084,45.94562003064057,71.30217387990616,62.608738740456886,75.12600526233133
20170120,3155,3200,3100,3180,53374,3580,48.98979485566356,43.21168823362494,64.66065264131173,63.07595729668318,73.46295362674127
20170119,3140,3155,3125,3155,13578,3290,46.54030511288038,43.01162633521314,56.543677807517724,63.95506234852799,72.36768337615496
20170118,3195,3195,3115,3120,35471,6861,50.19960159204453,45.069390943299865,49.63554673820338,65.7209483769037,71.11755477539579
20170117,3115,3175,3100,3175,46692,7249,49.69909455915671,42.79310692155922,38.92621224830862,66.10702601761002,69.5183828606849
20170116,3190,3190,3100,3135,64694,3195,22.93468988235943,42.13074886588179,36.97634378897368,67.32441153766554,68.62274839462087
20170113,3200,3220,3160,3185,42637,-1614,24.166091947189145,41.620307543313515,37.513330963810354,67.39492851018495,67.71846078112515
20170112,3235,3240,3150,3200,44575,480,30.430248109405877,41.2583324917525,38.401660120369435,67.23151336161436,66.99490807772312
20170111,3175,3225,3160,3215,36180,310,27.129319932501073,40.37635446644484,39.85834291588616,66.56633074530183,66.2656690066443
20170110,3160,3210,3100,3165,65317,3950,27.92848008753788,40.311288741492746,39.7523584206066,66.5174893459825,65.43177904002452
20170109,3235,3280,3135,3160,91439,-318,20.73644135332772,27.09243436828813,37.83516882479015,66.63874415252894,64.88985058036886
20170106,3235,3350,3205,3235,175109,-2006,28.809720581775867,33.57454392839909,38.77499194068739,66.39794801049189,64.48211153756216
20170105,3310,3310,3215,3220,130653,0,30.56141357987225,35.41186241925155,39.777506206402286,66.13806056696501,63.94918501355723
20170104,3060,3825,3060,3310,1126306,0,54.644304369257,46.74398357008097,48.70510753504577,66.79752781522835,64.11511728054619
20170103,3045,3060,3005,3060,18021,0,83.5224520712844,62.85101431162428,54.357612162422775,69.4791635432567,64.823424692762
20170102,3005,3120,2985,3010,14284,1139,113.11940593903418,81.81686867633104,65.30505340324264,74.21866154968119,66.31300725019825
20161229,2920,3015,2920,3005,5292,0,122.49081598226049,96.36389365317281,74.44586959664299,78.58695643824157,68.31300510646524
20161228,2950,2990,2920,2980,15059,933,121.309521472966,108.60018416190647,84.48779497655488,83.33079162792788,70.8106703941993
20161227,2980,3015,2940,2950,6589,0,36.38681079732051,118.01377038295149,95.64387068704598,88.15091226605131,73.84799280736017
20161226,3000,3015,2930,2980,13825,0,21.447610589527216,122.28654872879518,101.33977501455375,90.92518291921427,76.08190716084516
20161223,3040,3040,2955,3000,13733,0,19.390719429665317,122.67844146385298,100.50373127401974,92.6634816599126,77.79262631086935
20161222,3000,3045,2980,3020,1233,131,23.323807579381203,111.04165884928052,101.92644406629897,94.20467522016577,78.96464354737996
20161221,3060,3060,3000,3000,15387,0,23.664319132398465,96.74838499944069,104.37761972760431,95.90109922903316,80.68042883643736
20161220,3050,3055,2985,3035,17806,2105,18.867962264113206,29.13760456866693,105.45615202538148,96.46800707432688,81.78715601424278
20161219,2985,3035,2985,3025,2889,0,13.92838827718412,23.817010727629107,105.33161918436635,97.08025746202125,83.21607375119751
20161216,3000,3000,2940,2985,5924,0,18.05547008526779,24.0,107.49883720301524,99.15318535816215,85.34143027997241
20161215,2950,3025,2950,3010,7257,1055,17.72004514666935,24.19194080680589,106.28117189794425,100.97149625294713,86.912701651384
20161214,2990,3025,2930,2995,6950,0,18.439088914585774,23.45207879911715,103.9038016628861,102.04968833314582,88.70220739773819
20161213,2880,3000,2880,2990,7262,0,14.628738838327793,17.146428199482248,99.46450371866524,103.02777403314836,90.52451325474843
20161212,2915,2935,2835,2925,13468,1112,29.223278392404914,28.81405906844782,100.15581610670633,105.84383150032816,93.60140074930143
20161209,2860,2900,2780,2890,8689,0,46.32493928760188,43.430979726457934,101.89301987869617,110.51910342662647,97.40977841348699
20161208,2760,2885,2750,2860,11892,0,53.53503525729669,56.127087934436794,97.06312379065683,115.34898737696813,101.72180881648706
20161207,2775,2790,2730,2760,5585,0,76.02631123499285,83.4640641234298,99.63558601222945,124.72736935680815,108.71783528171608
20161206,2710,2800,2710,2775,9818,0,64.389440128021,92.19680037832116,79.8510331805442,132.43761634152563,114.74219290802452
20161205,2890,2890,2720,2745,28640,0,57.91372894228103,98.79397754924133,89.58794561770223,140.51539555825087,121.22522656429435
20161202,2900,2920,2850,2890,16507,0,57.91372894228103,93.98936110007345,89.18520056601528,142.56721124517017,123.89620992323472
20161201,2905,2910,2840,2905,7624,0,68.19090848492928,84.73635583384501,88.25531145489417,143.8586304521152,126.20199169720826
20161130,2900,2920,2855,2910,9024,0,70.35623639735144,75.92759709091287,87.82795682469434,144.26817235814065,128.34111854095008
20161129,2930,2940,2875,2900,14155,0,62.849025449882674,65.14598989960932,88.00568163476932,144.20433034028983,130.5644796004724
20161128,2950,2970,2930,2930,11792,0,13.2664991614216,65.69056248807739,87.25680489222816,143.7122897396903,132.2576334176256
20161125,3030,3030,2900,2950,8964,0,18.547236990991408,71.00176054155277,85.84870412534119,141.67999937261655,133.55163769330704
20161124,3020,3055,2965,3000,5619,15,35.4400902933387,82.06856889211606,84.84692098126115,138.48184798819145,134.27945569680793
20161123,2990,3020,2985,3020,5155,0,44.27188724235731,82.22682044199448,85.84870412534119,134.85383033328284,134.8044816165162
20161122,2990,3045,2990,2990,7730,0,33.1058907144937,73.74957626996917,83.49363748214815,131.78254394604437,135.52265083334828
20161121,2970,3000,2960,2990,11877,0,22.80350850198276,45.5,81.67925073113962,128.43026642242668,136.21122664412655
20161118,3035,3065,2970,2970,16477,878,16.24807680927192,41.35516896350443,81.1553294614739,127.26315147058217,137.12979835626876
20161117,3070,3070,3015,3035,7602,0,23.323807579381203,43.5,82.70580390758785,126.45758511586179,137.47906406273012
20161116,3050,3070,3000,3035,6169,0,26.343879744638983,42.555845661906424,84.91319096583506,126.00757803491145,137.8587176847201
20161115,3150,3150,3000,3015,13899,0,25.573423705088842,33.39535895899309,86.05920926897001,125.59555348640973,138.38878783062918
20161114,3110,3115,3005,3115,6086,270,46.94677837722201,42.96510211788167,95.5284643444056,125.20150425082245,138.41934449550118
20161111,3170,3170,3030,3100,2236,0,39.74921382870358,44.844174649557324,101.44549028912213,125.12482656221454,138.4846311168291
20161110,2980,3095,2945,3070,11389,386,37.76241517699841,45.5411901469428,102.9863461823963,124.85155074016606,138.6587475202973
20161109,3040,3095,2870,3000,42097,4027,45.4972526643093,46.54030511288038,93.03863444827839,124.25609195886896,139.24147191124004
20161108,3120,3120,3025,3040,13011,0,41.47288270665544,44.395945760846224,83.04968392474696,123.55992698103033,139.56354959303894
20161107,3000,3120,3000,3110,7430,0,40.29888335921977,46.24932431938871,68.04180700128688,123.4074945950375,139.51543124530772
20161104,3000,3055,2990,3000,6085,0,42.23742416388575,41.78516483155236,63.3102479856174,121.5596275724696,139.95484762954305
20161103,2995,3120,2995,3000,42154,0,42.89522117905443,44.44378471732578,59.110066824529746,120.93257418909897,140.46395717014911
20161102,3215,3255,3000,3105,17848,0,48.41487374764082,47.193749586147526,58.04900946614311,120.51440669988025,140.3682594602408
20161101,3255,3255,3200,3255,1240,0,93.77632963600144,73.94085474215186,71.69553682064438,123.11399414996453,140.69115110769616
20161031,3300,3335,3220,3220,16850,2023,106.92988356862641,84.88227141164403,77.75924382348617,123.57925931698766,140.73613509767426
20161028,3340,3380,3275,3325,2504,1,115.12601791080937,110.50452479423636,94.54463231723085,125.4860273319604,141.48311638577525
20161027,3235,3345,3225,3345,5271,0,85.55699854482975,129.15107432770353,110.39021695784628,130.26468780483404,142.3604031148009
20161026,3280,3280,3230,3235,7142,0,49.839743177508446,122.76094655874888,113.75934027586646,131.81805642628026,142.43660870720214
20161025,3290,3350,3280,3280,13568,0,48.72371086031933,119.69231387186063,117.52100876013775,134.93043475148315,142.68539961712096
20161024,3320,3340,3275,3315,7079,1019,38.72983346207417,122.19247112649781,121.88211517692156,138.3148582040341,143.42562435712404
20161021,3295,3360,3295,3320,1428,0,38.13135192987524,104.09130607308182,122.98983697850963,142.22661397299845,144.00520823917665
20161020,3365,3365,3295,3295,7973,0,30.56141357987225,67.13605588653536,124.30406268501595,144.62967557025655,144.16994215935185
20161019,3375,3400,3330,3365,14359,0,28.809720581775867,45.13590588434002,128.577797461305,148.90563753226752,145.04907574682662
20161018,3345,3410,3330,3375,13879,0,30.72458299147443,48.59269492423733,130.03941710112503,153.1085308603815,145.8365178224035
20161017,3375,3410,3335,3370,12068,0,31.78049716414141,41.96724913548659,134.15359667187596,157.67008012514256,146.64097786395706
20161014,3415,3435,3350,3375,14370,0,30.72458299147443,44.84696199298231,136.62905986648803,162.2391924152663,147.5843449993852
20161013,3450,3450,3400,3400,6535,0,12.083045973594572,49.759421218498915,137.44180586706642,166.4359027440429,148.9661361592993
20161012,3495,3515,3445,3450,13952,0,29.899832775452108,49.216359068911224,133.6656275936352,172.43136718384858,151.09404264308674
20161011,3425,3500,3425,3480,28234,0,43.12771730569565,55.15659525387694,132.00946935731682,177.6382677428178,153.6917007808086
20161010,3470,3550,3395,3425,27732,0,36.796738985948195,53.12485294097293,129.43410485648815,183.19199097001476,155.2014763586275
20161007,3440,3505,3440,3480,15004,0,31.240998703626616,55.04770658256346,115.98787652164502,189.9207437035022,157.69960345721958
20161006,3530,3530,3440,3440,17253,0,21.908902300206645,42.82522621072771,92.39149040902183,194.8278977000593,159.47071744439788
20161005,3420,3650,3420,3495,38392,0,26.720778431774775,45.044422518220834,80.55238978453943,200.78533312969512,161.99737973706686
20161004,3375,3495,3375,3420,21057,0,30.099833886584822,41.536128851880264,77.5387000148982,203.75120994869764,163.05186206305956
20160930,3405,3475,3340,3475,43080,0,27.676705006196094,37.20215047547655,72.54782905091216,208.19880656612403,164.86100521856423
20160929,3550,3600,3455,3455,45193,0,26.19160170741759,29.257477676655586,72.8607404573984,211.9216967550949,166.37745218998586
20160928,3360,3580,3335,3540,60863,0,40.07492981902776,34.11744421846396,79.00791099630703,217.87031055704938,169.54349962147683
20160927,3420,3420,3345,3390,13633,0,51.12729212465687,40.98780306383839,69.5247258175131,219.50259426460514,170.35477176732599
20160926,3450,3450,3380,3390,3814,0,56.480084985771754,45.2658811910251,63.31419667026008,221.28003562605844,171.19181898939485
20160923,3400,3420,3350,3395,10434,0,58.42944463196617,47.81213235152768,59.41958852096144,222.88130560657612,172.07669478723068
20160922,3325,3450,3325,3400,20299,0,58.61740355901138,48.47679857416329,55.32348054850104,223.92235757562347,173.17656672857834
20160921,3255,3365,3255,3325,17084,0,27.748873851023216,59.5,52.21290549280295,223.98194061625912,173.7441246009263
20160920,3200,3275,3200,3260,21118,0,54.35071296680477,73.38255923582933,62.05642593640382,223.1464392127658,173.64353252827402
20160919,3280,3280,3205,3245,31481,0,65.0384501660364,87.27112924673314,72.10929205033408,222.06535261795486,173.47958073088722
20160913,3285,3310,3250,3280,17752,0,55.910642993977454,87.3269717784832,77.12976079309706,220.01205775038537,173.50664412512975
20160912,3260,3295,3250,3285,16538,0,27.09243436828813,85.25843066817498,81.3188170105811,217.0610993092423,173.80304446095803
20160909,3270,3360,3270,3315,5633,0,23.790754506740637,57.62161052938385,83.47866493901525,213.35976398771248,174.1665869218573
20160908,3300,3365,3285,3360,31305,0,38.54867053479276,55.065869647178005,82.93785323964187,206.6294321296601,175.04521241352984
20160907,3325,3390,3325,3360,4021,0,34.785054261852174,52.21350400040204,80.71980859739679,199.73334654540264,175.91245751322512
20160906,3400,3400,3330,3385,11295,0,35.9722114972099,50.89449872039217,80.24143256448238,191.19759630637913,176.9858555240064
20160905,3420,3420,3360,3385,3032,537,25.573423705088842,48.73397172404482,77.21722605740491,187.1251809173132,177.97880940502762
20160902,3310,3385,3295,3385,11999,0,12.24744871391589,52.52618394667559,76.00123354262332,183.06237552631418,178.92803876297447
20160901,3360,3365,3305,3320,19515,612,25.41653005427767,47.86439177509728,71.90445048813302,178.0893190383959,179.21162226698496
20160831,3440,3440,3355,3360,5221,0,25.41653005427767,38.47401720642127,70.93835351909694,172.68347730265745,179.7036719775953
20160830,3320,3420,3320,3410,11417,0,30.430248109405877,36.745748053346254,67.23977617452614,168.39116168414984,180.77493296609973
20160829,3380,3385,3320,3320,17843,4283,35.552777669262355,30.983866769659336,64.30202174115813,163.42599412443474,180.8394008198928
20160826,3420,3425,3360,3380,21961,0,34.87119154832539,27.48181216732259,48.97703543499109,160.10465327405163,181.32146100842886
20160825,3465,3465,3415,3420,19091,5558,36.0,31.64253466459348,50.68530358990042,157.53006767670283,182.21050097806008
20160824,3485,3485,3430,3465,3892,0,48.0,41.60528812542944,56.0685963797951,154.42768444235205,183.75330212454864
20160823,3465,3480,3430,3465,14548,0,55.04543577809154,48.36320915737499,60.59857671596234,150.84677656484584,185.27305299658573
20160822,3540,3540,3440,3465,7206,0,34.26368339802363,53.094255809833136,64.47673999203413,146.00406672419987,187.06029925017378
20160819,3525,3560,3465,3500,8721,0,25.41653005427767,60.72273050514115,70.7685488052452,143.5888226847922,189.2822655234127
20160818,3560,3570,3515,3525,14152,0,24.576411454889016,61.310684223877324,73.99493225890792,141.26177433719877,191.7430599570053
20160817,3575,3595,3520,3560,22762,0,36.41428291206625,67.22350779303324,76.73778404410942,138.5539154986422,194.64602844368025
20160816,3520,3555,3515,3555,35866,0,35.41186241925155,72.26513682267543,79.09804043084995,138.42594791281192,197.39902042284308
20160812,3560,3560,3515,3515,4322,210,23.108440016582687,54.49770637375485,76.62408237623713,136.56256197559554,199.38126514017824
20160811,3535,3550,3470,3545,14034,477,17.320508075688775,44.21820891895103,76.88627966029031,133.96047820990842,201.7137513904523
20160810,3480,3550,3420,3500,24483,2535,23.45207879911715,35.03212811120672,76.20039369977279,126.92788306753255,203.47433635612325
20160809,3450,3475,3405,3455,23205,1055,35.552777669262355,36.40398329853479,73.9302881098158,120.1990247695914,204.67112848016103
20160808,3445,3475,3375,3450,26247,1883,36.138621999185304,38.41874542459709,72.60509623986717,115.68263578527065,205.7190598783484
20160805,3480,3500,3425,3445,26625,0,38.39270764090493,40.98780306383839,71.1231326644178,105.06277885152974,206.83042906907625
20160804,3485,3530,3475,3480,10937,0,20.83266665599966,41.66533331199932,69.64687717335482,93.09236005175471,208.15724224731966
20160803,3630,3630,3450,3520,15702,0,27.748873851023216,41.42764777295472,63.36945241991896,86.68990073182981,209.88685774856154
20160802,3495,3585,3455,3585,21462,0,51.90375708944392,45.387222871640866,63.39163982734926,87.82969631941828,212.38598248369627
20160801,3465,3520,3455,3500,21620,23,46.62617290749907,42.21670285562339,61.5731272553244,85.29589022276879,213.88249629698927
20160729,3515,3550,3450,3460,26250,1543,42.941821107167776,43.40506882842141,49.469687688526726,84.82084878669072,214.9203825451247
20160728,3605,3640,3510,3515,18882,0,40.422765862815474,40.7308237088326,42.833252269707145,85.38682405516687,216.48450274919216
20160727,3600,3630,3575,3605,3587,0,54.092513345194085,53.29399590948309,45.27416481836382,85.56718445503175,219.06885887904065
20160726,3655,3655,3570,3600,33295,0,57.21887800367987,58.172158288995945,48.669163748726696,86.60490587852492,221.36131459049415
20160725,3660,3695,3620,3655,12460,0,69.89992846920518,66.78510312936561,56.44189490086573,90.21036371852308,224.54063833502036
20160722,3715,3715,3620,3660,8111,0,52.21110992882645,68.45436436049933,62.3317735990271,93.63682057114468,227.55066590885892
20160721,3730,3730,3655,3680,35651,0,31.78049716414141,71.87489130426563,69.6939739145385,96.80679498651793,230.90266332497154
20160720,3730,3730,3655,3690,19645,0,31.240998703626616,76.12489737267302,76.77686826121767,101.24430711021952,234.31990463540004
20160719,3700,3700,3620,3690,28633,960,14.832396974191326,81.1002466087496,82.72658278933304,105.35047328905797,237.64358232915083
20160718,3660,3720,3660,3660,23615,11,13.564659966250536,74.19737192111322,85.81812162941095,107.98984005711796,240.30362377049565
20160715,3670,3670,3605,3650,11267,13,16.24807680927192,51.15906566777779,87.2707711665273,110.13486051203961,242.71296132928697
20160714,3600,3670,3570,3630,16542,18,23.323807579381203,30.347981810987037,88.14902154874082,111.83876663406429,244.95810299361804
20160713,3670,3670,3600,3600,31539,3738,30.066592756745816,31.148836254345042,86.7770130852657,113.08732491115906,246.76878516810655
20160712,3670,3670,3615,3630,38160,3926,20.591260281974,27.244265451650556,82.81719326323714,114.92204483429374,248.89567203060273
20160711,3625,3630,3530,3630,73020,2946,16.0,28.21347195933177,77.22167765595599,116.49320437979738,250.2082327227305
20160708,3605,3625,3565,3595,39931,4190,16.0,32.745228660065884,69.2328498618999,117.48507588439544,250.62962035089168
20160707,3500,3625,3500,3565,91331,3766,24.372115213907882,38.3275357934736,64.04295433535505,117.90179529311655,250.61798272250698
20160706,3425,3485,3425,3450,28183,4927,66.58828725834597,62.96824596572466,70.25845144892088,117.9471103221268,249.44443477792126
20160705,3410,3490,3400,3450,40057,0,74.73954776421918,72.86288492778748,77.7057752036512,117.75831534690005,247.8700061132156
20160704,3400,3440,3345,3440,25881,55,66.10597552415364,80.05623023850174,82.36314406335137,117.86703902658921,246.50596891017335
20160701,3400,3430,3325,3360,51933,0,65.39113089708727,94.81561052906846,92.66168301946804,118.8153036813671,245.02437166197035
20160630,3435,3460,3380,3395,20698,0,35.832945734337834,97.44357341559268,100.71339285318697,118.9956815276453,243.78491202973044
20160629,3300,3415,3300,3400,41799,0,32.61901286060018,97.7509590745789,107.99421280791103,118.88322935649413,242.30828618841258
20160628,3240,3305,3225,3275,33446,0,55.62373594069352,105.18555033843765,125.51369447195941,121.14898426687459,241.02276287154362
20160627,3195,3330,3195,3240,112803,75,64.91532946846992,105.74024777727732,140.6938164952546,124.40246067593972,239.6830046297473
20160624,3505,3505,3305,3330,119622,0,63.608175575157006,89.81787127292652,144.3121616496696,125.3856273883177,237.79157540447787
20160623,3500,3500,3450,3475,13419,0,84.9352694703443,75.2013962636333,139.6466523050244,123.96359232544346,236.5590681169156
20160622,3515,3550,3475,3500,5288,0,105.13800454640558,81.02623032080415,133.24108788208076,120.88688468521083,235.23036876410984
20160621,3430,3605,3430,3515,30171,0,108.28665661105249,88.15327560561774,125.9057186945866,117.16607396723472,233.85429565700196
20160620,3380,3470,3365,3465,9296,0,65.92419889539804,89.79003285443213,119.72337908696184,114.24252346072076,231.2281483670025
20160617,3365,3400,3350,3380,13920,0,46.968074263269514,89.19781387455636,114.8898929410258,112.11551582584623,227.66888953895133
20160616,3465,3465,3335,3365,29483,0,61.56297588648554,89.7343301083816,110.43550153822987,111.02689864275646,223.44019520521303
20160615,3450,3485,3430,3430,11924,0,55.08175741568164,90.36730603487082,105.21287943973576,110.05857026554361,217.12797045881945
20160614,3500,3530,3450,3450,14354,0,39.06404996924922,81.4555093287127,96.27954092121739,108.92033276159056,210.8949144255641
20160613,3480,3535,3450,3500,19965,0,48.78524367060187,60.15812497078013,86.856203002436,108.08493959231055,203.82207314226423
20160610,3540,3580,3490,3510,21162,0,52.38320341483518,50.38849074937649,80.47476312484785,107.22782080953775,199.6905766151709
20160609,3555,3610,3535,3540,24466,0,40.29888335921977,55.9218204281656,78.45540134369573,106.46318482099356,195.83581115456425
20160608,3600,3615,3515,3590,29327,0,46.216880033165374,66.91225597751132,86.35537041782852,104.6442053925065,192.27201055191918
20160607,3600,3640,3560,3580,18324,0,36.11094017053558,73.37574531137656,92.26862955523059,103.52572814955613,188.1696883061481
20160603,3680,3680,3550,3585,22304,0,31.04834939252005,79.3473376995095,97.75319687867182,103.31303564091164,184.48532010256014
20160602,3550,3655,3550,3645,42531,0,33.555923471125034,81.40792344729105,104.94165045395643,101.90310621155064,181.5934055260993
20160601,3635,3690,3565,3610,40592,0,23.790754506740637,66.7757440991862,108.826409938031,101.19216455177607,179.07524314752214
20160531,3490,4115,3490,3635,416537,0,25.96150997149434,59.726459797982336,113.30931117962183,101.54418852021679,177.00447263655295
20160530,3625,3625,3490,3490,24746,22,55.5517776493246,52.87012388863866,102.98391864752658,101.37153199990178,173.09887989884032
20160527,3555,3630,3550,3585,11702,708,55.5517776493246,47.75981574503821,87.02873088814046,101.45534732091323,169.5932173614587
20160526,3750,3750,3450,3550,67855,0,50.53711507397311,43.46262762420146,77.03895118704806,101.24626193377566,165.15938745315057
20160525,3700,3700,3610,3650,34510,0,58.18934610390462,45.56314299957807,81.25384606281953,102.48766863496022,162.78332138838206
20160524,3650,3665,3540,3570,50531,0,51.807335387954474,46.04345773288535,81.44745238496029,102.64457960471861,159.44016097133954
20160523,3410,3500,3400,3490,33128,0,51.807335387954474,55.036351623268054,81.89322316285013,102.65405090240641,155.03413602605227
20160520,3500,3500,3400,3440,17860,0,71.55417527999327,69.31991055966532,83.073386231695,103.15306857075417,152.33159531287893
20160519,3460,3580,3400,3430,27128,0,83.33066662399864,74.76630257007497,79.19082964586475,103.83918522839068,149.2571827324682
20160518,3630,3675,3470,3510,67118,0,50.75431016179808,72.04165461731151,69.60423837669926,103.80617622390949,145.60643658510162
20160517,3670,3670,3575,3635,26167,0,73.37574531137656,72.04165461731151,67.79518788232961,104.77790665130404,141.0366136465994
20160516,3730,3730,3640,3670,21248,0,98.8736567544662,80.53570636680354,68.5615599297476,106.03995578191,137.58684126361862
20160513,3700,3775,3670,3730,43512,0,109.45318634009702,96.46890690787369,76.26393315323025,108.6698619162468,136.3893527940026
20160512,3715,3715,3610,3700,15166,0,76.31513611335565,103.95311443145896,79.67551380443287,110.16688729179413,131.72245653481778
20160511,3715,3820,3695,3715,23996,0,33.91164991562634,109.83624174196785,84.09667056429983,112.26085693601026,126.85369279217475
20160510,3750,3750,3660,3690,24264,0,20.591260281974,113.59577456930342,86.84612829597168,113.85431724604453,124.09270727972489
20160509,3755,3755,3650,3730,30047,0,16.0,112.96016997154351,91.5341466339222,116.23763375089597,124.71383215412425
20160504,3800,3810,3710,3755,40178,0,22.93468988235943,100.17609495283793,97.18667604152522,119.13123016240318,125.08194536209896
20160503,3775,3835,3720,3810,46094,0,40.8656334834051,76.27089877535205,106.2599995294578,123.10857899525028,127.83256600165367
20160502,3865,3900,3780,3780,25680,0,41.182520563948,49.145193050795925,111.7952928347181,126.29471155465806,130.00413989139156
20160429,4025,4025,3850,3865,74048,0,46.75467891024384,56.54423047491229,123.15107591897187,132.099998948637,132.41653555693316
20160428,3900,4195,3890,3960,333323,0,72.89718787443039,80.28231436624134,136.45763994734912,141.44048120050346,137.6550640793079
20160427,3915,3940,3890,3910,49019,0,65.26867548832288,88.29071298839986,145.24031809384186,147.62414737737416,141.63258781285924
20160426,3950,3950,3880,3925,50219,0,62.01612693485461,90.74139077620532,151.3875407687184,153.94973476216575,145.73863592064998
20160425,3990,3990,3905,3940,30158,0,32.09361307176243,91.29759032964671,159.73004570211697,160.26824302471817,149.62614870072616
20160422,3890,3960,3870,3940,55052,0,16.73320053068151,81.45704389431279,163.50745395852866,166.1360511749571,153.94253978536085
20160421,3985,3995,3850,3890,99802,0,19.078784028338912,68.78408246098802,157.11361335034076,170.1227293913531,157.03900236533846
20160420,3905,3965,3880,3930,32770,0,18.439088914585774,56.568542494923804,144.3543816446192,175.3888338964702,160.7167053389657
20160419,3890,4050,3880,3905,62933,0,20.09975124224178,48.96171974103851,123.01321067267683,179.70454146245257,163.72970081988035
20160418,3990,4040,3880,3880,56521,0,22.891046284519195,28.412145290350743,104.51554908242301,183.2309562637861,166.31019691298016
20160415,4000,4070,3950,3960,58330,0,28.91366458960192,26.057628441590765,99.96593169675543,188.8268607305157,170.53273858871677
20160414,4135,4135,3900,4080,87349,0,69.74238309665078,53.28226721902888,106.03625559213401,198.19645136414948,177.3654370611732
20160412,4260,4335,4040,4090,83345,0,87.26969691708571,69.41901756723442,113.61640506546743,207.24153916520692,183.80779514364377
20160411,4405,4450,4290,4290,41671,0,138.99640283115244,121.2115918549047,138.7486486420692,224.00451074329263,195.59586666278963
20160408,4480,4500,4345,4405,69973,0,160.0624877977348,171.62750362339946,170.13432193417168,244.43203724827498,209.92901826175824
20160407,4270,4520,4270,4425,136473,0,148.61359291801003,203.02031918012543,190.97185656530746,262.3329627274131,223.89884481244138
20160406,4115,4250,4110,4240,83352,0,121.61414391426682,196.3600010185374,190.80487415158024,270.824153690603,231.51250491186863
20160405,4170,4340,4110,4110,58139,0,115.12601791080937,186.05174011548507,183.65916121990858,274.4997976117617,236.26697469884746
20160404,4300,4335,4170,4170,47364,2,125.49900398011133,168.99704139422087,180.12131328635257,277.79558831791826,241.86281910186494
20160401,4220,4400,4220,4250,58890,385,105.94338110519222,140.68048905232027,175.9635970875805,283.4344304930128,249.11933427244452
20160331,4205,4255,4185,4215,59815,0,51.536394906900505,115.33104525668706,173.25757559195029,287.3432422885541,254.63801922208322
20160330,4090,4220,4065,4205,60267,0,47.43416490252569,104.97618777608568,173.3017599449018,287.34773745800095,259.66548659875514
20160329,4005,4090,3900,4090,50936,0,54.35071296680477,104.97618777608568,168.42951047842053,282.88832700478423,262.52835825659236
20160328,4145,4145,4005,4005,64883,0,91.46584061823299,124.41965278845622,165.21652459727014,278.8848204108031,264.1298311595004
20160325,4125,4145,4050,4145,38816,0,77.82030583337487,107.24854311364794,161.22092761177245,280.13661101923793,266.9658185309532
20160324,4160,4260,4085,4125,97885,0,66.06057825965497,72.33429338840602,156.36415829722733,280.9920916245975,268.5994410311296
20160323,4125,4160,4015,4160,52478,0,55.226805085936306,66.75514961409344,147.27185746095677,282.42151072861463,270.3896076600738
20160322,3900,4190,3870,4125,116464,0,55.09990925582364,66.06057825965497,139.70392800490748,281.8008925741125,271.8424661249637
20160321,3860,3900,3810,3895,33806,0,98.38699100999075,100.07622095183251,140.57271250139684,276.16420236279305,270.66887314374014
20160318,4020,4020,3825,3860,55216,0,128.0859086707043,116.96687565289585,142.49978070158696,269.61519646837013,269.4928074437278
20160317,3890,3970,3705,3970,40662,0,120.60679914499016,112.20962525559027,141.8756057255805,264.9770823423753,269.54467458518917
20160316,4040,4040,3890,3890,25753,0,95.63472172804185,110.72601320376346,151.77512147911585,260.06295979159916,268.85559617987417
20160315,4130,4130,3930,4000,35112,0,52.87721626560914,108.84047960203041,154.30388037894696,256.716918781954,269.25045135629574
20160314,3970,4110,3970,4090,81122,0,81.82909018191513,110.83320801997928,149.94894964620582,254.3430945047139,270.5614500698545
20160311,4000,4000,3905,3970,39601,0,64.37390775772433,104.284466724436,137.91664149043208,251.0485095886418,270.46871610022185
20160310,3885,3985,3870,3970,66768,0,64.37390775772433,97.08758932015976,118.02833346277653,248.56604029694137,269.61036701138477
20160309,3800,3890,3765,3885,23127,0,65.84831053261732,83.94790050978047,118.45990882995129,245.45598157083228,268.469010083126
20160308,3780,3850,3775,3815,33148,0,92.48783703817492,76.20531477528323,128.79513771878337,242.500859105032,267.4101484611488
20160307,3930,3930,3785,3825,36278,0,67.27555276621665,82.46969140235703,133.48127209462896,240.55699255411102,265.3904323769716
20160304,3665,3910,3665,3790,119722,0,64.5445582524197,90.48342389631374,132.26961102233713,238.11901786014207,263.8518069706562
20160303,3635,3675,3600,3670,18872,0,70.75309180523492,115.4003899473481,141.3088373032641,237.52103708001857,262.57022539485064
20160302,3540,3650,3540,3635,47630,0,78.77816956492453,138.54602123482292,149.15826326422675,234.08474249014756,261.712758016011
20160229,3610,3610,3520,3535,65351,0,105.51777101512333,161.55571794275806,169.92204094819593,235.28699968811333,261.2450125786825
20160226,3535,3650,3535,3570,49081,0,88.7130204648675,148.99748320022053,184.60007448535976,234.8071904066796,260.5981367717403
20160225,3585,3645,3535,3535,45646,0,54.53439281774392,146.7174154625142,191.25424831882918,237.28409777220125,260.381500959036
20160224,3650,3650,3560,3600,32325,0,38.600518131237564,124.77579893553076,189.89404940650556,236.6260968748676,260.0237569274786
20160223,3590,3655,3550,3610,32062,0,31.464265445104548,106.91234727570057,181.11046352985895,233.6655224651273,259.8202370016034
20160222,3475,3540,3435,3535,29491,0,31.464265445104548,98.60147057726877,175.69504830814205,230.8543311749517,259.92739370834653
20160219,3460,3490,3410,3465,18761,0,52.478567053607705,85.92002094971812,186.5851012272962,229.7056540445012,260.2826855342143
20160218,3430,3570,3410,3460,41169,0,63.82789358893179,65.42361958803563,196.09691481509944,231.20930572874354,260.85010262923123
20160217,3435,3550,3400,3400,26738,0,72.069410986909,70.58505507541948,202.07362519636345,237.57507585325246,261.6808614780658
20160216,3330,3465,3330,3460,18758,0,42.82522621072771,64.96922348312314,204.89997559785206,242.38433667767939,261.64064361047326
20160215,3300,3440,3260,3310,53738,0,59.531504264548865,89.25945328087104,208.033050258848,252.8303120013076,263.1057956834778
20160212,3430,3555,3195,3195,150750,0,101.19288512538814,122.31516668017912,206.2236346784732,266.89650251655104,266.15936120221147
20160211,3750,3750,3560,3565,115328,0,126.46738710039043,124.53915047084591,189.23596381237994,269.1011143087928,265.6673953095662
20160205,3950,4040,3880,3900,58656,0,242.47474095253716,178.91338686638292,182.7388847508936,268.034655201339,265.6778248127532
20160204,3910,4020,3880,3950,44531,0,303.50288301760827,224.88663810907042,188.4799392508401,267.4811909275339,266.309852427607
20160203,3930,4065,3860,3910,56555,0,289.74816651706357,253.09138665707295,195.13841241539393,266.9877754172166,266.17564167713783
20160202,3835,3935,3820,3930,47820,0,144.02777509911067,273.0219771373726,202.50231480158536,266.86914188212313,265.82041504664284
20160201,3860,3950,3850,3850,44203,0,33.704599092705436,276.92237179397404,205.6956185726871,266.55237133943973,265.40021861648984
20160129,3685,3950,3685,3855,60970,0,40.049968789001575,269.89118177517395,212.4917645463004,266.56982616611754,265.4401186656535
20160128,3670,3780,3670,3740,19013,0,66.15134163416491,258.6063610973249,214.24795798326846,267.0645469212154,265.1914893839556
20160127,3760,3795,3650,3730,20430,0,75.78918128598566,219.70719150724221,214.65146167683176,267.7675712670114,265.1091363319655
20160126,3785,3830,3725,3760,17162,0,54.36910887627275,113.46365056704283,216.05207705551078,268.1502869454006,265.0520258155046
20160125,3765,3845,3730,3785,16577,0,44.654227123532216,77.80745465570763,216.96140209724027,268.29114575196223,265.06351112623855
20160122,3630,3830,3630,3730,39716,0,21.071307505705477,81.54140052758476,217.29818222893712,268.8005249664403,265.0388303574332
20160121,3665,3750,3620,3665,52217,0,40.17461885320133,82.32405480781422,217.03383952738884,270.0942608095068,265.0798490811833
20160120,3880,3960,3700,3740,69133,0,40.17461885320133,74.06247362868729,215.7371085372203,270.46917826048224,265.0045990167228
20160119,3920,3950,3855,3880,40525,0,71.20393247567159,64.7707495710834,214.9783419323918,270.4271312818759,265.2488873157365
20160118,3870,3950,3800,3920,37514,0,96.6229786334493,75.54634339264872,213.6637252787669,270.5125792926591,265.6278594617596
20160115,3930,4000,3825,3930,52635,0,105.71660229122008,85.62125904236635,205.83048243639806,270.3654419896039,265.92835292405925
20160114,3935,3935,3840,3915,36592,0,70.54076835419359,91.69105736111892,198.61646457431561,269.0020007154231,266.2316471243975
20160113,3920,4020,3905,3935,43376,0,19.339079605813716,95.36246641105713,172.30985897504638,267.54433692798244,266.6277445553648
20160112,3850,3930,3835,3920,49523,0,7.3484692283495345,96.36389365317281,105.88791243574676,261.7598560173689,266.7688573726385
20160111,3880,3945,3810,3840,62084,0,34.72751070837067,94.50529085717899,86.62094146336885,251.72707608309582,266.3940142596068
20160108,4020,4020,3835,3950,71483,0,38.02630668366309,90.09578236521396,88.8858115786787,240.55987935557096,265.6212712156851
20160107,4045,4130,3950,4030,58554,0,60.8276253029822,71.96526940128828,95.02992949592445,236.14855258692597,265.3694358814036
20160106,4130,4190,3980,4045,53788,0,75.07329751649384,58.52563540876767,103.42267643027023,235.02096537687422,265.06013141154097
20160105,4060,4180,3935,4130,51242,0,97.89790600416333,78.9002534850174,118.51687643538524,234.115519325183,264.58764760264876
20160104,4300,4300,4060,4060,80686,0,57.758116312774604,82.62717470663026,125.5925953231335,229.6705823323921,263.68593218703944
20151230,4200,4300,4170,4300,65063,0,99.57911427603682,125.62344526401112,155.42260935912887,232.30093030858367,265.7541548750425
20151229,4260,4335,4190,4195,139672,0,93.77632963600144,131.8227977248245,163.3967563937558,232.03477948122372,264.3198688248207
20151228,4525,4640,4340,4340,221792,0,103.92304845413264,153.6033853793594,180.55539316232117,238.8264130190939,264.21580773218426
20151224,4290,4580,4195,4570,275194,0,169.0443728729235,201.71514568817088,219.29774280644196,255.93525385666985,269.91324480698864
20151223,4355,4555,4210,4290,269616,0,124.91597175701753,177.12707302950614,222.8243422519191,259.4384427095702,271.6985889987361
20151222,4340,4390,4125,4310,210873,0,124.35433245367851,160.26852467031696,221.0275718094925,263.8083663697535,273.84940800356725
20151221,4170,4530,4130,4350,464465,0,101.27191120937731,149.31175439328277,211.86965332486946,268.6278275276664,276.5689963141886
20151218,3760,4755,3730,4125,1177214,0,142.84257068535277,139.44891537763928,196.8328923223971,268.6278275276664,275.8488288699164
20151217,3765,3860,3750,3770,64695,0,213.7381575666825,202.42035470772203,204.34575478830084,268.7664206869979,272.761902683588
20151216,3715,3810,3705,3755,52118,0,256.0976376306505,244.4938649537039,214.37933669083029,269.03297763576677,269.4195793223608
20151215,3635,3740,3635,3715,69909,0,251.40803487557832,280.95551249263644,227.04886588573916,269.0797073153237,267.0368231734553
20151214,3810,3875,3660,3720,148088,0,155.3898323572041,306.9319957254375,237.7419819888788,269.46814901458146,264.84625715794294
20151211,4030,4190,3840,3915,231667,0,73.00684899377592,299.3259093362952,238.33851975708913,268.8486123990604,263.02138696314364
20151210,3760,4075,3730,4030,464995,0,125.00399993600205,244.73659309551564,236.15355174123545,268.02377330297935,261.68901178479905
20151209,3600,4110,3600,3745,435091,0,126.21410380777577,234.09453218731957,241.66337641438426,267.725709552831,260.3067067849733
20151208,3605,3680,3510,3600,136262,0,152.0065788049978,219.3769586807147,261.3880018286998,268.7888989936776,260.22359175975794
20151207,3660,3660,3560,3650,41730,0,161.82088863926066,159.29924670255036,275.5597711931122,269.64301245661426,259.685222780526
20151204,3575,3595,3505,3590,45130,0,163.02147097851866,128.95347998406248,291.7507497848127,271.30502514085094,259.6422619041101
20151203,3600,3620,3545,3575,48113,0,61.85466837676846,138.68038794292437,304.92406841704116,273.1175977893648,260.19202310775154
20151202,3710,3710,3585,3605,119594,0,25.179356624028344,143.15114390042436,314.93451700313886,274.43855566108846,260.2315975722699
20151201,3620,3740,3585,3700,93610,0,45.5411901469428,143.21661914736012,309.4087102846337,274.2043413831086,259.8412442670294
20151130,3700,3740,3590,3590,164223,0,45.0111097397076,147.81745499094484,311.34576839905884,274.75322260775096,258.82716240768826
20151127,3720,3780,3675,3730,101745,0,62.68971207462992,130.28910161636696,295.9783564722265,272.5903902072565,257.89597049438
20151126,3815,3840,3680,3705,109802,0,57.043842787806646,61.87891401761993,249.62521907852255,271.10161071698633,256.73965412459347
20151125,3700,3755,3660,3750,119999,0,55.49774770204643,62.66777481289726,225.77145523737133,268.74134352985834,256.2233183941399
20151124,3850,3850,3665,3715,271329,-7730,56.089214649520635,63.079315151640635,192.96550857601565,267.55809338038057,255.1958364287542
20151123,3730,4560,3730,3860,1974391,7730,56.089214649520635,86.52167358529307,141.6375215117815,266.1358779938675,252.9253533654069
20151120,3365,3510,3365,3510,33689,0,113.25193155085701,97.64220398987315,120.36506968385959,266.6136796315557,252.02678084660934
20151119,3370,3485,3360,3360,42620,0,179.67748885155314,133.9822749470989,141.6827441857348,269.3198222683912,253.10979378196586
20151118,3430,3460,3355,3370,34078,0,196.25493624365222,158.60012610335465,157.00537411184487,271.59513373158546,255.0522788186208
20151117,3395,3470,3395,3430,15080,0,184.88915598271305,166.97604618627187,165.15523001104256,270.8397435139049,257.24716551729506
20151116,3450,3485,3375,3385,19334,0,54.99090833947008,179.3188500966923,174.68024358810692,272.6881995369029,260.29483483481295
20151113,3490,3535,3390,3490,16207,0,47.916594202843754,173.8138371937056,165.64193309666598,267.96894254125385,262.18867451070906
20151112,3410,3520,3380,3500,11212,0,52.91502622129181,167.17057157286985,137.9257046384044,258.66800901715715,263.80808667900624
20151111,3400,3455,3335,3410,19763,0,44.8998886412873,154.48624534242524,138.7882830068892,262.07159486167996,266.59639699160357
20151110,3515,3515,3320,3385,43650,0,50.73460357586329,140.26760139105536,144.73164823216922,267.9808243554626,269.567680509025
20151109,3575,3605,3475,3490,63059,0,47.74934554525329,56.0,144.26104810377737,270.7369572112588,271.33233197504455
20151106,3670,3695,3595,3605,20232,0,77.49838707999025,73.56119901143536,144.4669079754958,271.72947893490164,272.1005960578105
20151105,3690,3690,3600,3670,46303,0,110.11811840019789,94.57933178025736,146.4872008060785,271.8211600585327,272.553814130784
20151104,3680,3720,3620,3690,18542,0,115.09126813099246,107.41159155323973,148.85794402718443,272.13736063900967,272.85588063525023
20151103,3755,3760,3670,3680,36138,0,74.67261881037788,115.70328430947843,148.02765788865395,272.479662849684,273.2578020641032
20151102,3795,3875,3705,3755,29774,0,47.853944456021594,122.234405958388,153.6139642089884,272.433210469424,273.161273970594
20151030,3845,3860,3750,3800,26809,0,50.23942674832188,137.05929373814823,157.85594698965375,272.28828421772585,273.1134500482133
20151029,3800,3960,3760,3845,78994,0,63.198101237299845,150.6685103132038,166.21522192627356,272.30064063255475,273.00348173912056
20151028,3850,3850,3740,3800,34907,0,55.80322571321482,137.8259772321604,169.03032272346985,272.2928749017004,272.8711507847087
20151027,3850,3870,3795,3800,27683,0,28.460498941515414,103.3211014265721,173.19984844104332,272.1357274719318,272.7337650479637
20151026,3740,3875,3710,3870,71208,0,29.257477676655586,81.76337811025178,173.98617042742325,271.6776071416876,272.7076139537526
20151023,3600,3750,3595,3705,77964,0,56.3382640840131,68.22939249326495,174.56660619946865,271.8554941917362,272.83606952408064
20151022,3725,3770,3580,3585,106070,-11244,98.62048468751307,82.83115355951527,165.62966974549087,273.1208015187292,273.7037505325259
20151021,3850,3850,3735,3770,38981,0,96.40539403996023,80.18104514160439,159.0697567106971,272.6986533805519,273.7276119714106
20151020,3870,3885,3750,3810,76798,0,97.6012295004525,76.44605941446557,156.3287801398078,272.1602877391061,273.4810957310172
20151019,3860,3900,3860,3860,20044,0,95.15250916292223,80.23247472189799,149.87161172150104,271.84926123376556,272.53759934286336
20151016,3860,3960,3860,3895,41075,0,108.23123393919151,86.85620300243386,150.73051283665285,271.55338895982555,271.55362870693597
20151015,3900,3900,3775,3850,21614,0,43.08131845707603,87.16220511207825,147.20627534178143,271.15999530824286,268.22681309649937
20151014,3845,3935,3810,3840,40503,0,27.640549922170507,88.2340637169115,131.8756516571591,271.15999530824286,262.880029143025
20151013,3900,3975,3755,3815,108141,0,26.19160170741759,88.3742043811428,105.41910405614522,270.4062786910952,256.9351409727406
20151012,3950,4030,3870,3895,60966,0,31.52776554086889,90.6435325878245,90.00555538410045,268.96327454796915,254.0608215402014
20151008,4000,4030,3805,3950,39890,0,47.644516998286385,94.02659198333204,88.43465101418319,267.72493139209047,252.90338721318912
20151007,4030,4100,3960,3975,78204,0,61.40032573203501,60.44832503882965,91.92252172346215,265.1364821496229,251.20122522704963
20151006,4070,4090,3975,4030,59957,0,73.25298628724975,68.89121859859934,99.38687036022601,264.64382510589076,248.75718861754373
20151005,4050,4145,4015,4045,59653,0,54.53439281774392,76.56533158029161,104.20502627033099,258.29037277195846,246.9001006930486
20151002,4120,4120,4050,4050,42536,0,40.124805295477756,83.67944789492817,111.10693047690758,255.04949138464505,245.20065125324467
20151001,4185,4185,4030,4115,78438,0,44.78839135311738,98.0828731226813,123.22210637706358,248.31040162579995,245.45479330331048
20150930,4200,4200,4060,4120,79008,0,37.76241517699841,102.12859540794635,133.9552163971242,230.27549925158343,246.46272185445045
20150925,4170,4205,4020,4115,69778,0,33.97057550292606,96.66436778875658,140.90311387616802,224.6576871351152,246.13199019476835
20150924,3975,4310,3960,4125,451861,0,27.748873851023216,76.42643521714199,146.5145044014427,218.30782293716808,246.13199019476835
20150923,4045,4045,3920,3990,64302,0,51.633322573702344,62.13091018164791,146.7600081766159,206.6405225399071,244.563354521922
20150922,4100,4120,3990,4050,102138,0,52.630789467763066,52.25179422756696,139.76118023256805,204.60834877614153,243.83344725450465
20150921,4030,4130,3995,4075,53330,0,48.72371086031933,43.591857037754195,115.47591740272243,208.72523139820106,244.95203612139116
20150918,4000,4045,3930,4030,91715,0,45.09988913511872,43.591857037754195,106.66858722229507,211.61565986478976,245.76494811554707
20150917,4090,4090,3915,3935,31186,0,49.13247398615299,59.76830263609634,99.86741210224871,212.66854427073287,245.5895648740299
20150916,3885,4135,3845,4000,87119,11244,48.228622207149975,62.46799180380301,95.45941546018587,214.6724086965208,246.11125180272484
20150915,3800,3870,3760,3845,29771,0,80.16233529532433,85.1483998675254,98.64709828474618,214.07376389669838,245.49325347148613
20150914,3910,3910,3755,3795,65354,-488,89.40917178902845,103.96634070698074,103.24091969757133,211.40344525734935,244.09253354121847
20150911,3915,3985,3830,3850,55737,0,73.00684899377592,104.03004373737426,102.5362740692306,211.66094152364795,243.64676945099066
20150910,3880,3970,3785,3910,78098,0,70.21395872616783,91.0823802938856,96.3197799000827,211.29854800471153,243.36041159270513
20150909,3740,4320,3740,3855,357868,488,36.52396473549935,93.82030697029295,98.7598096393486,210.94858509970172,243.28866242368176
20150908,3805,3865,3620,3710,48670,0,67.63135367564367,106.54693801325311,116.28198484718247,209.7426332966972,243.42207286022943
20150907,3760,3910,3710,3840,74402,0,66.15134163416491,90.11659114724658,120.28377903940486,208.2094798514482,243.43915721162068
20150904,4240,4490,3700,3805,449108,0,66.2872536767062,76.10683280757385,124.97399729543892,206.9422054316121,243.43820514092997
20150903,4100,4165,3915,4100,116226,0,129.25169244539896,104.3982758478319,127.33101546756144,210.49035013513264,244.6684831903815
20150902,3925,4040,3865,3950,81354,0,133.73107342723307,99.16652661054536,125.87965482952507,209.769367401465,244.54171636283655
20150901,4300,4300,3950,4050,175995,0,114.56002793295748,112.9391429044864,122.65296572036232,212.02219157963887,244.27356874804173
20150831,3920,4150,3920,4150,90225,0,122.40914998479485,132.66876045248935,124.79583326377677,216.18626228327034,245.2149142419402
20150828,3990,4050,3900,3920,79126,0,87.31551981177229,130.51436702524362,119.7421709340547,216.4820367195237,244.04959864182868
20150827,3940,4025,3870,3985,135417,0,81.87795796183488,131.35924025358855,113.17547216601473,217.18591626123748,243.69356896637842
20150826,3650,3970,3650,3940,139068,0,83.45058418010026,128.53015210447703,112.64407441139713,217.68261809853647,243.15648539346918
20150825,3450,3650,3270,3650,160568,0,161.25755796240995,140.22838514366484,126.0106642312482,215.08564185771309,242.24080864919418
20150824,3300,3595,3215,3260,154997,0,272.14701909078485,247.8386571945547,186.48458381324815,219.01078106393138,245.4739746332342
20150821,3330,3570,3330,3455,138535,0,277.8956638740518,278.87093789063067,204.44727315374095,216.35199906636194,245.53603138510817
20150820,3720,4090,3720,3750,101780,0,235.2105439813445,266.4845211264624,204.5886116087608,210.4940451784009,242.55316928576934
20150819,4395,4395,3805,3960,100126,0,240.87341073684325,267.0224709645239,203.2154029595207,203.10848223441283,240.5154151620455
20150818,4585,4650,4200,4395,108454,-1552,396.5526446765927,313.74392424396046,236.63315490438015,210.28121052536147,241.1825467013502
20150817,4710,4790,4355,4630,45567,0,425.8708724484453,385.1068033675853,288.34560426682486,227.80673765767727,244.49522476026254
20150813,4545,4740,4345,4695,137122,0,371.7714351587545,454.2202109109633,334.8690042389716,243.37077337540987,254.83292116276726
20150812,4925,4930,4175,4545,272468,-13448,262.4690457939755,485.79419510735204,358.77386680191796,248.35100608258907,262.29960604878767
20150811,5110,5210,4960,4990,66551,-7000,197.0126899466123,562.7974768955526,418.88721632439484,278.36407015914926,281.41660497485134
20150810,5260,5260,5000,5120,87738,0,220.62184841941652,607.6347587161222,472.770821857695,313.64057410072866,303.326591042311
20150807,5230,5360,5140,5300,82424,0,275.69911135148766,572.3670151222902,534.2436242015438,355.0652815563349,329.47036622773584
20150806,5580,5580,5300,5370,56779,0,292.33542378576016,513.3685323429943,585.3850762532304,394.4583047252012,355.63191020431765
20150805,5370,5890,5370,5520,81746,0,186.44033898274267,466.7775165965045,644.6923200256075,436.38237405846513,384.56409079706333
20150804,5270,5440,5250,5380,72187,0,130.29197979921864,381.9518948768287,676.8830678189553,466.7625199177989,406.35214741446845
20150803,5550,5550,5260,5270,102562,0,86.57944328765345,331.48303123991127,696.9743090674149,489.7259437685672,423.58440512358993
20150731,5710,6070,5370,5550,225560,500,103.42146779078317,320.76315249729043,731.3536678652814,522.5310929079433,447.50123952344177
20150730,5870,6170,5640,5700,460315,2700,147.59403781996073,312.2695150026656,758.9734432112895,558.0916081214356,474.17910792115873
20150729,5680,5880,5600,5780,194372,7000,190.6410239166796,233.6578695443404,783.9138983332292,593.310831736258,501.0292462078164
20150728,5850,5860,5440,5650,132302,0,176.52195330892982,199.85995096566995,788.1831957102361,620.3499180570175,522.1136912562622
20150727,5700,6250,5540,5850,737630,500,103.6532681587995,194.11594473406868,773.6037422350026,650.6090095697635,547.5116040754202
20150724,5320,5680,5320,5610,143455,0,87.04022058795577,177.8651174345324,688.0290691533319,667.1604161169553,565.8088958272393
20150723,5700,5780,5300,5440,146502,1000,142.35167719419397,171.18703221914913,590.5092611466821,679.554076623466,579.6964588256666
20150722,5720,5800,5510,5700,170615,500,132.81566172707193,173.89939620366712,511.0246447090398,698.7590736838927,598.4570656070641
20150721,5870,5990,5550,5670,349642,5300,133.05637902783917,159.54936540143305,429.0812131753153,715.7914180588386,615.6124491106543
20150720,5700,5900,5490,5680,247442,4500,94.86832980505137,108.2635672791175,381.03969609477747,731.8974768823044,632.21828239718
20150717,5420,5880,5260,5700,573996,0,99.67948635501689,101.76443386566841,346.5927004424652,746.4587880266661,648.4406495907585
20150716,4630,5560,4520,5390,548113,0,119.56588142108099,132.81942628998215,303.7526748853422,752.0014221322366,658.1566732908211
20150715,4650,4720,4505,4570,65370,0,431.34209161638745,342.3799059524376,300.0099998333395,747.2853231307865,659.1558350880117
20150714,4490,4685,4480,4555,51354,0,515.2125774862255,444.9497162601635,345.72559566801004,743.444587152724,660.1845017787888
20150713,4560,4560,4400,4485,41502,0,504.4303718056636,497.31780583445834,398.7671626400554,740.1063362037286,660.8705275367372
20150710,4290,4450,4280,4390,62518,0,361.64347083833826,548.4168122878801,456.3151323372921,737.103843694297,661.2496324300737
20150709,4380,4380,4025,4290,105411,0,105.38500842150178,595.756661733631,512.7099569932305,735.0507304866153,661.332598285896
20150708,4520,4595,4360,4380,66730,0,91.48770409186143,581.6304668773809,548.2230385527412,732.7592260308643,661.5264544974892
20150707,4715,4715,4375,4520,101279,0,81.70679286326198,531.741478540089,569.7995261493294,730.2382411849621,662.3780692302855
20150706,4920,4920,4570,4570,126741,0,101.39033484509261,444.285943959518,586.2392856163773,728.3080230156104,663.2552181287523
20150703,5250,5250,4905,4975,119768,0,235.95762331401798,312.2839252987576,581.1722528648459,728.4734990985651,666.3934648539246
20150702,4840,5160,4770,5140,211665,0,289.64806231010766,253.51775085780483,567.0901052742856,730.1785312511033,672.2717032982828
20150701,4545,4715,4525,4710,66413,0,238.40302011509837,256.01806576880466,552.3220867392507,728.1644731789779,673.9813867772915
20150630,4500,4600,4420,4545,58433,0,233.03647783126144,256.2171930218579,546.1481026241878,724.2141862046192,674.6567941780282
20150629,4730,4860,4555,4555,87617,0,235.902522241709,253.91189416803616,518.6156452518574,720.9065280757561,675.5600030407012
20150626,4900,4945,4755,4850,66378,0,220.56745000112778,252.00248014652553,495.74508318287974,718.4903685660937,677.3411752642477
20150625,4735,4900,4710,4820,70543,0,128.03905654135383,224.1768275268432,480.51918536100135,715.0890533120233,678.6820561451086
20150624,4885,4975,4755,4780,88604,0,132.55187663703597,196.30397346971864,441.7914524976693,709.8251936607877,679.3821220111347
20150623,4740,5050,4640,4925,257163,0,124.87593843491227,186.95186546274417,398.5853108181489,705.9913980826439,681.1402765869216
20150622,4650,4790,4600,4635,80874,0,96.05206921248495,180.30598991714058,343.3557739430056,698.2496519074739,681.7001367088817
20150619,4650,4650,4500,4635,51382,0,111.77656283854859,174.8492207589156,263.5317817645537,689.1392527800473,682.5542700747257
20150618,4645,4700,4565,4595,34114,0,122.89833196589773,125.81732790041282,208.5717802100763,680.8531208874952,682.0040309733573
20150617,4490,4685,4490,4610,46176,0,123.45039489608772,128.9573572930215,208.0220841641588,673.4157334069497,680.4503704145084
20150616,4405,4585,4365,4520,117580,0,42.35563716909474,132.04639336233308,208.94437058700666,664.8766124043185,678.8120124628823
20150615,4435,4675,4435,4450,145787,0,67.86751800382861,146.0,210.4309566104768,652.9959747621541,676.4239802384938
20150612,4905,5040,4605,4605,104310,0,62.24146527838174,135.96414968659937,202.48394998122782,643.0641924066181,674.3439700409392
20150611,5090,5220,4865,4950,135821,0,171.97674261364529,155.6671127759489,193.82401811953122,632.1184125620931,674.5755867374995
20150610,5040,5250,4990,5080,105598,0,248.44315245142096,197.23653312710604,198.11044899247585,627.6865537210773,676.5346546104705
20150609,5050,5430,5030,5140,175887,0,270.8874304946614,229.59965156767987,211.87201325328547,620.2486676505184,678.019844637487
20150608,5010,5120,4965,5100,71745,0,195.65275362232958,253.15064684886744,220.12269306003043,613.9340977571698,679.9653790206429
20150605,5120,5180,4925,5040,116261,0,64.62197768561404,260.8332800851916,223.41818972500957,608.6238746823482,680.9779923328555
20150604,4925,5300,4920,5110,181330,0,33.2264954516723,264.3146798798735,221.1135172258819,598.2321815612875,682.776499495925
20150603,5030,5220,4905,4920,191509,0,78.07688518377255,250.95866193459034,222.39196815532787,587.81634509052,682.5561637452897
20150602,5530,5530,5030,5040,410493,0,67.64613810115105,220.63601247303217,220.92645835209592,575.9752598853722,684.1043211544877
20150601,5890,6000,5470,5490,325976,0,194.83326204732086,208.2696569354259,256.40531878258764,558.659456994072,687.5787025659264
20150529,5760,6060,5620,5890,767285,0,355.47151784636696,279.7570374449944,339.9789515543578,530.2740643604554,695.2211828300229
20150528,5700,5880,5440,5440,262174,0,346.4448007980492,278.792037189013,357.555852280452,496.8706166822967,695.505431722554
20150527,5850,5900,5660,5680,191987,0,282.65880492211807,304.50779957170226,388.8748995499714,478.15393703285986,699.3622044803225
20150526,5970,6290,5880,5970,281100,0,210.19990485249988,361.46369112263545,442.73581287264346,473.4719500667644,706.8931425120608
20150522,5870,6040,5800,5970,254135,0,204.64603587658374,390.0576880411409,475.3269269671143,480.14034406621676,714.9516482777148
20150521,5820,6340,5730,5850,526733,0,201.33554082675022,379.425882090297,487.9869363005534,486.6740581630731,720.4656757476909
20150520,5950,6030,5720,5800,312926,0,109.6540012949824,357.80581325629686,487.3537601168174,492.07284775734746,723.5643724242427
20150519,5740,6220,5640,5880,993267,0,67.11184694225007,281.86698990836084,484.8063402019412,496.0415809184004,726.9895068400762
20150518,5510,5640,5420,5510,252941,0,156.12815249018993,192.86264542414636,452.4855660681348,497.96265478003636,726.2520367154608
20150515,5260,5600,5110,5450,622641,0,180.8203528367313,198.50440801150992,403.3214443840054,499.4854574682314,725.8192390040065
20150514,5530,5540,5250,5250,194231,0,231.98275797998437,239.9583297158071,362.52724035581156,499.27561415406126,723.962762576394
20150513,5610,5610,5260,5460,267506,0,205.23157651784484,238.02520874898943,345.5470300841846,500.0723836495224,723.9389925474228
20150512,5390,5680,5320,5500,349655,0,94.78396488858229,244.22121120001023,334.80554057542173,499.8324719343734,723.9154231887711
20150511,5350,5470,5240,5380,221865,0,87.95453370918409,234.23279018958897,326.8069001719523,499.8324719343734,723.2046304470279
20150508,5400,5800,5250,5310,575790,0,92.30384607371461,214.21717951648975,317.4602337301483,500.01872187173996,722.0981966156527
20150507,5240,5570,5240,5360,626462,0,68.81860213634101,192.4058211177614,301.6968677331609,498.07755420218064,721.5971855986629
20150506,5050,5350,4960,5240,478293,0,85.88364221433555,174.71119025408763,294.2528674456723,493.0288756475104,719.5411720422336
20150504,5850,5970,5110,5160,757319,0,80.99382692526635,113.82442620105756,273.7384700768242,485.9498430908543,716.7775095968841
20150430,6800,7200,5900,6000,2149738,2000,300.63931878581684,221.51523649627356,267.4411150141286,494.193675484536,723.3182782131562
20150429,5570,6400,5200,6400,1581392,0,484.9082387421356,371.08489594700563,320.4918095677335,512.1398734721074,734.4943271848255
20150428,5700,5770,5480,5570,334054,0,468.34175555890806,361.2976612157903,314.79993646759266,511.55919066671225,731.5206752128826
20150427,5360,5940,5350,5800,884123,0,415.0951698104906,368.28793083672997,314.91427404930437,517.0791095718157,732.883800428539
20150424,5070,5460,5020,5230,450831,0,394.4109531947611,382.210674890171,326.1974095543991,512.2224451674872,729.3168880972879
20150423,4950,5600,4580,5070,789176,0,468.55522620071156,406.15760487771246,334.64122579263955,507.6532609304891,725.3473198234229
20150422,5380,5380,4365,4930,1352214,0,321.1230293828208,439.8454273946701,347.37407790449817,503.220213558,721.1951885585644
20150421,4440,5070,4435,5070,703021,0,305.15569796417043,455.80807364503755,350.50356631566586,497.53877570834516,716.8106250762787
20150420,4500,4750,4415,4415,192243,0,280.5637182530913,550.6107972061573,409.9459568040651,503.9762105827603,712.4518977427497
20150417,4270,4750,4255,4510,375629,0,281.0765020417039,606.4505338442699,437.43078023842855,505.0708077422004,707.390936823496
20150416,4380,4385,4220,4310,101424,0,298.38900784043636,622.9464262679415,488.09393307026505,510.3564658376022,704.0342072162254
20150415,4260,4380,4250,4340,154528,0,279.1845267918693,496.94290416505595,526.1783799245275,513.5379124271404,701.0465378731374
20150414,4095,4280,4030,4230,235253,0,95.20504188329524,485.3475558813498,568.1005082729642,517.5410544638762,698.9487890555685
20150413,4190,4410,4015,4090,287546,0,137.63720427268203,391.7681074309138,609.4039608502724,523.2477305254417,698.422920864509
20150410,4355,4355,4060,4145,191425,0,94.95261976375376,356.3060482225919,635.4592827239211,529.3115549676272,697.586608521775
20150409,4275,4400,4235,4290,127886,0,91.56418513807678,307.41828182461757,649.5192452883905,534.1303679814743,695.7868996483373
20150408,4240,4480,4220,4295,411160,0,80.8084154033477,260.1485152754096,660.799657611897,539.5662545559911,694.5058745052092
20150407,4130,4250,4090,4245,204288,0,81.76796438703852,115.54652742510265,668.5476796758779,549.6380816804439,693.5791819231929
20150406,4395,4395,4060,4105,349565,0,77.35631842325486,118.59173664298875,682.503617206532,562.7762284721681,693.66213032116
20150403,4365,4570,4205,4345,383008,0,81.87795796183488,90.17898868361743,684.7315167275422,568.2297742893393,692.1638160608458
20150402,4230,4805,4160,4360,1432001,0,91.86947262284681,95.19585074991451,628.3400751185621,571.354141978143,689.3572779025733
20150401,4165,4240,4030,4180,363316,0,96.98453484963466,91.16057261777155,498.73364634842955,578.5040274036531,688.2707686962233
20150331,3815,4290,3805,4180,903144,0,100.66777041337511,92.30520028687441,449.90387862297916,588.1046474811377,687.4066148697509
20150330,3570,3895,3555,3810,418788,0,198.1918262693999,151.82967430644118,364.9811638975365,607.4643279421816,689.7664409461937
20150327,3580,3650,3495,3560,89540,0,290.6819567843866,244.4606307772276,358.2268834132921,634.1231642985642,694.5357849652137
20150326,3675,3675,3560,3595,93610,0,271.0719461692781,286.29748514438614,348.76021490416645,658.2277288716871,699.3932439781254
20150325,3640,3725,3595,3675,71823,0,225.06443521800597,297.24106378493536,333.37478908879774,677.1251064037174,701.493050571439
20150324,3745,3750,3625,3660,93625,0,85.96510920134982,301.8791148787872,284.8525934584419,695.591155461007,703.206039774278
20150323,3650,3745,3570,3680,149063,0,47.89572005931219,306.5244688438429,291.3737934337959,712.3625549691992,705.2793464984251
20150320,3950,4190,3690,3700,564085,0,35.86084215408221,273.0842360884275,285.0503245042889,727.9784175296077,707.7292902402106
20150319,3880,3880,3590,3730,368864,0,24.166091947189145,211.60340261914504,285.5839412502047,741.549517901551,709.1998817133613
20150318,3720,3840,3630,3825,324013,0,57.82732917920384,165.84706810794094,277.8488797889968,751.7761561056001,707.8132588296319
20150317,3555,3680,3480,3680,112672,0,54.18486873657626,78.45540134369335,279.45258989674863,766.3009045987818,709.7554731012967
20150316,3590,3670,3515,3555,122293,0,87.0976463516667,77.22693830523129,290.86197327942403,783.8726866583061,713.0083846612504
20150313,3495,3540,3425,3540,87991,0,107.48953437428223,80.14985963805552,298.3701560143044,800.19987086562,719.3120254316474
20150312,3465,3490,3440,3450,48820,0,130.11533345459327,101.573864748763,299.7044377382497,817.3317190033127,725.5580216001727
20150311,3530,3530,3420,3450,39985,0,84.73488065725944,117.15801295686096,294.7111933741241,833.4600903596063,732.6105327582702
20150310,3500,3575,3450,3465,79241,0,45.89117562233506,125.94145465254877,286.8992636797808,848.4340927392315,740.0954142691639
20150309,3670,3670,3485,3500,123111,0,34.698703145794944,127.15050137533866,282.61015551462475,861.0126910601764,745.0839810980451
20150306,3680,3695,3605,3645,149457,0,73.79701890998037,123.38557452149745,247.55504438407303,870.8074796800303,748.6887797268715
20150305,3565,3680,3525,3640,230490,0,85.26429498916883,115.43396380615195,198.11991318391085,879.3224032679415,751.9293886766088
20150304,3525,3560,3520,3535,159335,0,73.25298628724975,79.96249120681522,162.80260286617155,883.7163438507336,753.4169835102537
20150303,3450,3530,3425,3530,164660,0,60.41522986797286,66.32495759516172,108.24595835411303,878.6015521839341,749.3249635783461
20150302,3420,3480,3370,3460,123973,0,70.8942874990644,68.95832074521536,102.85760788585534,882.6954103766587,749.2523866421194
20150227,3445,3470,3380,3420,58267,0,75.20638270785267,74.8815731672352,109.4677463913475,881.5816712339096,753.5573920117688
20150226,3415,3490,3375,3445,214015,0,46.32493928760188,75.29276193632427,113.70218775379993,870.8492980992847,759.5436026819152
20150225,3285,3370,3250,3340,112492,0,61.514225996918796,89.7552226892675,122.68353597773572,860.0146155088908,769.7047413709441
20150224,3350,3350,3255,3275,109938,0,70.04284403134984,112.06694427885503,135.4185640892724,851.7514431061148,781.1892098571543
20150223,3315,3355,3290,3330,91705,0,62.177166226839255,120.19151384353223,139.1786172513593,841.5731755006437,791.5657830458008
20150217,3480,3530,3300,3325,180179,0,55.731499172371095,109.31605554537722,139.6996778808039,826.8355842205559,801.5730887864746
20150216,3540,3585,3470,3475,106933,0,66.88796603276258,86.43060800434068,130.06993311292342,817.8875695282959,809.022806255602
20150213,3660,3660,3500,3500,114181,0,89.40917178902845,82.03657720797473,105.76388797694784,808.5893537856958,815.4157075024303
20150212,3665,3780,3530,3650,182631,0,120.8056290079233,104.43179592442141,103.06672595945004,800.7268009266553,818.8820281589338
20150211,3525,3780,3365,3650,297953,0,121.8605760695394,124.89595669996687,108.61485855996118,786.6383248778816,821.6247612285739
20150210,3690,3705,3450,3520,146905,-8000,75.65712127751095,126.80299681001235,108.16047106036648,771.5059002798871,824.2870814882127
20150209,3845,3960,3650,3690,227888,0,76.78541528180986,145.55840752082995,117.0841043865493,756.2837274389162,826.0123323921447
20150206,3835,3955,3815,3845,251221,0,104.23051376636306,174.51074465487793,139.46684193743104,740.5712134712189,826.954939656475
20150205,3855,3960,3740,3835,312910,0,121.59769734661919,174.83134730362286,155.6108929349111,722.2740852105092,825.5282809863967
20150204,3810,3885,3735,3820,490525,8000,124.36237373096414,165.76791004292718,167.6387485040388,706.2508357910569,822.3917851388779
20150203,3600,3710,3525,3670,266816,0,75.8023746329889,130.67995255585302,168.45975038566445,692.3001667148029,819.2517324007854
20150202,3600,3620,3510,3590,57972,0,103.0824912388132,117.83887304281215,167.44010123026194,643.882294928376,818.0153818422834
20150130,3685,3685,3535,3600,69451,0,105.43244282477761,106.04715932074748,167.8399535271634,562.347232341577,813.8349279372178
20150129,3595,3650,3510,3600,112418,0,86.85620300243386,108.816359064251,168.14725689109642,521.2289097785134,812.193607828357
20150128,3480,3560,3465,3550,75145,0,38.67815921162743,115.67627241573788,166.82400906344498,459.7875339642183,812.4666649144708
20150127,3660,3660,3465,3520,62501,0,31.874754901018456,115.67627241573788,164.1348530934255,425.2229725554545,809.8267036413262
20150126,3700,3755,3575,3610,114175,0,34.9857113690718,116.91449867317569,162.2072362750823,393.8458084496278,806.3099234837395
20150123,3580,3695,3500,3690,128591,0,58.172158288995945,101.09525211403353,155.2053075767719,365.50933830600843,801.6190117072922
20150122,3710,3770,3480,3580,226249,0,58.309518948453004,81.0,137.78152996682962,325.3713583481807,797.2092370942232
20150121,3730,4000,3700,3710,269828,0,70.25667228100119,57.584720195551874,124.44978907173918,313.8225347761694,795.0044450871663
20150120,3820,3820,3685,3715,121752,0,55.35341001239219,63.405441406869805,105.58882516630429,297.4962534778209,797.4345323180788
20150119,3800,3845,3700,3780,242912,0,64.96152707564686,79.13437938089866,102.49237776537518,287.83283873728163,799.3740509072762
20150116,3660,3790,3555,3775,406932,0,72.15261603018979,88.18163074019441,98.99494936611853,276.424793871087,801.3779961468576
20150115,3430,3795,3410,3645,616070,0,49.49747468305833,86.49421946003098,99.05143865689368,268.13961692870527,804.2973598462046
20150114,3455,3495,3350,3420,90054,0,132.83824750424856,108.61514627343647,113.04064534493942,265.6571908598778,809.0902126600233
20150113,3610,3615,3385,3450,146008,0,154.25303886795876,118.24233590385467,118.23149960987712,260.6742859074119,813.5396382817343
20150112,3450,3655,3395,3560,613060,0,130.11533345459327,120.3380654655874,119.67951996895866,248.60589069628764,816.8068374605109
20150109,3485,3485,3395,3430,111015,0,87.65842800324451,132.57167872513344,119.74451970758567,236.51830737223628,821.031410111031
20150108,3345,3500,3290,3450,164905,0,50.35871324805669,140.66005118725076,115.71813816338549,224.90528870814518,823.2042314014434
20150107,3190,3455,3125,3385,245671,0,57.619441163551734,147.37367471838382,114.7508169905573,218.8295886960764,824.569226761611
20150106,3105,3280,3105,3160,72016,0,131.74217244299564,179.85341253365198,145.82180906846673,206.21811201305047,830.6657303365622
20150105,3130,3240,3070,3185,99295,0,124.12090879461043,177.60630619434662,166.97511042068626,188.83075902924315,836.762544307269
20150102,3100,3145,3075,3115,27536,0,132.94359706281458,165.28762809115509,190.211066975611,182.22534507826614,843.4308244044523
20141230,3130,3130,3055,3100,47086,0,102.6352765865616,158.64189232355997,209.47613229196392,174.2041227666352,848.8348018509561
20141229,3055,3140,3050,3065,23196,0,42.77849927241488,172.6267650163207,228.50861581130889,181.73049337473904,854.5262241197466
20141226,3160,3200,3050,3055,69097,0,46.08687448721165,176.64158627005136,245.01836665850252,191.97618124827466,860.2591300494005
20141224,3100,3360,3100,3160,261442,0,37.603191353926334,144.36845223247357,249.36469276944635,197.54598620744056,863.712673055826
20141223,3045,3055,2965,3050,38431,0,40.91454509095757,130.98186897429736,253.87940050346813,205.59687835395843,869.6325692817476
20141222,3095,3095,3000,3045,35714,0,43.01162633521314,97.16480844420988,260.49700094243,213.2064075543359,875.3685374680236
20141219,2965,3075,2965,3060,32367,0,43.289721643826724,50.02249493977684,255.64856248373542,219.30667264511098,880.8630937498592
20141218,3085,3135,2955,2975,50860,0,59.21148537234985,57.82732917920384,250.79012640054307,227.36587926854506,887.0129492979456
20141217,3000,3120,3000,3055,65210,0,31.400636936215164,46.486557196677836,229.28911879982525,231.40182703591267,892.3790758027516
20141216,3150,3160,3000,3015,94929,0,31.622776601683793,46.05431575867782,201.5973710146052,233.86332665802533,898.175790143565
20141215,3145,3250,3115,3150,68326,0,58.25804665451803,52.592775169218825,176.61593218053792,235.22855316101575,901.906582953588
20141212,3345,3530,3070,3200,125806,0,83.86894538504703,66.78510312936561,168.8954928350676,236.89219008279846,902.9744818822804
20141211,3475,3475,3295,3385,133517,0,129.89996150884727,113.32365154723881,164.29394389325606,236.64260441058514,901.3184170363468
20141210,3360,3600,3300,3370,249412,0,139.26234236145822,137.59451297199317,146.58529939936122,236.79843749485013,898.9799736676966
20141209,3215,3340,3215,3280,138428,0,92.06519429187124,141.38688057949366,136.6144209078982,237.64147832864663,897.4152350872384
20141208,3180,3225,3180,3200,58314,0,79.5989949685296,137.0729732660673,120.2383050446087,239.4828194951272,896.7671528266999
20141205,3210,3230,3135,3200,63301,0,79.5989949685296,132.29134514396625,108.37290943773897,241.09027527740642,895.194252662525
20141204,3250,3365,3210,3210,62536,0,66.15134163416491,112.6732000078102,109.34892546340075,240.89849176226798,894.9773390986034
20141203,3240,3300,3205,3230,44024,0,30.066592756745816,100.74224535913422,110.63001401066698,240.30443654294916,893.3192629489034
20141202,3030,3300,3030,3240,115446,0,16.24807680927192,72.8028158796073,112.22159997077378,240.72775944346063,886.0440130465145
20141201,3305,3350,3140,3170,107727,0,24.49489742783178,70.35801304755557,111.62744958118667,242.03895175501933,872.3564471208713
20141128,3485,3535,3305,3305,89346,0,44.090815370097204,70.17121917139534,114.09946318892291,242.2092185602303,864.290772790368
20141127,3515,3625,3500,3520,161406,0,121.309521472966,99.83110737640848,134.33726214271442,242.7041523245069,850.8778055223743
20141126,3495,3600,3375,3510,136785,0,142.1407752898513,120.25077962325234,150.93127575158294,243.0526206172046,831.4223244520429
20141125,3440,3540,3355,3400,143155,0,131.62066707018317,124.90096076491966,151.8272044134396,242.927444014787,811.4972006096127
20141124,3500,3640,3460,3460,201258,0,79.39773296511683,128.69440547280988,154.0152184038979,242.48333276056033,792.752710102599
20141121,3355,3460,3345,3430,200979,0,45.86937976471886,124.88494705127596,152.68820353910897,242.31258508152413,774.2313829695973
20141120,3630,3685,3375,3385,236257,0,44.67661580737735,116.36150566231085,139.277376124051,242.101333237877,753.2000020283928
20141119,3640,3735,3580,3640,265213,0,92.1737489744233,132.66122266887186,148.84555754203876,243.79310160234422,737.8743682588172
20141118,3515,3765,3465,3680,490359,0,118.25396399275586,142.88106942488918,152.35054151528433,245.98694353337328,722.9637064426876
20141117,3830,4010,3550,3600,535337,0,117.54148203932091,113.91224692718514,154.62272633736728,245.26429905082185,711.2167977019021
20141114,3900,4125,3715,3715,696681,0,116.0775602776006,112.6454615153225,166.47146902697884,246.45565298627454,694.8918668377385
20141113,3960,4050,3815,3835,865714,0,80.33679107357973,144.00434021236998,191.8697474851113,251.97931738317544,677.0215356413983
20141112,3800,3975,3650,3975,1474160,0,131.04960892730662,187.17905865774622,226.3530152217999,259.6335023750937,661.1628526379475
20141111,3095,3460,3030,3460,268718,0,179.0139659356219,181.15186998758804,222.99817824368066,253.8086960028533,646.3695072716305
20141110,2985,3255,2950,3010,230620,0,339.6380426277363,255.4623259895674,237.38089118545403,253.09665479154125,632.7486871117801
20141107,2920,3095,2865,3030,104126,0,398.3039040732591,301.8294220250902,248.8999548011216,251.5791238468671,620.5868512388658
20141106,3220,3260,2940,2970,115698,0,386.39875776197835,344.79740428257287,264.9777113268216,254.5068215632418,609.8433869422844
20141105,3895,4015,3205,3220,686608,0,182.58148865643525,349.6959393530328,265.3604859431795,253.76875956928748,573.5132212343234
20141104,3410,3495,3010,3495,248239,0,195.03845774615837,341.817202609816,262.13975280372944,252.54607665401338,516.2415186282191
20141103,3400,3500,3370,3410,86223,0,205.03658210182886,337.1438861969767,254.87496934771835,250.82445997594343,485.6020032450132
20141031,3450,3495,3240,3335,57438,0,182.02747045432457,321.9223508860483,254.08955114289995,249.71183392062417,443.62512131742835
20141030,3460,3530,3265,3350,53312,0,90.5869747811461,282.99690811031843,254.58250136252565,248.87742409110467,418.5474199040622
20141029,3550,3550,3450,3460,57231,0,61.56297588648554,192.50714272462724,254.182021394119,247.10231798904047,396.164683682476
20141028,3525,3700,3500,3520,74816,0,68.84765791223403,199.03517277104567,254.51227868218928,244.23343796913537,376.32504557970833
20141027,3595,3595,3500,3525,59213,0,81.40024569987489,188.87892947600056,255.04644184932354,243.48869184329035,350.20469212862184
20141024,3720,3720,3515,3595,182297,0,82.03657720797473,174.17232845661792,256.855504126348,241.11926509510027,341.2244190656357
20141023,3495,3620,3475,3605,160764,0,53.422841556772326,116.36257989577234,258.0944594523493,238.75888581486714,329.6679489990437
20141022,3595,3595,3445,3495,122119,0,43.77213725647858,87.25823743349392,255.28060541294627,232.92397126292096,322.0355721379799
20141021,3450,3620,3400,3500,209275,0,46.94677837722201,87.36274949885677,250.6465389747091,227.0575673455742,313.43060325304765
20141020,3385,3490,3230,3400,149403,0,75.19308478842984,88.20572543775148,248.65375022307703,223.72942177252344,306.907016320384
20141017,3410,3470,3230,3290,166169,0,106.1414151026827,96.1977130705299,242.78385448789706,223.54211323347977,303.096473457274
20141016,3445,3445,3225,3355,146037,0,81.03085831953157,95.56280657243173,223.96428286671153,223.0549259711629,297.8168131027535
20141015,3450,3460,3255,3460,153446,0,74.45804187594514,95.56280657243173,182.05957129467367,221.72217350148625,289.03123629734085
20141014,3215,3485,3215,3405,117004,0,56.79788728465171,96.31199302267605,181.1567001245065,221.55979566599285,279.77683318835136
20141013,3650,3750,3270,3340,327762,0,58.05170109479997,100.31076711898878,161.43419712068558,221.02128793901989,271.4348160701086
20141010,3730,3930,3680,3800,287789,0,169.3103658964802,141.4743793059365,163.27201229849643,229.01200841877488,266.9985434833604
20141008,3885,3975,3730,3730,332945,0,183.34666618185344,157.8646572225715,139.28298532125297,233.29648518569917,256.04930826679174
20141007,4000,4060,3710,3870,605827,0,215.0441815069638,197.20547659738054,153.54478174135508,241.76967632209423,245.61713303774295
20141006,4665,4760,4070,4070,795284,-570,239.61636004246455,257.722719215827,197.90322761390317,256.31745724567895,243.16660598014386
20141002,4800,4960,4660,4670,633793,0,340.4937591204867,409.7487034756791,316.2154131284564,303.0137510631082,258.6554141399374
20141001,4790,5100,4565,4765,1538338,570,420.6233469506894,492.9961967398937,401.0469891421707,346.7773861651852,282.4304117831748
20140930,4480,4945,4425,4730,2284687,0,374.8653091444979,527.2940356195962,456.5995920935545,381.37517070902265,304.2630440918083
20140929,4480,4730,4320,4335,792963,0,269.5069572385841,505.21802224386255,470.4157735450634,395.6134125914152,313.62287154410353
20140926,4415,4540,4390,4445,231491,0,168.9200994553342,462.5551318491667,488.39603550807044,410.6682477648177,324.8314840891647
20140925,4585,4585,4335,4415,332410,0,175.1456536714514,371.92875661879117,499.96718642326954,422.750410670677,334.9166951770948
20140924,4320,4535,4020,4535,513291,0,135.11476603243628,340.5146839711909,516.4065138047741,437.8495746258116,347.28386563925926
20140923,4420,4585,4380,4385,308064,0,66.75327707311455,269.2415272575908,521.273620567932,444.38890625217516,355.7388413765113
20140922,4480,4570,4280,4500,330576,0,54.80875842417888,196.6214637317096,523.4500931320964,454.9112474489507,366.1753123505376
20140919,4530,4795,4475,4480,984029,0,55.190578906186516,140.56671014148407,520.2105343031803,462.48108069412444,375.28377226072
20140918,4425,4590,4320,4495,428589,0,50.33885179461288,132.19398624748405,506.46538628024757,471.78075033737275,385.06501750788414
20140917,4435,4590,4250,4425,683666,0,44.78839135311738,102.1628601792256,474.6970086276091,478.7560849627864,393.3173880066163
20140916,4195,4385,4155,4360,384034,0,53.16013544000805,62.05844019954095,438.5894293071829,485.63231261476176,400.13747420593177
20140915,4085,4375,4085,4195,327643,0,108.87607634370372,92.11541673357398,403.53593396375544,488.42848902259504,404.1811337617117
20140912,4395,4470,3890,4120,451762,0,140.62005546862795,128.81770064707723,356.2101732123893,488.5049186605618,407.1888638375897
20140911,4520,4765,4435,4485,605154,0,138.15209010362457,131.79908952644553,284.88111555524415,494.06125210680125,415.48558438692817
20140905,4445,4695,4300,4465,616712,0,145.15508947329405,126.07140833670417,257.3318625821536,498.1498826212476,423.1705703345119
20140904,4855,5110,4590,4620,1373454,0,188.4834210215848,143.46515256326185,215.75608334413278,505.4749142033623,433.4643311610573
20140903,4900,5230,4750,4835,2531690,0,233.38808881346108,190.81666593880107,194.62206966323313,518.4739560050857,447.8952921256789
20140902,4205,4845,4200,4845,2753584,0,164.07315441594946,225.249306325236,188.8880290013117,530.3107317622665,461.83122631242264
20140901,4300,4395,4130,4215,342365,0,237.4952631106566,239.17619028657515,194.97756281172553,525.6913107201558,464.97060839012244
20140829,4370,4490,4250,4305,647435,0,262.4576156258378,243.42812080776534,187.27586603724563,524.2759226357477,468.86876088151735
20140828,4150,4555,4030,4350,1959103,15000,272.9468812791236,243.79345766447466,177.91079225274777,526.1240546043704,473.0417070378004
20140827,4360,4405,3925,4130,1831058,-5000,249.7478728638144,251.08962543283226,189.23844086231628,525.004993362506,474.84058728519335
20140826,3575,4065,3565,4065,991867,20000,105.85839598255775,258.46711589678097,205.2064509219931,521.7198854643154,475.58406890605175
20140825,3570,3570,3445,3535,147964,0,290.93985632772973,371.30210072123214,280.29214669697825,520.7695360927247,474.4751467996712
20140822,3460,3585,3455,3535,198966,0,330.5843311471371,437.9557626062249,330.5883958943513,519.3805337985806,473.691171955846
20140821,3685,3685,3420,3500,321880,-30000,282.3225106150765,469.4307723189863,374.82796053656455,517.7001156289535,472.9543505544138
20140820,3745,3750,3610,3700,204177,0,210.8221999695478,420.2511154060153,390.81453401837604,517.2583909958012,472.69336872157123
20140819,3805,3830,3645,3745,345550,0,99.42836617384397,321.82448632756336,400.3026199014945,516.8663323873641,472.55180308325583
20140818,3600,3775,3420,3775,456229,100,112.1338485917611,306.55994519832495,404.17346214218514,515.6566135089952,472.6745415423134
20140814,3665,3850,3610,3630,445962,17500,98.03060746521976,274.6820889683199,415.12618563516367,516.2877642899986,472.68062391242165
20140813,3580,3730,3470,3660,433382,3000,53.16013544000805,204.73458427925655,422.89449038737826,517.1497405652218,472.5133742963292
20140812,4040,4060,3465,3580,757226,0,72.29107828771127,157.69036115121304,435.97154436958425,518.6491802965004,472.5577492634132
20140811,3980,4115,3895,4005,535705,0,151.6904743218901,143.10922402137467,435.831389415678,515.7653091927339,473.3102620551139
20140808,4130,4220,3810,3980,587973,-800,182.82231811242303,163.09199857749,424.31673016745447,502.610262916406,473.9433404222171
20140807,4235,4310,4025,4100,897133,0,205.5723716845238,188.2584659450937,412.6345235193008,489.62181409057285,475.4124945040565
20140806,5000,5330,4240,4240,2243841,200,220.28163790929102,212.45058248919912,392.1418748361368,474.6587297440475,478.3045124157164
20140805,4620,5260,4610,4910,2318488,-8000,343.8255371551101,377.70524221937933,400.50741254064246,480.23370323440764,491.4054231798521
20140804,4810,4810,4450,4610,798496,0,343.8255371551101,415.1794792616803,378.0777036536278,482.4969487525975,498.59360364653315
20140801,4750,4970,4705,4775,467415,-8000,309.76765486409323,455.6028972691021,413.6215057271568,486.1588317846686,508.24381042305606
20140731,4650,4980,4410,4920,710790,-2200,251.96031433541276,472.69546221642537,455.418694719486,490.93742529528896,520.0796947477405
20140730,4780,4845,4600,4650,567421,10200,128.12493902437572,435.0701092927438,470.1741033914994,488.1417143958766,526.7833138229004
20140729,4885,4885,4415,4690,898871,0,110.01818031580054,351.05697543276364,490.2179999755215,487.7530966927282,534.052581420815
20140728,5390,5480,4755,4885,736119,-12000,105.4229576515476,328.5254936835192,520.5787044242209,492.23929224854265,544.3294406244895
20140725,5140,5530,5130,5290,1092237,0,227.367543857957,325.92330386150667,560.7285439497443,508.4393332105305,562.1492594770268
20140724,5800,5800,5080,5250,1423753,0,271.0645679538364,292.6448359359857,581.8364783167177,522.4619802754521,578.4256875707378
20140723,6140,6190,5900,5960,515502,0,435.0632137977193,389.4727204824492,656.106841528116,564.9544966927403,611.9034282920546
20140722,6140,6290,5900,6190,760413,0,484.0247927534291,526.9165019241664,739.0948433726218,611.278367894342,649.8843433429031
20140721,6340,6410,6060,6170,476967,0,417.91865237148727,580.4489641648092,795.1463701734419,650.3821259246273,684.5999630258639
20140718,6180,6570,6090,6340,997549,0,385.507457774814,632.3861557624424,846.6821643922826,690.0507781235415,721.6323894862049
20140717,6130,6750,5830,6250,2539275,0,125.76167937809991,649.812472948927,859.3900089598437,717.6260777731094,752.9432756781239
20140716,5850,6030,5290,6000,1578111,0,111.89280584559492,581.8558670323777,838.5455786658232,733.0756365402593,776.4651025999622
20140715,5980,6260,5690,5730,2273380,0,215.35087647836497,474.65803479979144,780.308392560275,739.7927450006343,793.6668197885984
20140714,5350,5750,5250,5750,1556086,0,250.0079998720041,364.99452050681526,744.4442558042881,743.7335012175746,809.8968512855428
20140711,4260,5000,4220,5000,1317039,0,418.4065009055189,419.24217345109736,689.6790920420891,729.9882942364496,814.5398496492857
20140710,4590,4595,4270,4350,371761,0,607.9671043732548,599.3196142293359,670.0660415212819,723.9420393849967,813.7889764944615
20140709,4330,4500,4310,4500,430750,0,590.9517746821647,704.7808169920631,651.6835888680951,715.9114771084306,812.0977198571835
20140708,4345,4600,4255,4415,843889,0,525.9619758119402,762.0775879134617,675.4107546523081,710.3841683671493,810.0272361247511
20140707,4015,4365,3900,4345,1217210,0,245.4913440429214,786.0667910553149,690.9674377277125,707.9554433170507,806.9327202007426
20140704,3750,4140,3700,4020,2131780,-10350,162.9539812339668,777.7589600898211,736.2820027000527,711.5449300641664,802.90334165557
20140703,3135,3605,3125,3605,1275426,10000,328.94680421004244,769.6396884256944,815.9073170403611,721.7982703329059,799.2287851683527
20140702,3125,3290,3070,3135,484124,0,479.54561826796,791.9311838790035,923.813935541135,743.9116024248049,798.4804568244422
20140701,3110,3175,3085,3150,174401,0,476.90040889057747,764.0752580734439,1014.0318966876735,764.247719256595,798.5678054683709
20140630,3220,3220,3085,3145,167766,0,353.1486938953619,633.301073739813,1093.1588116554706,783.9315933521071,797.6801912420882
20140627,3275,3275,3150,3185,290566,0,181.28430709799457,567.7939767204298,1153.098976671127,801.4440569303054,796.3945272636985
20140626,3180,3265,3110,3260,561878,0,45.71651780264984,553.3073287062083,1197.1079734092496,816.1257392229702,794.6456713879273
20140625,3220,3260,3045,3130,447008,250,46.62617290749907,499.29350085896374,1209.9525817154986,833.3138789395929,793.1101916138015
20140624,3150,3260,2980,3195,812195,0,45.45327270945405,411.71106373280765,1186.9771217256045,847.9677666829972,791.8257636188467
20140623,3445,3600,3130,3150,910735,-20000,44.654227123532216,276.10912697699797,1147.9486867887433,862.9171294059694,790.5231214553878
20140620,3430,3525,3295,3525,629211,0,143.6175476743702,163.58789686281807,1055.9692230363537,869.6866613263106,787.8969623395582
20140619,3375,3460,3255,3460,1232812,-5000,166.33099530754933,135.27841660811973,946.9338678070399,877.311751729246,786.0430426704188
20140618,3520,3520,3230,3315,1785190,25090,145.44414735560864,132.9294925891166,838.3276134662393,887.2290040094333,786.5283589134052
20140617,3100,3325,3095,3325,2205379,10,129.96153277027784,129.89996150884727,727.8622809295728,896.3977291854907,786.84115296546
20140616,2600,2895,2495,2895,665818,0,219.55409356238385,169.40779202858408,587.6956589085888,914.4140314066426,790.5607966904906
20140613,2410,2580,2410,2520,241131,0,347.80166762107393,276.30825177688774,540.0298024183484,941.8445112296124,798.6723782054489
20140612,2320,2440,2320,2405,52398,0,385.22201390886266,357.81419759422624,549.8672567083808,970.9699474694892,808.4734586449623
20140611,2340,2395,2280,2320,29141,0,372.083324001493,425.35161925164925,533.6712471175492,999.7579568186668,819.5825114383357
20140610,2310,2345,2270,2340,22546,0,211.36224828478714,463.9528532081681,502.76454479209286,1023.7011384351126,830.2981224971163
20140609,2265,2360,2265,2320,38439,0,76.18398781896364,489.883914820644,458.11297733201184,1045.8941018201765,841.2083075354647
20140605,2275,2330,2210,2280,25227,0,40.93897898091744,457.7619468675831,434.0259208849172,1071.5889649124954,852.0429330275772
20140603,2235,2280,2205,2275,31878,0,25.219040425836983,400.0903023068667,435.5172212438911,1095.568760837143,863.6872022516875
20140602,2340,2340,2220,2250,53044,0,32.49615361854384,331.2868847388921,455.566885868585,1118.4461288124546,876.5703012625795
20140530,2305,2355,2290,2340,25206,0,32.49615361854384,182.11877992123712,464.9819216915862,1138.4373884847641,887.7228202291352
20140529,2350,2380,2290,2340,21161,0,36.55133376499413,73.03423854604085,470.92754219731125,1157.455722695261,898.1568472278303
20140528,2365,2365,2295,2335,27869,0,38.02630668366309,41.43971524998694,471.85167160878046,1174.6504799300976,908.7221558855249
20140527,2350,2370,2265,2345,70378,0,36.138621999185304,32.05074102107469,464.38743253882353,1191.0420740772472,918.8045184126869
20140526,2370,2395,2315,2345,60867,0,3.7416573867739413,33.331666624997915,459.81137436996966,1206.7060853368137,928.493324783049
20140523,2320,2450,2275,2370,178094,0,12.083045973594572,36.46916505762094,447.1562227007474,1222.081429706442,938.5036701520686
20140522,2300,2345,2215,2290,89940,0,26.19160170741759,37.5632799419859,435.5871755458376,1238.5714889877534,949.4476866695901
20140521,2250,2390,2235,2325,305746,0,26.645825188948457,35.5,380.40266494860464,1253.69665611565,959.5026914660372
20140520,2145,2270,2105,2250,151428,0,42.118879377305376,39.35733730830886,316.98688853011,1269.4907005917355,970.5324247545848
20140519,2085,2150,2070,2130,111737,0,81.70679286326198,67.08949247087803,256.46637206464396,1287.1860350737554,983.0224005232888
20140516,2000,2120,2000,2080,83714,0,94.23375191511798,94.17536832951598,155.68778853847328,1305.0630465826396,995.7695202706366
20140515,2055,2055,1975,2000,77112,0,116.77328461596,123.5354200219516,111.41588755648978,1323.4999344121231,1008.9051787567728
20140514,2090,2115,2025,2060,31949,0,84.04760555780278,131.25261902148847,109.64716138596737,1339.718904492864,1018.7995250402485
20140513,2100,2150,2040,2090,18057,0,42.61455150532503,129.1472028345949,111.72818579033839,1353.8267650339264,1028.2456202462372
20140512,2065,2100,2040,2090,15540,0,33.823069050575526,121.77951387651373,116.1192813446603,1366.013449075652,1037.1693047264175
20140509,2125,2160,2025,2080,70402,0,33.823069050575526,103.5,119.02179422274045,1369.1519551857243,1047.4525844479454
20140508,2125,2160,2040,2115,31267,0,17.776388834631177,90.55937278934744,119.63381628954404,1374.581501969075,1057.9698325881886
20140507,2160,2215,2045,2145,160199,0,23.53720459187964,61.71709649683789,119.83817213225664,1375.8219361530769,1067.6823411470452
20140502,2120,2180,2085,2160,52012,0,30.757112998459398,43.70354676682432,119.47175398394539,1372.943553100418,1076.8057185748823
20140430,2185,2190,2075,2120,59664,0,27.459060435491963,43.0,120.48755122418405,1373.7085955746059,1086.297454531785
20140429,2155,2200,2085,2165,48365,0,20.346989949375804,47.55260245244207,116.32148339838335,1371.8782213325883,1095.3351014073335
20140428,2130,2200,2100,2155,44605,0,15.937377450509228,35.298725189445584,111.41700947342095,1365.3621695970141,1104.4096556531972
20140425,2170,2190,2070,2120,37560,0,19.849433241279208,29.563490998188964,106.44570212084832,1348.613946386766,1113.709267087796
20140424,2100,2140,2055,2120,58215,0,19.849433241279208,27.40437921208944,99.1829118346521,1330.5968663849058,1122.8750023192015
20140423,2150,2170,2080,2120,54597,0,19.849433241279208,24.698178070456937,89.94824901019682,1287.7857045461133,1131.8384128082714
20140422,2200,2200,2110,2145,66291,0,15.033296378372908,18.445866745696716,74.35388355694928,1230.5530486555833,1140.228625192486
20140421,2140,2195,2085,2190,115596,0,27.27636339397171,22.891046284519195,66.95894264398426,1167.0112467324357,1147.968549190512
20140418,2020,2265,2000,2150,369555,0,25.69046515733026,22.96192500641007,50.775855482703314,1087.6323163438774,1155.8404762756993
20140417,1975,2000,1915,2000,136129,0,64.52906321960671,48.32442446630896,49.02231634674531,1004.2141897468291,1165.01090764446
20140416,2020,2020,1940,1975,88908,0,87.0976463516667,66.88796603276258,57.109543860902725,923.2455546422399,1174.437151687523
20140415,2060,2100,1965,1995,53999,0,89.47625383307015,73.08214556237385,61.71456473151514,845.6207286169468,1183.5952175000127
20140414,2000,2060,1955,2040,57585,0,62.65780079128216,72.091955168382,59.03971121203399,752.989965994818,1192.0000342270278
20140411,2060,2060,1980,1985,63015,0,22.22611077089287,76.8505042273634,63.76519426772236,693.8822496568681,1200.7428140761738
20140410,2110,2110,2015,2070,62518,0,36.138621999185304,75.17313349861105,64.03905058634437,659.4817988811687,1208.4139484602729
20140409,2100,2110,2040,2080,93110,0,38.39270764090493,73.287106642301,64.13072586522293,613.0973900794296,1215.8652611754917
20140408,2115,2150,2030,2100,65148,0,40.0,69.39200242102832,64.02148077013193,564.6988135280482,1222.6715711233933
20140407,2080,2145,2000,2110,168809,0,44.31703961232068,57.334544560849174,63.96239129363733,513.0898434972034,1228.5630467022177
20140404,1850,2125,1830,2090,436035,0,14.142135623730951,49.16553671017942,63.02578837270005,473.384526280915,1230.8912731792773
20140403,1930,1930,1825,1850,194620,0,98.50888284819801,76.00822323933114,80.66287869894288,453.6942497125193,1234.492990141437
20140402,1925,1950,1815,1910,122079,0,109.61751684835777,82.86132994346639,87.9786906017609,447.7204221262105,1237.2762697588387
20140401,1815,1980,1815,1925,413984,0,103.71113729971339,87.74394566008529,90.33410208775184,440.0255674389647,1242.3720584419289
20140331,1780,1830,1750,1815,78893,0,94.79451460923254,105.71305501214124,101.50000000000183,433.37182521348956,1247.5404072447297
20140328,1755,1810,1725,1780,159786,0,55.08175741568164,123.71741995369932,114.26394882026602,424.8382944001999,1252.8823324194902
20140327,1625,1845,1615,1815,326972,0,57.56735185849702,127.32340711746603,120.42087651234056,411.2935556131053,1256.5736150341581
20140326,1590,1650,1575,1625,49022,0,96.72641831474998,150.95032295427526,143.3832277499721,405.1670694499343,1262.990993633768
20140325,1585,1600,1580,1590,11263,0,97.41663102366043,161.24205406778964,161.77511396998108,395.77382008749316,1268.5062820104647
20140324,1580,1590,1535,1585,36822,0,98.35649444749441,153.65627224425302,171.24470794742933,386.29920578337874,1273.7481047581632
20140321,1590,1600,1550,1575,31239,0,90.08884503644167,132.12115651930995,179.0619655314896,355.2856733984667,1278.504806377578
20140320,1590,1600,1565,1590,10070,0,16.911534525287763,134.84806264830058,189.1393335612674,322.0968086874595,1283.1709962259777
20140319,1605,1605,1565,1580,32441,0,5.830951894845301,124.54316520789088,198.10287731378455,292.6302653899643,1287.9839543514038
20140318,1600,1625,1580,1600,31583,0,8.602325267042627,98.04208280121348,202.84399793930402,255.1520652255574,1293.2985061623165
20140317,1580,1630,1560,1600,35493,0,10.198039027185569,83.15046602394962,203.35851961499023,240.59249780485226,1298.7004181263972
20140314,1555,1615,1530,1595,37041,0,7.483314773547883,67.7661419884591,204.69657422634208,240.8673418894028,1301.12435285688
20140313,1555,1555,1535,1555,14194,0,17.146428199482248,17.38533865071371,200.74299489646052,244.77624419497812,1303.669020468987
20140312,1555,1575,1530,1550,26966,0,22.58317958127243,16.61324772583615,192.6940580298219,249.88712729723795,1304.39000683483
20140311,1555,1560,1500,1555,50542,0,21.77154105707724,18.172781845386247,178.12548245548803,253.68254440010298,1302.2989548135042
20140310,1560,1560,1535,1550,22340,0,17.146428199482248,19.87460691435179,156.49500790760186,257.32820590742136,1299.5634416560436
20140307,1545,1580,1535,1560,23261,0,3.7416573867739413,20.377683872314833,128.3011593868129,260.8099031009598,1302.2098998486767
20140306,1545,1550,1515,1540,16491,0,6.6332495807108,21.80022935659164,123.05969080084824,264.3342134285026,1303.9431544358106
20140305,1525,1550,1510,1540,40343,0,8.0,22.96192500641007,108.7758589945415,267.7148540061452,1304.8818885460735
20140304,1530,1530,1505,1525,6774,0,11.661903789690601,22.38302928559939,86.49963872757142,269.02029043669273,1307.3289343957567
20140303,1545,1545,1485,1525,43365,0,12.884098726725126,19.03286631067428,73.64229423368322,269.6360072187402,1309.8892917331732
20140228,1560,1595,1520,1530,42792,0,6.782329983125268,12.288205727444508,60.70986328431627,269.5717282406337,1315.0051647553878
20140227,1560,1565,1525,1550,39839,0,9.695359714832659,11.884864324004713,27.820855486493805,268.1116449664987,1319.7167934562958
20140226,1600,1615,1540,1550,52212,0,11.575836902790225,11.884864324004713,24.468091466241756,265.9843353783107,1324.3425720952644
20140225,1590,1595,1575,1595,3082,0,24.698178070456937,19.62778642639052,24.77397828368251,261.52994039344134,1327.4772335356893
20140224,1605,1605,1580,1585,4315,0,24.20743687382041,22.80350850198276,24.77397828368251,258.8977704723046,1330.2089330460713
20140221,1580,1615,1550,1600,50809,0,21.77154105707724,27.27636339397171,25.974747352002726,254.41538377223648,1332.4022784419253
20140220,1565,1590,1530,1580,48065,0,17.4928556845359,27.85677655436824,25.557533136051543,251.79768940334435,1335.2967828403919
20140219,1585,1605,1570,1585,28273,0,7.3484692283495345,28.217902119044926,25.743931323719238,251.3659351091698,1337.7719245903743
20140218,1560,1605,1560,1590,31957,0,6.782329983125268,26.248809496813376,25.119713374168356,251.42819827708823,1340.3958033813124
20140217,1550,1585,1545,1580,69629,0,7.483314773547883,21.84605227495348,24.000000000007763,252.5209012250854,1340.1844031233209
20140214,1530,1565,1520,1550,43706,0,14.0,18.309833423600555,22.884219453596675,253.07849024007524,1340.0824076805918
20140213,1485,1540,1485,1525,40597,0,24.779023386727733,22.891046284519195,24.09745837220956,253.26911192549525,1338.8792473142978
20140212,1500,1530,1470,1500,31673,0,33.52610922848042,31.448370387032774,27.21557458515937,253.57952675415697,1336.2375246273523
20140211,1500,1515,1470,1500,19162,0,30.72458299147443,36.15591237958185,29.80771712158401,253.70338926036322,1325.2321468541152
20140210,1500,1510,1470,1500,24193,0,20.0,39.03844259188627,31.97264455750216,252.72344348884985,1317.5331115383824
20140207,1490,1515,1465,1500,25371,0,10.0,38.0,33.70830758137187,250.60009920627533,1307.100607552418
20140206,1495,1500,1460,1490,7917,0,4.0,38.353617821530214,35.95135602450028,247.76942406191412,1293.97787244412
20140205,1495,1505,1445,1495,22783,0,4.0,35.298725189445584,37.56577564752753,245.38433573110302,1283.9418362561833
20140204,1505,1505,1455,1500,8009,0,4.0,27.730849247724095,38.538941345091104,241.183583258284,1272.6922988295369
20140203,1490,1530,1480,1505,16359,0,5.0990195135927845,16.889345754054535,39.20777984023544,236.61870112523715,1257.8140733254525
20140129,1505,1550,1495,1510,9270,0,7.0710678118654755,9.013878188659973,39.714606884625866,232.45003943494018,1234.9885598885385
20140128,1515,1595,1500,1530,19063,0,12.083045973594572,10.295630140987,39.689419244936964,227.4827679675847,1211.5621774066046
20140127,1510,1520,1485,1515,6262,0,10.295630140987,10.828203913853857,39.91475291167882,222.16241556316513,1170.954613380567
20140124,1520,1540,1485,1515,41827,0,8.366600265340756,11.135528725660043,37.831038843790324,215.37499596949576,1121.3648646726153
20140123,1540,1580,1520,1540,18665,0,11.224972160321824,14.832396974191326,35.947878936042564,205.7496456051332,1068.5003899546991
20140122,1545,1580,1540,1575,15473,0,22.135943621178654,24.005207768315607,33.884915522993005,196.46732482067674,1005.6353704319969
20140121,1530,1585,1520,1555,25714,0,23.2379000772445,24.474476501040833,32.4191301549004,191.94986324551252,940.237632492747
20140120,1525,1550,1490,1530,54884,0,20.639767440550294,22.5,29.68480250903436,188.01837602264587,877.6607600446955
20140117,1495,1530,1495,1525,25597,0,18.16590212458495,20.615528128088304,25.709920264372126,183.12888221132872,818.7657282204376
20140116,1530,1535,1490,1500,15196,0,25.80697580112788,21.266170318136737,22.383029285607712,176.40773083958243,753.0462844986571
20140115,1460,1540,1460,1535,75000,0,17.72004514666935,20.273134932713294,21.533404282657504,170.68153825171143,708.2719532229356
20140114,1450,1480,1430,1465,29526,0,25.96150997149434,28.587584717845612,24.252577182649528,161.65257670549462,680.5949896455053
20140113,1460,1470,1425,1465,24460,0,29.257477676655586,33.8710791088799,26.386549603924582,150.89867369262174,646.3202411859593
20140110,1465,1495,1445,1470,21061,0,27.313000567495326,37.134889255254286,27.865749586192234,137.2840475881745,611.8326282003644
20140109,1405,1470,1405,1470,67511,0,27.09243436828813,38.52272056851645,29.19332115399638,120.53500528879471,576.6237399726184
20140108,1405,1430,1400,1415,24327,0,21.118712081942874,40.93897898091744,35.72376659872769,102.81780001521908,549.3980781399755
20140107,1400,1420,1385,1415,2651,0,26.19160170741759,41.27953488110059,40.71547617307665,98.11823225053264,531.892805551299
20140106,1390,1420,1390,1410,14646,0,27.820855486487112,42.14261501141095,45.34520371550196,89.18282563845023,523.7936868547564
20140103,1395,1410,1370,1410,33990,0,23.108440016582687,40.40111384603152,49.154730189477924,77.17386575470185,514.8778104776238
20140102,1405,1410,1380,1410,13798,0,2.449489742783178,39.5,52.23504570688507,70.87836803655001,505.4885820641569
20131230,1400,1420,1360,1410,20378,0,2.0,27.459060435491963,54.62142436810278,65.63847745180568,494.6645889444334
20131227,1435,1435,1400,1410,12445,0,0.0,26.177280225416848,55.709065689530036,56.5859719558752,481.4436839686891
20131226,1405,1435,1395,1425,7165,0,6.0,23.178653972998518,56.09144319769614,56.61541800185154,470.22069102060846
20131224,1395,1410,1375,1405,10876,0,6.782329983125268,18.05547008526779,57.039460025497895,57.94987057767058,456.9341502977677
20131223,1365,1410,1365,1405,5078,0,7.3484692283495345,5.5,55.979348870814604,59.191954689541404,443.85338388807907
20131220,1380,1400,1365,1365,7617,0,19.8997487421324,14.84082207965583,53.09131284871728,61.85214224235622,419.29086132289893
20131219,1385,1405,1380,1395,4156,0,19.595917942265423,14.908051515875574,48.4838890766858,62.90071541698564,394.37633385935175
20131218,1395,1400,1375,1400,18123,0,14.966629547095765,14.84082207965583,44.790484480527475,63.82397668563568,372.07256423386696
20131217,1400,1425,1385,1395,15675,0,14.0,14.866068747318506,40.52391269362292,64.29289532178032,347.2947435376734
20131216,1395,1435,1390,1395,30695,0,12.649110640673518,14.739402972983676,37.65302112713364,64.57790299726379,334.3325024915043
20131213,1380,1425,1365,1395,19181,0,2.0,14.45683229480096,28.066884401379014,64.80976435325128,329.3360086556459
20131212,1405,1420,1385,1400,4609,0,2.449489742783178,14.0,25.945857087411326,65.56437676031369,325.9946212064932
20131211,1375,1450,1365,1400,11181,0,2.449489742783178,10.828203913853857,23.184046238747293,66.28489646946974,323.72312200742107
20131210,1380,1400,1355,1390,16464,0,3.7416573867739413,10.44030650891055,19.013153341841342,67.0634028361839,321.0454277305255
20131209,1380,1410,1380,1385,10364,0,5.830951894845301,10.04987562112089,12.676257334101912,67.92413046898896,318.5016979503117
20131206,1395,1410,1380,1395,19196,0,5.830951894845301,4.47213595499958,12.376893794501612,68.26236151766354,316.2481444829333
20131205,1380,1420,1375,1400,3853,0,5.830951894845301,4.716990566028302,11.937336386328925,68.71660805213232,313.83381737882377
20131204,1400,1410,1380,1400,1233,0,5.830951894845301,4.716990566028302,11.715374513875881,69.08911314761302,311.59134283635814
20131203,1410,1445,1380,1395,14664,0,5.477225575051661,4.716990566028302,11.497282287583118,69.67464069174407,307.8030913677848
20131202,1400,1420,1380,1415,5393,0,7.3484692283495345,7.5,11.789826122567394,69.85202613756891,303.5979128853534
20131129,1400,1440,1395,1420,2522,0,9.695359714832659,10.0,12.439855304639702,69.84983894017242,299.18476036279424
20131128,1370,1420,1370,1415,45438,0,9.695359714832659,10.965856099730654,12.695963925609293,69.5391077018392,294.36343749409946
20131127,1390,1430,1345,1390,73995,0,12.083045973594572,11.5,11.44552314227587,69.55508408585366,289.4566719399724
20131126,1375,1395,1340,1395,56205,-82,12.083045973594572,11.135528725660043,11.346805717926632,68.22038429458773,283.70068098067395
20131125,1370,1390,1335,1375,37665,0,16.55294535724685,12.84523257866513,12.206555615748963,67.3945163444414,279.3428268822466
20131122,1370,1415,1335,1370,43420,0,15.937377450509228,15.692354826475215,11.60549438845121,65.97658465084417,274.0597055793344
20131121,1370,1405,1370,1370,8159,0,10.488088481701515,17.67059704707229,12.942179105559177,64.9967413710612,269.9120227037121
20131120,1435,1435,1375,1390,47996,0,10.488088481701515,17.613914953808536,12.932517156391965,63.263118972983804,267.37359422519285
20131119,1450,1450,1370,1440,101359,0,26.5329983228432,22.494443758403985,16.299923312714466,60.65727949325784,265.04292105243854
20131118,1430,1450,1415,1420,27552,0,27.85677655436824,22.91833327273168,17.0587221092429,58.31880771501535,263.7373483011044
20131115,1460,1460,1425,1445,6282,0,28.91366458960192,26.248809496813376,19.868316486314903,56.740821577598844,261.41672975774026
20131114,1410,1485,1410,1445,8889,0,21.118712081942874,29.223278392404914,22.10627738902171,55.77104734707584,258.53991739941836
20131113,1410,1445,1380,1410,12448,0,14.352700094407323,28.879058156387302,22.151467220036974,55.43834162553703,255.73749562134182
20131112,1390,1535,1385,1410,14575,0,15.937377450509228,28.6574597618142,21.981526334637742,55.06277982621045,252.9321247335565
20131111,1405,1405,1370,1395,16091,0,20.346989949375804,26.9675731203236,21.649191670830866,54.80926523429259,249.50282507865793
20131108,1390,1420,1385,1405,27146,0,16.911534525287763,23.68543856465402,21.533404282657504,54.38513634737905,245.27352928246418
20131107,1420,1455,1395,1395,25144,0,6.782329983125268,20.05617112013158,21.621748310448268,54.20408963630663,240.59099326798543
20131106,1440,1460,1395,1460,28428,0,24.20743687382041,22.051077071199945,24.66779276709557,53.747028341322995,236.04745506290848
20131105,1440,1460,1420,1445,4067,82,27.202941017470888,22.494443758403985,25.73421846492278,53.09425580952622,230.44934593458015
20131104,1465,1465,1440,1450,5386,0,25.96150997149434,23.853720883753127,27.132775383295616,52.32981676052016,224.74300137418248
20131101,1435,1480,1430,1465,10597,0,25.019992006393608,26.095976701399778,29.449108645260768,51.53855083517197,219.4161721415068
20131031,1435,1445,1425,1440,12037,0,9.273618495495704,25.811818998280614,29.96977644228219,49.95970598582004,213.92946900402114
20131030,1430,1440,1420,1435,10193,0,10.295630140987,25.199206336708304,29.639500670564146,48.74850425022297,208.1689351357802
20131029,1470,1480,1430,1430,55738,0,12.409673645990857,24.310491562286437,29.260681810244485,47.461314655793174,201.51333271994184
20131028,1455,1475,1455,1470,4767,0,16.30950643030009,23.286262044390035,29.32149382279785,45.51640424641271,193.08061338181517
20131025,1490,1515,1450,1475,16117,0,18.708286933869708,22.36626924634504,28.481353549302614,41.73752308535581,185.1811987997107
20131024,1450,1495,1430,1490,37073,0,23.45207879911715,18.275666882497067,27.89601225982618,39.11698977242686,180.46113770624217
20131023,1455,1475,1450,1475,9490,0,20.149441679609886,19.13765920900464,27.0647372054556,37.224823706328614,176.08465451470957
20131022,1455,1485,1445,1460,8504,0,9.695359714832659,18.681541692269406,27.413500323752395,35.13505688325337,171.1005988609176
20131021,1470,1480,1450,1465,6314,0,10.295630140987,18.5,27.444261695304768,34.11367842263238,164.71716078042573
20131018,1465,1480,1445,1480,33294,0,10.677078252031311,19.390719429665317,28.59195691099811,31.707867932992496,159.30944185420384
20131017,1460,1490,1450,1465,7009,0,7.3484692283495345,17.95132307101624,28.922309727965583,31.707867932992496,151.26375052282447
20131016,1475,1580,1440,1465,32647,0,6.782329983125268,15.041608956491324,27.967615200448762,31.707867932992496,142.25782906597658
20131015,1460,1480,1425,1465,31979,0,6.0,8.602325267042627,26.697378148431966,31.584432698025346,131.7077731191635
20131014,1490,1495,1430,1430,53874,0,16.55294535724685,15.033296378372908,23.94133454927633,30.950116674891806,119.71351798730974
20131011,1495,1520,1475,1490,26215,0,19.131126469708992,16.439282222773596,22.500000000008278,32.21498960922956,106.85111006550778
20131010,1505,1505,1475,1495,14702,0,23.108440016582687,17.146428199482248,18.874586088186742,33.559648388611485,101.80672558828827
20131008,1500,1510,1480,1510,14510,0,28.035691537752374,21.12463017427761,21.50581316761523,35.33372641244455,94.38042662843066
20131007,1510,1525,1485,1515,42302,0,30.430248109405877,24.1039415863879,23.563743335904263,37.14264919006418,85.57395071910429
20131004,1505,1510,1485,1510,19877,0,9.695359714832659,25.42144763777232,24.804233509632436,38.605824977450425,80.13200914052953
20131002,1500,1525,1490,1515,20132,0,7.3484692283495345,27.184554438136374,26.48584527630509,40.11926663740122,75.45462902748699
20131001,1480,1530,1480,1510,18183,0,2.449489742783178,27.060118255469618,26.386549603924582,41.340053216794054,69.04703509611812
20130930,1525,1530,1490,1510,21552,0,2.449489742783178,26.1725046566048,25.39069711528954,42.54890976499407,67.80198651226237
20130927,1500,1540,1490,1530,22063,0,7.745966692414834,25.985572920372565,24.641174890828005,44.18427321986203,67.19363344104119
20130926,1495,1525,1480,1500,12534,0,9.797958971132712,10.735455276791944,24.519125188317233,44.79668576494244,66.50245400658457
20130925,1490,1515,1475,1475,21622,0,17.88854381999832,13.820274961085254,24.519125188317233,44.09546146929058,65.89190432492114
20130924,1515,1525,1490,1505,9269,0,17.72004514666935,13.2664991614216,24.804233509632436,44.557313278901404,65.11580229362409
20130923,1515,1575,1500,1515,6440,0,18.16590212458495,13.425721582097552,25.243811122736055,45.2738580440164,64.5107656821549
20130917,1500,1580,1490,1515,16119,0,14.696938456699069,13.425721582097552,24.762623043619037,45.81545105663714,63.59265713646247
20130916,1505,1545,1485,1500,6807,0,14.696938456699069,13.647344063956181,23.926972228018585,45.92831068295248,62.58492840850657
20130913,1510,1520,1490,1495,10596,0,8.0,13.865424623862047,23.678840765552113,45.88292771307391,61.61708310659113
20130912,1545,1545,1495,1510,32223,0,8.12403840463596,13.865424623862047,22.77059507347958,46.161777719124515,61.24943310402602
20130911,1525,1555,1500,1505,46960,0,7.0710678118654755,13.784048752090222,21.50581316761523,46.26433711679607,60.908044875570894
20130910,1540,1580,1520,1530,17800,0,12.083045973594572,13.784048752090222,20.87312865864561,46.674404120113856,60.665064081471165
20130909,1545,1585,1520,1540,16147,0,16.55294535724685,17.146428199482248,14.306903927837515,47.12652885785207,60.563958387514255
20130906,1525,1560,1520,1545,27037,0,15.937377450509228,16.09347693943108,15.66045976337772,47.81990229520901,60.39624654919563
20130905,1515,1535,1500,1525,15429,0,13.92838827718412,15.84297951775486,15.44344521149256,47.96671299477762,60.269303039755584
20130904,1515,1525,1500,1510,16373,0,12.24744871391589,16.00781059358212,15.44344521149256,47.73363593911365,60.045064095487696
20130903,1495,1520,1475,1500,32603,0,17.146428199482248,16.852299546352718,15.690363284525075,47.166593050249766,59.90024983724658
20130902,1520,1520,1485,1495,27811,0,18.16590212458495,17.38533865071371,16.132265804913224,46.89964167087826,59.73551370191124
20130830,1535,1595,1520,1520,16737,0,11.40175425099138,16.0,16.223054582919104,47.04452678014647,59.65931926370768
20130829,1490,1535,1490,1535,21866,0,14.352700094407323,16.5,16.985287751473997,47.3517423118511,59.50787762984832
20130828,1510,1510,1440,1485,72498,0,18.05547008526779,19.241881404893856,18.046814123284268,46.26793946341459,59.073738642744
20130827,1540,1545,1495,1520,42040,0,18.275666882497067,18.874586088176873,17.66882848409516,45.63890579527769,58.134124134606964
20130826,1555,1560,1535,1545,5062,0,20.346989949375804,19.519221295943137,18.914280319387586,44.77187547223578,57.58055950876421
20130823,1545,1585,1535,1545,34280,0,22.44994432064365,19.519221295943137,17.916472867179316,43.50255420306174,56.74686420614997
20130822,1505,1570,1475,1545,19195,0,23.57965224510319,21.095023109728988,18.681541692279374,41.99297229525878,56.25981395877229
20130821,1555,1600,1490,1520,84793,0,12.24744871391589,20.83266665599966,18.659782956947076,40.56707408685255,55.43763700980792
20130820,1720,1720,1560,1560,50054,0,12.884098726725126,22.494443758403985,20.62159062731031,41.336273416555294,54.94996145492635
20130819,1725,1725,1665,1675,29173,0,54.53439281774392,47.644516998286385,38.777409660785395,47.11422290527866,57.20722565092341
20130816,1695,1730,1650,1695,51502,0,71.65193647069142,64.43019478474359,51.94889315471863,53.60244604671109,60.37037019292846
20130814,1640,1710,1640,1700,71487,0,75.03332592921628,75.45859791965393,61.95714244540635,59.373757296670824,63.72118084983902
20130813,1665,1675,1635,1665,17526,0,51.12729212465687,72.29107828771127,65.86871412135183,61.99708774496889,66.07601630368282
20130812,1660,1670,1625,1640,15625,0,21.6794833886788,68.36665854054884,67.88363204779465,63.277168077976924,67.7735070945712
20130809,1640,1700,1630,1660,70033,0,22.494443758403985,66.27405223765935,70.8038664198529,64.60967204831515,69.83013865014084
20130808,1600,1660,1585,1655,66828,0,19.849433241279208,61.80817098086627,72.94647009965851,65.72855586063208,71.69766771356346
20130807,1645,1660,1585,1585,34435,0,29.223278392404914,57.20358380381425,72.06724290550022,64.45557255429557,72.37104191831384
20130806,1630,1635,1585,1610,15495,0,28.460498941515414,43.84347157787577,70.64833685233059,65.07319596655829,73.3626361910332
20130805,1635,1640,1620,1630,5806,0,28.035691537752374,34.35476677260377,68.68906390394596,65.81328808726778,74.63447966968458
20130802,1590,1670,1580,1635,27084,0,23.790754506740637,33.70830758136635,65.80036094126211,66.63389819647166,75.94090355890124
20130801,1585,1610,1570,1580,11402,0,22.494443758403985,35.12833614050059,63.58606372469028,66.49352516491948,76.43824668034034
20130731,1580,1630,1550,1590,91047,0,21.540659228538015,30.24896692450835,61.915264676817564,65.94294672056407,76.95597587082649
20130730,1585,1625,1555,1590,31367,0,22.80350850198276,28.6574597618142,55.934671716211696,65.16959712057347,77.53331497211093
20130729,1605,1635,1550,1590,33708,0,19.390719429665317,28.6574597618142,52.446997054172435,64.14886116571283,78.10138531996661
20130726,1565,1645,1565,1600,10088,0,6.324555320336759,23.984369910422913,50.326434405790884,64.07563889630009,78.66061947101969
20130725,1620,1630,1580,1595,23794,0,4.0,17.811513130556875,48.052055106939726,63.94284557297302,78.87714603531035
20130724,1620,1650,1585,1620,52362,0,11.135528725660043,17.86057109949175,45.20716204320254,64.40426788801602,79.59139357094185
20130723,1565,1625,1550,1620,73557,0,12.649110640673518,18.439088914585774,39.00240377208016,64.54950727045123,80.44743582342798
20130722,1570,1610,1530,1575,36155,0,16.911534525287763,18.364367672206956,37.87809393304225,63.70390490361777,80.78726135493906
20130719,1570,1570,1550,1570,4046,0,21.307275752662516,16.0,37.93003427365144,62.87089946842817,81.14928587012476
20130718,1570,1600,1555,1570,12918,0,23.748684174075834,17.05872210923198,35.30580688782474,62.28964600934271,81.39086080286428
20130717,1600,1600,1525,1570,28275,0,19.595917942265423,18.303005217723125,30.51638903934036,61.34482455732717,81.73125634601426
20130716,1530,1580,1500,1570,47013,0,2.0,19.261360284258224,28.525208149992043,60.33448433499102,82.06091064303736
20130715,1510,1545,1465,1530,53209,0,16.0,25.903667693977237,31.283981524102277,59.310564451241305,82.13805282712288
20130712,1480,1510,1470,1510,36756,0,25.298221281347036,32.802438933713454,33.25939716832481,57.36209307714926,82.14718328848062
20130711,1450,1505,1450,1500,32733,0,29.393876913398138,38.34383914007569,35.15679166249919,57.184581740694796,81.88142468437113
20130710,1455,1480,1430,1450,4340,0,39.191835884530846,46.37078821844632,45.40030286243003,58.26567504850684,81.68073858361323
20130709,1455,1495,1420,1455,47502,0,31.368774282716245,46.636895265444075,51.61152971963118,59.39340358034872,81.42045154974618
20130708,1540,1540,1420,1455,35225,0,25.573423705088842,48.8978527135906,54.9971590175381,60.54262731490514,81.157597029265
20130705,1440,1540,1440,1500,235059,0,22.93468988235943,45.86937976471886,53.48831648126881,60.67553735487314,80.83311855647142
20130704,1455,1505,1400,1450,28086,0,19.131126469708992,44.54211490264017,57.44345045347095,61.91638627098762,80.58290244633581
20130703,1475,1490,1425,1460,21044,0,18.275666882497067,38.87158345115362,59.36328831862646,62.8083504707625,80.29303968733049
20130702,1460,1505,1450,1475,28863,0,18.05547008526779,27.663152387246107,59.713377898092254,63.34972375606096,80.07804352982511
20130701,1460,1570,1455,1480,9867,0,17.204650534085253,21.80022935659164,59.29744935492902,63.943279987226,79.69158213950766
20130628,1450,1500,1430,1460,33755,0,10.954451150103322,18.309833423600555,58.61473790780244,64.6646799520615,79.34611241620199
20130627,1475,1500,1405,1450,81983,0,10.954451150103322,15.660459763365825,57.94609564069328,65.21992708412127,78.57894782749179
20130626,1390,1490,1360,1420,43555,0,21.354156504062622,20.180436070610565,55.92629077634572,67.0540308670906,78.35066297676043
20130625,1455,1505,1370,1385,62618,0,33.2264954516723,30.41792234851026,54.892508596350126,70.09769967673084,78.51166535764753
20130624,1540,1540,1475,1510,14853,0,41.71330722922842,34.84250278036869,51.69864601708997,70.13657311886601,78.0042288740247
20130621,1510,1520,1425,1510,41109,0,49.39635614091387,36.124783736376884,48.52576635150003,70.04086108973371,77.48161744359547
20130620,1545,1545,1475,1510,37769,0,53.81449618829484,38.84584919911006,44.93050188903272,69.88735976930815,76.94352185573888
20130619,1575,1650,1525,1550,21094,0,56.178287620752556,46.151923036857305,43.15958757912745,69.73536286062115,76.58596295817682
20130618,1535,1575,1475,1575,26184,0,26.90724809414742,55.04543577809154,43.68280554177321,69.62094791697447,76.37979617606936
20130617,1555,1595,1480,1525,73531,0,25.179356624028344,56.27832620112293,43.419465680733246,69.64473338923821,75.75710454404856
20130614,1615,1615,1535,1580,14975,0,27.313000567495326,61.28009464744649,48.14041960764751,69.762692990613,75.35968150961916
20130613,1650,1660,1550,1570,92228,0,20.248456731316587,61.7677100109758,51.52911798197571,69.81816661054691,74.97124448753013
20130612,1710,1710,1625,1650,70185,0,40.124805295477756,65.38539592294292,61.52438540936733,70.94422692018402,75.54450491088839
20130611,1730,1730,1670,1720,7757,0,68.43975452907469,65.0,77.25404520153215,73.97522107640243,77.40424191654931
20130610,1680,1730,1650,1715,41572,0,63.84355879804947,74.47986305035744,87.77065284023114,76.43892805496134,78.961840291569
20130607,1690,1690,1560,1670,98933,0,54.405882034941776,72.63091628225546,93.03594735369965,77.32884326025687,79.78563945910264
20130605,1700,1725,1605,1710,117873,0,27.85677655436824,70.81842980467725,98.49968274060771,79.46627516662846,81.31573195820056
20130604,1675,1730,1600,1665,88161,0,23.53720459187964,66.6783323126786,99.65063973703516,80.42163197087176,81.92195430549283
20130603,1725,1735,1675,1675,32326,0,21.118712081942874,63.92182725798755,100.9962870604676,80.91559388216113,82.3274289381406
20130531,1785,1810,1695,1725,80195,0,23.958297101421877,52.592775169218825,104.55710162394696,83.0737206072119,83.61863661228833
20130530,1815,1840,1760,1780,59467,0,40.91454509095757,53.34791467339656,109.52710851656941,87.12953319928414,85.74670993045697
20130529,1720,1870,1715,1820,137880,0,59.715994507334464,50.70502933634887,114.6437416521302,92.43237017152173,88.64253078459534
20130528,1695,1780,1695,1725,63124,0,50.0999001995014,46.176292618615456,108.01735971592888,94.1235520766469,89.19080670119004
20130527,1700,1730,1650,1720,48066,0,39.67366884975475,46.176292618615456,94.02758903641192,95.33460809155169,89.83978795616702
20130524,1730,1740,1645,1700,116477,0,44.31703961232068,46.57252408878007,89.36547152004724,96.34699297604125,90.64809092803854
20130523,1740,1760,1690,1710,52447,0,43.3589667773576,43.829214001622255,83.61332130707626,96.96634582262041,91.34853888029414
20130522,1775,1775,1715,1740,102947,0,13.564659966250536,43.86342439892262,77.10179958989526,97.94340060561522,92.72247083221673
20130521,1705,1770,1670,1755,170588,0,20.0,39.433488306260706,73.16249038954574,99.20923456106311,94.2811895785283
20130520,1635,1735,1625,1720,222390,0,20.0,34.60130055359191,68.80906553645656,100.13085188876518,94.79582408470299
20130516,1705,1705,1590,1625,200208,0,45.27692569068709,48.85949242470699,59.34802018602114,100.03124511856197,94.21086720760546
20130515,1600,1750,1580,1680,165899,0,46.84015371452148,47.720540650751225,53.00648545225737,100.28861129522826,93.88415401445056
20130514,1630,1630,1560,1595,62776,0,58.90670590009256,48.07286136688766,50.04997502497251,99.96235402486298,92.99595832023005
20130513,1660,1715,1605,1615,61365,0,46.10856753359401,52.76362383309168,52.49464258379489,100.00194442538962,92.02240631442957
20130510,1670,1695,1620,1670,48441,0,32.64965543462902,51.66236541235796,52.8269580801353,100.47249485402492,92.19498321798555
20130509,1620,1655,1600,1645,61265,0,32.155870381627054,52.27092882281699,54.07113370367198,100.58202153230665,91.96646996178175
20130508,1610,1635,1570,1620,33762,0,25.96150997149434,53.29399590948309,56.379850123961596,100.49737420545902,91.59344613567657
20130507,1595,1615,1580,1610,23734,0,22.494443758403985,49.5,59.170833186633196,100.50442223533616,91.28979345413143
20130506,1565,1600,1560,1585,11840,0,29.223278392404914,40.00312487793922,63.27074758528124,100.5096388411074,90.63639775074532
20130503,1595,1595,1540,1570,52043,0,26.343879744638983,33.47013594235912,68.1157103758037,100.55467694506008,89.88414611171045
20130502,1630,1650,1550,1585,60406,0,18.275666882497067,35.16034698349833,70.34024452616278,100.55954565426428,89.0676143756228
20130430,1615,1650,1600,1620,28890,0,18.275666882497067,28.464890654980568,66.78135967469046,100.61422475073823,88.7817920366069
20130429,1640,1640,1565,1615,52188,0,19.235384061671343,27.932955446926844,57.347079263031105,100.65121294170535,88.49826387191123
20130426,1560,1605,1540,1590,87354,0,18.81488772222678,28.792360097775937,56.68112560632836,100.59531135513477,88.23853993898955
20130425,1570,1635,1555,1555,225237,0,23.366642891095847,25.734218464915543,57.673108985040614,100.65407619925475,87.83498377644922
20130424,1535,1570,1535,1555,48804,0,28.035691537752374,23.921747427811372,58.80901291469168,100.74427885588364,87.27872815811416
20130423,1525,1565,1525,1545,27983,0,26.38181191654584,25.219040425836983,59.001588961657404,100.88634969868507,86.78273477809199
20130422,1500,1540,1495,1535,31344,0,18.547236990991408,27.15234796477093,55.80994535027222,101.11087835733616,86.45036107827808
20130419,1470,1520,1470,1490,97897,0,24.166091947189145,37.0,52.22248079132561,101.9044691527468,86.22560041354173
20130418,1520,1545,1495,1495,61159,0,26.5329983228432,42.60575078554537,49.59838707055273,102.59670235101666,85.96171628507523
20130417,1510,1550,1495,1515,118651,0,21.540659228538015,43.41946568072896,51.47572243301081,102.75709626737758,85.56718445505062
20130416,1515,1535,1495,1500,95270,0,16.30950643030009,39.207779840230685,49.69657935915079,102.89189985380443,84.83660766443401
20130415,1475,1525,1470,1515,79045,0,10.295630140987,30.450779957170226,51.163952153839446,102.69561280239122,84.66550811220583
20130412,1470,1510,1465,1475,60797,0,14.832396974191326,26.94438717061496,54.21946145066707,102.18294459760122,84.83684300210999
20130411,1440,1480,1440,1475,71379,0,18.0,26.645825188948457,51.85255538544241,101.77791044978932,85.10936591630659
20130410,1420,1460,1410,1435,36811,0,27.202941017470888,30.430248109405877,53.74185984872846,102.24816624257754,85.86128185760637
20130409,1420,1460,1410,1420,42709,0,33.52610922848042,34.01837738634811,57.2117776336339,103.90497127435873,86.77973393731583
20130408,1440,1460,1400,1440,88043,0,22.22611077089287,32.07802986469088,57.949870577943244,104.1330279016689,87.4435432945051
20130405,1460,1475,1420,1465,55049,0,20.149441679609886,31.862987932709636,57.71644046543734,104.03311438603885,87.7945834826841
20130404,1475,1495,1420,1460,69692,0,16.55294535724685,31.22498999199199,57.90671377310555,104.32038657676316,88.19293087070331
20130403,1480,1510,1470,1495,21741,0,25.179356624028344,28.827070610799147,55.68830667205075,104.08116490921229,88.37883065724749
20130402,1495,1550,1465,1485,88554,0,19.339079605813716,27.48181216732259,49.78453575158025,103.61959676288599,88.4863454626895
20130401,1470,1535,1465,1490,161948,0,13.92838827718412,23.853720883753127,42.66951487889653,102.8570677632736,88.36468586682369
20130329,1445,1475,1445,1475,46007,0,12.409673645990857,23.853720883753127,37.101212918183315,101.58931483605285,88.58649845401064
20130328,1440,1480,1435,1455,31995,0,14.142135623730951,23.68543856465402,34.806608567919575,99.61885698318596,89.05443676955365
20130327,1430,1465,1425,1460,29227,0,13.638181696985855,21.96019125599775,31.3797307190545,100.49405731447676,89.46596963220885
20130326,1435,1460,1430,1430,30739,0,20.149441679609886,20.05617112013158,29.660579899934064,102.06071177911045,90.12938230990295
20130325,1425,1465,1425,1435,12260,0,16.55294535724685,20.73644135332772,27.563562904682197,103.46211732896235,90.69117315868165
20130322,1425,1440,1400,1425,33147,0,13.92838827718412,23.958297101421877,28.873647154462017,105.42770034468988,91.45709946021555
20130321,1430,1460,1405,1430,37438,0,12.409673645990857,25.709920264364882,29.223278392411288,107.27492587828674,92.12310604118684
20130320,1430,1450,1405,1430,20729,0,3.1622776601683795,23.66960075708925,27.63489641739901,108.80333940939651,92.88508431873213
20130319,1410,1435,1410,1430,6368,0,3.1622776601683795,21.540659228538015,26.73363985693629,110.50754122066198,93.6586221338382
20130318,1440,1460,1400,1405,36885,0,9.695359714832659,19.13765920900464,25.361141535829425,112.71581152010694,94.74435632566532
20130315,1440,1480,1440,1460,35037,0,17.435595774162696,16.55294535724685,24.84954727958585,113.25300462029747,95.13980027954285
20130314,1415,1455,1415,1450,38104,0,18.973665961010276,16.03901493234544,24.18031223951363,112.66873148981958,95.5660675339211
20130313,1400,1430,1400,1430,36870,0,18.973665961010276,13.82931668593933,24.346457647887352,112.38203691957033,96.14874724733183
20130312,1395,1425,1395,1415,15360,0,20.639767440550294,14.798648586948742,24.66145778335848,113.08732491099498,96.87491039427063
20130311,1415,1435,1380,1415,6924,0,18.275666882497067,15.459624833740307,25.66125484071994,112.83161003101722,97.70103917341223
20130308,1390,1420,1390,1420,23170,0,13.19090595827292,15.660459763365825,25.95549074859446,113.17939913631879,98.49174211017876
20130307,1400,1415,1380,1410,22209,0,6.782329983125268,16.590660023037056,26.761679693180184,113.38895693816382,99.18823294909848
20130306,1410,1415,1390,1410,28682,0,3.7416573867739413,17.240939649566666,24.718414188624088,112.25080425335358,100.03370959613875
20130305,1395,1410,1380,1400,61327,0,6.6332495807108,18.580904176062045,23.551804601778873,109.23404409275503,101.03505132987902
20130304,1405,1415,1380,1400,59019,0,7.483314773547883,19.078784028338912,20.813156896549177,104.02039730516572,102.01225416590431
20130228,1470,1540,1380,1405,262778,0,4.47213595499958,14.396180048887969,18.59267328816307,101.91837011371192,102.90516130025394
20130227,1480,1485,1425,1460,21394,0,22.80350850198276,16.889345754054535,19.013153341841342,98.87909985865433,103.20879592149409
20130226,1465,1495,1450,1480,35338,0,34.11744421846396,25.401771591761076,21.177818584556167,96.07993633759062,103.41529007952006
20130225,1455,1510,1445,1490,134323,0,37.62977544445356,32.46536616149585,25.24876234591257,92.65748605585507,102.94307184884138
20130222,1435,1515,1430,1455,58042,0,29.427877939124322,32.95451410656816,25.816661286858388,87.93400302987224,102.43913335086214
20130221,1425,1460,1415,1460,24995,0,13.564659966250536,33.555923471125034,26.527108775748115,81.87537107615157,101.7952653205232
20130220,1440,1470,1410,1445,61897,0,16.55294535724685,32.361242250568814,26.65051594247985,77.00739502708463,101.61876432971387
20130219,1435,1450,1430,1430,28590,0,19.849433241279208,31.00403199585499,26.65051594247985,75.58930516630035,101.76360644764542
20130218,1410,1445,1405,1440,39235,0,10.677078252031311,27.663152387246107,26.673957336705264,71.82206988238849,101.6126137046869
20130215,1415,1430,1390,1405,41860,0,18.275666882497067,26.851443164195103,26.673957336705264,71.24658861206845,101.81061360032997
20130214,1410,1420,1390,1420,54584,0,14.352700094407323,24.804233509624925,26.143832924809868,69.69198104653513,102.28809396345056
20130213,1365,1480,1365,1405,138348,0,13.784048752090222,27.586228448267445,26.432697554361955,65.94457900364769,102.76955578979236
20130212,1350,1395,1350,1365,25179,0,24.61706725018234,33.17001658124397,29.962476533163485,63.81674066306708,103.56023475365069
20130208,1350,1385,1345,1365,16598,0,22.715633383201094,32.31098884280702,32.77193921635356,62.36563334233394,104.2576602568427
20130207,1340,1380,1340,1350,25840,0,26.720778431774775,35.78058132562969,36.512840207252744,61.43221196273841,105.44811783794232
20130206,1335,1360,1325,1355,19890,0,19.390719429665317,34.51086785347479,39.22690403282385,60.96765991510301,106.47729772380855
20130205,1330,1385,1300,1345,30094,0,8.0,33.926390907374746,42.28696607703575,61.047056075814254,107.59672650952055
20130204,1365,1380,1335,1355,53960,0,6.6332495807108,32.05074102107469,44.218208918955234,60.09777912305545,108.53339699787294
20130201,1375,1385,1340,1350,55190,0,3.7416573867739413,26.177280225416848,46.16817085395925,57.48254565973483,109.43503114485631
20130131,1405,1405,1365,1385,39646,0,14.0,24.23324163210527,46.42938186106264,53.80849530171385,109.91770122084827
20130130,1435,1440,1390,1395,30087,0,20.09975124224178,19.77371993328519,46.51545442108861,50.73870974546476,110.10411739201975
20130129,1430,1445,1395,1420,36772,0,25.96150997149434,22.91833327273168,45.06315013401052,48.604055043118485,110.05364853363359
20130128,1350,1480,1330,1430,201453,0,28.178005607210743,29.32575659723036,42.16856056353326,46.21838258590069,110.19331970833045
20130125,1355,1355,1300,1335,25463,0,33.25657829663178,31.63858403911275,39.68311983703364,45.869985344703466,111.27468515149592
20130124,1360,1370,1340,1340,12534,0,39.67366884975475,32.46536616149585,38.97034128668073,45.48160495031593,112.24721600115073
20130123,1350,1370,1345,1365,23083,0,39.824615503479755,32.109188716004645,35.77708764000184,45.5674103812865,112.89061046236104
20130122,1345,1360,1345,1355,16565,0,34.20526275297414,31.400636936215164,33.53729267547356,45.67822238187097,113.61273769554032
20130121,1360,1360,1340,1360,19169,0,11.575836902790225,31.148836254345042,31.79622619117515,44.94896797691632,114.3775424732985
20130118,1350,1360,1330,1360,30608,0,8.602325267042627,30.532769281544052,28.478061731802825,44.54484319787369,115.14227310403653
20130117,1320,1345,1320,1340,20935,0,8.602325267042627,31.937438845342623,28.349382709335533,44.02619169906839,116.10995148281782
20130116,1325,1345,1310,1330,26845,0,12.0,32.79100486413919,27.132775383295616,44.812805089254724,117.07698677939361
20130115,1360,1360,1325,1325,65743,0,14.696938456699069,28.53068523537421,26.873546472327998,45.6145535982487,118.10611989039572
20130114,1345,1365,1330,1355,27711,0,13.638181696985855,13.425721582097552,26.89214569349892,46.12565868208687,118.77979158467092
20130111,1345,1380,1340,1360,55260,0,13.638181696985855,13.379088160259652,26.87470930076031,46.587656328578035,119.46291846802445
20130110,1330,1345,1310,1345,29378,0,13.638181696985855,13.124404748406688,26.994212342655462,47.182859410909785,120.20207956006637
20130109,1310,1365,1305,1315,51474,0,17.320508075688775,15.56438241627338,28.734778579282153,48.13147503304168,121.30468411771187
20130108,1300,1345,1300,1310,52711,0,20.639767440550294,18.16590212458495,30.500000000006107,49.18897798819316,122.47669137662285
20130107,1310,1325,1295,1310,29141,0,20.639767440550294,18.841443681416774,32.143234124779234,49.20725725575471,123.62796311473328
20130104,1270,1330,1270,1300,17116,0,15.297058540778355,19.467922333931785,34.251824768913735,49.65687822973649,124.84739990843963
20130103,1300,1300,1275,1280,26095,0,12.489995996796797,23.895606290697042,36.711714751566326,50.45515060119734,126.28307460053591
20130102,1290,1310,1275,1300,39582,0,10.954451150103322,24.698178070456937,36.27240686803638,50.78406081932185,127.3165278504635
20121228,1265,1285,1255,1275,20937,0,13.2664991614216,28.0178514522438,34.34748899119661,52.25438578053086,128.46394192538605
20121227,1260,1275,1245,1265,29270,0,13.92838827718412,28.178005607210743,29.953088321580005,53.764145425185625,130.06085648225542
20121226,1295,1295,1270,1275,19651,0,11.575836902790225,22.940139493908923,31.86985252555105,55.266714414639914,131.47015266468514
20121224,1275,1290,1260,1290,40644,0,12.409673645990857,16.61324772583615,32.41431011143647,56.10035650481302,132.64613927249385
20121221,1310,1310,1275,1285,21788,0,8.717797887081348,14.798648586948742,31.6336450634506,57.103463603556,133.726996983523
20121220,1295,1315,1275,1300,44179,0,12.083045973594572,13.638181696985855,30.561413579878344,57.56011350435066,134.46079948160045
20121218,1285,1300,1265,1300,19663,0,9.486832980505138,12.288205727444508,28.792360097782407,57.93219216338985,135.3759938919422
20121217,1275,1280,1245,1270,22638,0,11.135528725660043,12.409673645990857,27.798381247841977,58.95878975060373,136.3481043343269
20121214,1240,1275,1240,1270,44526,0,13.416407864998739,13.076696830622021,27.76688675383635,60.18784253365349,137.3270629636823
20121213,1245,1290,1235,1240,13767,0,22.44994432064365,17.05872210923198,30.211752680047752,61.2197204063658,137.96313416597138
20121212,1230,1250,1200,1230,38573,0,24.819347291981714,22.1641602593015,33.01041502314644,62.606520338186655,137.72244632677402
20121211,1265,1290,1220,1220,55626,0,20.591260281974,27.2213151776324,33.593154064487194,64.52448932141245,137.58072756469616
20121210,1255,1280,1255,1265,22824,0,19.493588689617926,27.129319932501073,29.388560699707167,65.17343315228763,137.37256721132914
20121207,1275,1320,1255,1260,42390,0,17.204650534085253,26.057628441590765,25.951878544729137,65.8356539672852,136.56375698636566
20121206,1300,1325,1240,1280,55938,0,22.44994432064365,25.695330315059195,24.539508960049965,65.90059854702113,136.08080090523023
20121205,1340,1360,1300,1315,46560,0,30.757112998459398,28.106938645110393,24.904818810832023,65.59656791470844,135.06011393083048
20121204,1335,1380,1330,1370,5084,0,40.8166632639171,41.48493702538308,31.500000000005915,65.17599038134325,132.8159493016475
20121203,1370,1380,1350,1350,19475,0,41.23105625617661,47.59201613716318,34.83532689670606,64.8298520913702,129.47221924244775
20121130,1340,1380,1340,1375,14267,0,35.86084215408221,55.201902141140025,40.28880117353174,64.57145051947442,124.84934671438575
20121129,1330,1360,1330,1355,14813,0,21.118712081942874,55.46169849544819,42.89230700254269,64.14090391881187,122.24343171406439
20121128,1345,1360,1325,1335,42187,0,14.352700094407323,50.55937104039171,43.86057455164458,62.42211814172929,119.72248002038347
20121127,1345,1380,1345,1355,32430,0,12.806248474865697,41.2189276910499,45.39823785126877,59.89133678745928,117.34297279299595
20121126,1360,1390,1335,1355,35684,0,12.649110640673518,36.46916505762094,46.78675026116232,56.74865392402579,114.63892590801011
20121123,1340,1370,1340,1355,36080,0,8.0,26.781523481684157,48.147559647404485,54.77853137832928,111.11142274265859
20121122,1335,1370,1330,1355,66421,0,8.0,16.0,49.154730189477924,52.49047532616356,106.98869845563652
20121121,1370,1370,1320,1355,100970,0,0.0,10.198039027185569,50.17220345968844,50.621141827961246,103.50439470008567
20121120,1380,1425,1350,1370,61576,0,6.0,10.198039027185569,51.734901178994946,49.31024234341742,101.78305325821414
20121119,1435,1490,1350,1395,143205,0,15.620499351813308,15.239750654128171,53.560129760861976,48.01757490717901,98.81376281789457
20121116,1450,1490,1335,1420,74741,0,25.179356624028344,23.345235059857504,56.42417478351254,48.42778128271571,97.3669943935373
20121115,1470,1515,1435,1445,45574,0,32.64965543462902,33.075670817082454,58.14636704042972,49.270441330025086,95.58655726912889
20121114,1520,1535,1465,1490,115610,0,41.400483088968905,45.24654682956479,61.51422599692182,52.41554052812449,92.8367649725283
20121113,1545,1545,1460,1485,60601,0,36.68787265568828,51.68413683133346,60.4002276485807,55.69610000280227,90.52254745217417
20121112,1485,1520,1470,1510,11242,0,32.71085446759225,57.97413216254298,63.77891501115688,59.83606075464268,88.88498146798736
20121109,1490,1545,1490,1510,55238,0,23.790754506740637,59.75156901705594,64.21837743201219,63.67555566192997,87.40899036844621
20121108,1430,1500,1430,1500,29986,0,10.198039027185569,56.444663166680336,63.44288770225054,66.78302345797846,86.27197787622333
20121107,1510,1520,1435,1450,56846,0,22.44994432064365,47.23610906922796,61.18159445454468,68.12666919439299,85.0138469114036
20121106,1500,1545,1475,1525,65793,0,25.768197453450252,41.0,65.68675665612037,71.85107089567713,84.10620765838613
20121105,1500,1560,1460,1510,58279,0,25.768197453450252,32.82148686455262,67.07272172798993,74.73448371081663,82.29705678555253
20121102,1430,1500,1430,1500,40725,0,25.219040425836983,24.924887161229034,68.1702831151549,76.99458855421885,80.44035704592297
20121101,1430,1460,1420,1430,8930,0,36.55133376499413,28.0,66.03976075062941,77.43433598124076,78.57399865030284
20121031,1405,1465,1405,1445,94505,0,37.49666651850535,31.228992939254383,62.15705913249413,77.85135408777504,77.36995137008232
20121030,1505,1505,1400,1425,178607,0,35.86084215408221,36.29393888791901,59.28954376616818,77.7736655656807,76.05068439686211
20121029,1510,1545,1490,1515,30318,0,37.22902093797257,36.72873534441391,57.8554232548719,80.37563720134591,75.60863000057903
20121026,1500,1550,1485,1500,72965,0,37.22902093797257,36.05551275463989,54.54986251128753,82.36651659213474,75.13709691851447
20121025,1520,1550,1495,1510,65166,0,36.796738985948195,36.72873534441391,50.39593237554369,84.55865814115988,75.36835469146048
20121024,1555,1585,1500,1515,70037,0,34.438350715445125,36.41771546926029,44.763266190039936,86.75860508054784,75.60955994822652
20121023,1580,1600,1550,1585,60341,0,30.495901363953813,45.828484592008934,44.67311831516099,91.18247120758737,76.78754058372877
20121022,1500,1580,1470,1580,135954,0,36.68787265568828,52.652160449501025,44.59540335057384,95.07055128792094,78.0213200919966
20121019,1525,1550,1470,1500,137331,0,36.68787265568828,52.652160449501025,41.38538389335506,96.34064995265675,77.84411729367304
20121018,1565,1595,1520,1540,92385,0,33.97057550292606,48.06506007486103,40.64710936832252,98.40742265347862,78.60767562188548
20121017,1565,1605,1530,1550,59683,0,30.72458299147443,43.657759905886145,41.90092481080069,100.5327475666532,79.5143134390002
20121016,1530,1555,1495,1540,52175,0,25.612496949731394,29.415132160165456,42.3497343557238,102.44548008016753,80.48705900128024
20121015,1545,1600,1460,1530,140579,0,17.204650534085253,28.809720581775867,42.64387412044516,104.02360175551202,81.34285292655478
20121012,1595,1595,1530,1540,87254,0,6.324555320336759,26.343879744638983,43.211688233629246,105.63445881366584,82.25633207647643
20121011,1580,1660,1530,1560,182452,0,10.198039027185569,25.079872407968907,44.51123453691632,107.29486241180058,83.32115536023522
20121010,1695,1710,1600,1600,198338,0,24.979991993593593,28.040149785619906,45.96194077712964,109.80320148120829,85.09283125248832
20121009,1680,1770,1645,1710,410580,0,65.54387843269576,54.817880294662984,61.892548016706925,116.0367219172477,89.18239736634632
20121008,1670,1720,1640,1670,130585,0,64.68384651518491,63.2771680782255,68.8381253376381,119.91348154199744,92.11156241517375
20121005,1770,1850,1665,1665,677519,0,53.70288632839021,63.34232392326635,73.60197008233118,122.84090885717332,94.77605182749961
20121004,1590,1725,1510,1720,347488,0,42.37924020083418,71.48601261785413,77.86205751198958,127.65665757096167,98.76317598459683
20121002,1570,1615,1535,1575,84651,0,51.24451190127583,69.81403870282824,73.28198960181399,127.46720711169789,99.82024642942487
20120928,1580,1580,1515,1545,83845,0,64.88451279003334,69.31991055966532,66.00189391222325,126.37642185141831,100.46817489471755
20120927,1575,1585,1495,1550,99443,0,69.52697318307479,67.19560997565243,64.90907101476937,125.4009956985586,101.24403274601201
20120926,1490,1590,1465,1570,230181,0,65.00769185258002,64.4612286572324,62.65929699574016,124.88202766331538,102.23576204868603
20120925,1630,1650,1460,1500,353293,0,26.570660511172846,71.81399585039117,63.235176128483836,123.27802814041922,102.53373428621211
20120924,1710,1735,1630,1630,197202,0,42.23742416388575,71.93921044882269,62.537988455021264,123.83075367421206,104.38896280529103
20120921,1770,1835,1605,1740,229617,0,82.3164625090267,76.38880808076534,71.29647607000203,127.39200219083664,108.4678331734446
20120920,1780,1880,1730,1735,393708,0,93.27379053088815,83.1324244804637,77.83154887319391,129.56109133863018,112.22187070218425
20120919,1805,2035,1700,1850,1469993,0,118.16936997377958,107.44882502847577,91.80958555619546,135.73715920431283,118.79849886821887
20120918,1755,1995,1755,1850,1579643,0,82.60750571225353,122.91155356596873,103.13946868197631,140.14702101710253,124.90304573284911
20120917,1740,1750,1635,1735,459338,0,55.5517776493246,121.93133313467872,103.70963070033743,139.4270020077071,127.97535977031748
20120914,1810,1845,1685,1745,653622,0,54.8270006474912,115.96227834947018,103.37552901920441,138.13185629025108,131.13741202777408
20120913,1900,1900,1595,1845,749581,0,53.19774431308154,113.97368117245314,107.64844402034046,141.09184853204903,136.37377150891004
20120912,1680,1900,1660,1875,1429014,0,58.137767414994535,110.50904940320498,112.5733094476678,144.34468777498338,142.0664946033995
20120911,1800,1935,1635,1730,1473360,0,61.35144660071187,73.82580849540356,109.29775843996241,142.98300209765324,144.4744066147202
20120910,1680,1910,1625,1785,2831741,0,56.07138307550475,56.24944444170093,108.94809543998635,143.59801143768524,147.75072264349677
20120907,1470,1665,1420,1665,2862134,0,76.15773105863909,66.37205737356648,109.20851615144477,142.64902052073228,149.04753156854193
20120906,1695,1700,1450,1450,1753290,0,143.15725619052637,119.858249611781,121.91595465729813,140.90429671696353,148.98263787736383
20120905,1350,1565,1350,1565,605081,0,119.55751753863075,127.07183008047063,124.77379532578294,139.0757936840832,149.29053865052666
20120904,1355,1375,1350,1365,33091,0,149.41218156495808,158.56859714331839,142.27152736932422,138.84491248220445,149.4347625684791
20120903,1335,1390,1330,1370,81913,0,116.30133275246678,181.18291862093403,155.20148195168875,138.00050321958136,149.6057260398068
20120831,1295,1340,1295,1340,27697,0,82.25569889071517,197.59554650851825,168.34098579965715,138.3723589529029,149.90274045937605
20120830,1315,1325,1290,1310,5100,0,90.05553841935541,196.1689323007086,182.61623011112778,139.55992340994962,150.3702317522689
20120829,1325,1340,1275,1315,42039,0,24.698178070456937,172.63328184333403,195.0320486484218,140.59190351262092,150.83857610596667
20120828,1330,1340,1310,1325,11057,0,21.587033144922902,158.37929157563497,203.94162767811866,141.34119474980432,151.22451575943467
20120827,1330,1355,1315,1330,32345,0,10.677078252031311,114.63092950857548,212.84897815117733,141.95389998936622,151.57753218698915
20120824,1330,1375,1320,1350,24706,0,13.92838827718412,74.80641683706017,216.61760662513186,142.40033064089224,151.8080785345173
20120823,1350,1380,1320,1350,54682,0,13.92838827718412,70.25667228100119,218.79499537238135,143.33149223612872,152.03886907084706
20120822,1375,1390,1355,1370,39079,0,16.1245154965971,21.005951537600005,211.60163042850206,144.22455485176917,152.14190652884253
20120821,1340,1385,1335,1370,45379,0,14.966629547095765,21.587033144922902,201.31380975978863,145.43753431923145,152.26749124122892
20120820,1335,1385,1330,1350,36640,0,9.797958971132712,19.849433241279208,197.19581004676638,147.4491202263488,152.45681879545782
20120817,1345,1360,1330,1345,5323,0,10.770329614269007,19.880895352071043,190.51558335212468,149.47526272475778,152.5498495483724
20120816,1350,1360,1320,1345,13239,0,11.575836902790225,16.881943016134134,171.56248861566556,151.5558202994373,152.64264162309138
20120814,1335,1365,1310,1350,57108,0,9.273618495495704,13.6106575888162,141.29401968944182,153.45592925068377,152.64264162309138
20120813,1340,1370,1325,1355,11476,0,3.7416573867739413,11.191514642799696,122.39766133386851,155.1571559919947,152.64264162309138
20120810,1345,1385,1340,1365,31813,0,7.483314773547883,9.219544457292887,84.85686477828634,156.30978856094907,152.5498495483724
20120809,1320,1360,1320,1350,13818,0,6.782329983125268,9.219544457292887,53.96989901788193,158.06404732109112,152.57375265755522
20120808,1350,1365,1330,1350,16810,0,5.830951894845301,9.219544457292887,50.22698477910427,159.729697892588,152.57375265755522
20120807,1320,1365,1320,1365,20015,0,6.782329983125268,8.5,17.10993863227956,161.05244142470306,152.64464906736077
20120806,1315,1360,1305,1340,11558,0,9.695359714832659,7.762087348130012,16.76864633774511,162.35035845004285,152.86099690571444
20120803,1310,1340,1300,1340,8257,0,9.16515138991168,8.5,15.990231392959032,163.75411360387474,153.11827649640998
20120802,1310,1345,1295,1320,16397,0,14.696938456699069,12.489995996796797,16.91707717072818,165.33921360501276,153.4964655311789
20120801,1315,1350,1300,1315,14794,0,17.72004514666935,15.968719422671311,16.43167672516632,167.42278485575773,153.61879564366086
20120731,1325,1350,1300,1330,20411,0,10.198039027185569,16.46207763315433,15.352117117856173,169.12199738640865,153.6744337787879
20120730,1325,1365,1300,1340,12602,0,10.198039027185569,15.976545308670458,14.671400751133906,170.59129194908303,153.78953872819523
20120727,1265,1335,1265,1335,15872,0,9.273618495495704,13.97318861248212,14.428704030520985,172.0825060511883,153.88948054441883
20120726,1310,1310,1250,1260,50600,0,29.223278392404914,26.781523481684157,23.742103950584763,174.68978457053993,154.5743258831526
20120725,1310,1350,1235,1300,20472,0,29.93325909419153,27.15234796477093,25.370997221244036,176.30960379076677,154.91709252230496
20120724,1280,1340,1280,1310,28647,0,28.705400188814647,23.748684174075834,25.163217202900995,177.9543285664156,155.0956470125163
20120723,1340,1370,1280,1285,34728,0,25.019992006393608,24.60182920028509,26.33913438213892,179.87348949244972,155.40457392635219
20120720,1385,1410,1370,1370,40133,0,36.60601043544625,29.073183520213263,27.345017827757445,180.3676030283443,155.19233138989523
20120719,1360,1460,1360,1400,206668,0,44.22668877499196,38.43501008195523,30.898017735776715,180.58739035581553,155.0514643504893
20120718,1385,1410,1330,1360,32128,0,41.71330722922842,39.67366884975475,31.28098463924006,181.20476447001823,155.0514643504893
20120717,1395,1425,1385,1410,35238,0,44.04543109109048,46.54030511288038,35.03569608271502,181.2874482385832,154.8461602150411
20120716,1365,1435,1365,1410,84956,0,20.97617696340303,51.468436929831086,38.12725403173395,181.21273563280155,154.46533569239537
20120713,1380,1410,1335,1390,32723,0,18.547236990991408,53.12485294097293,39.23009049187081,180.85668052039694,154.08668533403872
20120712,1335,1400,1335,1395,70332,0,18.33030277982336,45.232731511594565,40.769933774785216,178.51071785429826,153.69170078080901
20120711,1325,1370,1325,1350,72834,0,22.0,40.50925820105819,40.769933774785216,177.21885010715218,153.38266869357957
20120710,1370,1380,1330,1350,42721,0,24.576411454889016,36.345563690772494,40.55551750379192,175.85458007484826,152.908923509708
20120709,1405,1405,1350,1375,35721,0,19.131126469708992,22.0,41.03276130118923,172.8410276332016,152.48947481896707
20120706,1350,1430,1340,1380,171793,0,17.60681686165901,21.702534414210707,41.60153242370252,172.35380278166517,151.83836435136453
20120705,1330,1360,1330,1340,41502,0,15.620499351813308,24.06241883103193,41.12405014101083,172.46857604268087,151.26521388132963
20120704,1330,1370,1330,1360,50100,0,14.966629547095765,24.06241883103193,40.35777496344877,172.28486987793391,150.68040129141605
20120703,1300,1370,1300,1330,53296,0,19.390719429665317,24.71841418861655,40.35777496344877,172.0854721415783,150.38663135032226
20120702,1310,1385,1285,1320,129731,0,21.540659228538015,24.166091947189145,40.89926649709469,172.57146265298294,150.11393242581508
20120629,1280,1310,1280,1310,7747,0,17.204650534085253,25.768197453450252,41.7574843590987,171.44749358192198,150.03721181948296
20120628,1250,1320,1250,1300,20716,0,20.591260281974,25.30316185775999,38.19276763996519,167.44059891983846,150.03721181948296
20120627,1270,1285,1200,1285,39451,0,15.620499351813308,30.166206257996713,39.34145396398527,163.3595854752152,149.899040097764
20120626,1270,1305,1210,1280,21798,0,14.966629547095765,33.77869150810907,41.41255848170181,154.17475204012507,149.8054061849273
20120625,1280,1290,1265,1290,14367,0,10.770329614269007,31.5,41.03276130118923,143.65030359240288,149.30775450580052
20120622,1235,1300,1235,1300,25171,0,8.0,24.5,42.16856056353326,137.26484942932808,148.60627977611756
20120621,1280,1310,1240,1285,50178,0,6.782329983125268,23.643180835073778,42.35563716909914,129.87975207847893,147.90410157902224
20120620,1280,1315,1255,1290,15673,0,6.6332495807108,15.620499351813308,43.517237963827306,115.58844016581875,147.6678893854869
20120619,1225,1350,1225,1290,163662,0,4.898979485566356,11.832159566199232,41.32493194187224,95.83970993261076,147.37930561049288
20120618,1220,1260,1200,1230,31405,0,24.979991993593593,20.46948949045872,42.82230727086494,84.70028859960146,147.91607981107228
20120615,1195,1235,1195,1200,783,0,37.20215047547655,31.304951684997057,47.60252094165153,66.34060889723342,149.12284621712973
20120614,1220,1230,1190,1215,1819,0,37.94733192202055,34.7167106736799,48.25971404805848,54.09321943511606,150.42419187088504
20120613,1195,1235,1195,1235,5165,0,30.56141357987225,35.28809997718778,49.27664253985221,53.66925459567689,151.37535553681693
20120612,1215,1215,1190,1205,7537,0,13.638181696985855,38.39270764090493,51.734901178994946,47.29047355287881,152.78274676265698
20120611,1175,1215,1175,1205,1831,0,12.489995996796797,38.88765871070152,51.198144497631674,49.60230729366836,154.08420655064612
20120608,1190,1190,1170,1185,7916,0,16.24807680927192,38.06573262134856,50.26119278330323,52.42050860292,155.5255371581856
20120607,1170,1200,1170,1185,11467,0,18.33030277982336,36.45545226711637,51.234753829801626,55.241892315825226,157.04085964242256
20120605,1185,1185,1115,1165,16421,0,14.966629547095765,32.94313282005827,50.78077884397179,58.69051361894382,158.80210758994616
20120604,1190,1200,1165,1165,25552,0,14.966629547095765,23.0,51.366331385454934,61.85663307618734,160.52841886687145
20120601,1220,1235,1175,1225,16607,0,21.908902300206645,22.36626924634504,48.72050389723378,62.90529698567039,161.4889003323894
20120531,1220,1240,1200,1225,7551,0,27.129319932501073,23.748684174075834,46.270941205041126,63.87270326351241,162.43647796910903
20120530,1240,1265,1225,1250,14852,0,34.698703145794944,27.789386463180506,44.155973548324944,64.15476079995783,163.17738622434433
20120529,1235,1245,1210,1245,1746,0,30.265491900843113,29.0215437218629,42.752192926215756,64.47108524989935,164.01405237054794
20120525,1230,1250,1160,1250,32692,0,11.575836902790225,31.937438845342623,41.605288125433916,64.385719172032,164.81681224083624
20120524,1195,1300,1195,1235,7842,0,9.695359714832659,32.72613634390714,39.442204552995925,64.47738621640728,165.73359123574716
20120523,1190,1205,1170,1195,14804,0,20.73644135332772,32.0,36.558172820866915,65.6765538239379,166.94516315248202
20120522,1190,1290,1170,1190,67228,0,25.41653005427767,31.579265349276255,34.43381332353959,66.94753335402721,168.18516065306633
20120521,1240,1240,1155,1160,48894,0,32.46536616149585,32.38826948140329,32.690786163694085,68.97961655421358,169.64136496840086
20120518,1230,1275,1190,1240,1497,0,29.899832775452108,28.64000698323937,28.305255695725,68.9751867620176,170.19420586007675
20120517,1250,1280,1205,1270,8639,0,39.03844259188627,32.155870381627054,30.922281610521118,68.57781468254127,170.52797404110683
20120516,1260,1280,1175,1250,30146,0,40.69397989875161,32.94313282005827,31.838459447661293,68.13033873042056,171.14138384358628
20120515,1270,1275,1230,1260,7207,0,39.293765408777,33.7231374578345,33.3316666250035,67.79559761165787,171.37912812114666
20120514,1270,1300,1240,1280,16160,0,14.142135623730951,36.823905279043935,35.89132903641731,67.33802582633743,171.53423289700632
20120511,1260,1320,1240,1275,16892,0,10.770329614269007,38.69431482789171,37.698640559048975,66.60262549020476,171.74702306172415
20120510,1230,1290,1205,1275,19329,0,11.224972160321824,40.46294601237038,39.1112196179098,66.24994758882302,172.1443798095333
20120509,1250,1270,1215,1255,8502,0,9.695359714832659,37.77896239972718,38.388637641890504,65.97405845372192,172.63995932449825
20120508,1205,1270,1205,1265,22062,0,8.94427190999916,33.18132004607411,37.67874069021379,65.84831053236081,173.0834737601997
20120507,1250,1250,1190,1215,6906,0,22.271057451320086,18.714967272212903,34.5642517639305,66.28138669482124,173.5966749553816
20120504,1235,1240,1200,1225,4329,0,23.15167380558045,20.639767440550294,30.629846555286115,66.35944837666355,174.06715159356673
20120503,1240,1240,1215,1225,6311,0,19.390719429665317,22.1641602593015,30.629846555286115,66.24743181579487,174.4535914091894
20120502,1175,1260,1175,1240,22580,0,17.435595774162696,22.477766792989023,30.454884665688237,65.99300257493245,174.6639183546758
20120430,1205,1205,1165,1200,13759,0,13.19090595827292,26.9675731203236,31.56342820417916,66.68015488525576,174.63215307868634
20120427,1135,1220,1135,1190,13102,0,18.275666882497067,28.90069203323685,33.14645531577053,67.47731100129973,174.679448482731
20120426,1180,1180,1130,1150,43100,0,31.04834939252005,35.76310948449533,37.698640559048975,69.1139859617549,175.66943388082302
20120425,1235,1235,1150,1160,78849,0,31.874754901018456,36.003472054789384,40.60788100849849,70.51772826719589,176.2348496246729
20120424,1225,1280,1195,1195,23170,0,20.09975124224178,33.32041416309227,40.60788100849849,69.87543480261814,176.3330921154871
20120423,1205,1280,1205,1225,11255,0,26.720778431774775,28.040149785619906,39.76414842543937,67.82616669733673,176.22978607491086
20120420,1210,1230,1205,1210,15653,0,28.74021572639983,27.85677655436824,36.894274623583165,66.95126751741314,176.2739148472184
20120419,1235,1240,1200,1210,26088,0,22.135943621178654,26.9675731203236,37.07677844689817,64.3361398348926,176.19914553963574
20120418,1260,1265,1205,1230,28723,0,12.409673645990857,27.459060435491963,35.85648476915121,61.24654185221256,175.76876776671978
20120417,1240,1280,1235,1260,5685,0,18.33030277982336,30.757112998459398,36.24482721714055,58.63493459978847,174.71244231596344
20120416,1245,1285,1240,1285,3788,0,29.393876913398138,39.309668022001915,37.75248336203027,55.77459596914578,171.93300031474783
20120413,1295,1300,1235,1275,8200,0,28.035691537752374,42.77849927241488,37.42575984533076,54.33761486166626,169.72794816675815
20120412,1205,1245,1205,1215,59981,0,26.570660511172846,36.058979464205585,35.93309755643636,52.866708700795364,167.82919557960628
20120410,1235,1315,1235,1250,32952,0,24.20743687382041,28.848743473503312,34.59046111286134,50.14832167313788,164.66538039311374
20120409,1315,1315,1240,1240,31179,0,25.019992006393608,25.495097567963924,34.06886408438609,46.93161395961905,163.6425166755197
20120406,1250,1385,1250,1325,17515,0,37.33630940518894,35.35533905932738,39.77672057875526,46.4459064093709,162.63156532996757
20120405,1240,1285,1220,1245,4328,0,37.013511046643494,32.86715685908959,39.88969165085602,43.82184576934736,161.77528567604014
20120404,1240,1260,1215,1230,56204,0,34.14674215792775,30.696090956341656,39.88734135036293,42.23043596966537,160.72394812226597
20120403,1285,1300,1240,1245,23167,0,34.438350715445125,29.765752132274432,40.04996878900622,40.875488443825695,160.2630162420789
20120402,1260,1290,1260,1290,7202,0,35.298725189445584,31.38470965295043,42.163372730373126,40.35571004578041,158.041392037754
20120330,1235,1295,1235,1260,33129,0,20.346989949375804,30.26962173533062,41.949374250402975,39.624978092797114,153.72512784370807
20120329,1275,1300,1250,1250,55728,0,20.0,29.748949561287034,40.78909167903071,39.151681530075095,149.3313569437963
20120328,1295,1335,1270,1300,46107,0,22.0,29.244657631779518,37.682887362838486,39.61367258310337,141.40033789055946
20120327,1300,1335,1295,1320,37693,0,25.768197453450252,33.27536626394967,35.721142198988716,40.47727414473444,132.83079775918748
20120326,1295,1335,1280,1320,15607,0,29.664793948382652,34.57238782612506,35.960916284215735,41.08012157789528,127.17850944203472
20120323,1290,1315,1280,1315,23600,0,26.5329983228432,33.33541660156657,37.00928937443101,41.843873173835085,120.86544831849608
20120322,1300,1330,1290,1310,26678,0,7.483314773547883,32.69556544854363,36.155048056950115,42.342108670122265,110.45709951534197
20120321,1320,1350,1280,1320,57832,0,4.0,28.74021572639983,35.15234700557521,43.13182313133133,97.34509596452283
20120320,1315,1355,1315,1340,42805,0,10.198039027185569,26.949025956423732,36.38251640555354,45.058218512512845,89.11827931654739
20120319,1290,1345,1290,1345,54749,0,13.92838827718412,29.34280150224242,38.716921365216685,46.72793596945861,77.24014455297439
20120316,1275,1310,1255,1310,69087,0,14.832396974191326,24.61706725018234,39.130391002395726,47.391029976020384,69.35911980416724
20120315,1300,1305,1270,1300,24614,0,17.204650534085253,14.177446878757825,39.182266396934885,47.92239096206915,67.81224078297976
20120314,1310,1345,1285,1305,49867,0,18.708286933869708,13.6106575888162,35.728140169904904,48.251655123820264,62.954789774602375
20120313,1295,1325,1265,1300,25162,0,16.911534525287763,14.67140075112121,34.5000000000054,48.427709583681946,62.56262140632413
20120312,1295,1330,1280,1300,18247,0,4.0,15.402921800749363,32.25290684574605,48.17473980751178,62.10876157111582
20120309,1270,1330,1270,1305,33837,0,2.449489742783178,15.660459763365825,31.658332236559342,47.93195408272175,61.937412406108635
20120308,1260,1300,1240,1270,56555,0,13.19090595827292,20.426698215815495,30.094642380336946,46.6287792626131,61.91453562961646
20120307,1225,1275,1225,1260,54205,0,18.33030277982336,24.804233509624925,27.35301628706371,45.184498324700336,61.898648679451455
20120306,1325,1345,1275,1275,52175,0,17.4928556845359,22.825424421026653,25.123445225533313,45.081407845133896,61.797032808199724
20120305,1305,1340,1300,1335,49186,0,27.459060435491963,20.83266665599966,26.143832924809868,46.01056641890218,61.82923391629149
20120302,1360,1395,1315,1320,114854,0,29.765752132274432,21.702534414210707,24.545875417274743,46.67976006757103,61.62521129112249
20120229,1400,1470,1365,1365,246931,0,38.65229618017538,29.837057495671385,24.457871943412666,48.569537777973764,61.77297986721614
20120228,1370,1400,1355,1385,89753,0,38.0,38.60375629391523,29.154759474232893,51.07041707256799,61.960504893645684
20120227,1375,1415,1355,1390,112247,0,27.459060435491963,44.85810963471376,33.43276835681383,53.44129697329859,62.21596570734648
20120224,1395,1395,1350,1390,55800,0,26.645825188948457,48.70574914730293,36.89173349139848,54.94308924261232,62.6692707792968
20120223,1365,1405,1340,1380,76348,0,9.273618495495704,50.1098792654702,38.938252400440014,55.76307768855188,63.027096796254064
20120222,1325,1430,1325,1365,116342,0,9.273618495495704,45.27968639467372,39.698866482563105,55.056536598195116,63.21028342417379
20120221,1380,1380,1315,1325,31175,0,24.289915602982237,36.138621999185304,39.66342773891803,55.21391481189393,63.03900908703666
20120220,1300,1375,1270,1340,96739,0,24.289915602982237,25.927784324928346,39.66342773891803,55.78847700585551,62.91582504962874
20120217,1370,1390,1310,1315,51232,0,24.289915602982237,28.394541729001368,39.56876925051337,55.86044118027625,62.55163145139419
20120216,1350,1375,1315,1370,50418,0,21.587033144922902,25.617376914898998,40.449814585488184,56.98952145370048,62.7510375080935
20120215,1315,1405,1290,1340,82137,0,18.601075237738275,26.457513110645905,39.91475291167882,57.484538983873435,62.67141770561
20120214,1285,1370,1265,1305,161758,0,22.67156809750927,29.597297173897484,39.91475291167882,57.550460949690084,62.26956129520838
20120213,1405,1445,1310,1310,178882,0,24.20743687382041,29.0516780926679,39.57508686030104,57.647094462481405,62.106413495154
20120210,1290,1480,1280,1390,724966,0,33.1058907144937,29.0516780926679,40.75153371347356,59.11641058087236,62.64415320334676
20120209,1250,1330,1235,1290,120014,0,35.4400902933387,30.4138126514911,41.46082488326025,59.05852793787282,62.56262140632413
20120208,1220,1275,1220,1250,67566,0,45.65084884205331,37.75248336202534,43.24349662088361,58.525635408479666,62.57723006198858
20120207,1215,1240,1210,1235,34944,0,54.589376255824725,46.12212050632538,45.68574723040406,58.36427750649518,62.59014332684893
20120206,1205,1245,1205,1220,53289,0,61.1228271597445,53.02122216622322,50.53711507397679,58.45576437662225,62.63206879606878
20120203,1230,1230,1195,1210,58944,0,28.0,59.50630218724736,56.97532360592937,58.97804440797021,62.78330236268543
20120202,1200,1260,1195,1235,133152,0,13.784048752090222,55.45493666031907,60.247406583191385,58.29284309005562,62.89429790006532
20120201,1185,1220,1175,1200,94679,0,13.784048752090222,55.832338299591214,64.72007030280771,58.02992522990628,63.2965765048241
20120131,1185,1190,1165,1185,45833,0,17.029386365926403,58.66216838815286,68.07119434827314,56.81469635744364,63.82136528370022
20120130,1160,1200,1155,1180,63640,0,19.6468827043885,58.883359279171565,69.89769309498256,56.120591883012374,64.44979473726426
20120127,1170,1200,1150,1190,61582,0,19.6468827043885,32.361242250568814,69.43117095368889,56.26178888779834,64.38867168745986
20120126,1165,1175,1140,1175,23070,0,8.602325267042627,24.819347291981714,69.30187587648962,57.53959989017865,64.04376758651459
20120125,1150,1175,1150,1160,9068,0,10.295630140987,24.269322199023193,69.87265201779859,58.990112165511405,64.4049148401299
20120120,1160,1200,1115,1165,163099,0,10.677078252031311,22.93468988235943,71.26140259635908,60.224752662834646,63.913665183832585
20120119,1150,1175,1150,1150,63423,0,13.638181696985855,23.979157616563597,71.72647698026422,62.2835697076028,63.57234232228796
20120118,1170,1210,1145,1145,192539,0,10.677078252031311,25.104780421266383,72.84358242151723,64.7121832936651,63.58371559525065
20120117,1150,1170,1140,1170,110368,0,9.273618495495704,16.61324772583615,67.16537426383012,66.27902927916526,63.092180687449066
20120116,1160,1190,1145,1145,135739,0,10.488088481701515,15.5,63.8729207097998,68.49751617532145,63.54017757824964
20120113,1165,1200,1145,1185,264035,0,15.937377450509228,15.5,60.7433123891048,69.0621197825196,63.433240825891104
20120112,1165,1175,1120,1155,549092,0,15.491933384829668,15.132745950421556,57.2117776336339,70.74111644243209,63.316321728532635
20120111,1120,1185,1120,1155,282377,0,14.0,12.539936203984453,38.37316770870464,72.27892538992069,63.06720401469415
20120110,1130,1150,1115,1130,43941,0,18.0,14.45683229480096,32.99242337265289,74.28754194920587,63.682753203393986
20120109,1150,1160,1115,1120,46812,0,22.67156809750927,17.916472867168917,31.73720214512257,76.70556078617551,64.16509738347675
20120106,1130,1170,1125,1150,88175,0,14.352700094407323,17.38533865071371,29.063508047040237,78.05673684335494,64.48379426050435
20120105,1135,1165,1125,1140,146509,0,12.806248474865697,17.67059704707229,27.544282528328317,79.70675420961982,64.99738242599508
20120104,1100,1145,1090,1130,138674,0,10.198039027185569,18.601075237738275,26.845623479449543,81.51516559627585,65.70129163289755
20120103,1090,1110,1070,1100,47593,0,17.204650534085253,21.88606862823929,24.85457704328063,84.15494967927663,66.93482526564303
20120102,1080,1105,1070,1090,52386,0,23.15167380558045,26.5941722939444,26.720778431781746,86.93963422953883,68.37446678652906
20111229,1100,1105,1055,1090,38064,0,20.97617696340303,24.06241883103193,28.630185119910987,89.37141601186568,69.76895152738827
20111228,1085,1100,1075,1100,19640,0,14.696938456699069,23.070543990118654,29.217931138264607,91.10509803987267,70.87781691449298
20111227,1180,1180,991,1085,293973,0,6.0,22.14158982548453,29.59729717390378,93.07743938349455,72.1322088637551
20111226,1170,1220,1140,1160,215097,0,27.92848008753788,25.889186931999237,28.804296554513748,93.30267353540702,72.40097403816816
20111223,1140,1175,1140,1160,411453,0,33.823069050575526,29.0215437218629,28.804296554513748,93.51901173302348,72.62631477110108
20111222,1155,1175,1135,1140,55918,0,31.04834939252005,28.146935890075138,28.0624304008112,93.84990972569634,73.0367939048376
20111221,1135,1195,1105,1135,155420,0,27.459060435491963,27.820855486487112,27.8511669414474,93.83625661502762,73.6347970279145
20111220,1120,1125,1075,1110,35529,0,18.547236990991408,27.676705006196094,28.217902119051526,94.08462502785662,74.46657527604023
20111219,1130,1170,1040,1075,139646,0,29.223278392404914,30.120590963658067,29.473505051153527,95.61420599918489,75.88144078471619
20111216,1140,1140,1095,1110,51990,0,23.108440016582687,29.073183520213263,29.43637205907638,96.30719801164672,76.73546505515591
20111215,1150,1150,1090,1105,43513,0,19.131126469708992,28.035691537752374,26.42915057281207,96.91960442649271,77.58999031596186
20111214,1160,1160,1120,1140,39758,0,20.639767440550294,28.035691537752374,25.684382414229322,96.91272562906516,78.01424371376713
20111213,1160,1170,1110,1130,100003,0,22.494443758403985,25.20416632225712,24.59674775250526,96.97117985354085,78.45618690643666
20111212,1145,1205,1140,1140,151408,0,14.832396974191326,23.178653972998518,24.894778569016687,96.73575117566963,78.79015730976631
20111209,1080,1145,1070,1145,84230,0,14.352700094407323,21.236760581595302,25.459526704170536,96.82813382465598,78.95339694337237
20111208,1060,1130,1060,1100,59985,0,16.24807680927192,21.42428528562855,25.013746220835706,97.63491378013477,79.63239107512825
20111207,1090,1090,1055,1070,19650,0,28.21347195933177,25.124689052802225,26.705570579944037,98.81323573044746,80.97513335729096
20111206,1090,1100,1050,1070,53238,0,32.55764119219941,28.20017730440715,28.261059781975135,98.81137333306006,82.2756946525788
20111205,1085,1085,1050,1080,40384,0,28.21347195933177,27.640549922170507,29.037691023915322,98.74050587254112,83.35906894279007
20111202,1055,1110,1040,1085,124927,0,11.135528725660043,28.552583070538468,29.244657631785888,97.26035363319508,84.34427424094092
20111201,1055,1075,1040,1055,38422,0,10.295630140987,32.48461174156157,31.443401533555058,95.481637268748,85.73878287506602
20111130,1045,1060,1030,1035,26775,0,18.16590212458495,35.199431813596085,35.394208565814445,93.6436804533762,87.44855630602957
20111129,1055,1080,1035,1040,52980,0,20.346989949375804,35.58089374931439,38.02219746411788,91.26183332690232,88.98383709358521
20111128,1025,1045,1025,1045,43829,0,17.776388834631177,31.244999599935987,37.85168424258519,88.72065242451544,90.37975437015096
20111125,1065,1085,1025,1035,35111,0,7.483314773547883,21.68524844220144,37.49916665741217,86.58726330489732,91.78052587866543
20111124,1020,1065,1015,1055,36742,0,7.483314773547883,17.4928556845359,36.65378561622759,85.06676299608189,92.9685953547274
20111123,1060,1060,1030,1030,25431,0,8.602325267042627,18.601075237738275,37.06329046375095,83.2971171301088,94.39717362769768
20111122,1025,1055,1025,1050,45167,0,9.273618495495704,17.72004514666935,37.16433101779679,81.63009385139168,95.53936797646374
20111121,1075,1075,1035,1050,47132,0,9.695359714832659,14.866068747318506,37.71935842508953,77.37014210180577,96.60270872673365
20111118,1070,1080,1050,1065,37027,0,11.40175425099138,10.44030650891055,37.110476957328,73.67057870433312,97.32526186572031
20111117,1085,1105,1070,1090,34138,0,19.8997487421324,16.80029761641144,36.670833096622886,70.6898546859462,97.75891547866291
20111116,1115,1130,1075,1075,84587,0,15.297058540778355,17.613914953808536,33.55871719837295,67.35369947744464,98.32556466492053
20111115,1140,1145,1080,1100,197896,0,17.72004514666935,21.73131381210073,31.55451631700877,58.46716789948664,98.71042631808298
20111114,1125,1170,1125,1145,26818,0,27.748873851023216,32.89756829919196,32.116973705509245,54.541268778462715,98.71760192875611
20111111,1170,1170,1090,1105,59334,0,23.366642891095847,32.25290684574028,28.48683906649477,52.083999995392446,99.13226819371691
20111110,1135,1150,1080,1125,44864,0,23.664319132398465,34.35476677260377,30.30985813230363,49.97019945225151,99.37470300449212
20111109,1170,1210,1150,1165,156219,0,24.413111231467404,37.094473981982816,36.67424164178957,48.61812647754616,99.41599433976582
20111108,1150,1175,1140,1165,25945,0,23.323807579381203,38.53894134508627,41.54741267516393,47.54902440835844,99.41691114810907
20111107,1130,1160,1120,1145,47595,0,23.323807579381203,34.438350715445125,43.91469002509721,45.21514925538397,99.55329916687236
20111104,1125,1150,1125,1140,36834,0,15.362291495737216,29.95413160150032,45.64194890668421,44.017909864659686,99.70664436517932
20111103,1145,1150,1100,1100,44145,0,23.790754506740637,28.90069203323685,45.17742799231019,43.136089556039046,100.02477991593388
20111102,1105,1155,1085,1140,106278,0,21.118712081942874,23.366642891095847,44.81280508962112,42.42444263980052,100.10965342234545
20111101,1145,1175,1130,1135,57547,0,16.30950643030009,20.62159062730128,43.9431450854439,41.35306988426941,100.28742547469308
20111031,1180,1200,1120,1145,137633,0,16.30950643030009,20.62159062730128,43.31281565541973,40.778790102044425,100.3873660571771
20111028,1280,1280,1150,1175,399356,0,23.958297101421877,20.62159062730128,43.06971093472038,41.11332576574088,100.40788343334572
20111027,1075,1230,1065,1230,897330,0,35.35533905932738,32.07802986469088,48.447781166946875,43.27327568896627,100.44190554194834
20111026,1060,1085,1000,1070,72953,0,52.28766584960549,40.40111384603152,45.47732951702829,43.37329887753444,101.08917268106468
20111025,1090,1125,1075,1075,117129,0,60.778285596090974,44.63462781294362,43.8292140016265,43.42706209481114,101.54534256789428
20111024,1075,1100,1060,1085,94452,0,64.2339474110069,46.928136549409246,41.559445376476965,42.87578959386843,101.72367766273001
20111021,1055,1080,1040,1065,54071,0,62.849025449882674,50.50742519669756,41.559445376476965,43.010334674973365,102.13858198821994
20111020,1070,1125,1040,1045,171484,0,13.2664991614216,55.36469994500106,44.44378471732996,42.60151275310758,103.00295808863339
20111019,1100,1130,1075,1090,94874,0,16.0,55.274315916164895,43.774278977504274,42.17448873388136,103.27712685083915
20111018,1125,1135,1080,1080,112598,0,16.30950643030009,55.39855593785816,44.4936793263984,41.79114738750626,103.66210299444529
20111017,1125,1150,1125,1140,17722,0,31.843366656181317,55.065869647178005,44.37341546467178,41.91426434425193,103.00471941727223
20111014,1130,1130,1085,1120,39698,0,32.863353450309965,50.39841267341661,44.22315569925299,41.91426434425193,103.05169111506818
20111013,1105,1140,1095,1130,52941,0,23.15167380558045,28.982753492378876,44.25494322672183,41.62698110024104,103.10188293090306
20111012,1130,1145,1000,1110,122217,0,20.591260281974,28.705400188814647,43.193604850722664,41.36893627896603,103.18618555260989
20111011,1130,1140,1095,1130,85957,0,10.198039027185569,29.78674201721296,41.99702370407184,41.36893627896603,102.8496745525444
20111010,1070,1100,1055,1095,66046,0,13.2664991614216,29.449108645254444,41.773197148415306,41.38060133239885,102.91844634093036
20111007,1020,1070,1020,1060,64140,0,26.076809620810597,30.083217912982647,43.00000000000433,41.71755226078016,103.32021926197248
20111006,1020,1060,1000,1015,52877,0,40.570925550201586,36.27671429443411,47.80886424085362,43.17889144745277,103.81754829190518
20111005,1040,1045,987,1010,112048,0,46.10856753359401,44.76605857119878,51.538213977595035,44.73998956896272,104.10848375083374
20111004,995,1050,991,1000,84409,0,35.9722114972099,52.191953402799555,55.25169680652688,46.5035094251294,104.46859575972447
20110930,1100,1100,1065,1090,26053,0,34.351128074635334,48.569537778323564,53.973952050969665,45.82113473991108,103.91635759113535
20110929,998,1170,998,1055,109314,0,33.67491648096547,46.5537323960174,50.854572065846476,45.40068526119841,103.65658445081388
20110928,1045,1085,1025,1030,110728,0,32.49615361854384,43.09582346353298,39.76414842543937,45.79270926890412,103.48255354840059
20110927,1000,1055,1000,1025,71039,0,30.495901363953813,40.607881008493905,41.215894992106776,46.3069469226537,103.03821263928052
20110926,1180,1180,995,995,165940,0,31.843366656181317,34.00367627183861,44.528081027598446,47.875634605224825,102.81860206482213
20110923,1220,1230,1120,1165,80028,0,58.68560300448484,49.012753442343964,49.18078893226879,48.780901886424964,101.90596836740023
20110922,1240,1300,1235,1240,159431,0,94.83670175622937,76.65670225100999,61.17342151621382,52.31017268783216,101.36152979425137
20110921,1275,1305,1250,1285,90221,0,114.78675881825394,99.3591968566574,74.887832790116,57.74819621971629,101.1376605864382
20110920,1265,1280,1225,1265,58861,0,105.64090116995405,108.02777420645118,83.70185183136854,61.4095993217111,100.78021155800057
20110919,1290,1290,1240,1260,29456,0,41.54515615568198,108.5080642164443,90.2718117686821,64.67740460648452,100.37740415002558
20110916,1270,1290,1250,1285,48934,0,16.911534525287763,114.92280017472599,97.8171125110549,68.67490848570401,100.1500176818524
20110915,1255,1285,1220,1240,139378,0,16.911534525287763,111.28342194594845,101.35673386608495,70.68120919521408,99.90758750803339
20110914,1285,1285,1230,1230,81803,0,19.339079605813716,100.11992808627062,103.95040884960662,72.46474238450858,99.6890216707705
20110909,1280,1295,1260,1270,54661,0,19.8997487421324,83.06774343871392,108.22979026127868,75.22577129302836,99.64098749459266
20110908,1335,1340,1250,1280,128317,0,22.0,34.438350715445125,112.5774733239309,78.09075916285516,98.94792927768633
20110907,1250,1350,1250,1300,206335,0,25.768197453450252,21.84605227495348,116.83321445548083,81.49880708034921,98.68995185544931
20110906,1290,1300,1220,1250,193206,0,24.166091947189145,20.862646045025066,116.44633957321446,83.11784639205555,97.21239632890796
20110905,1350,1380,1280,1290,187255,0,17.204650534085253,21.354156504062622,114.19582960861737,85.44718966816123,95.71963363854651
20110902,1355,1370,1295,1350,197483,0,32.61901286060018,32.745228660065884,113.18651642311629,89.38349804179056,94.96811416650333
20110901,1440,1450,1330,1350,271224,0,38.157568056677825,39.01602234979881,108.61025504067456,92.94453991475031,94.20942060412128
20110831,1410,1455,1385,1425,358523,0,59.632206063502295,57.447802394869726,114.08220720165075,99.33986975120766,95.19056179876358
20110830,1500,1550,1410,1420,1276303,0,50.35871324805669,64.11123146532127,113.90209611767631,104.57652700278754,96.32661993624612
20110829,1475,1520,1400,1520,1173733,0,62.57795138864806,81.62260716247674,117.0841043865493,114.2199085097026,100.7190812772933
20110826,1375,1405,1295,1325,292642,0,68.1615727518079,78.12809993849844,102.79196223441001,115.06869928664547,100.50095874339713
20110825,1400,1535,1340,1365,930687,0,65.83312236253116,74.47986305035744,79.09290423293592,117.09074709608996,101.256472701243
20110824,1430,1520,1340,1340,936240,0,70.80960386840192,72.21668782213706,72.43790444235927,118.20682791882905,100.76684274716014
20110823,1370,1445,1370,1445,310756,0,73.30757123244501,64.89221833163049,75.60547268551645,122.49997165518292,102.78736817121177
20110822,1335,1460,1260,1260,906407,0,60.049979184009715,69.6419413859206,76.45423467670298,122.43056422119702,102.33115327486658
20110819,1340,1520,1255,1300,1514164,0,62.65780079128216,73.3143914930759,75.48965160868325,122.62057557979693,102.21096613001417
20110818,1250,1380,1250,1380,555278,0,64.03124237432849,72.84229540589725,74.8310597278989,124.67747279355405,102.02524707970743
20110817,1170,1200,1170,1200,38700,0,86.69486720677297,88.01846397205532,79.59899496853194,124.56131354998844,101.37628441442972
20110816,1180,1225,1170,1170,186570,0,74.4043009509531,100.73355945264716,84.72160291212846,124.11005420803251,101.02247240373913
20110812,1135,1170,1120,1130,132501,0,91.34549797335389,95.15907733894859,92.67011384475781,124.06816562755908,100.78852310108311
20110811,1070,1115,1020,1105,97185,0,97.13907555664713,109.25772283916592,103.34983067233527,124.50599606252204,100.71341871042809
20110810,1095,1115,1050,1085,193382,0,42.02380277890139,116.81288456330492,114.35580440012816,125.18150710942653,100.77653358907962
20110809,1030,1085,987,1045,200774,0,42.02380277890139,125.16389255691915,127.19546965202956,126.3971639536296,100.96946733216927
20110808,1225,1300,1090,1155,149353,0,37.73592452822641,98.59513172565875,130.25359879865266,126.32090967922686,100.87216022442465
20110805,1290,1305,1210,1255,282441,0,72.27724399837061,98.2153246698294,130.382849715752,126.11709175721793,101.26799394295756
20110804,1380,1430,1335,1335,355883,0,107.144761887831,102.85426583277915,130.0278816254436,127.3256978512137,102.60035737433863
20110803,1410,1465,1345,1345,594577,0,113.73653766490345,96.59839543180829,129.89875865457827,128.59075912871268,104.02382706491284
20110802,1410,1450,1370,1375,163928,0,79.5989949685296,112.69427669584645,127.54876518414584,130.4430484497131,105.9270500418294
20110801,1425,1425,1360,1405,82020,0,50.35871324805669,127.51568530969043,126.75172582651635,133.02558233483106,108.31935807297795
20110729,1385,1420,1360,1365,120846,0,24.49489742783178,129.75361266646874,115.93397905704941,134.59287891831775,109.94076688031107
20110728,1395,1485,1380,1380,545258,0,19.595917942265423,125.82626911738264,117.86008654332633,135.24388977764454,111.74558778268417
20110727,1370,1400,1340,1390,150049,0,13.638181696985855,112.44998888394787,118.9671698410968,135.99070638167788,113.64594599753813
20110726,1380,1440,1345,1350,335589,0,19.131126469708992,71.81399585039117,119.26729434342163,135.97311315096655,114.901157703808
20110725,1415,1440,1340,1350,254410,0,16.0,39.242833740697165,114.13369353525879,135.44371524720373,116.10687126765687
20110722,1435,1470,1390,1405,305095,0,21.908902300206645,23.769728648009426,117.8757290539506,135.31075345280462,118.09906387815943
20110721,1440,1595,1420,1420,1098264,0,28.5657137141714,24.904818810824544,121.91672362723817,136.17176653023833,120.28033660997419
20110720,1530,1550,1400,1440,853113,0,36.823905279043935,28.21347195933177,124.98474906963799,137.07206133988723,122.73217793231203
20110719,1290,1495,1290,1495,1583121,0,47.18050444834179,42.190046219457976,131.30118049736024,140.147219221508,126.09932565467693
20110718,1265,1320,1260,1300,96674,0,63.76519426771944,51.645425741298716,127.87787142426313,139.29013983596062,126.49077013981797
20110715,1260,1300,1255,1265,108197,0,87.14355971613737,63.69654621720082,121.80183701406303,138.39817757297777,126.71202586972046
20110714,1240,1265,1220,1265,46648,0,95.94790253048787,72.36021006050217,112.78159202636029,137.13322293776693,126.90284314084903
20110713,1220,1240,1215,1230,50250,0,94.62557793746889,82.68010643437755,101.45319117701706,136.19315837755897,126.90147507026352
20110712,1260,1260,1220,1230,58134,0,26.19160170741759,90.44335243676011,81.69264042739941,134.58877697956427,126.7633882366314
20110711,1245,1275,1235,1260,48907,0,16.431676725154983,93.42911751697112,72.65328622987657,132.04260675996227,126.68047485047587
20110708,1255,1275,1230,1245,121541,0,14.628738838327793,93.08598175880189,73.28881224307277,128.05098810833766,126.51446447829966
20110707,1270,1270,1245,1260,32458,0,13.416407864998739,87.22958213817145,75.46315326038511,123.59982470308279,126.46087998537489
20110706,1275,1285,1250,1270,56211,0,14.0,73.59347797189639,76.90903718029743,118.44056174568256,126.35086042668756
20110705,1270,1275,1240,1265,72531,0,8.366600265340756,19.467922333931785,77.78013885305408,115.95290590949024,126.5222861352798
20110704,1270,1275,1240,1260,61912,0,8.366600265340756,13.96424004376894,77.16014191278016,112.26630047431183,126.66326749828485
20110701,1220,1315,1220,1245,139042,0,8.366600265340756,13.820274961085254,78.26038269776332,107.48446270130633,126.6844217271487
20110630,1210,1235,1200,1220,60910,0,18.05547008526779,16.28649747490233,79.50275152471374,102.37254948888992,126.61322885951118
20110629,1225,1245,1200,1210,56992,0,21.6794833886788,19.371370627810517,79.92613777732772,95.5485260655532,126.4090307516211
20110628,1250,1250,1210,1220,19906,0,18.547236990991408,20.426698215815495,80.81576269515975,94.57742272263114,125.98274104684103
20110627,1240,1260,1215,1215,34137,0,12.083045973594572,21.656407827707714,81.3879597975055,94.86756119260703,125.77029325987678
20110624,1260,1260,1215,1230,39496,0,6.6332495807108,21.84605227495348,77.4350534318946,95.20795951768905,125.55044775134932
20110623,1255,1280,1235,1250,14393,0,14.142135623730951,21.10094784600919,70.30069345319698,95.2990541515947,125.55044775134934
20110622,1245,1310,1230,1250,37708,0,14.696938456699069,18.848076824970764,58.33684513238929,95.36374077982633,125.50298109566018
20110621,1215,1275,1215,1245,22431,0,13.638181696985855,16.650825805346713,21.867498713853227,95.54939821875567,125.47232984034488
20110620,1230,1230,1210,1230,26278,0,9.16515138991168,14.326548781894402,18.389874931613118,95.64731947205091,125.41480480349055
20110617,1215,1230,1195,1225,64918,0,10.488088481701515,13.683932183404009,18.08832496392003,95.70266453953279,125.11491939638655
20110616,1195,1240,1185,1215,65397,0,12.884098726725126,14.106735979665885,18.08832496392003,96.1617199765854,124.5613902080589
20110615,1270,1270,1190,1215,124422,0,11.135528725660043,13.5,18.734993995205137,96.63418994658666,123.99361542706714
20110614,1260,1285,1235,1235,20903,0,8.0,13.19090595827292,18.659782956947076,96.86886181253085,123.52765519198923
20110613,1230,1270,1230,1235,38572,0,8.94427190999916,12.083045973594572,17.986105748615305,96.98568050072407,123.08752954935896
20110610,1310,1310,1225,1235,57594,0,9.797958971132712,12.05197079319395,17.89553016818369,97.21893248385128,122.3567118329204
20110609,1250,1365,1220,1260,200991,0,14.2828568570857,13.683932183404009,17.89553016818369,96.92533638476378,121.44954942511859
20110608,1230,1255,1205,1230,23353,0,10.677078252031311,12.698425099200294,16.19413474071315,96.80661564841316,120.49135515328658
20110607,1300,1300,1215,1235,41444,0,10.677078252031311,12.05197079319395,14.611639196215204,95.21244520643529,119.57073104330757
20110603,1285,1345,1265,1265,37009,0,14.491376746189438,15.652475842498529,15.105876340033124,93.46790893117374,118.58014167645771
20110602,1260,1280,1245,1260,62933,0,14.491376746189438,16.889345754054535,16.015617378058597,87.99131901607318,117.77272574991352
20110601,1265,1340,1265,1265,64956,0,15.297058540778355,16.590660023037056,17.02020857687627,87.73713897501834,116.64178306063546
20110531,1265,1290,1250,1290,72021,0,17.4928556845359,18.81488772222678,19.587942719958434,86.93623940675334,115.83021578542314
20110530,1295,1300,1250,1265,49485,0,10.677078252031311,18.411952639521967,19.716744153139803,86.47189652629915,114.87401764787525
20110527,1305,1305,1260,1270,61627,0,10.488088481701515,17.783419243778738,19.524023663178976,83.40576019256342,114.07843305768927
20110526,1330,1345,1260,1295,82909,0,12.884098726725126,19.241881404893856,21.97157254272831,83.47887290918759,113.62797942558927
20110525,1285,1380,1250,1320,178630,0,19.6468827043885,25.53918557824427,26.944387170621873,83.6484043812052,113.14368323315433
20110524,1265,1320,1250,1255,187453,0,23.53720459187964,22.60530911091463,26.947866334839436,82.37157512670824,112.58792089102798
20110523,1460,1460,1275,1330,569118,0,28.53068523537421,24.904818810824544,31.74507835870582,82.32772416769907,112.72505267245973
20110520,1220,1385,1220,1385,948427,0,42.731721238442994,38.9903834297638,41.691575887706286,82.67338682342103,113.04715707275017
20110519,1305,1360,1205,1205,364207,0,62.56196927846821,46.486557196677836,42.84492385336182,81.07862267898788,112.65775975645069
20110518,1415,1445,1315,1330,294984,0,63.35613624582863,47.35240226218729,43.692104549911214,78.39997165510798,112.84754187992827
20110517,1565,1690,1315,1415,1243125,0,71.87489130426563,59.464274989274024,52.23983154643947,76.33242357514357,113.88279031778416
20110516,14700,14700,14700,14700,0,0,5346.982887573141,4016.915763368707,2924.9835362784524,1718.6867786352243,1229.2653519706657
20110513,14700,14700,14700,14700,0,0,6556.807912391517,5353.543709544175,4025.145618483883,2408.4612941784067,1727.330784444282
20110512,14700,14700,14700,14700,0,0,6529.1702382462045,6131.738252730624,4789.73221459196,2923.7096619705544,2104.853775602162
20110511,14700,14700,14700,14700,0,0,5314.0,6555.070251339798,5364.84395742318,3346.253277921439,2419.056927124014
20110509,14700,14700,14700,14700,0,0,0.0,6683.693234282974,5805.876608015365,3707.8111570559886,2692.1497370312136
20110506,14700,14700,14700,14700,0,0,0.0,6548.29559885624,6142.450142247799,4024.9840234327476,2935.655974394822
20110504,14700,14700,14700,14700,0,0,0.0,6133.1957412102865,6392.094585306134,4307.66127817636,3156.4846807691883
20110503,14700,14700,14700,14700,0,0,0.0,5331.0338819032095,6563.753285087732,4561.901988206234,3359.1913396823993
20110502,14700,14700,14700,14700,0,0,0.0,3985.5,6663.835869827528,4792.507042248346,3546.3786573908365
20110429,14700,14700,14700,14700,0,0,0.0,0.0,6696.6320079574325,5002.743203039264,3720.717951738468
20110428,14700,14700,14700,14700,0,0,0.0,0.0,6660.737097911912,5194.726169127899,3883.958322158452
20110427,14700,14700,14700,14700,0,0,0.0,0.0,6556.4853913892,5370.652463983207,4037.359426517399
20110426,14250,15400,14250,14700,35475,0,0.0,0.0,6381.974302674683,5532.518752164837,4181.989772416622
20110425,14750,14900,14150,14600,20578,0,40.0,30.0,6128.376946631139,5678.270356636391,4316.654298365486
20110422,14900,15000,14300,14900,12454,0,97.97958971132712,70.0,5791.292013661546,5820.965590838194,4450.999910873649
20110421,14800,15150,14550,14950,6424,0,132.664991614216,100.12492197250393,5355.859939122755,5953.727275599903,4579.804034919387
20110420,14900,15100,14750,14800,6878,0,128.06248474865697,101.11874208078342,4788.951607606826,6069.317792983182,4699.081239802511
20110419,14700,15100,14650,15000,6072,0,141.4213562373095,125.0,4011.9021283550774,6179.354543671119,4816.765735536832
20110418,15400,15400,14650,14850,13834,0,70.71067811865476,124.09673645990857,2907.3769427956877,6275.3844304552385,4925.930777633977
20110415,15600,15850,15000,15200,15323,0,139.2838827718412,170.0,139.10427743243557,6369.9910692419535,5036.875001034042
20110414,16450,16750,15550,15550,19045,0,273.1300056749533,264.8112535373072,218.4462176372024,6463.288430306462,5149.269939488727
20110413,16700,16750,16300,16600,5188,0,625.6196927846821,556.3497101643893,444.7681980537727,6573.159607237774,5276.822867634359
20110412,16600,16900,16250,16650,5528,0,732.5298628724975,699.9285677838847,581.3561730987295,6672.499499916724,5399.043517239112
20110411,16200,17250,16100,16450,11076,0,597.8294071054049,731.5907325820906,655.796271718588,6756.017903300897,5511.670583703629
20110408,16350,16500,15950,16150,10254,0,404.4749683231337,726.0165287374662,687.7681295320393,6822.478184383511,5613.639910069986
20110407,16450,16850,16100,16350,10632,0,180.0,718.2617907142214,724.9956896423591,6883.642676664735,5714.917540810532
20110406,15450,16900,15450,16400,21425,0,161.24515496597098,662.6462102811726,754.8633982383833,6936.149007594603,5812.340956008078
20110405,15400,15500,15150,15450,8454,0,369.32370625238775,611.9844769273155,741.0128204019145,6960.368015394176,5889.96326389223
20110404,15650,15700,15250,15250,6420,0,477.07441767506253,547.4714604433733,725.6850212041034,6972.5523239142685,5961.1362624864205
20110401,15700,15750,15250,15550,11971,0,479.58315233127195,504.38080851673965,708.2725464113373,6981.855250795135,6033.394592230444
20110331,14700,15900,14600,15450,27211,0,401.9950248448356,514.87862647424,687.6545280880509,6981.464596323773,6101.819454149858
20110330,14600,14700,14300,14500,8965,0,382.6225293941798,650.0769185258004,700.2276415566583,6958.646737453103,6154.7476411337675
20110329,14450,14600,14350,14400,8046,0,484.3552415324934,710.4400045042509,719.4572607181054,6927.62554319059,6204.233243430562
20110328,14600,15000,14400,14600,13819,0,494.9747468305833,704.5565981523415,719.4572607181054,6892.455615864836,6253.788428352628
20110325,15000,15000,14350,14600,22810,0,377.35924528226417,695.1438700010236,733.8042995240625,6849.881799466814,6300.967663642141
20110324,15350,15650,14200,15000,13470,0,203.9607805437114,592.9586832149438,732.2226437361795,6804.781984322989,6350.903401944745
20110323,15600,16300,15150,15300,21728,0,324.96153618543843,422.965719651132,718.3488010709003,6755.236143479125,6401.906375686509
20110322,15800,15900,15050,15200,23905,0,293.9387691339814,403.14389490602485,713.1795005466716,6695.71383216325,6449.083201423975
20110321,14600,16550,14600,15600,21047,0,332.264954516723,438.2921400162225,698.905394170055,6632.393515395148,6498.995859938673
20110318,15000,15150,14400,14850,16598,0,257.6819745345025,402.49223594996215,710.7918119956082,6550.735955261485,6537.504969192928
20110317,14000,14950,13850,14450,27657,0,395.72717874818755,389.87177379235857,746.0898069267533,6456.51160274563,6569.582564850593
20110316,14150,15600,14100,14400,48927,0,454.97252664309303,399.8749804626441,728.9375830618147,6352.805578814944,6598.85471755011
20110315,15850,16250,13400,14150,62603,0,507.34603575863287,433.0415684434925,705.8505507541947,6237.5946413439115,6623.905033202764
20110314,16700,17100,15450,15450,65758,0,454.3126676640219,464.75800154489,649.0184897212097,6125.386252560373,6661.283095036739
20110311,17200,19000,16300,17000,242699,0,1053.2805893967666,768.3749084919418,734.9277175341804,6020.542271511397,6715.181934223542
20110310,16100,18400,14800,18400,450635,0,1610.7762104029225,1239.1932859727735,987.9271228182776,5925.011954980912,6785.7112743074995
20110309,14000,16000,13850,16000,112200,0,1434.2245291445827,1246.795893480565,969.3296652842107,5780.445851580622,6821.992569862848
20110308,13500,14000,13350,13950,8388,0,1492.4476540234166,1335.1498043290874,1010.4330754681381,5605.790777674068,6836.313515658495
20110307,13750,14100,13600,13700,6233,0,1792.8747864811976,1428.6444624188343,1062.1293471136178,5416.51413631396,6845.634334194312
20110304,13650,14150,13150,13800,14788,0,1824.719156473127,1490.3355326905414,1095.2853509474141,5213.36322721609,6854.483039177718
20110303,14000,14200,13300,13450,15075,0,924.4457799135653,1564.320938938043,1143.5252511422736,4991.597564212848,6858.827320074272
20110302,13000,14450,12950,13950,34771,0,186.01075237738274,1588.088473605926,1160.266671933655,4751.856867320404,6866.345473879585
20110228,13350,13550,12600,12900,32708,0,367.96738985948195,1694.5205811674286,1236.9190555569917,4490.6279689544135,6863.194457879412
20110225,15300,16100,12800,12800,191667,0,463.24939287601876,1786.2600594538299,1314.0086567446958,4205.873987651091,6858.313687699689
20110224,13400,14000,13300,14000,41557,0,504.5790324617146,1599.2889044822389,1323.84619574934,3885.288609149773,6861.227842011954
20110223,11800,12450,11550,12200,3708,0,699.7142273814361,962.8733042306241,1430.3386836690113,3535.44187380526,6849.215506578514
20110222,12100,12300,11900,11900,3823,0,722.772439983706,730.4279567486448,1532.7487563198347,3143.663225000782,6834.135039860975
20110221,12450,12550,12050,12450,2211,0,727.7362159464101,728.3714711601492,1578.1634896296391,2661.87838205156,6820.445751052901
20110218,12550,12550,12250,12450,1498,0,728.6974680894672,724.4998274671982,1594.6688527716342,2067.3050274183024,6805.213136382815
20110217,12600,12750,12300,12350,2674,0,206.39767440550293,692.2607890094599,1629.560907115779,1199.5656042455494,6787.921801913227
20110216,12750,12750,12250,12600,2552,0,238.74672772626644,664.3794096749236,1653.0199635818074,1230.7684478496851,6770.280489096569
20110215,12500,12750,12500,12650,516,0,109.54451150103323,533.0103188494571,1670.2002125493818,1258.867436318186,6752.457484234084
20110214,12700,13000,12350,12650,3433,0,120.0,525.5711179279166,1686.733159097787,1285.444961871219,6734.103168527715
20110211,12200,12600,12200,12300,1934,0,152.97058540778355,528.4174486142562,1665.9456773856703,1320.063918906997,6713.28924131085
20110210,12300,12550,12300,12550,512,0,130.38404810405297,222.26110770892868,1480.496116171873,1345.993024581599,6692.477837794833
20110209,12700,12800,12350,12350,1791,0,148.32396974191326,212.42645786248002,936.3492938001289,1375.5551909441626,6669.598269490368
20110208,12500,12650,12500,12650,1150,0,148.32396974191326,130.38404810405297,649.2832586783676,1396.273811097112,6647.095120421443
20110207,12500,13000,12500,12600,2279,0,139.2838827718412,132.38202294873727,603.3448433524562,1416.9470310809033,6622.5755684418
20110201,12400,13050,12250,12700,4700,0,120.83045973594572,141.06735979665885,568.3528833392156,1434.4046384011606,6597.256761020701
20110131,12450,13300,12350,12600,4835,0,120.83045973594572,126.58988901172162,516.9381007432128,1452.8907965386675,6570.113575037261
20110128,12800,12800,12450,12450,5337,0,83.66600265340756,130.38404810405297,490.1275344234396,1473.4264205133431,6540.468087649046
20110127,12550,12800,12500,12600,3026,0,80.0,127.37739202856997,389.8316944528754,1489.7266248096537,6510.02323291212
20110126,12550,12900,12550,12600,3365,0,80.0,124.09673645990857,383.2345887312365,1505.036682830941,6478.634597526234
20110125,12650,13000,12650,12700,1917,0,80.0,102.95630140987001,380.87891776783863,1518.0604859125292,6446.3260142190475
20110124,12550,12800,12400,12650,1663,0,83.66600265340756,104.4030650891055,195.57607215607945,1529.4325381947986,6412.473234593264
20110121,12600,12700,12450,12550,4810,0,50.99019513592785,70.0,183.2177666057525,1541.1134142416806,6377.247618487148
20110120,12400,12850,12400,12750,3213,0,70.71067811865476,81.24038404635961,124.09673645990857,1549.6529629422355,6339.183416567855
20110119,12650,12900,12400,12650,2305,0,66.332495807108,81.39410298049853,122.88205727444507,1557.2063661142543,6298.657902542724
20110118,13100,13100,12650,12800,1408,0,87.17797887081348,95.0,129.3010054098575,1562.9643754382191,6257.015859994462
20110117,12600,13200,12600,12950,5930,0,135.64659966250537,132.664991614216,139.8883483353778,1562.414442102025,6213.800995007449
20110114,13100,13450,12700,12800,7372,0,96.95359714832658,115.0,145.3229162933362,1557.5789172088284,6168.153716537336
20110113,12750,13250,12600,13000,12895,0,124.09673645990857,138.6542462386205,166.50825805346713,1524.7793556227818,6121.7734897431665
20110112,12650,12750,12400,12700,5279,0,109.54451150103323,131.24404748406687,166.93936024796548,1490.7035997213914,6072.1839493653815
20110111,12600,12850,12350,12500,4310,0,180.0,151.73990905493517,151.05876340020794,1461.8849608943176,6020.218572853528
20110110,12100,13000,12100,12450,11198,0,200.9975124224178,173.27723451163456,156.10493265749164,1439.1401271438604,5966.310961086006
20110107,12300,12300,12000,12200,2722,0,267.58176320519306,229.3468988235943,173.13289693180786,1411.2140163703343,5909.723428384785
20110106,12450,12450,11850,12200,3146,0,190.78784028338913,268.5609800399157,198.4155991851447,1377.579398800697,5851.103611475551
20110105,12350,12350,12050,12100,1330,0,156.20499351813308,310.80540535840106,228.84219453588537,1369.1265971008593,5790.0362931541
20110104,12000,12250,12000,12250,4099,0,115.75836902790225,313.8869223143902,239.53079134006967,1360.4867899232408,5726.857133128423
20110103,12350,12350,12050,12100,4034,0,60.0,299.3325909419153,260.76809620810593,1344.9896736489507,5661.042615831813
20101230,12200,12250,12050,12250,836,0,67.82329983125268,275.9075932264279,268.1417535558384,1327.2266406140452,5593.406441808417
20101229,12250,12250,12000,12100,709,0,73.48469228349535,191.11514853616393,284.2094298224462,1328.983529703175,5523.076059563387
20101228,12250,12350,12150,12200,4664,0,67.82329983125268,132.38202294873727,291.5047169429682,1329.5352153624876,5450.7156538283025
20101227,12700,12700,12100,12250,3447,0,67.82329983125268,99.498743710662,292.17931138258234,1325.3183579804843,5376.2157307285715
20101224,12600,12600,12200,12400,1467,0,96.95359714832658,87.89197915623473,289.6549671592048,1318.2213922133778,5299.328022783226
20101223,12350,12550,12250,12350,3694,0,106.7707825203131,97.97958971132712,289.8275349237888,1302.3365753735254,5219.494200264738
20101222,12250,12550,12250,12500,2616,0,106.7707825203131,128.4523257866513,281.9020219863632,1275.4835684294094,5136.73552554295
20101221,12250,12650,12150,12300,4700,0,86.02325267042627,118.74342087037917,279.0161285660741,1251.0284657921693,5050.5156392414265
20101220,12150,12550,11900,12200,8287,0,100.0,120.5197079319395,268.6075203712659,1212.3049671322062,4960.8068268441875
20101217,12600,13500,12400,12600,4938,0,142.828568570857,143.26548781894402,241.59625411003375,1190.0218835523233,4868.168169485201
20101216,12200,12550,12200,12500,2860,0,146.9693845669907,151.32745950421557,223.20114247019436,1176.3219513948634,4772.094578372328
20101215,12700,12700,12050,12200,4908,0,162.48076809271922,137.84048752090223,169.7608612136496,1165.0989466803417,4671.941501013139
20101214,12200,12800,12050,12300,8728,0,162.48076809271922,130.0,145.3229162933362,1156.6771733432881,4567.806361547874
20101213,12600,12600,12000,12200,6389,0,162.48076809271922,135.0,138.9919062391764,1110.8317704415495,4459.819166542955
20101210,12350,12450,12100,12200,4680,0,116.61903789690601,141.50971698084905,134.5362404707371,972.4610817691578,4346.609260988195
20101209,12200,12700,12150,12150,1872,0,48.98979485566356,151.73990905493517,136.26720074911643,640.721706792926,4228.516760408496
20101208,12300,12550,12200,12200,2356,0,48.98979485566356,141.50971698084905,136.26720074911643,472.62491000331363,4105.6714481227755
20101207,12350,12700,12250,12450,3931,0,106.7707825203131,150.0,136.10657588816198,438.509945408661,3976.7449469715684
20101206,13000,13000,12400,12400,2538,0,120.83045973594572,148.66068747318505,138.08964479641477,413.3291330432767,3841.372890972707
20101203,12900,13050,12700,12700,1334,0,196.468827043885,169.11534525287763,156.90363284513205,380.2950243635066,3699.2825280346237
20101202,12650,13200,12650,12950,2804,0,259.61509971494337,249.24887161229034,206.9269194667528,365.1284020725921,3548.3209641928634
20101201,12200,13100,12100,13000,3600,0,246.9817807045694,302.86135441815617,241.07830678018294,320.5420755880679,3388.0025639399837
