date,open,high,low,close,volume,korcom,forvol,standard deviation5,standard deviation10,standard deviation20,standard deviation60,standard deviation120,ma5,ma10,ma20,ma60,ma120,EMAFast,EMASlow,MACD,MACDSignal,MACDiff,RSI,upper_bb,mid_bb,lower_bb,fast_k,slow_k,slow_d
20101001,97800,98000,96100,96100,83259,-22867,514952,,,,,,,,,,,96100.0,96100.0,0.0,0.0,0.0,,,,,,,
20101004,96900,97800,96100,96600,59721,-6268,515459,,,,,,,,,,,96370.83333333331,96359.61538461538,11.21794871795282,6.232193732196013,4.9857549857568095,,,,,,,
20101005,96700,99700,96200,99400,109864,22795,514186,,,,,,,,,,,97553.11778290992,97451.996057171,101.12172573892168,45.12134619396882,56.00037954495285,,,,,,,
20101006,100000,101000,99000,101000,122463,19255,519467,,,,,,,,,,,98641.16379310343,98443.86291330527,197.30087979816017,96.67267871571384,100.62820108244631,,,,,,,
20101007,101500,102500,99600,102500,138894,-1765,521320,2470.1416963405145,,,,,99120.0,,,,,99689.59579912672,99384.49783364846,305.0979654782568,158.67448938995912,146.4234760882977,,,,,,,
20101008,103500,105000,101000,101000,142025,-23912,522228,2005.991026899172,,,,,100100.0,,,,,100008.09296004775,99708.07003278565,300.02292726213636,196.98777487443766,103.03515238769863,,,,,,,
20101011,101000,101500,98900,99500,104049,-10110,531536,1144.377560073595,,,,,100680.0,,,,,99894.71379369473,99671.06585606118,223.64793763354828,203.73475084034538,19.913186793202925,,,,,,,
20101012,99400,99600,96600,97000,66769,-16710,532785,1860.107523773826,,,,,100200.0,,,,,99290.63164148157,99240.6909621098,49.940679371764425,166.77514336829037,-116.83446399652595,,,,,,,
20101013,97300,99700,97300,99000,53109,6243,535598,1860.107523773826,,,,,99800.0,,,,,99233.13435835204,99205.0152776516,28.119080700431372,134.74490501574093,-106.62582431530956,,,,,,,
20101014,99100,103500,99100,103000,146348,56554,552387,2009.9751242241766,2285.3664913969487,,,,99900.0,99510.0,,,,99946.95393347312,99728.68623393381,218.26769953928303,153.45885948058256,64.80884005870051,,,,,,,
20101015,103000,105000,101500,105000,106764,29971,550844,2891.366458960192,2506.3918289046505,,,,100700.0,100400.0,,,,100871.53952610127,100412.37729934721,459.1622267540952,220.34500947052842,238.81721728356675,,,,,,,
20101018,104500,105000,101500,102000,67463,-14208,550361,2856.5713714171393,2191.437884129961,,,,101200.0,100940.0,,,,101072.1760937832,100607.44176335905,464.73433042415115,272.8295863189896,191.9047441051617,,,,,66.29213483146067,66.29213483146067,66.29213483146067
20101019,102000,102000,99800,101000,73017,-13686,552419,1999.9999999999984,2130.727575266252,,,,102000.0,101100.0,,,,101059.64358196995,100653.42988997439,406.2136919955519,301.05829724956686,105.15539474598499,,,,,55.0561797752809,59.55056179775281,62.24719101123596
20101020,99800,102500,99600,102000,44518,-8237,559274,1356.4659966250515,2147.091055358389,,,,102600.0,101200.0,,,,101219.75625606508,100804.66573854676,415.09051751832885,324.9139228110272,90.17659470730172,61.847389558232926,,,,65.9090909090909,62.56249663996558,62.39654630905525
20101021,98300,98300,94700,94700,281985,-74359,540470,3396.2332075403765,2838.5911998736274,,,,100940.0,100420.0,,,,100127.58546884212,100144.2904420459,-16.704973203755802,254.09854915162862,-270.8035223553844,47.82608695652174,,,,0.0,36.57499803567219,51.67067241088075
20101022,95100,95200,93500,93800,107876,-19649,546604,3662.785825024444,3447.897910321592,,,,98700.0,99700.0,,,,99081.902079921,99480.62554470595,-398.7234647849691,119.75264534993369,-518.4761101349028,45.70552147239263,,,,2.608695652173913,23.535801386082806,40.870082112261635
20101025,94500,95100,90600,91300,185952,-49946,556413,4196.474710992548,4274.061300449493,,,,96560.0,98880.0,,,,97810.39154025193,98650.22061158564,-839.8290713337339,-76.58482477322744,-763.2442465605063,37.46130030959753,,,,4.861111111111112,16.71181681943902,32.04232502029789
20101026,91600,92900,91400,91500,123731,-21939,565998,3895.946611543849,4801.8850465207925,,,,94660.0,98330.0,,,,96789.06666261776,97943.79142136514,-1154.724758747383,-296.16847902186174,-858.5562797255212,34.627831715210355,,,,6.25,13.007754429263672,25.30303315003857
20101027,92000,93000,91500,91800,98914,-32703,563534,1370.255450636849,5172.900540315849,,,,92620.0,97610.0,,,,95988.00575104431,97351.44102834829,-1363.4352773039573,-512.7430065550697,-850.6922707488876,31.986531986531983,,,,8.333333333333332,11.386349363950483,20.47578692637883
20101028,92300,92300,91300,91700,42717,280,558760,906.4215354899696,5105.839793804737,4235.737834191341,,,92020.0,96480.0,97995.0,,,95304.10333882664,96818.46718411584,-1514.36384528919,-715.4036929365698,-798.9601523526202,33.568904593639566,106466.47566838267,4235.737834191341,89523.5243316173,7.638888888888889,10.103834723249472,16.92613493093093
20101029,92300,92300,89700,89800,100961,-15262,553718,730.4792947099829,4578.471360618083,4584.822788287454,,,91220.0,94960.0,97680.0,,,94431.17154483816,96169.69924633724,-1738.5277014990713,-921.9333949271904,-816.5943065718811,33.10104529616725,106849.64557657493,4584.822788287454,88510.35442342507,0.6535947712418301,6.898163495755006,13.524488024277458
20101101,90300,90500,88900,89300,76337,-16238,542080,1053.3755265810926,4194.865909656708,4933.58642368814,,,90820.0,93690.0,97315.0,,,93621.23297445726,95546.13366659,-1924.900692132724,-1124.017975383062,-800.8827167496615,35.580524344569284,107182.17284737626,4933.58642368814,87447.82715262372,2.484472049689441,5.409725148313128,10.787929659793265
20101102,89200,89300,86000,86000,247771,-92402,528681,2110.355420302465,3989.598977340956,5484.1111403763425,,,89720.0,92190.0,96645.0,,,92423.03983272244,94693.85689331565,-2270.81706059321,-1354.7397332956355,-916.0773272975744,26.785714285714285,107613.22228075267,5484.1111403763425,85676.77771924731,0.0,3.5924772729218275,8.37081599800238
20101103,86500,87300,85000,85600,212377,-133725,541607,2333.5809392433757,2818.953706608181,5885.055224889559,,,88480.0,90550.0,95875.0,,,91353.94139907393,93894.11986475867,-2540.1784656847885,-1592.9524073210791,-947.2260583637095,14.344262295081966,107645.11044977912,5885.055224889559,84104.88955022088,3.428571428571429,3.5375598128712893,6.7514097192761895
20101104,85600,87800,85400,87500,104188,18304,539658,1690.6803364326431,2576.062887431128,5948.434668045021,,,87640.0,89830.0,95125.0,,,90751.78152406607,93339.49639990453,-2587.714875838429,-1792.659372607962,-795.0555032304663,13.991769547325099,107021.86933609004,5948.434668045021,83228.13066390996,14.285714285714285,7.132592710345365,6.878907458196273
20101105,88200,88300,86200,86900,112536,-44741,538162,1303.2267646115906,2332.8951969602067,6045.130271549146,,,87060.0,89140.0,94420.0,,,90151.39946816344,92787.92296535775,-2636.523497194313,-1961.943828398895,-674.5796687954188,15.525114155251146,106510.2605430983,6045.130271549146,82329.7394569017,14.285714285714285,9.522424127057699,7.762096583291206
20101108,87100,87600,86400,86700,49391,-12271,536213,671.1184694224962,2315.080992103732,6150.089430244071,,,86540.0,88680.0,93780.0,,,89614.51272445974,92272.43318291305,-2657.920458453285,-2101.4765237659926,-556.4439346872928,16.113744075829384,106080.17886048814,6150.089430244071,81479.82113951187,16.666666666666664,11.907469392475413,9.145994419502863
20101109,86700,87200,85800,86300,78328,-17112,536403,632.4555320336711,2204.631488480558,6310.0297146685325,,,86600.0,88160.0,93245.0,,,89099.79977511922,91772.02675387435,-2672.226978755149,-2215.847841065434,-456.3791376897148,11.707317073170733,105865.05942933707,6310.0297146685325,80624.94057066293,12.871287128712872,12.229068381082078,10.174729864561266
20101110,86400,87500,86300,86800,67717,158,534428,387.8143885932986,1862.900963551203,6313.895390327577,,,86840.0,87660.0,92635.0,,,88743.17744596332,91359.4473521708,-2616.269906207468,-2296.056370781876,-320.213535425592,21.16788321167883,105262.79078065515,6313.895390327577,80007.20921934485,22.5,15.655030395226223,12.002733607626805
20101111,86900,89000,86300,86500,160404,8356,520221,215.40659228536632,1304.7605144240072,5974.5209012940795,,,86640.0,87140.0,91810.0,,,88395.75938857664,90959.76935589866,-2564.009967322025,-2349.7135144164045,-214.2964529056203,22.137404580152673,103759.04180258817,5974.5209012940795,79860.95819741185,18.75,16.687152513202783,13.564911263541429
20101112,87200,87900,85100,85300,89844,20,509310,538.1449618829429,1063.437821407533,5305.174360942323,,,86320.0,86690.0,90825.0,,,87916.78949808227,90498.04073845886,-2581.251240376601,-2396.066965843228,-185.1842745333733,24.576271186440678,101435.34872188463,5305.174360942323,80214.65127811536,4.10958904109589,12.493370165288747,13.207623450772099
20101115,85500,86100,85100,85500,37763,-2636,507861,581.0335618533529,668.5057965343308,4757.940731030575,,,86080.0,86310.0,90000.0,,,87543.19425308358,90093.33450964485,-2550.140256561281,-2426.906057232282,-123.23419932899876,24.576271186440678,99515.88146206117,4757.940731030575,80484.11853793885,6.8493150684931505,10.611641206471594,12.342122515381016
20101116,85500,86000,83000,83600,87894,-13804,505372,1125.3443917308132,1055.5093557141026,4228.3684796857215,,,85540.0,86070.0,89130.0,,,86934.09134115481,89571.15237826422,-2637.0610371094226,-2468.963710412359,-168.0973266970636,19.402985074626862,97586.73695937144,4228.3684796857215,80673.26304062856,8.0,9.740977767225845,11.474958363278933
20101117,83200,83200,82000,82300,64182,-16240,507187,1496.1283367412016,1550.6127820961622,3310.509779475016,,,84640.0,85740.0,88145.0,,,86218.711828482,88990.10577110556,-2771.3939426235743,-2529.4804424832955,-241.9135001402784,17.808219178082194,94766.01955895004,3310.509779475016,81523.98044104996,4.10958904109589,7.863680915711048,10.271091943827438
20101118,82700,84900,82300,84400,58970,-7262,513647,1175.4148203932066,1475.8387445788242,3040.904470712572,,,84220.0,85430.0,87630.0,,,85938.099358287,88625.43349347623,-2687.334135189245,-2561.063992834585,-126.27014235466005,31.756756756756765,93711.80894142513,3040.904470712572,81548.19105857487,34.285714285714285,16.67154858783379,12.40470423521029
20101119,84400,84800,83200,83500,52965,-5476,507868,1059.4338110519193,1489.597261007149,2816.251941854581,,,83860.0,85090.0,87115.0,,,85562.08801935625,88220.40714995457,-2658.31913059832,-2580.521334655758,-77.79779594256206,30.921052631578945,92747.50388370916,2816.251941854581,81482.49611629084,21.428571428571427,18.257285666642506,14.35564197364048
20101122,84200,85500,83700,85100,57207,6654,511570,941.0632284814842,1390.7192383799108,2676.2800675563994,,,83780.0,84930.0,86805.0,,,85490.85020968036,87975.03797133255,-2484.187761652196,-2561.24961683105,77.06185517885388,46.66666666666666,92157.5601351128,2676.2800675563994,81452.4398648872,44.285714285714285,26.933657608194814,18.54842454723348
20101123,84900,85700,84400,85400,50529,12895,509538,1128.8932633336042,1326.8006632497588,2462.92509021279,,,84140.0,84840.0,86500.0,,,85476.84874972497,87773.47225787204,-2296.623508147066,-2508.3134006722985,211.68989252523255,49.253731343283576,91425.85018042556,2462.92509021279,81574.14981957442,48.57142857142857,34.14637487991848,23.747832839298674
20101124,82600,85200,82500,84700,65951,14449,497118,655.4387843269529,1155.0324670761424,2167.36591280745,,,84620.0,84630.0,86145.0,,,85357.15630563418,87533.89757208538,-2176.7412664512085,-2441.987953622949,265.24668717174063,38.524590163934434,90479.7318256149,2167.36591280745,81810.2681743851,38.57142857142858,35.62141008509831,27.705738363152282
20101125,85100,86600,84500,86600,63930,11778,493171,1005.186549850322,1171.4947716485976,1760.653287845073,,,85060.0,84640.0,85890.0,,,85548.60292274179,87461.38201540013,-1912.779092658325,-2336.132110775041,423.3530181167157,48.88888888888889,89411.30657569016,1760.653287845073,82368.69342430985,65.71428571428571,45.652447097377994,33.68802140515621
20101126,86700,86700,83600,84000,78520,1500,481459,859.3020423576303,1163.1422956801116,1558.8457268118802,,,85160.0,84510.0,85600.0,,,85310.10344180372,87193.56881851611,-1883.4653767123816,-2245.589135781935,362.1237590695532,41.50943396226415,88717.69145362377,1558.8457268118802,82482.30854637624,28.57142857142857,39.958744562194944,35.77827335836507
20101129,83500,84500,83500,83700,29057,3634,481679,1041.9213022104857,1134.9449325848368,1359.2645070035678,,,84880.0,84330.0,85320.0,,,85062.17278545609,86924.15371692916,-1861.9809314730664,-2168.8609676094925,306.88003613642604,41.77215189873419,88038.52901400713,1359.2645070035678,82601.47098599287,28.8135593220339,36.24366989916294,35.93340607798561
20101130,83900,85200,83500,85000,40277,1937,485155,1013.9033484509233,1122.5417586887359,1351.7026300187667,,,84800.0,84470.0,85270.0,,,85052.6004748253,86776.2181211945,-1723.6176463691957,-2079.806242610912,356.18859624171637,44.57831325301203,87973.40526003751,1351.7026300187667,82566.59473996247,63.829787234042556,45.43906365739058,39.10196594860544
20101201,85100,85200,84200,84600,31914,5168,478327,1016.6612021711038,859.0692637965811,1357.055636294861,,,84780.0,84700.0,85220.0,,,84982.92487653553,86609.37167794857,-1626.4468014130546,-1989.129417455389,362.68261604233567,44.31137724550898,87934.11127258973,1357.055636294861,82505.88872741027,55.319148936170215,48.732430505938204,42.31212576143149
20101202,85300,87300,85200,86600,97793,7244,485071,1016.6612021711038,1020.588065773846,1294.1696179402638,,,84780.0,84920.0,85175.0,,,85231.84095701478,86608.65502847344,-1376.814071458677,-1866.661014004758,489.846942546081,53.714285714285715,87763.33923588053,1294.1696179402638,82586.66076411947,86.79245283018868,61.41911768311394,48.68112962963884
20101203,87300,87300,86000,86600,69997,3682,485756,1141.928193889613,1012.9659421717987,1275.6958885250233,,,85300.0,85230.0,85160.0,,,85442.42381199895,86607.99476272927,-1165.5709507303254,-1726.4381152949732,560.8671645646473,53.17919075144509,87711.39177705004,1275.6958885250233,82608.60822294996,86.0,69.6127507491476,55.65834146115547
20101206,87300,88300,86700,87400,78796,-4832,486317,1061.3199329137249,1200.9995836801945,1326.0750355842047,,,86040.0,85460.0,85195.0,,,85743.70662402446,86668.28102232395,-924.5743982995044,-1566.060901231646,641.4865029321415,61.72839506172841,87847.1500711684,1326.0750355842047,82542.8499288316,84.48275862068965,74.56942230902904,61.96203796320399
20101207,87800,87800,85900,86400,51100,2936,478275,926.0669522232147,1233.0450113438685,1330.4134695648752,,,86320.0,85560.0,85200.0,,,85844.70809367785,86647.90153487994,-803.1934412020928,-1413.4840066472864,610.2905654451934,62.893081761006286,87860.82693912975,1330.4134695648752,82539.17306087025,67.24137931034483,72.12674056389442,65.35027319761612
20101208,87000,87100,86000,86800,33473,7478,478299,344.0930106816964,1247.4373731775074,1330.4134695648752,,,86760.0,85770.0,85200.0,,,85991.71703937193,86659.4336367171,-667.7165973451629,-1264.3278637523515,596.6112664071889,58.450704225352105,87860.82693912975,1330.4134695648752,82539.17306087025,74.13793103448276,72.79713752383952,67.83256181146548
20101209,87000,87100,86100,87000,44341,2461,480003,344.0930106816964,1279.4139283281233,1358.9977924925595,,,86840.0,85810.0,85225.0,,,86146.87407438262,86685.21036628049,-538.3362918978528,-1119.1274770122825,580.7911851144295,62.96296296296296,87942.99558498512,1358.9977924925595,82507.00441501488,77.58620689655173,74.39349419796655,70.01953957031046
20101210,87000,87000,86200,86400,28856,1556,474775,379.47331922019765,1134.2398335449166,1382.967823197507,,,86800.0,86050.0,85280.0,,,86185.82429456482,86663.65819208199,-477.8338975171646,-990.8672966408867,513.0333991237221,55.2,88045.93564639502,1382.967823197507,82514.06435360499,60.416666666666664,69.73455126618904,69.92454346034542
20101213,86900,87800,86200,87600,40967,2942,479520,445.421149026395,906.8627239003708,1472.5063667093784,,,86840.0,86440.0,85385.0,,,86403.4265183607,86734.30829425971,-330.88177589900437,-858.8689867690978,527.9872108700933,58.20895522388061,88330.01273341877,1472.5063667093784,82439.98726658124,85.41666666666666,74.96192338151602,71.60367020197323
20101214,87800,87900,87300,87400,34595,-1347,481399,427.0831300812455,805.9776671843955,1475.0847433282129,,,87040.0,86680.0,85575.0,,,86556.7674169747,86784.46776401543,-227.7003470407217,-732.6343363626813,504.93398932195953,60.465116279069775,88525.16948665642,1475.0847433282129,82624.83051334358,81.25,77.05794900525947,73.42176320947941
20101215,87900,87900,86600,87700,38544,2044,485096,474.97368348151036,474.2362280551751,1338.8334474458218,,,87220.0,86990.0,85845.0,,,86732.67061157357,86853.36470153721,-120.69408996363927,-610.2455715973525,489.55148163371325,54.86725663716814,88522.66689489163,1338.8334474458218,83167.33310510835,87.5,80.53863276344265,75.79405312436923
20101216,87200,88300,87100,88100,43516,13854,484029,567.8027826631303,557.1355310873648,1381.339929199062,,,87440.0,87140.0,86030.0,,,86943.05049284289,86947.0677700143,-4.017277171413299,-488.99934566718,484.9820684957666,72.52747252747254,88792.67985839813,1381.339929199062,83267.32014160187,95.1219512195122,85.39973900230581,78.99594847421419
20101217,88100,88200,87300,87300,40247,1359,477427,278.56776554367167,528.1098370604358,1277.7323663426835,,,87620.0,87210.0,86220.0,,,86997.97055382469,86973.56694077174,24.403613052971195,-386.3183697480088,410.72198280098,68.75,88775.46473268537,1277.7323663426835,83664.53526731463,67.74193548387096,79.51380442606235,79.16856712688605
20101220,86100,86600,85300,86400,54218,12985,472431,563.5601121442096,575.2390807307863,1251.9085429853392,,,87380.0,87110.0,86285.0,,,86905.96834787933,86930.54527975636,-24.57693187701807,-313.9698656234982,289.39293374648014,57.60869565217392,88788.81708597069,1251.9085429853392,83781.18291402933,36.666666666666664,65.23142505953318,74.52285306754969
20101221,86700,87400,86300,87300,42535,10862,469604,564.2694391866303,525.3570214625479,1253.2358118086465,,,87360.0,87200.0,86380.0,,,86966.59235788207,86958.23121580468,8.361142077395924,-249.50350971706473,257.86465179446066,63.91752577319587,88886.47162361731,1253.2358118086465,83873.52837638269,66.66666666666666,65.70983893110997,71.58518167318704
20101222,87000,87400,86500,86500,45623,-3141,470007,620.9669878503963,555.0675634551167,1192.518343674293,,,87120.0,87170.0,86470.0,,,86894.8051550047,86923.922225751,-29.117070746302492,-205.42613748744182,176.3090667411393,49.411764705882355,88855.03668734859,1192.518343674293,84084.96331265141,40.0,57.139892590498874,66.77008529529976
20101223,86400,87000,84600,84800,104220,-15859,460297,913.4549797335357,904.7098982546837,1246.0337074091044,6231.29445264429,,86460.0,86950.0,86380.0,90088.33333333331,,86572.51314301559,86765.02541170082,-192.51226868522645,-202.84335976890338,10.331091083676938,41.1764705882353,88872.06741481823,1246.0337074091044,83887.93258518177,5.405405405405405,39.89506348823272,57.81174467186966
20101224,84500,84800,83500,83800,66865,-14130,464224,1272.1635115031374,1308.7780560507574,1265.7408897557498,6232.473202687852,,85760.0,86690.0,86370.0,89883.33333333331,,86145.95664967639,86543.36698648678,-397.41033681039704,-241.75680288494456,-155.6535339254524,32.69230769230769,88901.48177951151,1265.7408897557498,83838.51822048849,6.25,28.680042307899647,48.10117720198363
20101227,83600,84700,83500,84200,45132,-12852,475629,1352.627073512871,1460.9928131240072,1216.747714195378,6211.880194881055,,85320.0,86350.0,86395.0,89676.66666666669,,85846.56919550532,86368.30197952429,-521.7327840189682,-297.75205403173175,-223.98072998723651,38.775510204081634,88828.49542839076,1216.747714195378,83961.50457160924,14.583333333333334,23.981139311464595,40.06116456340436
20101228,84200,85800,84200,85500,80769,34211,478394,960.4165762834344,1435.4093492798493,1192.7279656315927,6103.180181948856,,84960.0,86160.0,86420.0,89445.0,,85793.24942490007,86303.47508634534,-510.22566144526354,-340.2468088574255,-169.97885258783805,43.92523364485981,88805.45593126319,1192.7279656315927,84034.54406873681,41.66666666666667,29.876315100641094,36.66621474011688
20101229,85200,86500,84800,86100,37919,12281,476300,837.6156636548734,1340.8952233489385,1120.9259565197335,5928.602046201291,,84880.0,86000.0,86495.0,89196.66666666669,,85840.44289416686,86288.29264768105,-447.84975351419416,-361.7674112974803,-86.08234221671387,45.94594594594594,88736.85191303947,1120.9259565197335,84253.14808696053,54.166666666666664,37.97309895974544,37.101842813528826
20101230,86100,87200,85600,87200,38588,17165,476486,1243.5433245367826,1221.8428704215612,1131.3156058322895,5674.512950220674,,85360.0,85910.0,86525.0,88941.66666666669,,86049.60955021449,86356.28351539947,-306.67396518497844,-350.7487165417424,44.07475135676401,53.44827586206896,88787.63121166459,1131.3156058322895,84262.36878833541,77.08333333333334,51.0098437549801,41.73784312878212
20110103,87500,89300,87200,88700,108265,31097,495747,1526.5647709809084,1434.7473645210157,1226.825170918694,5453.04094570685,,86340.0,86050.0,86630.0,88736.66666666669,,86457.36856544529,86530.97935706019,-73.61079161491944,-295.3211092891952,221.7103176742757,54.62184873949579,89083.65034183738,1226.825170918694,84176.34965816262,89.65517241379311,63.8916199772449,49.12243541312817
20110104,88700,89000,88000,88000,67157,9530,497451,1178.1341180018487,1549.4837850071228,1252.3577763561352,5270.402419803118,,87100.0,86210.0,86660.0,88545.0,,86694.69974779383,86640.42638577275,54.273362021078356,-225.40219255606704,279.6755545771454,52.41935483870967,89164.71555271227,1252.3577763561352,84155.28444728772,77.58620689655173,68.45648228430903,55.567117704409135
20110105,88500,89200,87800,88600,54175,6431,504888,970.3607576566533,1684.1615124446942,1319.5074838740725,5154.235313474402,,87720.0,86340.0,86770.0,88405.0,,86987.8262802408,86786.35862532769,201.4676549130964,-140.02820111172002,341.49585602481636,53.54330708661418,89409.01496774814,1319.5074838740725,84130.98503225186,87.93103448275862,74.9479996843881,62.02741169832845
20110106,89000,89200,87100,87100,45332,-6492,504026,673.4983296193051,1699.4116628998404,1321.4669878584507,4968.328581010799,,87920.0,86400.0,86785.0,88206.66666666669,,87005.08394579872,86809.70666808856,195.377277710184,-72.9470915495553,268.3243692597393,46.3768115942029,89427.93397571691,1321.4669878584507,84142.06602428309,62.06896551724138,70.65498829507649,64.90327056408712
20110107,86900,87700,86700,87100,32525,881,508398,695.7010852370391,1621.1415730897781,1322.459829257466,4581.1676701712295,,87900.0,86630.0,86790.0,87941.66666666669,,87019.68653754202,86831.30869484853,188.3778426934877,-20.682096100717875,209.05993879420564,49.23076923076921,89434.91965851492,1322.459829257466,84145.08034148508,62.06896551724138,67.79298070234803,65.86650727688004
20110110,87100,87700,86800,86900,27204,4270,509627,652.9931086925758,1318.4839779079607,1319.5737948291055,4008.041915948469,,87540.0,86940.0,86815.0,87640.0,,87001.27309404581,86836.41858303829,164.8545110075211,16.425230205751873,148.42928080176918,52.032520325203244,89454.1475896582,1319.5737948291055,84175.85241034179,58.620689655172406,64.73555035320634,65.48952163564522
20110111,86800,86800,85300,85700,46874,-19496,512565,921.7374897442296,1057.7806956075535,1328.0060240826035,3551.970892648486,,87080.0,87090.0,86720.0,87368.33333333331,,86801.07603720724,86751.9079919261,49.16804528115608,22.97379391047697,26.194251370679122,43.650793650793645,89376.01204816521,1328.0060240826035,84063.98795183479,37.93103448275862,55.80071172956176,62.259918333558836
20110112,85900,89000,85400,87400,102598,-3213,515932,591.9459434779446,916.2968951164246,1328.0060240826035,3077.027335306281,,86840.0,87280.0,86720.0,87141.66666666669,,86893.21865119608,86800.08977133312,93.12887986295392,37.00481228308331,56.124067579870605,53.33333333333334,89376.01204816521,1328.0060240826035,84063.98795183479,67.24137931034483,59.61426758986888,61.3780347523182
20110113,88100,88100,85700,85800,81854,-6053,502379,696.8500556073695,958.3840566286566,1322.450377140739,2397.018402562245,,86580.0,87250.0,86625.0,86871.66666666669,,86725.03044687123,86725.75912234775,-0.7286754765227671,29.45811422251565,-30.18678969903841,53.731343283582106,89269.90075428148,1322.450377140739,83980.09924571852,31.372549019607842,50.20036139970601,57.65214363475077
20110114,85700,85800,84700,85400,43079,-772,499371,770.9734106958514,1108.1967334368028,1302.651142862002,2176.324628562732,,86240.0,87070.0,86490.0,86716.66666666669,,86521.17887096295,86627.24805025336,-106.06917929041084,2.352654058406842,-108.42183334881769,56.25,89095.302285724,1302.651142862002,83884.697714276,15.217391304347828,38.539371367857306,51.28121954575205
20110117,85400,87300,85100,85500,50797,2491,499954,733.7574531137616,1051.9030373565806,1305.756485719936,1976.2836897120915,,85960.0,86750.0,86400.0,86578.33333333331,,86364.07394806141,86543.50679647099,-179.4328484095749,-34.00444800348636,-145.4284004060886,55.2,89011.51297143988,1305.756485719936,83788.48702856012,17.391304347826086,31.490015694488317,44.684151595307185
20110118,85300,86200,85000,85100,42586,8262,496414,811.4185110040281,1066.9582934679313,1336.1418337884927,1886.7631011867425,,85840.0,86460.0,86335.0,86475.0,,86169.60052894214,86436.29420202516,-266.69367308302026,-80.54229462535521,-186.15137845766503,48.27586206896552,89007.28366757698,1336.1418337884927,83662.71633242302,8.695652173913043,23.891894520945083,37.75339923716994
20110119,85300,85500,84000,84400,65083,-6133,495750,475.8150901348065,963.5351576356722,1380.1811475308857,1787.9566238834482,,85240.0,86040.0,86190.0,86356.66666666669,,85897.35369667015,86285.08388983473,-387.73019316457794,-141.97987602930613,-245.75031713527176,42.735042735042725,88950.36229506177,1380.1811475308857,83429.63770493823,7.6923076923076925,18.492032244724026,31.332943573011082
20110120,84500,85000,83700,84900,48315,-8334,493282,392.9376540877624,947.4175425861612,1406.0227594173825,1650.786849421217,,85060.0,85820.0,86110.0,86241.66666666669,,85743.91438168273,86182.24976223486,-438.33538055213285,-201.25097824290864,-237.08440230922423,39.63963963963963,88922.04551883477,1406.0227594173825,83297.95448116523,21.818181818181817,19.600748769211133,27.422211971740285
20110121,83900,84900,83100,83200,59327,-17176,489540,793.4733769950911,1126.0994627474076,1519.2432326654175,1537.096830608426,,84620.0,85430.0,86030.0,86100.0,,85352.54232382633,85960.87330964697,-608.330985820663,-282.66698119695576,-325.6640046237073,25.66371681415929,89068.48646533082,1519.2432326654175,82991.51353466918,1.639344262295082,13.613613933568216,22.819345959013006
20110124,83000,83400,82700,83200,29991,-2905,490579,816.3332652783383,1188.4443613396465,1568.1198933753976,1504.1830562356645,,84160.0,85060.0,86000.0,85990.0,,85021.3815263326,85755.96216140004,-734.5806350674393,-373.0497132485921,-361.5309218188472,27.35849056603773,89136.2397867508,1568.1198933753976,82863.7602132492,7.936507936507936,11.721245267880562,19.119979061967115
20110125,83100,83900,82500,82700,49591,-12792,491016,828.0096617793747,1355.8761005342635,1684.005641320618,1499.4221109035516,,83680.0,84760.0,85925.0,85880.0,,84664.24550540291,85529.18263308429,-864.9371276813762,-471.4271972475838,-393.50993043379236,21.904761904761905,89293.01128264124,1684.005641320618,82556.98871735876,3.076923076923077,8.839804537560495,15.693254220497165
20110126,82600,84000,82500,83700,31648,6468,492026,749.933330370103,1056.8348972285123,1751.0782392570763,1525.0455366606866,,83540.0,84390.0,85835.0,85841.66666666669,,84515.89990191949,85393.4593354289,-877.5594335094064,-552.6536452347436,-324.9057882746628,33.0,89337.15647851414,1751.0782392570763,82332.84352148585,18.461538461538463,12.047049178887155,14.47785253996024
20110127,82800,84100,82700,83000,35539,-730,491207,326.19012860599264,1016.316879718132,1854.8854412064536,1567.6406546852547,,83160.0,84110.0,85680.0,85798.33333333331,,84282.68434467733,85215.88950128145,-933.2051566041192,-628.7639480594295,-304.44120854468963,30.841121495327105,89389.77088241291,1854.8854412064536,81970.22911758709,7.6923076923076925,10.595468683360465,13.183724587760134
20110128,83700,84200,83000,83100,46198,9906,491324,326.19012860599264,956.8698971124547,1901.5454241220887,1589.0904106856617,,83140.0,83880.0,85475.0,85725.0,,84100.73278311249,85058.93060280923,-958.1978196967392,-694.6507227683497,-263.5470969283896,32.075471698113205,89278.09084824417,1901.5454241220887,81671.90915175583,10.714285714285714,10.635074360335553,12.33417451195186
20110131,82800,82800,81700,81800,33476,-790,489035,621.6108107167972,974.1149829460586,1911.0468335442874,1658.8349325153256,,82860.0,83510.0,85130.0,85640.0,,83746.77368941906,84817.2055767244,-1070.4318873053417,-769.806956023848,-300.6249312814937,31.77570093457944,88952.09366708857,1911.0468335442874,81307.90633291143,1.7857142857142856,7.685287668794947,10.784545564232793
20110201,80500,82500,80500,81100,56152,-2519,486232,947.8396488858195,1056.8348972285123,1983.2485976295661,1751.5199748281534,,82540.0,83110.0,84785.0,85546.66666666669,,83339.57753863899,84541.51617329622,-1201.9386346572428,-856.2332920707664,-345.70534258647626,17.525773195876287,88751.49719525911,1983.2485976295661,80818.50280474089,8.823529411764707,8.064701583118216,9.87793090386123
20110207,81000,81700,80300,80300,45325,-9747,484676,1081.850266903879,1253.7942414925985,2009.7512283861481,1872.740119598912,,81860.0,82700.0,84370.0,85446.66666666669,,82871.95003205375,84226.96971397087,-1355.0196819171256,-955.9905703357466,-399.02911158137846,19.101123595505616,88389.5024567723,2009.7512283861481,80350.4975432277,0.0,5.376467722078738,8.377443176600359
20110208,80000,80600,79000,79000,75176,-18446,487059,1380.7244475274542,1452.2052196573318,2223.5725758336785,2037.7411241099005,,81060.0,82110.0,83965.0,85316.66666666669,,82276.26520376468,83839.37594181465,-1563.1107380499743,-1077.4146041665397,-485.6961338834345,17.346938775510207,88412.14515166737,2223.5725758336785,79517.85484833263,0.0,3.5843118147191264,6.779732722639919
20110209,78400,79500,77100,79500,80115,1632,491912,1020.9799214480147,1591.979899370592,2303.3182585130553,2163.176676402814,,80340.0,81740.0,83585.0,85200.0,,81849.14735392941,83517.62490880265,-1668.4775548732578,-1195.6271945321491,-472.85036034110885,20.58823529411765,88191.63651702611,2303.3182585130553,78978.36348297389,30.37974683544304,12.516123488293871,8.691862977857927
20110210,79000,79500,78400,78400,34969,1559,487318,952.0504188329492,1790.6423428479513,2432.9817097544324,2331.653562031273,,79660.0,81260.0,83160.0,85085.0,,81318.50916683466,83138.1967818154,-1819.687614980736,-1320.4392788112948,-499.248336169441,19.266055045871557,88025.96341950887,2432.9817097544324,78294.03658049113,16.666666666666664,13.899637881084814,10.427787945600237
20110211,78200,78900,77200,77300,49051,8253,479524,1013.9033484509233,2067.752402972851,2671.591286106389,2534.790699227193,,78900.0,80720.0,82740.0,84948.33333333331,,80700.276856557,82705.37357344039,-2005.0967168833886,-1457.3707665919715,-547.7259502914171,18.584070796460182,88083.18257221277,2671.591286106389,77396.81742778723,2.8169014084507045,10.20539239020676,10.353656093802412
20110214,77200,78000,76600,77100,39931,15613,468958,935.0935782048737,2064.5580640902303,2716.0403163428155,2722.082536098625,,78260.0,80060.0,82225.0,84840.0,,80146.38801026314,82289.83697342068,-2143.4489631575416,-1594.5864060383676,-548.862557119174,14.545454545454545,87657.08063268563,2716.0403163428155,76792.91936731437,6.578947368421052,8.996577382944853,9.901296523516558
20110215,77200,78500,77000,77000,37769,6989,468570,960.4165762834344,1993.5897271003385,2812.3433289695568,2884.2382972901783,,77860.0,79460.0,81785.0,84751.66666666669,,79662.32824307104,81897.71432629632,-2235.386083225283,-1722.7463415753393,-512.6397416499433,17.02127659574468,87409.6866579391,2812.3433289695568,76160.3133420609,5.263157894736842,7.752104220208848,9.184899089080655
20110216,77000,78200,76900,77900,29389,-4896,473349,531.4132102234513,1619.3825983997726,2805.334204689267,3014.5406873278966,,77540.0,78940.0,81410.0,84643.33333333331,,79391.20078631767,81601.38940926555,-2210.1886229478696,-1820.2347979104504,-389.9538250374197,24.271844660194176,87020.66840937853,2805.334204689267,75799.33159062147,17.105263157894736,10.869823866104149,9.746540681421822
20110217,77900,78500,75500,76100,43921,3520,475258,581.0335618533529,1511.985449665439,2867.4727548835663,3204.205569768133,,77080.0,78370.0,80940.0,84520.0,,78884.86214890669,81193.62689328515,-2308.7647443784663,-1917.9407872526444,-390.8239571258218,21.551724137931036,86674.94550976713,2867.4727548835663,75205.05449023287,6.896551724137931,9.545399818782075,9.679493727208573
20110218,75700,78000,75700,77400,27751,3598,477876,589.9152481501001,1223.9281024635393,2799.1918476588103,3330.1297105201006,,77100.0,78000.0,80555.0,84391.66666666669,,78656.42179734727,80912.45647915258,-2256.034681805322,-1985.5595661900827,-270.4751156152395,23.529411764705877,86153.38369531762,2799.1918476588103,74956.61630468238,26.027397260273972,15.039398965946043,11.466128806787731
20110221,77500,77500,76500,76900,28780,-7641,476505,595.3150426454838,987.1170143402452,2761.0867425706733,3462.393199315536,,77060.0,77660.0,80180.0,84250.0,,78386.20303831651,80615.07979987684,-2228.8767615603283,-2034.2230052796206,-194.6537562807077,23.931623931623932,85702.17348514135,2761.0867425706733,74657.82651485865,20.0,16.692932643964028,13.208396752513163
20110222,76400,76800,74000,75700,57788,7013,477799,809.9382692526598,1034.456378974,2702.147294282737,3630.518787538012,,76800.0,77330.0,79720.0,84100.0,,77972.94100527544,80250.82097732594,-2277.879972050505,-2082.9543986462063,-194.9255734042985,21.09375,85124.29458856548,2702.147294282737,74315.70541143452,22.07792207792208,18.487929121950042,14.968240875658791
20110223,75200,75600,73800,74300,26448,-5481,479258,1070.3270528207693,1116.6467659918244,2822.5653225389683,3825.590368383224,,76080.0,76810.0,79275.0,83895.0,,77407.87312690244,79809.81894622551,-2401.945819323068,-2146.7526827945744,-255.1931365284932,20.930232558139533,84920.13064507794,2822.5653225389683,73629.86935492206,7.352941176470589,14.776266473456891,14.904249408258158
20110224,74300,74300,72700,73700,43703,1866,486113,1431.0835055998632,1319.2422067232385,2919.760264131201,4042.003078782685,,75600.0,76340.0,78800.0,83723.33333333331,,76837.43108055062,79357.04918467793,-2519.6181041273085,-2221.3257670732737,-298.2923370540348,21.09375,84639.52052826241,2919.760264131201,72960.47947173759,14.705882352941178,14.752805099951653,14.85376797215599
20110225,73700,74900,72800,74500,40104,3180,486238,1142.6285485668534,1381.44851514633,2919.0580672538013,4210.95001157694,,75020.0,76060.0,78390.0,83570.0,,76477.82628461688,78997.12748707534,-2519.301202458475,-2280.9208541580833,-238.3803483003917,27.34375,84228.1161345076,2919.0580672538013,72551.8838654924,26.47058823529412,18.658732811732474,16.122089585348153
20110228,74400,74500,73300,73700,17571,932,489008,733.2121111929305,1497.1973817770322,2821.5066896960357,4391.601517543312,,74380.0,75720.0,77890.0,83381.66666666669,,76050.4683802854,78604.60602321275,-2554.1376429273514,-2335.564211917636,-218.57343100971542,28.45528455284553,83533.01337939207,2821.5066896960357,72246.98662060793,16.129032258064516,17.815499293843157,16.68655948817982
20110302,73000,73800,72900,73400,21088,736,490219,411.8252056394728,1576.832267554162,2726.3345355989372,4570.245252354243,,73920.0,75360.0,77410.0,83195.0,,75642.70400246941,78218.95078799744,-2576.2467855280265,-2383.7007266437304,-192.54605888429612,24.793388429752067,82862.66907119787,2726.3345355989372,71957.33092880213,12.068965517241379,15.899988034975898,16.424369003778512
20110303,73100,74500,73100,73800,23015,254,490421,365.5133376499331,1384.377116251204,2499.894997794799,4703.13695550343,,73820.0,74950.0,76945.0,82981.66666666669,,75359.21107217782,77891.51979626273,-2532.308724084898,-2413.422326133948,-118.88639795095014,29.824561403508767,81944.7899955896,2499.894997794799,71945.2100044104,18.96551724137931,16.921831103777034,16.59018970377802
20110304,74200,74300,73200,74000,32989,-5967,490536,365.5133376499331,1352.9227620230208,2313.5416572863887,4816.814011587127,,73880.0,74740.0,76555.0,82771.66666666669,,75150.10167219234,77603.17646837357,-2453.074796181245,-2421.3528201438307,-31.72197603741415,34.285714285714285,81182.08331457277,2313.5416572863887,71927.91668542723,22.413793103448278,18.75248510366745,17.310954837074494
20110307,73400,74600,73400,73900,19366,5786,490851,205.9126028197256,1034.842983258813,2131.3082836604003,4909.768041590364,,73760.0,74390.0,76195.0,82546.66666666669,,74957.77833468911,77328.79432001682,-2371.0159853277,-2411.285453180175,40.269467852474925,34.615384615384606,80457.6165673208,2131.3082836604003,71932.3834326792,20.689655172413794,19.39820845991623,18.006706044688404
20110308,74000,75500,73500,75300,42564,-6554,489675,643.1174076325365,705.7619995437558,1917.674372775377,4969.845459256128,,74080.0,74230.0,75945.0,82361.66666666669,,75010.427822429,77178.47634066522,-2168.048518236217,-2362.638066189721,194.58954795350337,42.735042735042725,79780.34874555076,1917.674372775377,72109.65125444924,49.056603773584904,29.284340231139122,21.765917440171975
20110309,75400,75600,73700,75000,43273,-2359,489044,622.8964600958927,580.0,1793.1745592661725,5023.505582094361,,74400.0,74160.0,75745.0,82165.0,,75008.82354203548,77017.0710175612,-2008.247475525728,-2291.7599480549843,283.51247252925623,36.93693693693693,79331.34911853235,1793.1745592661725,72158.65088146765,47.91666666666667,35.4951157096483,26.34231686333075
20110310,75000,75500,74300,74400,29246,209,484859,549.1812087098339,583.1809324729334,1592.4509411593897,5080.040190129721,,74520.0,74170.0,75490.0,81955.0,,74915.15838074283,76823.17307696247,-1908.0146962196595,-2215.0108976862407,306.99620146658117,41.414141414141405,78674.90188231878,1592.4509411593897,72305.09811768122,41.46341463414634,37.484548684480984,30.056394137047494
20110311,73900,73900,73000,73000,30240,-7509,480873,818.2909018191478,670.820393249937,1532.8405005085885,5173.409310009094,,74320.0,74100.0,75220.0,81731.66666666669,,74620.51862725215,76539.91984597051,-1919.4012187183546,-2155.8889618916287,236.48774317327442,28.0,78285.68100101718,1532.8405005085885,72154.31899898282,10.344827586206897,28.437974985056286,29.516921086383757
20110314,72000,72800,70300,72300,48305,15824,478235,1161.0340218959966,842.3775875461075,1580.2215034606425,5254.311457164372,,74000.0,73880.0,74970.0,81476.66666666669,,74263.51575884808,76225.79500157911,-1962.2792427310635,-2117.1670180589736,154.88777532791028,27.450980392156865,78130.44300692128,1580.2215034606425,71809.55699307872,37.735849056603776,31.53726634223878,30.1903695050021
20110315,71500,72300,68800,70000,76533,8016,482057,1756.815300479818,1440.4513181638595,1838.2804465041247,5397.606465421081,,72940.0,73510.0,74615.0,81186.66666666669,,73607.59025333128,75764.54790236759,-2156.9576490363106,-2125.12514425453,-31.8325047817807,24.778761061946906,78291.56089300825,1838.2804465041247,70938.43910699175,17.647058823529413,26.90719716933566,29.095978726446617
20110316,70000,70800,69100,70400,69769,7917,489322,1637.5591592366955,1717.8183838811367,1968.3178097043674,5503.014073113824,,72020.0,73210.0,74285.0,80898.33333333331,,73114.11482709646,75367.11247187093,-2252.9976447744557,-2150.699644358744,-102.2980004157116,31.067961165048537,78221.63561940874,1968.3178097043674,70348.36438059126,23.52941176470588,25.781268701125736,27.991075384672992
20110317,68900,70600,68500,70100,39140,7995,492166,1243.5433245367826,1935.561933909633,1986.070240449564,5592.151990860836,,71160.0,72840.0,73895.0,80598.33333333331,,72650.40485159363,74976.90007221272,-2326.4952206191087,-2185.858759611069,-140.63646100803908,32.0,77867.14048089912,1986.070240449564,69922.85951910088,22.535211267605636,24.699249556619037,26.89380010865501
20110318,70500,73100,70300,72900,53332,-3742,501238,1214.2487389328408,1897.3929482318624,1930.0971478139088,5608.365527396448,,71140.0,72730.0,73735.0,80358.33333333331,,72688.80410534197,74823.03520580003,-2134.231100458055,-2175.5332277804073,41.302127322352135,43.33333333333334,77595.19429562782,1930.0971478139088,69874.80570437218,61.97183098591549,37.12344336638452,30.30368119456485
20110321,73500,73800,71800,72900,35584,1449,504102,1345.5110553243305,1859.0589017026869,1742.9572570775738,5632.21882466305,,71260.0,72630.0,73510.0,80133.33333333331,,72721.29578154872,74680.57064991626,-1959.2748683675309,-2132.2815558976336,173.00668753010268,46.42857142857143,76995.91451415514,1742.9572570775738,70024.08548584486,61.97183098591549,45.40623923956151,35.33786720956373
20110322,73000,74500,72500,73100,35372,-7729,506163,1336.263447079203,1648.3021567661676,1560.640893991752,5624.439725183496,,71880.0,72410.0,73320.0,79896.66666666669,,72779.55796916287,74563.47802183473,-1783.9200526718487,-2062.609255252221,278.68920258037224,48.64864864864865,76441.28178798349,1560.640893991752,70198.71821201651,64.7887323943662,51.86707029116307,40.84760157009685
20110323,73200,75200,72600,75200,40750,13785,506974,1621.8507946170614,1680.5058762170395,1525.9341401251154,5589.254323153391,,72840.0,72430.0,73295.0,79708.33333333331,,73151.93366708062,74610.63276504455,-1458.6990979639236,-1941.827223794207,483.12812583028364,55.46875,76346.86828025023,1525.9341401251154,70243.13171974977,94.36619718309859,66.03344592180825,49.242883020667314
20110324,75300,75500,74100,74200,27128,-293,498135,909.0654541890776,1657.9806995257816,1522.793485670127,5593.046029570012,7931.985879967259,73660.0,72410.0,73290.0,79531.66666666669,84810.0,73313.17464169317,74580.21255623049,-1267.03791453733,-1806.8693619425146,539.8314474051845,50.735294117647065,76335.58697134025,1522.793485670127,70244.41302865975,80.28169014084507,70.78286066148719,56.42287556760727
20110325,74100,74900,73200,74700,40259,5171,493740,893.0845424706407,1791.5356541246954,1551.5798400338206,5598.624831152735,7916.701578870387,74020.0,72580.0,73340.0,79380.0,84631.66666666669,73526.53238948017,74589.0865016005,-1062.5541121203132,-1658.0063119777944,595.4521998574812,52.85714285714286,76443.15968006762,1551.5798400338206,70236.84031993238,88.57142857142857,76.71238329813433,63.18604481111629
20110328,74300,74300,72700,73100,37130,3784,486789,845.2218643646138,1795.10445378535,1529.0846935338066,5619.650789862302,7908.874718033885,74060.0,72660.0,73270.0,79195.0,84435.83333333331,73460.91202177541,74478.77457367179,-1017.8625518963963,-1529.9775599613226,512.1150080649259,42.25352112676056,76328.16938706761,1529.0846935338066,70211.83061293239,65.71428571428571,73.04635077018479,66.47281346413912
20110329,73000,74400,72000,74400,41992,-9335,492757,696.8500556073695,1619.876538505327,1546.4394588859193,5591.681321391628,7840.928543014958,74320.0,73100.0,73305.0,79010.0,84227.5,73605.38709552064,74472.938968248,-867.5518727273593,-1397.4924225143704,529.9405497870112,48.026315789473685,76397.87891777184,1546.4394588859193,70212.12108222816,84.28571428571429,76.79280527536129,69.91281073454651
20110330,74500,74500,73400,74000,43097,-6797,493563,541.8486873657572,1358.8230201170422,1553.7937443558512,5550.384120841449,7743.184772215288,74080.0,73460.0,73335.0,78808.33333333331,84002.5,73666.09677319408,74437.90394044497,-771.8071672508959,-1272.355371461555,500.5482042106592,48.66666666666666,76442.5874887117,1553.7937443558512,70227.4125112883,78.57142857142857,77.38567970738372,72.40376705882558
20110331,74100,74700,73500,74500,49585,3214,495913,567.8027826631303,794.9842765740716,1571.6551784661215,5467.874866486574,7602.870026436659,74140.0,73900.0,73370.0,78596.66666666669,83769.16666666669,73794.38957742754,74442.50395390435,-648.1143764768058,-1147.5071724645093,499.3927959877035,55.319148936170215,76513.31035693224,1571.6551784661215,70226.68964306776,85.71428571428571,80.16188170968438,74.98980527577851
20110401,74500,77200,73800,76800,61529,8947,506413,1224.0914998479461,1104.943437466371,1737.4982014377395,5311.386876848228,7462.809597151291,74560.0,74290.0,73510.0,78398.33333333331,83567.5,74256.79118123415,74617.14402438316,-360.35284314901224,-990.0763066013127,629.7234634523007,64.33121019108279,76984.99640287548,1737.4982014377395,70035.00359712452,95.40229885057471,85.24202075664782,78.40721043606828
20110404,76500,77400,76100,76800,43524,-8984,506782,1236.122971228993,1227.0289320142376,1879.221913452316,5165.465182880975,7343.298343085053,75300.0,74680.0,73655.0,78211.66666666669,83378.33333333331,74648.05407666798,74778.84626197115,-130.79218530317306,-818.2194823416004,687.4272970384275,75.37313432835822,77413.44382690464,1879.221913452316,69896.55617309536,91.54929577464789,87.34444576264785,81.38628887826148
20110405,76800,79200,76400,78900,66365,7872,509502,1774.2604092973486,1643.2893841317175,2176.987597575923,4986.4984374475325,7247.2174257894885,76200.0,75260.0,73835.0,78050.0,83227.5,75302.19960367266,75084.13299594246,218.06660773020118,-610.9622643271583,829.0288720573596,78.1456953642384,78188.97519515184,2176.987597575923,69481.02480484816,95.94594594594594,90.21161249041388,84.32806341564562
20110406,79100,81900,78200,81700,120829,37186,518285,2420.413187866897,2534.738645304482,2766.242939439592,4869.709094665377,7102.655997739323,77740.0,75910.0,74170.0,77960.0,83083.33333333331,76286.47658815363,75574.22113012541,712.2554580282158,-346.3187198560002,1058.5741778842164,82.95454545454545,79702.48587887919,2766.242939439592,68637.51412112081,97.97979797979798,92.80100765354193,87.15237816161105
20110407,81700,82000,80800,81300,53595,25190,512241,2108.0796948882157,2921.2326165507598,3173.684766954557,4743.239633649374,6865.559730762439,79100.0,76620.0,74515.0,77863.33333333331,82902.5,77057.78788256936,75998.37205988367,1059.4158226856816,-65.17181134759308,1124.5876340332748,77.63157894736842,80862.3695339091,3173.684766954557,68167.6304660909,93.0,92.86733843569463,89.05736491963891
20110408,80600,80900,78800,80100,108172,-14241,507270,1774.9366185867013,3014.033841880347,3375.070369636672,4605.196340367407,6564.231993665888,79760.0,77160.0,74870.0,77750.0,82695.0,77525.82051616683,76302.20906125079,1223.6114549160409,192.5848419051857,1031.0266130108555,71.95121951219512,81620.14073927334,3375.070369636672,68119.85926072666,81.0,88.91155895712977,89.00876293213587
20110411,80000,80400,78500,78500,43567,-2269,513928,1264.9110640673493,2706.288972005761,3409.340112103723,4488.812018043678,6331.804585231271,80100.0,77700.0,75180.0,77630.0,82499.16666666669,77675.69428295012,76465.01469575286,1210.6795871972572,396.2037909636328,814.4757962336246,65.1685393258427,81998.68022420745,3409.340112103723,68361.31977579255,65.0,80.94103930475318,86.3195217230083
20110412,78100,79200,77200,78100,47497,4015,516329,1444.4376068214208,2472.670621008791,3247.194943331772,4305.601971075979,6112.631502789048,79940.0,78070.0,75585.0,77475.0,82308.33333333331,77740.97208558783,76586.12906175324,1154.84302383459,547.9316375378438,606.9113862967462,59.006211180124225,82079.38988666353,3247.194943331772,69090.61011333647,61.0,74.29402620316878,82.31102321639513
20110413,77800,78100,76900,77400,45066,-6947,518820,1420.422472365174,2094.4927786936864,3040.111017709623,4166.966322558098,5855.907748210842,79080.0,78410.0,75935.0,77335.0,82103.33333333331,77688.51484164128,76646.41779986843,1042.0970417728533,646.7647183848559,395.33232338799723,60.126582278481024,82015.22203541924,3040.111017709623,69854.77796458076,54.0,67.52935080211252,77.38379907830092
20110414,77400,78600,76600,78600,60021,-6896,527001,886.7919710958113,1641.2190591142914,2777.4808730213513,4036.5039190974303,5749.228873413296,78540.0,78820.0,76360.0,77221.66666666669,81969.16666666669,77828.74332756514,76791.13204189981,1037.611285665349,724.934031840961,312.677253824388,61.81818181818183,81914.9617460427,2777.4808730213513,70805.0382539573,60.46511627906976,65.17460596109827,73.31406803923336
20110415,78600,78600,77100,77600,27558,-7823,528786,475.8150901348065,1558.2040944625965,2671.6053226476874,3890.5312405034556,5659.335883201238,78040.0,78900.0,76595.0,77090.0,81834.16666666669,77793.55204639651,76851.04989273392,942.5021536625716,768.4476562052861,174.05449745728572,64.15094339622641,81938.21064529537,2671.6053226476874,71251.78935470463,48.23529411764706,59.52816867994786,68.71876825280486
20110418,77300,77700,75600,76300,52993,4480,535466,772.0103626247475,1631.1039206623225,2535.798690748037,3749.1050784005656,5614.356535308015,77600.0,78850.0,76765.0,76943.33333333331,81709.16666666669,77563.77480846293,76810.2303061565,753.544502306424,765.4670254255133,-11.92252311908942,55.97484276729558,81836.59738149607,2535.798690748037,71693.40261850393,30.48780487804878,49.848047412648164,62.428527972752626
20110419,75500,77900,73900,77800,58884,14190,535202,741.8894796396522,1660.8431593621356,2399.3749185984802,3623.426861718372,5553.059967261317,77540.0,78740.0,77000.0,76833.33333333331,81595.0,77600.11714562602,76883.54836927875,716.568776347267,755.6873756098636,-39.118599262596604,61.17647058823529,81798.74983719696,2399.3749185984802,72201.25016280304,48.148148148148145,49.28141432448149,58.04615675666224
20110420,77700,78500,76700,76900,40316,-3238,527714,786.3841300534963,1410.8153670838724,2363.9532567289616,3467.9965397906653,5489.708490034405,77440.0,78260.0,77085.0,76700.0,81470.83333333331,77492.40681552084,76884.76703613265,607.6397793881915,726.0778563655281,-118.43807697733656,56.896551724137936,81812.90651345793,2363.9532567289616,72357.09348654207,37.03703703703704,45.199955228666674,53.76408958066372
20110421,77000,77500,76400,76800,33459,1838,533521,549.1812087098339,1037.7379245262264,2271.4037509873638,3363.2755198202613,5425.064259732091,77080.0,77810.0,77215.0,76593.33333333331,81346.66666666669,77385.88269004867,76878.48786502481,507.39482502386085,682.3412500971932,-174.94642507333248,50.0,81757.80750197472,2271.4037509873638,72672.19249802528,35.80246913580247,42.067459864378606,49.86521300856868
20110422,77100,77300,75500,75500,32929,4007,538923,755.2483035399645,935.147047260483,2233.4894224059963,3253.860527639953,5395.043442827898,76660.0,77350.0,77255.0,76465.0,81227.5,77095.74689156255,76776.37567433713,319.3712172254309,609.7472435228393,-290.3760262974085,46.06060606060607,81721.97884481201,2233.4894224059963,72788.02115518799,19.753086419753085,34.629335382836764,44.78658713332471
20110425,76000,76900,75500,76000,18987,2967,537821,792.4645102463542,928.4395510748128,2045.2383724151746,3151.3207107849635,5364.595873771778,76600.0,77100.0,77400.0,76353.33333333331,81116.66666666669,76927.17044669836,76718.86533338128,208.30511331709567,529.4588174816894,-321.1537041645937,40.26845637583893,81490.47674483035,2045.2383724151746,73309.52325516965,30.0,33.08622358855784,40.88646595173575
20110426,75700,76200,74200,76000,40871,11774,538953,531.4132102234513,915.9148432032314,1955.658456888491,3002.8111828751453,5365.760793111187,76240.0,76890.0,77480.0,76225.0,81033.33333333331,76784.52883950798,76665.61516487393,118.91367463406641,447.3497889121637,-328.43611427809725,26.44628099173553,81391.31691377699,1955.658456888491,73568.68308622301,32.30769230769231,32.82671316160266,38.199881688358055
20110427,76000,79600,76000,79000,80747,12088,556951,1241.9339757007995,1110.1801655587258,1808.8946901352442,2894.0912025865587,5352.4789168716825,76660.0,77050.0,77730.0,76158.33333333331,80978.33333333331,77125.37055651893,76838.53521971896,286.8353367999662,415.24689848972383,-128.41156168975766,42.17687074829932,81347.7893802705,1808.8946901352442,74112.2106197295,89.47368421052632,51.70903684457721,42.70293340709778
20110428,79300,79300,76800,76800,46783,1212,554087,1241.9339757007995,982.9038610159184,1667.4756370032765,2751.0886733962093,5332.178976636962,76660.0,76870.0,77845.0,76053.33333333331,80889.16666666669,77075.3135478222,76835.68071834669,239.63282947550758,380.12408468688034,-140.49125521137267,39.490445859872615,81179.95127400655,1667.4756370032765,74510.04872599345,50.877192982456144,51.43175555720352,45.61254079046636
20110429,76800,79600,75600,79600,64459,5148,580814,1526.302722267111,1272.0455966670374,1691.2347560287087,2688.194354746121,5304.827727855311,77480.0,77070.0,77985.0,76016.66666666669,80828.33333333331,77463.72684816718,77040.44780975494,423.2790384122345,388.75507543195124,34.52396298028333,53.254437869822475,81367.46951205742,1691.2347560287087,74602.53048794258,100.0,67.62117037146902,52.948750650800584
20110502,79900,80900,79300,80200,47765,-1352,575886,1632.6665305566823,1544.7977213862014,1733.9189715783982,2662.172775927384,5277.712506906366,78320.0,77460.0,78155.0,76001.66666666669,80774.16666666669,77884.69194845826,77274.49157035958,610.2003780986852,433.0441359652983,177.1562421333869,56.140350877192965,81622.8379431568,1733.9189715783982,74687.1620568432,90.0,75.08078024764602,60.326093849749064
20110503,80200,80500,78400,80200,33663,9151,575219,1261.1106216347532,1751.5707236649055,1784.2645543751328,2659.511233290813,5253.565984696098,79160.0,77700.0,78220.0,76000.0,80723.33333333331,78240.89318716351,77491.19834842805,749.6948387354641,496.37427651933166,253.32056221613243,58.536585365853654,81788.52910875027,1784.2645543751328,74651.47089124973,90.0,80.05385349843068,66.90201373264294
20110504,79500,80100,77900,79400,44740,-9797,579958,1261.1106216347532,1797.3591738993073,1623.1065892292745,2667.5123658986568,5225.230191633273,79240.0,77950.0,78105.0,76006.66666666669,80661.66666666669,78419.21731221804,77632.59254346255,786.624768755486,554.4243749665628,232.20039378892318,52.5,81351.21317845855,1623.1065892292745,74858.78682154145,78.57142857142857,79.55971185609665,71.12124644046084
20110506,78400,79300,77800,77800,22938,1413,582374,879.9999999999966,1757.9817974029197,1448.4819639883285,2639.1344330207166,5204.03362520099,79440.0,78050.0,77930.0,75978.33333333331,80589.16666666669,78323.9531103371,77644.99321599242,678.9598943446763,579.3314788421856,99.62841550249071,50.602409638554214,80826.96392797666,1448.4819639883285,75033.03607202334,53.73134328358209,70.95025566525847,71.06424951539339
20110509,77800,78000,76200,76200,18645,-1528,579985,1551.2575543732232,1666.6133324799728,1405.0889651546909,2620.451085002144,5201.136627913418,78760.0,78120.0,77735.0,75941.66666666669,80513.33333333331,77997.19109335853,77537.95572086057,459.2353724979475,555.3122575733379,-96.07688507539036,49.704142011834314,80545.17793030938,1405.0889651546909,74924.82206969062,29.850746268656714,57.25041919972455,66.45963941017044
20110511,76200,77000,75100,75400,20129,-3376,578600,1824.2806801586194,1750.5427729707144,1481.080686525713,2615.3202480767104,5201.480491701944,77800.0,78060.0,77580.0,75910.0,80429.16666666669,77597.62323283809,77379.58731442093,218.03591841715388,487.85698974210106,-269.8210713249472,42.5925925925926,80542.16137305142,1481.080686525713,74617.83862694858,17.91044776119403,44.13709538688104,59.01879140240731
20110512,75100,75100,73800,73800,37156,-9714,575375,1933.28735577513,2099.1426821443083,1687.683323375411,2624.399931412897,5227.921232829261,76520.0,77840.0,77365.0,75855.0,80347.5,77013.37350470452,77114.43065836045,-101.05715365592914,370.0741610624949,-471.131314718424,40.828402366863905,80740.36664675082,1687.683323375411,73989.63335324918,0.0,29.424730257920697,49.154104354245106
20110513,74000,75000,73600,74300,22203,4750,573438,1422.673539502297,2303.0631775963075,1814.9104661110607,2627.5273547577044,5253.543182674202,75500.0,77370.0,77210.0,75810.0,80280.83333333331,76595.93142705486,76905.95282803997,-310.02140098510426,234.0550486529749,-544.0764496380791,42.774566473988436,80839.82093222212,1814.9104661110607,73580.17906777788,9.58904109589041,22.81283387057727,40.37368085968916
20110516,74000,74400,72500,73800,29375,67,576753,950.789145920374,2540.885672359148,1929.015292837116,2625.597815524858,5272.620513874831,74700.0,77070.0,76970.0,75741.66666666669,80192.5,76165.78813058244,76675.88073049943,-510.09259991698485,85.2255189389828,-595.3181188559677,44.84848484848485,80828.03058567423,1929.015292837116,73111.96941432577,15.476190476190476,20.367286072448337,33.70488259727555
20110517,73700,74600,73600,73800,10184,-608,575258,620.9669878503963,2559.081866607632,2041.4700585606088,2636.8520794479364,5295.598539248349,74220.0,76490.0,76780.0,75703.33333333331,80111.66666666669,75801.8207258757,76462.85122707064,-661.0305011949388,-64.02568508780155,-597.004816107137,43.125,80862.94011712122,2041.4700585606088,72697.05988287878,15.476190476190476,18.736920873695716,28.71556202274894
20110518,74000,74300,72600,73900,36928,-5782,577019,193.90719429663773,2333.7523433303713,2134.5725567427908,2637.386648433132,5305.547149498902,73920.0,75860.0,76660.0,75645.0,80018.33333333331,75509.23292189364,76273.00932178639,-763.7763998927693,-203.9758280487952,-559.8005718439741,43.47826086956522,80929.14511348557,2134.5725567427908,72390.85488651443,16.666666666666664,18.046836138019366,25.159320061172412
20110519,73900,74000,72300,72900,31269,-3836,577403,458.69379764718207,1976.3855899090133,2266.776345385545,2655.3149007645475,5321.548894719399,73740.0,75130.0,76415.0,75578.33333333331,79914.16666666669,75107.81247237016,76023.15547105552,-915.3429986853587,-346.249262176108,-569.0937365092509,28.368794326241137,80948.55269077109,2266.776345385545,71881.44730922891,6.976744186046512,14.356805487361747,21.55848186990219
20110520,73000,73200,72300,72500,15925,2446,579330,570.613704707479,1516.047492659778,2417.5349015059624,2684.3140029934434,5345.630029909201,73380.0,74440.0,76195.0,75525.0,79812.5,74706.6105535428,75762.17972633208,-1055.56917278927,-488.1132442987405,-567.4559284905295,32.52032520325203,81030.06980301192,2417.5349015059624,71359.93019698808,2.4390243902439024,10.384211788322466,17.833725176042282
20110523,72500,72500,70900,71100,24260,2546,582796,1019.0191362285568,1355.0276749941306,2653.8462653287656,2739.3485640851864,5367.2825733533555,72840.0,73770.0,75910.0,75471.66666666669,79683.33333333331,74151.74739145793,75416.83152949231,-1265.0841380343627,-643.5074230458647,-621.5767149884978,11.009174311926603,81217.69253065753,2653.8462653287656,70602.30746934247,2.1739130434782608,7.647445540041065,14.438298630708543
20110524,70400,73500,70400,72400,16991,3379,585974,902.4411338142752,1135.2973178863765,2761.6073218326005,2758.3509566405824,5393.065506329025,72560.0,73390.0,75755.0,75450.0,79586.66666666669,73882.24779277154,75193.36159835315,-1311.1138055816118,-777.0286995530142,-534.0851060285975,16.379310344827587,81278.2146436652,2761.6073218326005,70231.7853563348,22.47191011235955,12.588933730813892,13.821843664076994
20110525,72500,73300,70900,72400,26745,7890,584083,608.6049621881127,944.9338601193207,2855.499080721167,2783.3927139374377,5419.012248556041,72260.0,73090.0,75575.0,75415.0,79492.5,73654.20967080627,74986.44512797278,-1332.2354571665055,-888.0700510757127,-444.1654060907928,16.379310344827587,81285.99816144233,2855.499080721167,69864.00183855767,26.31578947368421,17.164552311770663,14.936079879974884
20110526,72400,73200,71700,72300,25084,-7287,585127,523.8320341483461,939.3614852653903,2940.5611709330965,2803.467594882376,5434.410936083378,72140.0,72940.0,75390.0,75391.66666666669,79386.66666666669,73445.86972145115,74787.44848335942,-1341.5787619082696,-978.771793242224,-362.80696866604524,17.431192660550455,81271.1223418662,2940.5611709330965,69508.8776581338,28.78787878787879,21.038994470473373,16.97038474347438
20110527,71500,72700,71500,71600,22940,-2924,589731,523.8320341483461,896.7162315916893,2928.583275237263,2834.083724161228,5458.925158755091,71960.0,72670.0,75020.0,75361.66666666669,79278.33333333331,73161.88976430446,74551.34040915676,-1389.4506448523025,-1060.9075635642398,-328.5430812880627,19.000000000000004,80877.16655047452,2928.583275237263,69162.83344952548,25.53191489361702,22.536634611521254,18.82580136615667
20110530,71700,73500,71600,73000,19464,7660,592267,445.421149026395,825.1666498350501,2930.204771001408,2843.266411873658,5446.905084541166,72340.0,72590.0,74830.0,75348.33333333331,79165.0,73136.98364671912,74436.42595365523,-1299.4423069360928,-1108.6145122386104,-190.82779469748246,33.673469387755105,80690.40954200282,2930.204771001408,68969.59045799718,56.52173913043478,33.865002784492425,23.838868505601923
20110531,72500,74100,72500,73000,33019,-697,588445,519.9999999999943,738.1734213584233,2739.890508761145,2854.031748635996,5432.4945671599735,72460.0,72510.0,74500.0,75331.66666666669,79051.66666666669,73115.90923953155,74330.02373013398,-1214.1144906024126,-1129.714507911371,-84.39998269104194,36.66666666666666,79979.78101752227,2739.890508761145,69020.21898247773,61.904761904761905,43.21158915791559,30.29644205637315
20110601,72700,73500,71900,72400,21923,-4999,585777,519.9999999999943,574.8043145279966,2439.446658568167,2872.969814591788,5411.495993612978,72460.0,72360.0,74110.0,75306.66666666669,78926.66666666669,73005.76935652661,74187.05863487379,-1181.2892783471762,-1140.029461998532,-41.25981634864411,41.25,78988.89331713633,2439.446658568167,69231.10668286367,47.61904761904761,44.68074197829293,35.09120869701308
20110602,71000,71700,70700,71100,15282,8,588634,759.9999999999961,653.9113089708726,2083.8605999441,2923.010244403688,5414.155764187924,72220.0,72180.0,73655.0,75236.66666666669,78799.16666666669,72712.57407090694,73958.3870702303,-1245.8129993233595,-1161.1861694634974,-84.62682985986203,31.818181818181817,77822.7211998882,2083.8605999441,69487.2788001118,17.94871794871795,35.77006730176794,35.317494898598035
20110603,70900,72100,70800,71400,16468,1235,591317,795.9899496852922,682.7151675479314,1669.2737941989549,2963.9144537062652,5405.497137688261,72180.0,72070.0,73255.0,75176.66666666669,78670.83333333331,72510.6395984596,73768.87649126309,-1258.2368928034848,-1180.596314131495,-77.64057867198972,36.04651162790697,76593.54758839791,1669.2737941989549,69916.45241160209,27.027027027027028,32.85572054352097,34.496903446905684
20110607,70900,71700,70700,71600,25901,4546,583957,698.5699678629152,625.7795138864807,1339.5801581090132,2997.6268391290278,5389.011388928441,71900.0,72120.0,72945.0,75130.0,78542.5,72370.54119869652,73608.2186393017,-1237.6774406051845,-1192.0125394262332,-45.664901178951595,37.5,75624.16031621803,1339.5801581090132,70265.83968378197,32.432432432432435,32.714624506491454,33.90281046676761
20110608,71800,72400,69200,71000,46630,5375,573679,497.9959839195433,699.7142273814361,1177.4018005758962,3032.049178727522,5383.730055041394,71500.0,71980.0,72685.0,75096.66666666669,78414.16666666669,72159.68870658928,73415.01688660761,-1255.3281800183322,-1204.675667544653,-50.65251247367929,34.40860215053763,75039.8036011518,1177.4018005758962,70330.1963988482,36.734693877551024,34.054647630177975,33.953422854571066
20110609,71000,74300,70100,73900,56730,39228,570872,1071.4476188783071,904.4888059008804,1042.0652570733564,3014.319528885789,5332.74475918988,71800.0,72130.0,72610.0,75123.33333333331,78300.0,72427.42890557564,73450.94162572201,-1023.5127201463913,-1168.4430780650007,144.93035791860962,54.464285714285715,74694.13051414673,1042.0652570733564,70525.86948585327,92.15686274509804,53.42205266848466,40.44296612587559
20110610,73400,74000,71800,71800,18977,3245,570870,1015.0862032359587,907.5241043630742,1018.7737727284492,2971.838189104892,5299.364741803223,71940.0,72080.0,72510.0,75153.33333333331,78170.0,72330.9013816409,73328.64945156832,-997.7480699274312,-1134.3040764374866,136.5560065100558,47.28682170542636,74547.54754545691,1018.7737727284492,70472.45245454309,50.98039215686274,52.608165831277354,44.49803269434285
20110613,72200,73300,71900,72600,16445,3136,572193,1000.7996802557416,904.2123644365853,933.206836665568,2926.186369093173,5250.631641896942,72180.0,72180.0,72425.0,75190.0,78044.16666666669,72372.30116908078,73274.67533561918,-902.3741665384005,-1087.9180944576697,185.54392791926918,56.09756097560975,74291.41367333112,933.206836665568,70558.58632666888,66.66666666666666,57.294332776407124,48.76346605503094
20110614,73200,73800,72500,72900,16265,2280,575579,985.0888284819772,895.6003573022957,886.3407922460498,2866.354634180653,5189.503227670302,72440.0,72170.0,72380.0,75236.66666666669,77917.5,72453.48560460683,73246.92156777541,-793.4359631685803,-1029.0216681998518,235.5857050312716,52.21238938053098,74152.6815844921,886.3407922460498,70607.3184155079,72.54901960784314,62.37922838688579,53.30205349898256
20110615,73000,74700,72500,74700,18714,-1373,578724,1014.6920715172628,1159.4826432508596,975.6408150540628,2851.1206373790833,5125.6798329587955,73180.0,72340.0,72425.0,75266.66666666669,77812.5,72799.10320389815,73354.55714825004,-555.4539443518879,-934.3081234302588,378.8541790783712,58.778625954198475,74376.28163010812,975.6408150540628,70473.71836989188,100.0,74.91948559125719,60.50786419640743
20110616,73500,74800,72900,74600,19785,8283,578604,1144.3775600735949,1344.023809312915,1038.460398859464,2835.867004403888,5072.906724836305,73320.0,72560.0,72460.0,75295.0,77714.16666666669,73076.16424945231,73446.81228624572,-370.64803679341276,-821.5761061028895,450.92806930947677,58.778625954198475,74536.92079771892,1038.460398859464,70383.07920228108,96.42857142857143,82.08918087036193,67.70163642105894
20110617,74300,75200,74000,75000,24568,10091,578419,1001.1992808627033,1427.0599146496963,1174.8510543891762,2821.752804355637,5001.952674261931,73960.0,72950.0,72565.0,75326.66666666669,77611.66666666669,73372.13898030584,73561.86335726472,-189.72437695888215,-695.2057602740883,505.481383315206,63.28125,74914.70210877835,1174.8510543891762,70215.29789122165,96.66666666666667,86.94834280246351,74.11720521486046
20110620,75000,76200,74400,75300,20741,5502,577906,836.660026534072,1482.025640803829,1316.994684878934,2821.7070286540325,4939.331657443419,74500.0,73340.0,72705.0,75328.33333333331,77518.33333333331,73668.73298333574,73690.61435362588,-21.881370290138875,-560.5408822772984,538.6595119871595,59.82905982905983,75338.98936975787,1316.994684878934,70071.01063024213,87.14285714285714,87.01318091592805,78.41586378188299
20110621,75100,75800,74100,75400,18388,1504,578867,316.2277660168285,1474.3133995185697,1386.578522839355,2817.888788121745,4897.5912446835055,75000.0,73720.0,72920.0,75348.33333333331,77440.0,73935.08175513026,73817.23563458027,117.84612054997706,-424.8634817118432,542.7096022618202,60.169491525423716,75693.15704567872,1386.578522839355,70146.84295432128,88.57142857142857,87.53259680109488,81.45477478828695
20110622,75800,76000,74700,76000,17758,8247,573780,463.03347611160257,1305.2202879207784,1533.2971010209899,2817.8183050012312,4864.398729545158,75260.0,74220.0,73100.0,75370.0,77375.0,74252.76148511024,73978.92202807344,273.83945703679643,-285.1228939621153,558.9623509989117,65.25423728813557,76166.59420204198,1533.2971010209899,70033.40579795802,97.14285714285714,90.73601691501563,84.54852216386318
20110623,75000,75800,74600,74600,15886,1394,576073,463.03347611160257,1304.952106400844,1557.8510840254835,2804.188831016915,4830.318312492517,75260.0,74290.0,73210.0,75395.0,77295.0,74306.18279509328,74024.92784176345,281.25495332982973,-171.84732450372627,453.102277833556,64.70588235294117,76325.70216805096,1557.8510840254835,70094.29783194904,77.14285714285715,86.20496365762948,85.10066932845194
20110624,75400,77000,74600,76600,25510,4695,583294,676.4613810115061,1177.3274820541644,1707.0076156828884,2805.3218274478886,4771.7379055108895,75580.0,74770.0,73425.0,75431.66666666669,77220.83333333331,74659.07774969432,74215.67407340951,443.40367628482636,-48.797124346015714,492.20080063084214,69.11764705882352,76839.01523136577,1707.0076156828884,70010.98476863423,94.20289855072464,88.87094195532787,86.35742687074391
20110627,76300,76400,74900,75700,17912,2249,583494,662.1178142898692,951.6301802696255,1721.6561793805938,2799.2975309292633,4703.642131960735,75660.0,75080.0,73630.0,75460.0,77134.16666666669,74819.21963435675,74325.62421988978,493.59541446696676,59.68138341658082,433.9140310503859,64.33566433566433,77073.31235876119,1721.6561793805938,70186.68764123881,75.0,84.24729463688524,85.65404945945768
20110628,76100,77300,75300,75300,21391,-7004,586503,671.1184694224962,614.4916598294886,1752.2770899601999,2796.5971385874573,4614.987360040536,75640.0,75320.0,73745.0,75473.33333333331,77035.0,74893.18584445571,74397.80025091657,495.38559353913286,146.82222544109126,348.5633680980417,65.2482269503546,77249.55417992041,1752.2770899601999,70240.44582007959,62.96296296296296,77.15251741224448,82.82020544371994
20110629,76000,76600,73600,75600,61754,-15289,590384,646.8384651518446,582.1511831131154,1788.260327804481,2791.323859549245,4491.037293568471,75560.0,75410.0,73875.0,75453.33333333331,76925.83333333331,75001.92648377022,74486.85213823561,515.0743455346093,220.4726494597949,294.6016960748143,57.39130434782609,77451.52065560897,1788.260327804481,70298.47934439103,64.58333333333334,72.96278938594077,79.53440009112688
20110630,75100,76400,74300,75400,30250,190,592367,462.16880033164733,516.6236541235796,1784.061377867755,2785.8152606852227,4376.735766781315,75720.0,75490.0,74025.0,75430.0,76820.83333333331,75063.1685631902,74554.49275860444,508.6758045857569,278.1132804849873,230.56252410076956,68.75,77593.12275573553,1784.061377867755,70456.87724426447,60.416666666666664,68.78074847951606,75.94984955392327
20110701,75500,76600,75400,75400,18503,4696,594506,146.9693845669704,492.03658400570174,1674.3356891613455,2748.9447470297087,4243.1473348867075,75480.0,75530.0,74240.0,75371.66666666669,76710.83333333331,75114.98878423785,74617.12295722624,497.8658270116139,322.0637897903126,175.80203722130122,65.9090909090909,77588.67137832269,1674.3356891613455,70891.32862167731,56.81818181818182,64.79322625907132,72.23097512230595
20110704,76200,76300,75100,75800,17986,-5381,597989,178.88543819996656,491.5282290977803,1572.7046766635503,2623.4752185264183,4135.5639142551645,75500.0,75580.0,74460.0,75273.33333333331,76616.66666666669,75220.37512512434,74704.74352113299,515.6316039913509,360.77735263052034,154.85425136083055,66.29213483146067,77605.4093533271,1572.7046766635503,71314.5906466729,59.45945945945946,63.01530399253403,69.1590847457153
20110705,75600,77000,75400,76700,23714,-686,600008,483.3218389437767,588.9821729050889,1500.091663865715,2511.0400678249325,4022.3873508155107,75780.0,75710.0,74715.0,75196.66666666669,76530.0,75448.00972125906,74852.54036328576,595.4693579732992,407.7157536990762,187.75360427422316,62.5,77715.18332773143,1500.091663865715,71714.81667226857,83.78378378378379,69.93813058961729,69.41876669368263
20110706,76400,77300,76400,76900,14035,-1281,601902,640.6246951218742,687.0225614927067,1308.3959645303923,2439.287236514438,3908.664165102469,76040.0,75800.0,75010.0,75143.33333333331,76446.66666666669,75671.39284106536,75004.20410273278,667.1887383325811,459.6103506257772,207.57838770680402,64.19753086419753,77626.79192906077,1308.3959645303923,72393.20807093923,89.1891891891892,76.35515012280793,71.73089450339107
20110707,76900,78900,76900,78900,41725,-3456,610076,1214.2487389328408,1050.7616285342742,1531.1433636336676,2448.9793792516957,3822.4425001126287,76740.0,76230.0,75260.0,75150.0,76390.0,76168.10163474761,75292.78168698726,875.3199477603482,542.7522700526915,332.56767770765686,70.10309278350515,78322.28672726732,1531.1433636336676,72197.71327273268,100.0,84.23676674853861,75.89951858510692
20110708,79300,79300,78100,78500,24434,-91,611724,1162.0671237067133,1252.836781069266,1469.1749385282305,2457.530377341362,3692.221459440941,77360.0,76420.0,75595.0,75156.66666666669,76315.83333333331,76526.85522940183,75530.35349801858,996.5017313832652,633.5021623188062,362.9995690644587,66.3265306122449,78533.34987705646,1469.1749385282305,72656.65012294354,85.96491228070175,84.81281525925966,78.87061747649118
20110711,78100,78300,77100,78100,20554,-1267,615200,872.6969691708538,1320.0,1395.7435294492452,2469.7835037823816,3592.398997265782,77820.0,76660.0,75870.0,75168.33333333331,76251.66666666669,76768.87750180153,75720.69774577157,1048.1797560299601,716.4376810610371,331.742074968923,63.366336633663366,78661.48705889849,1395.7435294492452,73078.51294110151,78.94736842105263,82.85766631319065,80.199633755391
20110712,77700,77700,75800,75800,23789,-1573,616242,1137.7170122662287,1276.2836675285005,1219.1287872901041,2430.6440618806328,3493.3074903625165,77640.0,76710.0,76015.0,75121.66666666669,76171.66666666669,76619.8194246013,75726.57198860923,893.2474359920743,751.7996320472446,141.4478039448297,49.152542372881356,78453.2575745802,1219.1287872901041,73576.7424254198,38.59649122807017,68.10394128481715,76.16773626519972
20110713,75300,76200,74900,75300,22155,-1450,614725,1475.6693396557353,1305.2202879207784,1193.5137200717218,2409.299114311515,3387.795087598451,77320.0,76680.0,76045.0,75083.33333333331,76086.66666666669,76416.77028235495,75694.97405464319,721.7962277117622,745.7989511801483,-24.00272346838597,53.21100917431193,78432.02744014344,1193.5137200717218,73657.97255985656,29.82456140350877,55.34414799104769,69.2265401738157
20110714,75800,75800,72100,73500,99673,-32385,620202,1852.1339044464346,1585.8436240689057,1280.9761902546975,2412.396226898805,3293.412617129429,76240.0,76490.0,75990.0,75036.66666666669,75990.0,75968.03639276187,75532.38334160204,435.6530511598394,683.7697711760865,-248.11672001624714,35.51401869158879,78551.95238050938,1280.9761902546975,73428.04761949062,19.444444444444446,43.377580142179944,60.61022016327045
20110715,74000,75600,73800,75400,31272,1896,621960,1471.5977711317707,1585.8436240689057,1268.4242192576735,2385.9985098253783,3202.255715377414,75620.0,76490.0,76010.0,74996.66666666669,75915.0,75880.64617849082,75522.57716578631,358.0690127045092,618.629619481771,-260.5606067772619,48.71794871794872,78546.84843851534,1268.4242192576735,73473.15156148466,45.83333333333333,44.19616453923107,55.13886828859066
20110718,75400,76000,74200,75400,28705,5685,622089,808.4553172563056,1607.638018958248,1265.8100173404534,2373.751718740244,3094.7750546509096,75080.0,76450.0,76015.0,74971.66666666669,75835.83333333331,75806.70061256916,75513.49737370155,293.2032388676016,553.5443433589371,-260.3411044913355,50.4424778761062,78546.6200346809,1265.8100173404534,73483.3799653191,45.83333333333333,44.74188747059849,51.673208015926605
20110719,75300,76200,74900,76000,24254,-1758,624790,847.1127433818912,1610.4657711357916,1257.9646258935265,2365.677610232551,3020.319956377063,75120.0,76380.0,76045.0,74958.33333333331,75775.83333333331,75836.43897986622,75549.53461272655,286.9043671396648,500.2163481150826,-213.31198097541787,51.72413793103448,78560.92925178705,1257.9646258935265,73529.07074821295,54.166666666666664,47.883480535954554,50.40996552260259
20110720,76800,78200,76200,78200,46622,1457,631345,1507.3154945133394,1697.3214191778766,1342.5628476907302,2400.969711503165,2951.3131493550814,75700.0,76510.0,76155.0,75003.33333333331,75734.16666666669,76200.06375219449,75745.86541972183,454.1983324726607,491.0127449865983,-36.81441251393761,60.29411764705882,78840.12569538146,1342.5628476907302,73469.87430461854,84.72222222222221,60.16306109804378,53.660997381082986
20110721,77500,82200,77400,82200,143601,66224,631508,2593.530412391571,2332.037735543745,1834.1960091548153,2569.167612714719,2941.81349964054,77440.0,76840.0,76535.0,75106.66666666669,75730.0,77123.13086724149,76223.94954740975,899.1813198317395,572.6464599556266,326.53485987611293,69.31818181818183,80203.39201830963,1834.1960091548153,72866.60798169037,100.0,73.44204073202918,60.254678498065054
20110722,83000,83100,81300,82400,74504,5812,621510,2975.6343861435657,2846.418802636042,2236.0400264752548,2731.755642236125,2914.712559679978,78840.0,77230.0,76825.0,75213.33333333331,75719.16666666669,77934.95688766587,76681.43484117082,1253.5220464950398,708.8215772635092,544.7004692315305,68.9655172413793,81297.08005295049,2236.0400264752548,72352.91994704951,93.63636363636364,80.17348170014067,66.89427956542359
20110725,82300,83100,81500,82900,56692,24119,628274,2744.886154287641,3318.2676203103333,2579.20045750606,2864.2678917230432,2912.644369335686,80340.0,77710.0,77185.0,75278.33333333331,75718.33333333331,78698.80967417883,77142.06936735018,1556.7403068286512,878.4053231765378,678.3349836521135,68.23529411764707,82343.40091501211,2579.20045750606,72026.59908498789,98.18181818181819,86.17626052736652,73.32160655273789
20110726,83000,86200,82900,85900,147880,32994,628377,2455.5243839147665,4041.4848756366773,3160.897815494749,3165.875339723071,2982.0737564469373,82320.0,78720.0,77715.0,75430.0,75741.66666666669,79806.68510892053,77790.80506101133,2015.880047909217,1105.9002681230738,909.9797797861432,72.72727272727273,84036.79563098951,3160.897815494749,71393.20436901049,97.87234042553192,90.07495382675499,78.90605564407691
20110727,85300,85900,83200,83700,55550,-1153,625320,1343.7261625792635,4115.628749049166,3375.5888375214613,3296.689838138989,3019.013704838163,83420.0,79560.0,78120.0,75498.33333333331,75757.5,80405.65663062508,78228.52326164355,2177.133368981522,1320.1468882947636,856.9864806867582,62.0,84871.17767504293,3375.5888375214613,71368.82232495707,82.26950354609929,87.47313706653642,81.76174945156342
20110728,82600,85600,82200,84600,40417,5151,629617,1247.3972903610115,3817.603960601466,3593.4106361504937,3446.016621485673,3086.636068962921,83900.0,80670.0,78580.0,75571.66666666669,75786.66666666669,81050.94022591352,78700.48455843184,2350.4556674816704,1526.208644132145,824.2470233495253,64.87804878048779,85766.821272301,3593.4106361504937,71393.178727699,88.65248226950354,87.86625213419212,83.79658367910632
20110729,84600,85500,83300,83800,32976,6732,631614,1014.6920715172628,3474.3200773676567,3686.868590009618,3555.675822618751,3145.1283978384004,84180.0,81510.0,79000.0,75631.66666666669,75815.83333333331,81473.87249884992,79078.22648516737,2395.646013682548,1700.0961180422257,695.5498956403222,63.63636363636363,86373.73718001923,3686.868590009618,71626.26281998077,82.97872340425532,86.23707589087985,84.61008108303083
20110801,84800,85300,83700,85100,30133,-1445,638526,823.1646250902635,2947.13420121989,3837.352603032399,3727.101942379475,3243.9259479149955,84620.0,82480.0,79465.0,75726.66666666669,75866.66666666669,82031.73826825761,79524.28382867566,2507.4544395819685,1861.5677823501749,645.8866572317936,73.36683417085426,87139.7052060648,3837.352603032399,71790.2947939352,91.12903225806451,87.86772801327474,85.69596339311214
20110802,84900,84900,83000,83100,30363,-4963,641615,705.9745037889073,2005.2181926164544,3860.2169628143347,3836.3969641665885,3293.653830559035,84060.0,83190.0,79785.0,75815.0,75896.66666666669,82196.0862269872,79789.15171857184,2406.9345084153465,1970.6411275632086,436.2933808521372,68.22429906542055,87505.43392562866,3860.2169628143347,72064.56607437134,74.16666666666667,83.30070756440539,84.89754478354321
20110803,82000,82000,79100,81000,43054,20630,638439,1433.0387294138266,1390.0,3810.1049854301305,3893.217392680072,3318.5082826810717,83520.0,83470.0,79990.0,75895.0,75918.33333333331,82012.07296129687,79878.84419181239,2133.2287694844713,2003.1586559474613,130.0701135370091,67.2811059907834,87610.20997086026,3810.1049854301305,72369.79002913974,53.98230088495575,73.52790533792218,81.10766496833621
20110804,81000,82000,78000,79200,41363,-882,632754,2094.3734146517413,1871.9241437622406,3806.372945469156,3915.494505451664,3329.576945933153,82440.0,83170.0,80005.0,75958.33333333331,75934.16666666669,81579.44635186656,79828.55943273664,1750.8869191299164,1952.7043085839525,-201.81738945403615,58.79629629629631,87617.74589093831,3806.372945469156,72392.25410906169,30.0,59.018603558614785,73.74464449842907
20110805,74500,76700,74300,75700,55984,16042,625433,3236.9121087851604,2928.4808348357,3909.2550441227972,3905.5814761270317,3327.923839773678,80820.0,82500.0,79865.0,75990.0,75922.5,80674.9161438871,79522.74019225857,1152.1759516285385,1792.5986371928698,-640.4226855643315,50.597609561752996,87683.51008824559,3909.2550441227972,72046.48991175441,11.76470588235294,43.26730433319417,63.585531110017435
20110808,75000,75000,67800,74800,56998,21528,615020,3133.432622540334,3719.2606792210736,4047.468344533349,3902.4988433338654,3327.9972914987293,78760.0,81690.0,79700.0,75998.33333333331,75904.16666666669,79771.08289098139,79172.9075608109,598.1753301704888,1553.7139757883936,-955.5386456179052,47.63779527559056,87794.9366890667,4047.468344533349,71605.0633109333,38.04347826086957,41.52602897575264,56.23236373192916
20110809,70200,72400,65500,71600,99665,24193,590435,3318.794962030646,4494.04049825989,4342.568364458932,3933.1959721777785,3345.7431494696166,76460.0,80260.0,79490.0,75961.66666666669,75851.66666666669,78513.99321544578,78611.95140865081,-97.9581932050496,1223.379541989705,-1321.3377351947547,37.49999999999999,88175.13672891787,4342.568364458932,70804.86327108214,29.468599033816425,37.5068856617739,49.990537708544075
20110810,73500,74500,70200,70200,67498,3135,579771,3172.3808094237347,5225.983161090361,4714.899256611907,3992.722198645368,3384.855055981076,74300.0,78910.0,79235.0,75901.66666666669,75802.5,77234.91733614642,77988.84385931242,-753.9265231660103,827.918328958562,-1581.8448521245725,24.789915966386555,88664.79851322381,4714.899256611907,69805.20148677619,22.705314009661837,32.573028444403214,44.18470128716379
20110811,66700,71500,66700,70300,42514,1761,589588,2300.7824755939,5426.011426453138,4954.984863750799,4049.003649733537,3418.302047638497,72520.0,77480.0,79075.0,75841.66666666669,75743.33333333331,76168.00697673927,77419.2998379231,-1251.2928611838288,412.07609093008386,-1663.3689521139127,24.47257383966245,88984.96972750161,4954.984863750799,69165.03027249839,23.52941176470588,29.55848955117077,39.30929737516612
20110812,70800,71700,68800,68900,48215,-6374,587570,2010.572057897949,5530.72328000597,5380.288096375463,4129.02833606164,3472.672681891601,71160.0,75990.0,78750.0,75775.0,75676.66666666669,75049.85205724093,76788.24055803394,-1738.3885007930369,-18.016827414540387,-1720.3716733784963,21.54471544715447,89510.57619275092,5380.288096375463,67989.42380724907,16.91542288557214,25.34413399597123,34.65424291543449
20110816,69900,71900,69500,71900,43717,3743,590890,1079.6295661012596,4713.820106877223,5540.92726896857,4137.665404548797,3489.6000248357955,70580.0,74670.0,78575.0,75765.0,75645.0,74565.25943305001,76426.14864750758,-1860.8892144575518,-386.59130482314265,-1474.2979096344086,21.54471544715447,89656.85453793714,5540.92726896857,67493.14546206286,32.0,27.562755997314156,32.29041394272771
20110817,70900,71900,70100,70800,41524,-1303,594544,970.3607576566533,3885.665966086121,5772.804777575585,4143.476800948686,3515.252381487879,70420.0,73440.0,78315.0,75760.0,75615.83333333331,73985.98875104231,76009.3968773625,-2023.4081263201806,-713.9546691225504,-1309.45345719763,22.5531914893617,89860.60955515117,5772.804777575585,66769.39044484883,26.767676767676768,27.297729587435025,30.626185824296815
20110818,70600,70900,69400,70900,43223,2959,596700,978.9790600416304,3001.3496963866105,5995.039616216017,4168.126077747644,3537.1165869957763,70560.0,72430.0,77950.0,75735.0,75592.5,73511.22125088195,75630.92301905723,-2119.7017681752773,-995.1040889330956,-1124.5976792421814,19.823788546255507,89940.07923243204,5995.039616216017,65959.92076756796,27.835051546391753,27.47683690708727,29.576402851893633
20110819,68200,69800,66300,68800,51273,10176,593020,1214.2487389328408,2158.911762902783,6226.925405045372,4240.975713205625,3589.355791782231,70260.0,71390.0,77280.0,75675.0,75545.0,72786.4179815155,75124.92870211517,-2338.51072059969,-1263.785415266415,-1074.7253053332754,18.750000000000004,89733.85081009075,6226.925405045372,64826.14918990926,20.0,24.984557938058185,28.04578788061515
20110822,68000,69500,67300,68200,14707,4089,592192,1390.5394636614935,1805.1038751274125,6409.531964192039,4326.96455060845,3647.270573852389,70120.0,70640.0,76570.0,75606.66666666669,75499.16666666669,72080.81521512849,74611.97100242258,-2531.1557872940907,-1517.2594896719504,-1013.8962976221401,13.733905579399142,89389.06392838409,6409.531964192039,63750.93607161593,16.363636363636363,22.110917413250913,26.067497724827074
20110823,68500,70300,67000,69700,71155,11889,595626,1068.4568311354435,1164.5170672858342,6403.3506853833505,4362.973947511792,3680.375509223146,69680.0,70130.0,75910.0,75575.0,75468.33333333331,71714.53595126257,74248.12128668171,-2533.585335419135,-1720.5246588213877,-813.0606765977475,20.614035087719298,88716.70137076669,6403.3506853833505,63103.2986292333,37.5,27.240611608833945,26.4585356861627
20110824,69700,70600,67100,68200,53457,-6875,599699,1028.7856919689318,1181.905241548577,6180.766538221567,4452.543280717958,3736.3124274552038,69160.0,69790.0,75025.0,75495.0,75421.66666666669,71173.8381126068,73800.11228896414,-2626.274176357343,-1901.6745623285788,-724.5996140287642,21.17117117117117,87386.53307644313,6180.766538221567,62663.46692355687,28.421052631578945,27.634091949748946,26.85038777402478
20110825,68500,69400,67600,68600,25529,9169,599731,551.3619500836035,1223.1516668017912,5994.422407538476,4528.6161118921145,3785.360690285168,68700.0,69630.0,74270.0,75421.66666666669,75376.66666666669,70777.8630183596,73414.91877531548,-2637.0557569558882,-2048.7508012540407,-588.3049557018471,24.51923076923077,86258.84481507695,5994.422407538476,62281.155184923045,34.44444444444444,29.904209447980776,27.868328332010112
20110826,67800,69700,67400,69600,27602,979,606562,662.1178142898692,1202.6637102698326,5579.032174131942,4573.71566672,3819.369403303316,68860.0,69560.0,73520.0,75375.0,75340.83333333331,70596.65332322735,73132.33219205549,-2535.6788688281376,-2146.13641476886,-389.5424540592777,33.333333333333336,84678.06434826387,5579.032174131942,62361.93565173612,40.243902439024396,33.35077377832865,29.695810147449624
20110829,69900,71000,69100,70100,19252,4091,597941,717.2168430816401,1190.6300852909774,5094.8282601084165,4591.052590516565,3848.97091224836,69240.0,69680.0,72835.0,75358.33333333331,75297.5,70520.24511965392,72907.71498726343,-2387.4698676094995,-2194.403105336988,-193.06676227251137,36.87150837988828,83024.65652021683,5094.8282601084165,62645.343479783165,67.85714285714286,44.85289680460005,34.748172366499766
20110830,70600,71200,70100,70800,27298,1942,600555,954.1488353501221,1018.8719252192592,4258.121651620506,4600.307658793652,3870.552555299304,69460.0,69570.0,72120.0,75348.33333333331,75262.5,70563.28433201485,72751.58794770695,-2188.3036156921007,-2193.1832074080107,4.87959171591001,47.4025974025974,80636.24330324099,4258.121651620506,63603.75669675898,80.35714285714286,56.68764548878099,42.06133007392684
20110831,70900,73500,70600,73200,34754,13634,604939,1546.0918472070132,1465.2303573158729,3452.0827046870318,4583.107570197319,3874.316337540595,70460.0,69810.0,71625.0,75375.0,75252.5,70968.93289632026,72784.80365596637,-1815.8707596461027,-2117.720717855629,301.84995820952645,59.14634146341463,78529.16540937407,3452.0827046870318,64720.834590625935,95.83333333333334,69.73620810363177,51.28628941716181
20110901,73200,74400,72200,73000,28358,5623,607007,1488.0860190190601,1732.512626216617,2730.727924931249,4558.372943155141,3874.316337540595,71340.0,70020.0,71225.0,75408.33333333331,75252.5,71281.40475842482,72800.7441261979,-1519.3393677730633,-1998.044447839116,478.7050800660522,58.18181818181818,76686.4558498625,2730.727924931249,65763.5441501375,82.71604938271605,74.06282186332653,58.87846689921671
20110902,72000,72900,71600,72100,19639,-7222,609118,1214.2487389328408,1782.2738285684384,2046.7290978532833,4574.097057222209,3875.628891619552,71840.0,70350.0,70870.0,75378.33333333331,75250.83333333331,71407.34248789793,72748.83715297299,-1341.494665075079,-1866.7344912863089,525.2398262112299,60.0,74963.45819570657,2046.7290978532833,66776.54180429343,71.60493827160494,73.24352733275266,63.66682037706203
20110905,70500,70600,68800,69600,19931,3610,607497,1364.6977687385565,1658.5837331892533,1735.0144091618686,4611.301033572,3880.312755865688,71740.0,70490.0,70565.0,75341.66666666669,75247.5,71129.28979745209,72515.58995265389,-1386.3001552017959,-1770.6476240694064,384.3474688676105,42.58064516129033,74035.02881832374,1735.0144091618686,67094.97118167626,40.74074074074074,62.40926513541535,63.247635296513145
20110906,68500,69000,67600,68600,19042,3057,605698,1861.1824198610927,1741.7232845661792,1486.7666259367347,4678.875399067599,3902.438607247265,71300.0,70380.0,70255.0,75275.0,75232.5,70740.16829015176,72225.54624807903,-1485.3779579272525,-1713.5936908409756,228.2157329137233,42.85714285714286,73228.53325187346,1486.7666259367347,67281.46674812654,21.62162162162162,48.81338396415077,58.43621818572569
20110907,70300,71700,68300,71400,22545,-1052,607436,1616.910634512617,1600.0,1478.3352123247626,4695.476546635067,3889.960011219849,70940.0,70700.0,70245.0,75250.0,75243.33333333331,70841.68086089764,72164.39467329251,-1322.713812394868,-1635.4177151517542,312.703902756886,51.38121546961326,73201.67042464952,1478.3352123247626,67288.32957535048,59.45945945945946,52.36207579592033,56.41150405579057
20110908,71700,71700,68000,71400,22945,5096,605134,1305.9862173851586,1445.544879967412,1499.4915805029725,4720.855325044389,3899.867430083087,70620.0,70980.0,70305.0,75195.0,75230.83333333331,70927.57611306723,72107.77284490842,-1180.1967318411916,-1544.3735184896418,364.17678664845016,58.12500000000001,73303.98316100595,1499.4915805029725,67306.01683899405,58.9041095890411,54.54275372696059,55.78858727951391
20110909,69900,70700,69100,69700,15125,2723,606053,1098.3624174196757,1436.2799170078229,1505.2823655378754,4772.541833819326,3926.5632944798167,70140.0,70990.0,70275.0,75113.33333333331,75204.16666666669,70738.71824951842,71929.4192987039,-1190.7010491854746,-1473.6390246288086,282.9379754433341,54.38596491228071,73285.56473107575,1505.2823655378754,67264.43526892425,32.857142857142854,47.314216770354676,52.963797109794164
20110914,68800,69600,67700,68000,10870,19,604433,1400.5713120009257,1683.330033000065,1558.2361823546842,4858.668084522294,3976.392488452676,69820.0,70780.0,70230.0,74996.66666666669,75161.66666666669,70317.37698036175,71638.35119927407,-1320.9742189123208,-1443.1060634855112,122.1318445731904,45.086705202312146,73346.47236470936,1558.2361823546842,67113.52763529064,8.571428571428571,34.39995403737931,46.77584941898922
20110915,69000,69100,67100,67400,11091,478,603853,1666.613332479971,1964.7900651214625,1624.3383268270486,4954.756132579415,4038.500821949839,69580.0,70440.0,70005.0,74865.0,75096.66666666669,69868.54975261378,71324.39925536168,-1455.849502747907,-1445.6547513379903,-10.19475140991699,47.5609756097561,73253.6766536541,1624.3383268270486,66756.3233463459,4.10958904109589,24.303165705284837,39.28495484775443
20110916,68200,70400,67600,70000,15003,3861,604192,1439.4443372357246,1736.5483005087995,1614.0864289124345,4993.1160945178635,4064.238004295047,69300.0,70120.0,69965.0,74775.0,75061.66666666669,69888.77286759629,71226.29560588315,-1337.5227382868761,-1424.0283487277677,86.50561044089159,53.763440860215034,73193.17285782487,1614.0864289124345,66736.82714217513,39.726027397260275,29.444119602609984,36.00467643270628
20110919,69000,70200,68200,69000,11843,3280,604697,988.736567544659,1466.8333238647126,1612.1724473514898,5044.643749121988,4101.326936357246,68820.0,69720.0,69870.0,74658.33333333331,75014.16666666669,69752.03858027377,71061.38481880965,-1309.3462385358725,-1401.0919266893884,91.74568815351631,48.38709677419357,73094.34489470298,1612.1724473514898,66645.65510529702,26.027397260273972,28.30521215516465,33.438188340192404
20110920,68900,70000,68800,69800,11687,-2321,605181,1007.1742649611307,1238.1033882515628,1593.6122489486875,5082.849977019671,4125.064309263092,68840.0,69490.0,69920.0,74578.33333333331,74986.66666666669,69759.41726023165,70967.9489055432,-1208.531645311552,-1362.5798704138215,154.04822510226973,49.20634920634921,73107.22449789738,1593.6122489486875,66732.77550210262,36.986301369863014,31.19890856006411,32.691761746816304
20110921,69200,70900,69200,69800,19000,1153,609273,963.3275663033804,1241.3299319681294,1544.668249171742,5112.234508183936,4151.6258528705175,69200.0,69510.0,70000.0,74465.0,74948.33333333331,69765.66075865756,70881.43417114597,-1115.773412488401,-1313.2185788287375,197.44516634033675,47.25274725274726,73089.33649834349,1544.668249171742,66910.66350165651,46.55172413793103,36.31651375268641,33.900012415439676
20110922,68000,68600,67100,68500,26934,6500,608867,574.1080037762878,1248.9995996796795,1578.1001235660856,5166.056684422525,4192.005536335478,69420.0,69500.0,69940.0,74345.0,74902.5,69570.94371886409,70705.03163871655,-1134.0879198524635,-1277.392447033483,143.30452718101947,36.25730994152047,73096.20024713218,1578.1001235660856,66783.79975286782,30.434782608695656,34.35593670468949,34.05198717852295
20110923,65800,66600,63500,66000,37659,7260,605056,1400.5713120009257,1460.273946901745,1761.5618070335458,5273.477663427299,4269.308752271596,68620.0,68960.0,69830.0,74190.0,74831.66666666669,69021.56776211577,70356.51077433303,-1334.9430122172635,-1288.9025600702396,-46.040452147024325,31.958762886597928,73353.1236140671,1761.5618070335458,66306.8763859329,30.48780487804878,33.066559429142586,33.72351126206283
20110926,67000,67100,63000,65000,29326,7075,601175,1978.2820830205167,1641.8282492392434,2039.975490048664,5399.335350042837,4357.815456803579,67820.0,68320.0,69650.0,74013.33333333331,74733.33333333331,68402.86502948258,69959.732196078,-1556.8671665954168,-1342.4954813752747,-214.37168522014235,31.79487179487179,73729.95098009732,2039.975490048664,65570.04901990268,22.988505747126435,29.70720820180387,32.38474357530984
20110927,65100,68800,65000,68700,33131,8137,601008,1798.888545741507,1584.171707865028,2050.481650734599,5438.642344883098,4387.909445915696,67600.0,68220.0,69605.0,73901.66666666669,74665.83333333331,68448.57810186988,69866.41869955428,-1417.8405976844074,-1357.5645046371014,-60.2760930473064,47.82608695652174,73705.9633014692,2050.481650734599,65504.0366985308,65.51724137931035,41.64388592763936,35.47112435941968
20110928,67800,70600,66700,69000,30472,15383,601365,1623.0834852218766,1598.6244086714053,2051.219149676427,5470.8751585098325,4400.574457449413,67440.0,68320.0,69550.0,73795.0,74583.33333333331,68533.41224004372,69802.2395362945,-1268.8272962507615,-1339.8170629598335,70.98976670907177,51.0,73652.43829935286,2051.219149676427,65447.56170064714,75.9493670886076,53.079046314628776,41.340431677822714
20110929,69000,70800,67300,70200,33126,10807,600617,1953.8679586911685,1657.1059109181888,2037.0567002416215,5483.626891837998,4369.659836112414,67780.0,68600.0,69520.0,73701.66666666669,74487.5,68789.81035696008,69831.70327448696,-1041.892917526886,-1280.232233873244,238.33931634635812,46.739130434782616,73594.11340048324,2037.0567002416215,65445.88659951676,91.13924050632912,65.76577771186221,49.482213689169214
20110930,69500,70100,68200,69300,21098,3690,600568,1791.7589123540013,1610.6209982488122,1853.881064146047,5498.00241501907,4349.8766744971035,68440.0,68530.0,69325.0,73578.33333333331,74387.5,68868.30107127392,69792.31784657366,-924.0167752997368,-1208.9891421585426,284.9723668588058,44.55958549222797,73032.76212829209,1853.881064146047,65617.23787170791,79.74683544303798,70.4261302889208,56.46351922241974
20111004,67000,67100,63900,65800,47462,-4171,599884,1487.2793954062545,1793.014221917941,1803.683730591168,5569.406511369847,4387.4628836670745,68600.0,68210.0,68965.0,73393.33333333331,74268.33333333331,68396.25475261638,69496.59059747281,-1100.335844856425,-1187.258482698119,86.92263784169405,40.75829383886256,72572.36746118234,1803.683730591168,65357.63253881766,35.44303797468354,58.76509951750838,57.230712654115955
20111005,66000,66800,63700,65100,24376,110,602061,2035.0921355063986,1925.7206443303244,1840.183414771273,5621.950037328879,4448.440425837225,67880.0,67740.0,68615.0,73163.33333333331,74156.66666666669,67889.13863682924,69170.91721865197,-1281.7785818227276,-1206.1625025230408,-75.61607929968682,42.78606965174129,72295.36682954255,1840.183414771273,64934.63317045745,26.582278481012654,48.037492505343145,54.16630593785835
20111006,66100,67000,65200,67000,30949,5803,601899,1971.1925324533856,1805.6577748842662,1857.7607488584906,5632.764024487048,4480.769945618298,67480.0,67460.0,68485.0,72971.66666666669,74064.16666666669,67752.34807731706,69010.10853522639,-1257.7604579093313,-1216.4820936002989,-41.27836430903243,49.06542056074767,72200.52149771697,1857.7607488584906,64769.478502283026,50.63291139240506,48.902632134363785,52.41174800336015
20111007,67700,70400,67000,70100,31956,17506,601212,1943.8106903708483,1955.4027718094296,1890.872814337141,5604.405756981632,4484.620633032729,67460.0,67620.0,68560.0,72838.33333333331,74003.33333333331,68113.52529619135,69090.8412365822,-977.3159403908504,-1168.6488629584094,191.33292256755885,50.22831050228311,72341.74562867428,1890.872814337141,64778.254371325726,89.87341772151899,62.55956066341552,55.79435222337861
20111010,69100,70600,68900,70000,18974,4124,600422,2090.932806189619,1991.883530731654,1808.5629654505426,5602.508118889449,4479.303951384583,67600.0,68020.0,68490.0,72741.66666666669,73931.66666666669,68403.75217370037,69158.18633037066,-754.4341566702933,-1085.805921700786,331.3717650304927,52.380952380952365,72107.12593090108,1808.5629654505426,64872.874069098914,89.74358974358975,71.62090369014027,61.06986937896583
20111011,71500,72000,70100,71100,26063,4959,601889,2247.3095024940367,1905.8069157183786,1785.4621250531359,5596.340818387986,4473.914440025348,68660.0,68630.0,68475.0,72671.66666666669,73877.5,68818.55953159263,69302.02438037223,-483.4648487796076,-965.3377071165504,481.8728583369426,53.05164319248825,72045.92425010628,1785.4621250531359,64904.075749893724,90.0,77.74726912676017,66.62900262823061
20111012,71000,71600,69900,70800,17345,-597,603168,1460.1369798755163,2014.5470955031049,1838.5048272983288,5600.353163467062,4477.033678179807,69800.0,68840.0,68530.0,72626.66666666669,73831.66666666669,69123.39652673222,69412.98553766696,-289.5890109347383,-830.187967880188,540.5989569454497,52.314814814814824,72207.00965459665,1838.5048272983288,64852.99034540334,86.66666666666667,80.72040164006233,71.32613563217451
20111013,70000,72300,70000,71500,43852,2271,608523,576.1944116355122,2168.1558984537987,1943.3154658982328,5590.411185433696,4467.118680487033,70700.0,69090.0,68705.0,72561.66666666669,73779.16666666669,69489.02783031187,69567.57920191149,-78.55137159960577,-679.8606486240717,601.3092770244657,57.14285714285714,72591.63093179646,1943.3154658982328,64818.36906820354,90.69767441860465,84.04615923290977,75.56614349908627
20111014,71200,73200,70600,71800,37840,10539,610694,621.6108107167972,2299.239004540416,2030.2401335800823,5578.933340901484,4461.482065661911,71040.0,69250.0,68925.0,72501.66666666669,73736.66666666669,69844.56201026392,69732.9437058381,111.61830442580684,-521.5648580140959,633.1831624399027,65.42553191489361,72985.48026716016,2030.2401335800823,64864.51973283984,85.26315789473684,84.4518254535188,78.52803748389711
20111017,72500,73000,71900,72200,16779,96,612802,495.58046773454873,2464.2240157907722,2142.0259102072673,5560.398416980163,4454.753703130647,71480.0,69540.0,69035.0,72438.33333333331,73698.33333333331,70206.93708560793,69915.68861688973,291.2484687182005,-359.00219266763656,650.250661385837,69.78021978021978,73319.05182041452,2142.0259102072673,64750.948179585466,89.47368421052632,86.12577837252131,81.06061778010518
20111018,70900,73000,70700,72800,14035,1873,613861,670.5221845696041,2290.502128355265,2293.6597393683483,5509.884804200131,4452.414997005132,71820.0,70240.0,69225.0,72348.33333333331,73675.83333333331,70605.86984166822,70129.34131233867,476.5285293295601,-191.89604826819718,668.4245775977572,63.576158940397356,73812.3194787367,2293.6597393683483,64637.680521263304,95.78947368421052,89.34701014308439,83.82274856776492
20111019,73200,73200,71600,73000,11305,-497,614296,571.3142742834227,1655.9287424282486,2435.4209081797917,5359.552997530046,4447.714690964662,72260.0,71030.0,69385.0,72195.0,73650.83333333331,70974.19755833465,70341.98269698197,632.2148613526953,-27.073866344018693,659.2887276967139,63.33333333333334,74255.84181635956,2435.4209081797917,64514.15818364042,97.89473684210527,92.19625237609135,86.61391650387372
20111020,74700,78900,74600,78200,118777,20869,612426,2339.2306427541503,2237.0739817896056,3103.4617767904424,5252.162253142347,4461.871726703515,73600.0,72150.0,69805.0,72125.0,73669.16666666669,72085.859472437,70924.05805370411,1161.8014187328954,210.70119067136417,951.1002280615312,71.05263157894737,76011.92355358088,3103.4617767904424,63598.07644641912,95.39473684210526,93.26241386476265,88.8300822908367
20111021,78000,82600,77400,81600,100039,60426,607133,3712.4654880550734,3491.7044548472313,4009.1645014889705,5210.181272171713,4493.903200139371,75560.0,73300.0,70460.0,72103.33333333331,73690.83333333331,73549.57339975439,71714.86856943088,1834.7048303235208,535.5019186017955,1299.202911721725,78.6046511627907,78478.32900297795,4009.1645014889705,62441.67099702206,94.25287356321839,93.59256709758124,90.4175772264182
20111024,81500,82400,79500,80900,36661,9486,606649,3768.288736283353,3961.1740683792223,4469.16938591494,5025.561328515118,4532.829322472589,77300.0,74390.0,71205.0,72020.0,73725.0,74680.40826133064,72395.24867634401,2285.159584986628,885.4334518787622,1399.7261331078655,90.37433155080214,80143.33877182988,4469.16938591494,62266.661228170124,89.1025641025641,92.09589943257554,90.97701796180398
20111025,80900,83200,79800,83200,50177,12585,608603,3575.695736496604,4572.30795113365,4941.0803474543245,5006.565411759062,4583.245756739138,79380.0,75600.0,72115.0,72011.66666666669,73755.0,75991.11468266438,73195.6006272738,2795.5140553905803,1267.449572581126,1528.0644828094546,94.58128078817734,81997.16069490863,4941.0803474543245,62232.83930509135,100.0,94.73059962171703,92.22821184844167
20111026,81900,82800,80800,81000,34050,-4899,607658,1615.4256405046924,4525.218226781997,5234.510483321183,4875.192019010347,4593.186681258399,80980.0,76620.0,72730.0,71951.66666666669,73761.66666666669,76761.71242379294,73773.70428520121,2988.008138591729,1611.5612857832468,1376.4468528084824,83.98058252427184,83199.02096664236,5234.510483321183,62260.97903335764,83.45864661654136,90.97328195332516,91.80990188340284
20111027,80900,81800,78900,80500,28757,3945,608941,947.8396488858195,4307.156834850573,5421.482730766498,4758.429946479775,4596.770530008672,81440.0,77520.0,73305.0,71896.66666666669,73764.16666666669,77336.83358936326,74271.94841277272,3064.8851765905274,1902.2260639447034,1162.659112645824,78.8888888888889,84147.965461533,5421.482730766498,62462.034538467014,79.69924812030075,87.21527067565034,90.27835814748535
20111028,81500,81700,79300,81200,32735,2428,615103,947.8396488858195,3968.677361539988,5632.4484018940975,4601.684172368003,4618.024394214068,81360.0,78460.0,73855.0,71831.66666666669,73779.16666666669,77931.16688330738,74785.13741975796,3146.0294635494206,2150.986743865647,995.042719683774,80.10752688172043,85119.8968037882,5632.4484018940975,62590.103196211814,84.84848484848484,86.42634206659518,88.99435278718863
20111031,81200,81700,80000,80300,18915,2878,614466,1032.666451474044,3393.243286297049,5697.497257568396,4500.2527706785495,4641.695092671856,81240.0,79270.0,74405.0,71785.0,73800.0,78295.60274741394,75193.64575942131,3101.9569879926275,2341.1807926910433,760.7761953015843,75.0,85799.99451513679,5697.497257568396,63010.005484863206,76.98412698412699,83.27893703910578,87.08921420449435
20111101,80000,80900,78200,79300,26089,10848,612236,665.1315659326311,2627.8508329050946,5431.537535541794,4447.18512719625,4663.5554360976785,80460.0,79920.0,75080.0,71756.66666666669,73825.83333333331,78450.12540165795,75497.82014787858,2952.30525377937,2463.405684908709,488.89956887066137,72.25130890052355,85943.07507108359,5431.537535541794,64216.924928916415,68.8,78.45262469273719,84.21035103390864
20111102,78300,80400,76100,80000,27029,3748,613436,621.6108107167972,1275.7742747053646,5017.656325417219,4470.618898243653,4695.135706830656,80260.0,80620.0,75825.0,71770.0,73864.16666666669,78688.56764755673,75831.31495200969,2857.252695547024,2542.175087036372,315.0776085106517,72.25130890052355,85860.31265083443,5017.656325417219,65789.68734916557,74.4,77.10174979515813,81.84081728765847
20111103,78700,80000,77000,78800,24500,8212,611487,828.0096617793747,1170.2991070662235,4623.5565315025015,4533.214152845144,4716.5187697661295,79920.0,80680.0,76415.0,71821.66666666669,73905.83333333331,78705.71108639415,76051.21754832215,2654.493538071998,2564.638777243497,89.85476082850073,67.5,85662.113063005,4623.5565315025015,67167.886936995,62.06896551724138,72.09082170251922,78.59081875927872
20111104,79100,81500,79100,81500,23034,7955,611320,923.9047569960844,1162.7983488120371,4511.238743405125,4685.177572823559,4766.681162565439,79980.0,80670.0,76985.0,71933.33333333331,73965.83333333331,79135.60168848735,76454.8310635417,2680.7706249456533,2587.865146783929,92.90547816172466,70.85201793721973,86007.47748681025,4511.238743405125,67962.52251318975,80.23255813953489,74.8047338481911,77.32879045558285
20111107,81400,81600,80300,80400,16988,1498,611786,931.665175908166,1162.5833303466895,4269.013352052141,4808.561808552182,4802.393428165746,80000.0,80620.0,77505.0,72080.0,74020.83333333331,79330.12450564315,76747.06579976366,2583.0587058794918,2586.903858603041,-3.845152723549745,66.66666666666666,86043.02670410428,4269.013352052141,68966.97329589572,60.56338028169014,70.05761599269078,74.90506563461882
20111108,80600,81600,80500,80800,17208,1669,612126,898.8882021697659,794.732659452221,4059.667474067239,4929.447794180958,4841.709337161433,80300.0,80380.0,77990.0,72256.66666666669,74079.16666666669,79556.25919708266,77047.28314810815,2508.976048974509,2571.3182966773347,-62.342247702825716,66.95652173913044,86109.33494813448,4059.667474067239,69870.66505186552,66.19718309859155,68.77080502799105,72.86031209907622
20111109,81000,84000,81000,82500,67520,8828,612788,1228.0065146406976,1010.0,3817.1815518782296,5093.433681384947,4901.80231876224,80800.0,80530.0,78575.0,72460.0,74150.83333333331,80009.14239753147,77451.18810032294,2557.9542972085474,2568.645496783578,-10.691199575030623,61.02564102564102,86209.36310375646,3817.1815518782296,70940.63689624354,81.0126582278481,72.85142276127674,72.8573489864764
20111110,80800,82500,80600,80600,46770,18554,613819,765.767588763062,1010.1485039339512,3473.629226040036,5176.692154906124,4935.292122390931,81160.0,80540.0,79030.0,72655.0,74215.0,80100.04356714203,77684.43342634405,2415.610140797973,2538.038425586457,-122.42828478848423,47.222222222222214,85977.25845208007,3473.629226040036,72082.74154791993,56.9620253164557,67.55495694633639,71.08988497309639
20111111,81500,84000,79400,84000,55107,22055,606462,1387.9481258317953,1447.6187343358054,3211.7596423143987,5375.232294721983,5012.1152526210135,81660.0,80820.0,79640.0,72856.66666666669,74310.83333333331,80700.03686450479,78152.25317276202,2547.783691742763,2539.9874788177185,7.796212925044529,57.487922705314006,86063.5192846288,3211.7596423143987,73216.4807153712,100.0,78.3699712975576,73.51658041458346
20111114,84000,84800,83100,84000,30505,15395,602188,1478.3774890061045,1715.488268686207,2854.837998906334,5553.718474039607,5079.976760664317,82380.0,81190.0,80230.0,73076.66666666669,74418.33333333331,81207.72350073482,78585.41960459894,2622.3038961358834,2556.450762281352,65.85313385453172,52.17391304347826,85939.67599781266,2854.837998906334,74520.32400218734,90.80459770114942,82.51484676542154,76.51600253152948
20111115,83900,86400,83500,85900,73203,11501,606464,1767.4840876228545,2090.095691589263,2562.864608206907,5782.98846233982,5182.483250227589,83400.0,81850.0,80885.0,73326.66666666669,74530.83333333331,81929.61219292947,79127.24037484832,2802.371818081156,2605.6349734413125,196.73684463984318,63.53591160220995,86010.72921641383,2562.864608206907,75759.27078358617,95.14563106796116,86.72510819960142,79.91903775422013
20111116,85900,85900,83700,83700,25172,11685,601287,1709.5028517086466,2057.085316655583,1889.3385085790094,5901.966480193974,5245.192243061002,83640.0,82220.0,81420.0,73575.0,74625.0,82201.97954786339,79465.96331017191,2736.016237691496,2631.711226291349,104.3050114001467,58.080808080808104,85198.67701715801,1889.3385085790094,77641.32298284199,73.7864077669903,82.41220805539771,80.75009452127932
20111117,83700,86000,82500,85900,28975,7904,600319,985.9006035092959,1977.9029298729504,1976.4804577833704,6066.006374323492,5339.806228277968,84700.0,82930.0,81805.0,73870.0,74738.33333333331,82770.90577126903,79942.55862069517,2828.3471505738416,2671.038411147848,157.30873942599374,61.032863849765256,85757.96091556674,1976.4804577833704,77852.03908443326,95.14563106796116,86.65668239291887,82.71895714515917
20111118,84200,85800,83700,85700,34674,18311,597472,978.9790600416304,2073.2824216685967,2149.6278747726474,6226.394533667844,5423.925328783836,85040.0,83350.0,82010.0,74136.66666666669,74855.83333333331,83221.53565261226,80369.03576004022,2852.499892572043,2707.330707432687,145.16918513935568,63.10679611650485,86309.25574954531,2149.6278747726474,77710.74425045469,92.5531914893617,88.62218542506646,84.68669990512826
20111121,84700,85900,83600,85400,23206,8395,598071,830.4215796810643,1896.971270209436,2254.611940001998,6341.355445714174,5505.096060823054,85320.0,83850.0,82235.0,74423.33333333331,74959.16666666669,83556.68401374883,80741.69977792609,2814.984235822747,2728.861413110699,86.12282271204776,65.32663316582915,86744.22388000398,2254.611940001998,77725.77611999602,86.3013698630137,87.84858023771555,85.74066001599068
20111122,84500,85900,84300,85600,25000,2465,598937,796.4923100695912,1656.532523073423,2363.995558371373,6453.6260264202465,5586.289702377555,85260.0,84330.0,82355.0,74706.66666666669,75064.16666666669,83871.04031932594,81101.57386854937,2769.466450776569,2736.982420643874,32.48403013269626,64.43298969072166,87082.99111674275,2363.995558371373,77627.00888325725,88.57142857142857,88.08952968228657,86.52361657142264
20111123,85700,86000,84300,85400,26031,8219,598446,189.736659610087,1561.9218930535544,2431.434761617013,6561.333705886316,5659.151327716959,85600.0,84620.0,82575.0,74970.0,75172.5,84106.2648855835,81419.97580429372,2686.289081289768,2726.843752773053,-40.55467148328536,67.93478260869566,87437.86952323403,2431.434761617013,77712.13047676597,85.71428571428571,87.29778169295294,86.78167161193274
20111124,84500,85800,83500,85100,13841,5019,596443,205.9126028197256,802.5584090893323,2441.8179702835323,6656.094951245802,5717.994925865433,85440.0,85070.0,82805.0,75220.0,75289.16666666669,84259.14721087835,81692.57018922536,2566.5770216529927,2694.790406549041,-128.2133848960484,61.24999999999999,87688.63594056707,2441.8179702835323,77921.36405943293,81.42857142857143,85.34137827149243,86.30157383178596
20111125,85000,85000,82500,82500,18297,545,593730,1161.0340218959966,1080.5554127392081,2415.388167562222,6695.018670623694,5744.054655806252,84800.0,84920.0,82870.0,75415.0,75381.66666666669,83988.50917843553,81752.37980485139,2236.1293735841464,2603.0581999560627,-366.9288263719159,56.00000000000001,87700.77633512445,2415.388167562222,78039.22366487555,44.285714285714285,71.65615694289971,81.41976820215721
20111128,83400,83900,82500,83800,8263,1748,595055,1172.0068259186864,1099.0905331227268,2348.717735275909,6773.632498314481,5784.048947080483,84480.0,84900.0,83045.0,75591.66666666669,75483.33333333331,83959.50776636852,81904.05537489314,2055.452391475381,2493.5370382599262,-438.0846467845454,58.15217391304349,87742.43547055182,2348.717735275909,78347.56452944818,62.857142857142854,68.72315224764743,77.1875628839873
20111129,83300,86200,82800,84500,23459,-6589,601559,1036.5326815879919,1050.904372433572,2203.060371392395,6859.741653703542,5826.883040890974,84260.0,84760.0,83305.0,75783.33333333331,75595.83333333331,84042.66041769645,82096.34756938161,1946.3128483148319,2384.092200270908,-437.7793519560755,55.747126436781606,87711.12074278477,2203.060371392395,78898.87925721523,51.28205128205128,62.909451925782044,72.42819256458554
20111130,84500,85100,83300,85100,19483,2843,608346,975.7048734120343,991.9677414109797,2098.427983038637,6944.758215133665,5888.347190756461,84200.0,84900.0,83560.0,76000.0,75689.16666666669,84205.32804574315,82318.8403420587,1886.4877036844555,2284.571300953617,-398.0835972691616,63.975155279503106,87756.85596607727,2098.427983038637,79363.14403392273,66.66666666666666,64.16185683941025,69.67274732286045
20111201,86000,86900,85200,86900,45807,16107,615836,1455.472431892818,1128.716084761797,1914.2296100519434,7031.644939525556,5964.738748120822,84560.0,85000.0,83965.0,76288.33333333331,75815.0,84619.89296178268,82658.18550196082,1961.7074598218314,2219.99853272726,-258.2910729054288,60.0,87793.45922010389,1914.2296100519434,80136.54077989611,100.0,76.10790455960684,71.81779973510925
20111202,87000,87900,85300,87600,30757,9032,619335,1441.3882197381781,1365.6134152826708,1981.943490617132,7105.711904282813,6052.580716796262,85580.0,85190.0,84270.0,76605.0,75940.0,85078.37096766225,83024.2458352035,2054.12513245875,2186.823852673558,-132.69872021480796,61.84210526315789,88233.88698123426,1981.943490617132,80306.11301876574,94.44444444444444,82.22008452121936,75.28522799714595
20111205,87300,87900,86000,87600,20691,6967,617298,1297.0736293672744,1546.9001260585635,1898.4467335165423,7209.822582190663,6137.970110984084,86340.0,85410.0,84630.0,76875.0,76062.5,85466.31389571422,83363.19058819818,2103.1233075160417,2170.0837436420547,-66.96043612601306,56.390977443609025,88426.89346703306,1898.4467335165423,80833.10653296692,94.44444444444444,86.29487116229438,78.95510905219543
20111206,87400,88100,86500,88000,30142,4862,616541,1032.666451474044,1732.7723451163456,1819.0382074051208,7312.192823557694,6231.729740253197,87040.0,85650.0,84990.0,77151.66666666669,76173.33333333331,85856.11175791202,83706.65795207924,2149.453805832789,2165.9577560802013,-16.503950247412828,68.69565217391303,88628.07641481026,1819.0382074051208,81351.92358518974,98.21428571428571,90.26800934629149,82.72607581689412
20111207,88100,88500,87100,88500,22802,9725,619257,526.877594892774,1926.7589366602144,1877.4717041808233,7388.568309670447,6329.820901012091,87720.0,85960.0,85290.0,77465.0,76289.16666666669,86262.86379515634,84061.72032604132,2201.1434691150207,2172.994898687165,28.148570427855248,63.26530612244897,89044.94340836164,1877.4717041808233,81535.05659163835,100.0,93.51200623086099,86.32138595488307
20111208,88400,88700,86800,87500,23839,1880,624793,372.02150475475753,1953.970317072396,1596.9580457856905,7393.9547379373635,6410.092736372034,87840.0,86200.0,85635.0,77790.0,76393.33333333331,86453.19244205536,84316.40770932543,2136.784732729924,2165.7528654957173,-28.968132765793143,58.49056603773585,88828.91609157139,1596.9580457856905,82441.08390842861,80.64516129032258,89.22305791734819,87.28860994237145
20111209,87000,87700,85600,85600,17503,417,623079,985.0888284819772,1545.6066770042112,1552.5060386354874,7334.572622556494,6463.6147759765845,87440.0,86510.0,85715.0,78093.33333333331,76479.16666666669,86321.93206635454,84411.48861975543,1910.4434465991214,2114.6909817163987,-204.24753511727658,50.819672131147534,88820.01207727098,1552.5060386354874,82609.98792272902,50.0,76.14870527823213,83.57530838765835
20111212,86600,87000,85600,86400,9158,1586,624356,1060.1886624558826,1260.1983970788092,1507.4067135314401,7333.454544452787,6525.365836913374,87200.0,86770.0,85835.0,78366.66666666669,76570.83333333331,86333.94251768461,84558.78575904662,1775.1567586379824,2046.784137100715,-271.62737846273257,53.125,88849.81342706287,1507.4067135314401,82820.18657293713,62.903225806451616,71.73354545430529,79.62805407654066
20111213,85600,87500,83300,83300,32196,1539,629914,1776.0630619434644,1504.1608956491325,1605.1401807940808,7257.144181195957,6553.726463284547,86260.0,86650.0,85705.0,78605.0,76631.66666666669,85867.18213034849,84465.54236947952,1401.6397608689874,1917.7552618543696,-516.1155009853821,43.31210191082803,88915.28036158817,1605.1401807940808,82494.71963841183,12.903225806451612,52.12343890502073,70.45984901936735
20111214,83800,85000,82800,84800,16180,-1250,633037,1424.6403054806478,1537.4004032782086,1553.5121499362838,7207.714038907641,6592.853875388324,85520.0,86620.0,85760.0,78855.0,76716.66666666669,85703.00026414104,84490.31700877933,1212.6832553617132,1776.7408605558387,-564.0576051941252,49.112426035502956,88867.02429987257,1553.5121499362838,82652.97570012743,33.89830508474576,46.0483942982624,62.3226974456657
20111215,84600,87400,83500,86900,31329,22552,629468,1269.645619848308,1537.4004032782086,1573.1814898477726,7182.065626730678,6657.507823252429,85400.0,86620.0,85810.0,79140.0,76802.5,85887.1540696578,84668.81204517938,1218.3420244784354,1665.0610933403573,-446.71906886192215,63.414634146341456,88956.36297969555,1573.1814898477726,82663.63702030445,69.49152542372882,53.86277134008454,59.50272207713865
20111216,86500,87300,85900,86100,14110,2104,625872,1300.7690033207255,1507.3486657041226,1574.198208612771,7100.4616438338135,6710.0769473151,85500.0,86470.0,85830.0,79433.33333333331,76889.16666666669,85919.89959740275,84774.825967766,1145.073629636754,1561.063600599637,-415.9899709628832,57.232704402515715,88978.39641722555,1574.198208612771,82681.60358277446,55.932203389830505,54.552582023333194,57.85267539253683
20111219,86300,86300,80000,81400,20565,2777,620729,1972.8152473052296,2080.9853435332025,1846.645607581393,6885.315291739826,6720.942394238125,84500.0,85850.0,85630.0,79690.0,76940.0,85224.53042857155,84524.83885902661,699.6915695449425,1388.7891943886982,-689.097624843756,42.211055276381906,89323.29121516277,1846.645607581393,81936.70878483723,16.091954022988507,41.73237268988496,52.479241158319546
20111220,81500,82700,81100,81300,19507,-3051,622556,2343.501653509123,2342.9895432971953,2073.9515423460707,6616.673173800298,6731.438213091414,84100.0,85180.0,85415.0,79961.66666666669,76987.5,84620.75651648361,84285.96190649197,334.79460999162984,1177.9902775092846,-843.1956675176547,40.20618556701031,89562.90308469212,2073.9515423460707,81267.09691530786,14.942528735632186,32.80242470513404,45.92030234059104
20111221,82500,84900,81600,83600,21099,-1485,627780,2320.861908860584,2096.878632634707,2111.3680399209525,6467.268872303539,6756.549857155119,83860.0,84690.0,85325.0,80210.0,77055.83333333331,84463.71705240919,84235.14991341572,228.56713899348685,988.105649806125,-759.5385108126383,41.708542713567844,89547.73607984191,2111.3680399209525,81102.26392015809,41.37931034482759,35.661386585031885,42.50066375540465
20111222,82700,85400,82700,83700,13208,4883,625834,1770.1977290687032,1887.0347108625213,2140.671623579769,6314.5975063076085,6781.6818218885755,83220.0,84310.0,85255.0,80455.0,77125.0,84346.22212126934,84195.50917908661,150.7129421827267,820.6271082814453,-669.9141660987187,39.89637305699482,89536.34324715953,2140.671623579769,80973.65675284046,42.5287356321839,37.95050293408256,40.983943481630625
20111223,83700,86300,83700,85900,21667,11827,620396,1705.75496481763,1909.5549219648017,2048.139399552591,6208.627509808844,6827.237067234656,83180.0,84340.0,85425.0,80716.66666666669,77209.16666666669,84585.2648718433,84321.76775841946,263.497113423844,709.2011093099252,-445.70399588608115,46.04651162790697,89521.27879910519,2048.139399552591,81328.72120089481,67.81609195402298,47.9056992740627,43.29119541244131
20111226,85400,86500,84600,85300,8372,-2262,619910,1601.998751560061,1817.1681265089367,2014.4478151591927,6054.2317615220045,6866.540805885416,83960.0,84230.0,85500.0,80983.33333333331,77280.83333333331,84695.22412232895,84394.2294059471,300.9947163818433,627.5598307243089,-326.5651143424656,43.778801843317964,89528.89563031838,2014.4478151591927,81471.10436968162,68.83116883116884,54.88085579309808,47.1544155393269
20111227,84800,86000,83400,84000,25036,-2248,619735,927.3618495495673,1793.3209417167914,2029.7475212448585,5733.3372093009775,6893.540454657579,84500.0,84300.0,85475.0,81286.66666666669,77340.0,84588.26656504758,84365.02722772762,223.23933731994475,546.6957320434361,-323.45639472349137,40.0,89534.49504248971,2029.7475212448585,81415.50495751029,53.333333333333336,54.3650149731765,49.55794868394344
20111228,82400,87000,82300,86500,23417,14197,619462,1077.7754868245956,1909.4763680129693,2039.7242460684847,5369.368884908336,6942.3210976029395,85080.0,84470.0,85545.0,81643.33333333331,77403.33333333331,84882.3794011941,84523.17335901296,359.20604218114755,509.1977940709784,-149.99175188983088,47.91666666666667,89624.44849213697,2039.7242460684847,81465.55150786303,86.66666666666667,65.1322322043399,54.74937652407559
20111229,85600,87900,85300,86900,36625,16398,613999,1016.6612021711038,1909.4763680129693,2039.7242460684847,5060.32360625282,6995.173733050251,85720.0,84470.0,85545.0,81975.0,77473.33333333331,85192.78257024116,84699.23459168474,493.547978556424,506.0678309680677,-12.519852411643686,52.88888888888889,89624.44849213697,2039.7242460684847,81465.55150786303,87.34177215189874,72.53541218685952,60.678055078336904
20120102,86500,88300,85500,87500,28153,17299,611616,1248.3589227461764,2068.550216939391,2034.7972872007788,4866.341027918155,7054.1357057797095,86040.0,84610.0,85540.0,82265.0,77551.66666666669,85547.73909789638,84906.69869601102,641.0404018853443,533.062345151523,107.97805673382118,52.4663677130045,89609.59457440156,2034.7972872007788,81470.40542559844,90.36144578313254,78.4774233856172,66.61117784743034
20120103,87900,88700,87500,88000,21812,9762,613411,1387.6599006961303,1990.5024491318768,2056.793621149105,4651.050956504294,7115.8032263094665,86580.0,85270.0,85560.0,82565.0,77653.33333333331,85925.0100059123,85135.8321259429,789.1778799694001,584.2854521150985,204.8924278543018,61.92893401015229,89673.5872422982,2056.793621149105,81446.4127577018,91.95402298850574,82.96962325324671,72.06399298270246
20120104,87900,88800,87400,88800,29754,14590,615330,811.4185110040281,1752.027397046062,2110.923968313319,4472.40427510746,7184.096972170976,87540.0,86020.0,85600.0,82860.0,77765.83333333331,86367.31615884889,85407.2519684731,960.0641903757933,659.4411997672374,300.62299060855577,60.526315789473685,89821.84793662664,2110.923968313319,81378.15206337336,100.0,88.64641550216447,77.59146715585646
20120105,88100,89000,87700,87700,25578,11519,616426,624.1794613730847,1611.8622769951533,2062.6196934965133,4229.589880302229,7229.661078194205,87780.0,86430.0,85560.0,83141.66666666669,77884.16666666669,86572.34444210291,85577.08515599793,995.2592861049924,726.6048170347885,268.654469070204,52.22222222222222,89685.23938699302,2062.6196934965133,81434.76061300698,83.54430379746836,86.94571160059911,80.70954863743735
20120106,88200,88400,86100,86900,20211,4839,615539,624.1794613730847,1331.352695569435,2038.406240178745,3974.9419981791357,7272.191324949264,87780.0,86750.0,85530.0,83398.33333333331,77980.0,86622.75298947169,85675.07884814852,947.6741413231648,770.8186818924637,176.85545943070088,52.22222222222222,89606.81248035748,2038.406240178745,81453.18751964251,71.62162162162163,81.83768160760661,81.0855929608271
20120109,86100,86800,85100,86800,12456,5347,614800,739.1887445030493,1300.9227494359532,2057.158234069429,3699.796916348472,7312.2186555564185,87640.0,86840.0,85590.0,83648.33333333331,78075.0,86650.02176032218,85758.40634088009,891.6154194420959,794.9780294023905,96.63739003970556,70.1492537313433,89704.31646813887,2057.158234069429,81475.68353186113,67.16417910447761,76.94651410656361,79.70590000940594
20120110,87400,87800,85700,86500,26248,-10871,620379,830.9031231136363,1205.1555916146262,2059.2413651633096,3403.354554292227,7349.592534057063,87340.0,86960.0,85595.0,83886.66666666669,78162.5,86626.9414895034,85813.33920451971,813.6022849836882,798.7028805186501,14.899404465038064,69.11764705882352,89713.48273032662,2059.2413651633096,81476.51726967338,62.68656716417911,72.1931984591021,77.20166615930465
20120111,86400,86800,84200,85400,29360,-6564,625903,744.5804187594472,894.427190999916,1991.9839356781101,3086.7980533591167,7378.984375689333,86660.0,87100.0,85700.0,84096.66666666669,78222.5,86438.18126034903,85782.72148566582,655.4597746832005,770.0542593515602,-114.59448466835975,57.25806451612904,89683.96787135623,1991.9839356781101,81716.03212864378,46.26865671641791,63.551684544874036,72.65167228782778
20120112,86000,86100,84100,84300,17974,2018,629728,994.786409235668,1224.5815611873304,2006.2091117327848,2727.8700482243285,7390.877259613186,85980.0,86880.0,85675.0,84285.0,78240.0,86109.2302972184,85672.8902645035,436.3400327148993,703.3114140242282,-266.97138130932893,52.23880597014926,89687.41822346556,2006.2091117327848,81662.58177653443,29.850746268656714,52.318038452801595,65.87379434281905
20120113,84100,86500,84100,86500,18386,3254,634534,931.665175908166,1229.7967311714567,1995.8644743568266,2624.2692104447437,7419.450741500762,85900.0,86840.0,85655.0,84423.33333333331,78274.16666666669,86169.34871303095,85734.15765231903,435.1910607119207,649.6873433617667,-214.496282649846,52.23880597014926,89646.72894871367,1995.8644743568266,81663.27105128634,62.68656716417911,55.77421468992744,62.507267791855185
20120116,86500,86900,84600,85500,9534,737,633987,818.7795796183452,1268.2271089990152,1993.4580507248327,2601.736065698237,7436.703972340358,85640.0,86640.0,85625.0,84488.33333333331,78295.83333333331,86066.37198794927,85716.81264103588,349.5593469133892,589.6617440720912,-240.10239715870205,50.72463768115942,89611.91610144966,1993.4580507248327,81638.08389855034,28.57142857142857,46.706619317094486,57.240384966934954
20120117,85500,87700,85500,87100,23459,-297,633833,966.6436778875627,1198.5407794480755,1763.2073048849525,2580.199712339132,7447.721081348051,85760.0,86550.0,85910.0,84591.66666666669,78305.83333333331,86225.39168211093,85819.27096392351,406.12071818741964,552.9535388951571,-146.83282070773726,60.992907801418454,89436.41460976993,1763.2073048849525,82383.58539023009,61.224489795918366,51.54590947670244,55.34222647019078
20120118,86500,87200,83600,84100,48984,-14504,637881,1179.8304963002074,1144.3775600735976,1480.0337833980884,2574.675815623189,7450.223663682154,85500.0,86080.0,86050.0,84606.66666666669,78309.16666666669,85898.40834640156,85691.91755918681,206.4907872147451,483.66098855907455,-277.1702013443295,41.78082191780822,89010.06756679618,1480.0337833980884,83089.93243320382,9.25925925925926,37.45035940422138,49.37827078153432
20120119,84300,85400,82000,82500,49743,-14147,646253,1665.6530250925591,1434.7125147568765,1586.6552870739313,2546.663939788994,7437.882576528274,85140.0,85560.0,85995.0,84631.66666666669,78291.66666666669,85375.57629310901,85455.47922146648,-79.90292835747823,370.94820517576403,-450.8511335332422,36.07594936708861,89168.31057414786,1586.6552870739313,82821.68942585214,7.142857142857142,27.3478586504333,42.03480007116731
20120120,82500,85200,81700,84300,31370,-393,657608,1533.6231610144632,1403.5668847618201,1548.1844205389941,2489.740615673189,7441.106501873421,84700.0,85300.0,86025.0,84695.0,78295.83333333331,85210.1030172461,85369.88816802361,-159.7851507775049,264.80153398511015,-424.5866847626151,40.588235294117645,89121.36884107799,1548.1844205389941,82928.63115892201,35.61643835616438,30.104051885676995,38.05788400933721
20120125,83900,84600,82500,82800,35281,-12195,666608,1629.2329483533026,1486.606874731851,1700.6175348971494,2460.5617019063484,7426.503588873852,84160.0,84900.0,85870.0,84721.66666666669,78276.66666666669,84839.31793766978,85179.52608150142,-340.2081438316527,143.7995984217576,-484.00774225341036,35.555555555555564,89271.2350697943,1700.6175348971494,82468.7649302057,16.417910447761194,25.54200473970506,33.88592425279316
20120126,82600,84100,82600,83900,12753,-2443,670720,727.736215946406,1409.3970341958295,1750.7141400010614,2395.0289954170207,7431.188031234052,83520.0,84640.0,85800.0,84781.66666666669,78283.33333333331,84694.80748572056,85084.74637175968,-389.9388860391191,37.05190152958223,-426.9907875687013,36.6120218579235,89301.42828000213,1750.7141400010614,82298.57171999787,36.0655737704918,29.04986108330064,32.273903196295656
20120127,83300,84100,82900,82900,12387,-5904,673663,693.9740629158946,1472.7185746095554,1822.217056225645,2300.1660568072602,7438.979498037542,83280.0,84390.0,85745.0,84841.66666666669,78299.16666666669,84418.68325714816,84922.9133071835,-504.23005003533035,-71.20448878340032,-433.02556125193,36.81318681318681,89389.43411245129,1822.217056225645,82100.56588754871,19.672131147540984,25.92395110471409,30.1572524991018
20120130,82900,84300,82100,84300,20369,11765,671491,662.1178142898692,1472.7185746095554,1839.6399104171585,2213.5542058466954,7458.547482959146,83640.0,84390.0,85635.0,84913.33333333331,78341.66666666669,84400.42429451,84876.7715807251,-476.34728621509566,-152.23304826973938,-324.11423794535625,43.085106382978715,89314.27982083432,1839.6399104171585,81955.72017916567,43.333333333333336,31.727078514253837,30.680527837485812
20120131,84500,84700,83000,83300,21307,-153,670076,578.2732917920332,1319.1285001848755,1882.677614462881,2077.184927304641,7468.108305767086,83440.0,84070.0,85455.0,84988.33333333331,78405.0,84231.12824920077,84759.9736858557,-528.8454366549266,-227.5555259467769,-301.2899107081498,41.11675126903553,89220.35522892576,1882.677614462881,81689.64477107424,26.666666666666668,30.040274565058112,30.467110080009913
20120201,83300,84400,82800,83500,19118,-2554,671814,483.3218389437767,1236.1634196173254,1867.2104862600906,2036.5896057432847,7474.98564658604,83580.0,83870.0,85255.0,85021.66666666669,78477.5,84118.64698009296,84666.6423017176,-547.9953216246358,-291.6434850823486,-256.3518365422871,42.3469387755102,88989.42097252018,1867.2104862600906,81520.57902747982,30.0,30.026849710038743,30.320356623352854
20120202,83500,86500,83500,86100,36768,3961,679502,1135.6055653262686,985.9513172565877,1770.9884245809287,1949.8860365557045,7480.02878039625,84020.0,83770.0,85160.0,85116.66666666669,78598.33333333331,84423.47052161713,84772.81694603548,-349.3464244183561,-303.18407294955017,-46.16235146880586,51.65876777251185,88701.97684916186,1770.9884245809287,81618.02315083814,73.33333333333333,44.46234425113693,35.03435249928088
20120203,85400,86400,83600,84500,29041,-5904,680009,991.1609354691064,1006.4293318460068,1565.0798701662588,1869.2326114090013,7459.162849587568,84340.0,83810.0,84945.0,85178.33333333331,78717.5,84435.24428752219,84752.60828336606,-317.3639958438725,-306.02005752841467,-11.343938315457876,50.46296296296296,88075.15974033251,1565.0798701662588,81814.84025966749,46.666666666666664,45.197118389646846,38.42194112940287
20120206,85900,85900,82700,85400,26428,2562,679267,1076.289923765894,1004.9875621120888,1437.7412840979534,1836.5607954965478,7443.450514079893,84560.0,84100.0,84830.0,85226.66666666669,78843.33333333331,84583.668243288,84800.56322533921,-216.89498205120617,-288.19504243297297,71.3000603817668,47.29064039408867,87705.4825681959,1437.7412840979534,81954.5174318041,67.27272727272727,52.55565468400698,43.13317898093757
20120207,84300,85400,83900,84900,13179,1204,678677,872.6969691708538,1032.6664514740469,1357.6081909003165,1735.7507181490405,7407.358203540331,84880.0,84160.0,84730.0,85298.33333333331,78976.66666666669,84632.33466739756,84807.92891235116,-175.59424495359417,-265.6748829370972,90.08063798350305,48.48484848484848,87445.21638180064,1357.6081909003165,82014.78361819936,66.66666666666666,57.25932534489354,47.84189443558956
20120208,84300,85900,83200,85300,27567,5307,680470,535.1635264103804,974.1149829460586,1280.4198530168253,1727.5030149513543,7400.835350748561,85240.0,84410.0,84655.0,85320.0,79088.33333333331,84735.05241087488,84844.37862254753,-109.3262116726546,-234.40514868420868,125.07893701155407,45.161290322580655,87215.83970603366,1280.4198530168253,82094.16029396634,75.0,63.17288356326236,52.95222414481382
20120209,85200,85200,82500,83300,55738,-28702,683058,759.9999999999961,1021.0288928331067,1239.142848907915,1738.705616894814,7371.354042282011,84680.0,84350.0,84495.0,85308.33333333331,79192.5,84514.27511689412,84729.98020606204,-215.70508916792457,-230.66513678095188,14.960047613027283,47.72727272727273,86973.28569781582,1239.142848907915,82016.71430218418,27.27272727272727,51.20616479975067,52.370204363126106
20120210,82600,83700,82400,83000,15147,-3606,686932,1022.5458424931343,1007.1742649611338,1261.6952880944045,1761.741562583085,7339.922040155212,84380.0,84360.0,84375.0,85260.0,79293.33333333331,84281.30971429503,84601.83352413101,-320.52380983598414,-248.63687139195838,-71.88693844402579,51.533742331288344,86898.3905761888,1261.6952880944045,81851.6094238112,20.454545454545457,40.955625018015596,48.56534458142261
20120213,83100,84000,82600,83200,16175,2012,687717,960.4165762834344,1066.0675400742675,1287.4781551543392,1770.2628492839453,7284.892281671449,83940.0,84250.0,84320.0,85251.66666666669,79413.33333333331,84114.95437363426,84497.99400382463,-383.03963019036735,-275.51742315164023,-107.52220703872723,46.25850340136054,86894.95631030867,1287.4781551543392,81745.04368969133,25.0,35.63708334534373,44.255924169396316
20120214,83200,83700,82600,83600,15180,1561,689116,832.8265125462773,1042.8806259586952,1193.681280744411,1780.6802695098252,7221.59473769861,83680.0,84280.0,84175.0,85213.33333333331,79541.66666666669,84035.73062384437,84431.47592946702,-395.74530562265136,-299.5629996458425,-96.18230597680888,52.941176470588246,86562.36256148883,1193.681280744411,81787.63743851117,34.090909090909086,35.121691927198846,41.21118008866383
20120215,83100,84000,83100,83700,13604,1395,689660,257.6819745344909,1029.5630140987,1157.7024660937782,1789.9534444595745,7174.5915485754,83360.0,84300.0,84085.0,85180.0,79658.33333333331,83984.07975863754,84377.2925272841,-393.21276864655374,-318.2929534459846,-74.91981520056902,49.2063492063492,86400.40493218755,1157.7024660937782,81769.59506781245,31.70731707317073,33.98356697585614,38.801975717727935
20120216,82800,83600,81900,82900,24303,970,690040,318.7475490101752,910.823802938856,954.92146273901,1813.292738516018,7103.042726340798,83280.0,83980.0,83875.0,85138.33333333331,79780.83333333331,83817.29825730869,84267.86345118865,-450.5651938799565,-344.7474015327792,-105.81779234717736,50.0,85784.84292547802,954.92146273901,81965.15707452198,21.73913043478261,29.902088128831632,35.835346521429166
20120217,82400,83000,82100,82500,24517,-10928,691241,444.52221541785065,990.7572861200667,998.7367020389348,1843.3182639526983,7032.755900467203,83180.0,83780.0,83795.0,85086.66666666669,79896.66666666669,83614.63698695351,84136.91060295209,-522.2736159985798,-380.2526444259393,-142.02097157264046,42.105263157894726,85792.47340407787,998.7367020389348,81797.52659592213,13.043478260869565,24.28255150617761,31.984414849678647
20120220,82100,82300,79400,79700,68385,-33511,700711,1459.314907756374,1434.8867551134479,1316.2351613597036,1967.4257009829528,6969.1737414767895,82480.0,83210.0,83655.0,84991.66666666669,79980.83333333331,83012.3851428068,83808.25055828817,-795.8654154813557,-463.3751986370227,-332.490216844333,36.36363636363636,86287.47032271941,1316.2351613597036,81022.52967728059,4.285714285714286,17.616939099356504,27.195256266237934
20120221,79300,80500,77200,80200,62845,-12028,714850,1567.1630419327769,1567.928569801571,1505.4899534701651,2060.7199389208727,6910.072961505837,81800.0,82740.0,83450.0,84910.0,80065.0,82579.71050545189,83540.97273915508,-961.2622337031937,-562.9526056502567,-398.30962805293655,37.77777777777778,86460.97990694032,1505.4899534701651,80439.02009305968,34.48275862068966,23.238878939800887,25.87646382409225
20120222,79500,80200,79200,79500,11231,-3289,715705,1444.4376068214208,1586.3164879682745,1731.552771358585,2152.9204970611545,6857.92804594318,80960.0,82160.0,83285.0,84860.0,80137.5,82105.90888922849,83241.64142514295,-1135.7325359144452,-677.5085917030948,-458.2239442113505,21.551724137931036,86748.10554271718,1731.552771358585,79821.89445728282,26.436781609195403,24.304846496265725,25.35259138148341
20120223,79000,79600,77800,78200,31949,-14990,712150,1404.8487463068734,1922.1082175569613,2047.1932004575408,2312.334078131505,6830.78687308836,80020.0,81650.0,83000.0,84766.66666666669,80179.16666666669,81504.9998293472,82868.18650476125,-1363.18667541405,-814.6442084452859,-548.5424669687642,22.123893805309734,87094.38640091509,2047.1932004575408,78905.61359908491,11.494252873563218,20.034648622031558,23.579943794999462
20120224,78000,80400,78000,79500,17160,6150,713013,661.5134163416446,1962.6512680555352,2184.9713956936794,2408.538053582494,6799.342288453809,79420.0,81300.0,82830.0,84683.33333333331,80233.33333333331,81196.53831713994,82618.69120811179,-1422.1528909718618,-936.1459449506012,-486.00694602126083,24.786324786324787,87199.94279138735,2184.9713956936794,78460.05720861265,28.749999999999996,22.939765748021035,23.36655111267332
20120227,80300,80300,76100,77300,53557,-20571,710162,1044.2221985765261,2177.8200109283594,2464.2645961827184,2586.469064617171,6763.846703039842,78940.0,80710.0,82480.0,84553.33333333331,80276.66666666669,80597.0708837338,82224.71408158433,-1627.643197850528,-1074.4453955305867,-553.1978023199413,21.64179104477612,87408.52919236544,2464.2645961827184,77551.47080763456,15.18987341772152,20.356468304587864,22.363190176644835
20120228,77000,79100,77000,78900,25870,10729,708106,839.9999999999965,2003.596765818911,2575.1504810398114,2667.008311448005,6693.9885448729,78680.0,80240.0,82260.0,84420.0,80354.16666666669,80335.98305546706,81978.43896442954,-1642.4559089624818,-1188.0474982169658,-454.408410745516,28.08219178082191,87410.30096207962,2575.1504810398114,77109.69903792038,35.44303797468354,25.38532486128642,23.370568404858698
20120229,78300,79300,78200,79300,22846,5392,703353,803.9900496896678,1646.815108019112,2636.0007587251503,2713.3307739544603,6607.530216015382,78640.0,79800.0,82050.0,84281.66666666669,80443.33333333331,80176.60104693366,81780.03607817521,-1603.435031241548,-1271.1250048218824,-332.31002641966575,34.61538461538462,87322.0015174503,2636.0007587251503,76777.9984825497,40.50632911392405,30.42565961216563,25.722265473961006
20120302,79000,79400,77400,77700,24570,-7927,702513,879.9999999999966,1386.2178760930765,2626.423423593301,2805.955967025913,6560.32768278813,78540.0,79280.0,81630.0,84116.66666666669,80495.83333333331,79795.58550125155,81477.81118349517,-1682.225682243603,-1353.3451403062265,-328.8805419373764,31.46853146853147,86882.8468471866,2626.423423593301,76377.1531528134,20.253164556962027,27.034827927097762,26.159786291673257
20120305,77700,77700,76800,77400,24592,-1420,700747,820.7313811473241,988.9893831583836,2693.4875162137932,2888.379014833889,6513.510264997127,78120.0,78770.0,81275.0,83940.0,80545.83333333331,79427.03388567439,81175.75109582848,-1748.7172101540784,-1432.419554275797,-316.29765587828115,29.86111111111111,86661.97503242758,2693.4875162137932,75888.02496757242,17.333333333333336,23.800996395842954,25.37352299306316
20120306,77700,77700,75000,75100,40989,-19858,700240,1472.9562111617554,1423.6923825040296,2836.4414324994514,3041.1711925213444,6456.830954285774,77680.0,78310.0,80760.0,83716.66666666669,80590.83333333331,78761.33636480139,80725.69545909991,-1964.3590942985031,-1538.8074622803385,-425.5516320181646,23.926380368098158,86432.8828649989,2836.4414324994514,75087.1171350011,1.25,16.283997597228637,22.34368119445165
20120307,74700,76300,74500,76000,23211,-5770,710626,1449.1376746189417,1423.6923825040296,2850.1359616691143,3156.877412887535,6367.163974905472,77100.0,77890.0,80315.0,83525.0,80657.5,78336.51538560119,80375.64394361066,-2039.12855800947,-1638.871681426165,-400.2568765833049,27.48538011695907,86015.27192333822,2850.1359616691143,74614.72807666178,19.230769230769234,17.266254808408835,20.65120573243738
20120308,75200,76200,75200,75600,15214,793,706940,1017.0545708072867,1462.8738838327793,2785.157087131625,3303.497725475489,6267.741430442836,76360.0,77500.0,79830.0,83358.33333333331,80725.83333333331,77915.51301858563,80021.89254037991,-2106.379521794268,-1732.3732494997855,-374.0062722944822,28.143712574850298,85400.31417426324,2785.157087131625,74259.68582573676,18.333333333333332,17.621947650050334,19.641453038308367
20120309,76000,76400,75100,75300,34699,-25211,721524,818.2909018191478,1578.258533954434,2832.1546567939226,3436.125078566709,6210.415981773474,75880.0,77210.0,79430.0,83173.33333333331,80770.0,77513.12640034167,79672.12272257365,-2158.9963222319784,-1817.6978640462241,-341.2984581857542,28.313253012048197,85094.30931358784,2832.1546567939226,73765.69068641216,13.559322033898304,16.26773911133299,18.516881729316577
20120312,75100,76500,74300,76500,13214,5866,867219,501.9960159204394,1388.128236151113,2776.2339598815333,3540.6308289154053,6128.854739400124,75700.0,76910.0,79105.0,83060.0,80832.5,77357.2608002891,79437.15066904949,-2079.88986876038,-1870.1362649890555,-209.7536037713241,39.33333333333333,84657.46791976306,2776.2339598815333,73552.53208023694,36.0655737704918,22.867017331052594,19.966926929895248
20120313,75700,76900,75300,76500,22243,-1286,868321,479.1659420284314,1386.398211193307,2663.8505964110473,3630.936135794977,6058.20632604153,75980.0,76830.0,78770.0,82921.66666666669,80888.33333333331,77225.37452332153,79219.58395282342,-1994.209429501876,-1894.95089789162,-99.25853161025634,37.24137931034483,84097.70119282209,2663.8505964110473,73442.29880717791,36.0655737704918,27.266536144198994,22.40013000132983
20120314,77000,77200,75700,77000,19902,-109,868574,630.5553108173733,1208.4701072016635,2444.87218479811,3671.1200228570265,5983.282033206325,76180.0,76640.0,78440.0,82756.66666666669,80948.33333333331,77190.70151973361,79055.17032668823,-1864.4688069546105,-1888.8544797042184,24.38567274960792,41.25874125874126,83329.74436959621,2444.87218479811,73550.25563040379,45.0,33.17769076279933,25.992650255152995
20120315,76700,76900,75100,76000,34830,-15924,866951,574.8043145279914,827.5868534480232,2177.9520196734074,3744.778216248388,5891.389137735086,76260.0,76310.0,78055.0,82588.33333333331,81010.83333333331,77007.51667054383,78828.86141360005,-1821.3447430562228,-1875.3525323746192,54.007789318396355,42.142857142857146,82410.90403934683,2177.9520196734074,73699.09596065317,33.33333333333333,33.229571619644,28.404957376649993
20120316,75600,76700,75300,76600,19321,474,867270,318.7475490101752,698.5699678629193,1891.137224000275,3819.8294755423053,5743.264110145868,76520.0,76200.0,77740.0,82508.33333333331,81099.16666666669,76944.82179815246,78663.76056814809,-1718.9387699956278,-1844.069779898821,125.13100990319323,39.097744360902254,81522.27444800055,1891.137224000275,73957.72555199945,45.09803921568628,37.185727484991425,31.331880746097138
20120319,76600,77700,76200,77500,14407,7700,866635,503.5871324805609,716.1703707917551,1543.9883419247244,3870.504919688504,5560.784317182509,76720.0,76210.0,77490.0,82445.0,81203.33333333331,77030.23382920594,78577.55608161858,-1547.3222524126322,-1784.7202744015833,237.39802198895111,50.83333333333334,80577.97668384945,1543.9883419247244,74402.02331615055,62.745098039215684,45.70551766973284,36.12309305397571
20120320,77600,77600,76400,77000,13669,5793,862000,499.59983987186587,644.9806198638839,1460.6419821432826,3929.453948493725,5455.455411787427,76820.0,76400.0,77355.0,82335.0,81272.5,77025.58247086658,78460.70007557269,-1435.1176047061167,-1714.79974046249,279.68213575637384,41.284403669724774,80276.28396428656,1460.6419821432826,74433.71603571344,79.41176470588235,56.94093334844934,43.06237315213358
20120321,76200,77200,75700,76700,14954,8656,855402,492.3413450036408,635.6886030125128,1311.335197422632,3990.6345220890003,5355.089998206343,76760.0,76470.0,77180.0,82218.33333333331,81336.66666666669,76975.49285996403,78330.27784775243,-1354.7849877884,-1642.796789927672,288.0118021392721,37.96296296296296,79802.67039484526,1311.335197422632,74557.32960515474,70.58823529411765,61.49003399700545,49.204926767090875
20120322,76800,77200,74700,76200,28288,-837,854593,433.5896677735691,576.2811813689564,1212.961252472415,4034.450258571608,5278.335175244458,76800.0,76530.0,77015.0,82056.66666666669,81386.66666666669,76856.1862661234,78172.47948865958,-1316.2932225361728,-1577.4960764493726,261.2028539131996,42.26804123711339,79440.92250494483,1212.961252472415,74589.07749505517,55.88235294117647,59.62080697839579,52.67688683752584
20120323,75700,76300,74700,75600,15677,2297,856794,654.2170893518405,516.1395160225576,1218.3082532756016,4095.1363428665363,5188.421337191396,76600.0,76560.0,76885.0,81895.0,81439.16666666669,76662.92684056595,77981.92545246247,-1318.9986118965314,-1525.7965835388047,206.79797164227284,41.0,79321.6165065512,1218.3082532756016,74448.3834934488,38.23529411764706,52.49230269147955,52.61535878884374
20120326,75700,76400,74900,75900,11872,-1084,856677,511.4684741017711,553.1726674375732,1076.324765114806,4156.569098026198,5012.995334350805,76280.0,76500.0,76705.0,81760.0,81523.33333333331,76545.55348047889,77827.70875228003,-1282.1552718011371,-1477.0683211912713,194.9130493901341,54.99999999999999,78857.64953022961,1076.324765114806,74552.35046977039,47.05882352941176,50.68114297079029,51.97062018282592
20120327,75600,76400,75500,75700,8175,681,856096,396.9886648255766,602.9925372672534,1088.5196369379107,4181.180056714413,4812.192558722369,76020.0,76420.0,76625.0,81580.0,81611.66666666669,76415.46832963599,77670.10069655553,-1254.6323669195408,-1432.5811303369253,177.9487634173845,47.94520547945205,78802.03927387582,1088.5196369379107,74447.96072612418,41.17647058823529,47.51291884327196,50.48471973630793
20120328,75800,76400,75100,75800,8199,419,855853,205.9126028197256,594.9789912257406,967.5226095546486,4187.25944582687,4653.397504333157,75840.0,76300.0,76470.0,81395.0,81685.0,76320.78089430738,77531.57471903284,-1210.7938247254642,-1388.2236692146332,177.429844489169,51.42857142857143,78405.04521910929,967.5226095546486,74534.95478089071,36.666666666666664,43.89750145107019,48.28898030789535
20120329,76100,76100,73500,73800,22309,-8958,857637,786.3841300534963,960.0,903.5900619193588,4221.518947277381,4588.336587358169,75360.0,76080.0,76195.0,81166.66666666669,81715.83333333331,75932.96844902931,77255.16177688217,-1322.1933278528595,-1375.0176009422787,52.8242730894192,41.3793103448276,78002.18012383871,903.5900619193588,74387.81987616129,7.142857142857142,31.645953348332508,42.74130465470773
20120330,74400,76200,73600,75000,18108,4348,858855,786.3841300534963,992.7738916792688,869.7125962060268,4198.789508100288,4503.6774325730075,75240.0,75920.0,76060.0,80950.0,81757.5,75789.43484148635,77088.11275637233,-1298.6779148859787,-1359.749663731019,61.071748845040254,41.3793103448276,77799.42519241205,869.7125962060268,74320.57480758795,35.714285714285715,33.00206413698358,39.49489114879968
20120402,74800,75900,74700,74700,6615,-668,858810,729.3833011524147,897.997772825746,860.7409598708687,4147.120486956351,4444.182761393526,75000.0,75640.0,75925.0,80715.0,81787.5,75621.82948125768,76911.2155151595,-1289.3860339018286,-1345.676937765181,56.290903863352696,40.0,77646.48191974174,860.7409598708687,74203.51808025826,28.57142857142857,31.525185615131907,36.838322637577086
20120403,74300,74500,71700,72300,40096,-20536,857688,1195.6588142108071,1231.3001258832064,1159.428738646503,4183.271911899663,4415.276510782466,74320.0,75170.0,75785.0,80458.33333333331,81800.0,75110.77879183342,76569.64399551798,-1458.8652036845597,-1368.314590949057,-90.55061273550268,28.440366972477065,78103.857477293,1159.428738646503,73466.142522707,10.0,24.350123743421268,32.67558967285848
20120404,72900,72900,71400,72500,23286,537,860396,1103.8115781237275,1348.517704741024,1360.4778572249593,4219.735049607816,4396.733320192347,73660.0,74750.0,75610.0,80218.33333333331,81808.33333333331,74709.12051616675,76268.1888847388,-1559.0683685720578,-1406.4653464736573,-152.60302209840054,32.67326732673268,78330.95571444991,1360.4778572249593,72889.04428555009,17.741935483870968,22.147394323571167,29.16619122309604
20120405,71000,72600,70600,71400,28711,-2248,859265,1416.1920773680365,1581.1704525445698,1641.036257978297,4279.528465717771,4404.464590995602,73180.0,74270.0,75400.0,79961.66666666669,81805.0,74200.02505214108,75907.58230068401,-1707.5572485429004,-1466.683726887506,-240.87352165539414,25.47169811320755,78682.07251595659,1641.036257978297,72117.92748404341,12.121212121212121,18.805333589451482,25.71257201188119
20120406,71100,71400,70100,71000,28758,-15300,860867,1285.9237924542786,1783.5077796297946,1901.1246671376928,4344.382068321728,4427.562346634325,72380.0,73810.0,75185.0,79703.33333333331,81795.0,73707.71350565786,75544.05768581844,-1836.3441801605804,-1540.615817542121,-295.72836261845936,17.821782178217823,78987.24933427539,1901.1246671376928,71382.75066572461,12.676056338028168,16.76224117231038,22.729128398690918
20120409,71000,71000,69700,69800,9394,-385,861415,973.6529155710436,1994.9937343260003,2205.787841112422,4460.9179424070035,4486.360811764258,71400.0,73200.0,74850.0,79443.33333333331,81770.0,73106.52681247973,75118.57193131329,-2012.0451188335571,-1634.9016778004086,-377.1434410331488,16.666666666666668,79261.57568222485,2205.787841112422,70438.42431777515,1.4925373134328357,11.672339886017864,19.0435322277999
20120410,69300,70900,69300,70000,9283,2807,712064,983.0564581955575,2013.4795752626846,2408.292963906051,4575.602874667612,4543.160610558914,70940.0,72630.0,74525.0,79205.0,81745.0,72628.59961055977,74739.41845491964,-2110.818844359863,-1730.0851111122995,-380.7337332475634,18.69158878504673,79341.5859278121,2408.292963906051,69708.4140721879,9.859154929577464,11.06794490053773,16.38500311871251
20120412,69600,71300,69500,71000,14081,4575,709384,624.8199740725278,1756.2744660217547,2454.5620790681555,4593.962221099425,4636.173889462522,70640.0,72150.0,74225.0,78946.66666666669,81685.0,72378.04582431981,74462.42449529591,-2084.3786709761043,-1800.9438230850603,-283.43484789104383,26.785714285714285,79134.12415813631,2454.5620790681555,69315.87584186369,23.943661971830984,15.359850590968813,16.04328560946461
20120413,71200,71500,70300,71000,11916,-3017,709786,542.586398650016,1692.9559947027567,2514.93041653231,4624.154877740712,4736.840250162156,70560.0,71870.0,73975.0,78705.0,81596.66666666669,72166.03877442445,74205.94860675544,-2039.909832330988,-1848.7370249342466,-191.1728073967417,28.301886792452827,79004.86083306462,2514.93041653231,68945.13916693538,23.943661971830984,18.221121051256205,16.769230756728476
20120416,70100,70700,69300,70000,12731,-3737,709696,527.6362383309112,1409.290601685827,2580.9833397368866,4624.925224620745,4852.427156130865,70360.0,71370.0,73645.0,78420.0,81505.83333333331,71832.80203989762,73894.39685810685,-2061.59481820924,-1891.3085835892448,-170.2862346199945,23.89380530973451,78806.96667947379,2580.9833397368866,68483.03332052621,10.144927536231885,15.529056546248098,16.355839353235016
20120417,70400,70400,69100,69800,93589,-9100,709927,527.6362383309112,940.0,2551.3525824549147,4694.02072380976,4965.0326590624045,70360.0,70880.0,73260.0,78181.66666666669,81394.16666666669,71520.06326452876,73591.10820195074,-2071.0449374219893,-1927.255854355794,-143.78908306619562,23.89380530973451,78362.70516490983,2551.3525824549147,68157.29483509017,9.859154929577464,13.63908934069122,15.450256015720418
20120418,69700,71000,69000,69800,22636,-8320,707480,559.9999999999947,857.9627031520662,2505.793287563712,4780.073221196509,5075.603343993332,70320.0,70630.0,72900.0,77970.0,81300.83333333331,71255.43814690894,73310.28537217659,-2054.8472252676443,-1952.774128538164,-102.07309672947963,23.214285714285715,77911.58657512743,2505.793287563712,67888.41342487257,11.594202898550725,12.957460526644388,14.619324186028408
20120419,68500,69700,67600,68900,34022,-3946,713000,669.328021227256,745.7211275000864,2490.963668944079,4846.286092348333,5198.900458002918,69900.0,70270.0,72510.0,77713.33333333331,81204.16666666669,70893.06304738451,72983.59756683014,-2090.534519445646,-1980.3262067196606,-110.20831272598524,25.74257425742575,77491.92733788816,2490.963668944079,67528.07266211184,18.84057971014493,14.9185002544779,14.719049542178238
20120420,69400,70200,68400,69500,15605,7159,710522,384.7076812334191,672.0119046564578,2421.750400020477,4912.273460990904,5306.658291450745,69600.0,70080.0,72175.0,77491.66666666669,81106.66666666669,70678.74565547919,72725.55330262048,-2046.8076471412933,-1993.622494803988,-53.18515233730568,21.05263157894737,77018.50080004097,2421.750400020477,67331.49919995903,35.84905660377358,21.895352370909794,17.111150485088757
20120423,70200,70200,67700,67700,17720,-2551,709545,791.4543574963714,908.0198235721507,2474.5908752760183,4997.102215840254,5444.446456915794,69140.0,69750.0,71780.0,77221.66666666669,81001.66666666669,70220.47709309777,72353.29009501894,-2132.813001921168,-2021.460596227424,-111.35240569374355,18.18181818181818,76729.18175055202,2474.5908752760183,66830.81824944798,2.0,15.263568247273197,16.495289739150238
20120424,67600,67600,65000,65900,19773,-3325,713919,1424.921050444548,1467.7874505527018,2598.7689393247947,5146.814278971241,5613.011669326969,68360.0,69360.0,71280.0,76938.33333333331,80890.0,69555.78830954428,71875.26860649897,-2319.480296954701,-2081.06453637288,-238.41576058182181,19.230769230769234,76477.53787864959,2598.7689393247947,66082.46212135041,13.846153846153847,14.791096780233412,15.927225419511295
20120425,66500,67800,65300,66600,24239,2331,713645,1351.147660324361,1661.2043823684064,2581.6419193992238,5223.101462626295,5760.948754810815,67720.0,69020.0,70825.0,76643.33333333331,80778.33333333331,69101.05164653745,71484.5079689805,-2383.456322443046,-2141.542893586913,-241.9134288561327,22.93577981651376,75988.28383879845,2581.6419193992238,65661.71616120155,24.615384615384617,18.06585939195048,16.640103410324357
20120426,66100,67000,64700,66500,23125,-7016,711403,1270.590413941485,1673.349933516597,2479.193417222484,5308.357142803753,5902.908828610655,67240.0,68570.0,70360.0,76363.33333333331,80675.83333333331,68700.88985476246,71115.28515646339,-2414.395301700933,-2196.113375209717,-218.28192649121638,25.25252525252525,75318.38683444497,2479.193417222484,65401.61316555504,26.47058823529412,20.867435673065028,18.04921416457125
20120427,66000,66400,63600,64100,53859,-16863,707021,1182.539639927556,1931.734971469948,2697.9390282212244,5452.681297612527,6091.57609371797,66160.0,67880.0,69875.0,76040.0,80530.83333333331,67993.06064633746,70595.63440413274,-2602.5737577952827,-2277.40545172683,-325.16830606845224,21.00840336134453,75270.87805644245,2697.9390282212244,64479.12194355755,6.329113924050633,16.021328423393562,17.373252250845354
20120430,64500,65400,63200,64800,18673,-233,711972,978.5703858180024,1990.0753754569198,2644.4801001329683,5479.4715377793,6257.189143075583,65580.0,67360.0,69365.0,75685.0,80400.83333333331,67501.82054690093,70166.32815197473,-2664.507605073799,-2354.825882396224,-309.6817226775752,28.070175438596497,74653.96020026594,2644.4801001329683,64076.03979973406,19.27710843373494,17.106588426840688,17.284364309510465
20120502,63900,64500,63600,64400,28294,-2257,706351,1060.9429767899846,1987.3600579663464,2556.8535351089745,5544.351479959895,6423.859118335561,65280.0,66820.0,68850.0,75350.0,80264.16666666669,67024.61738583924,69739.1927333099,-2714.575347470658,-2426.775775411111,-287.79957205954724,25.86206896551724,73963.70707021795,2556.8535351089745,63736.29292978205,15.384615384615385,16.532597412765586,17.033775343928838
20120503,63800,64400,63200,63800,26756,-10123,705039,949.5261976375343,1900.9471323527125,2652.710877573968,5581.239408351295,6592.338777365457,64720.0,66220.0,68425.0,74990.0,80108.33333333331,66528.52240340243,69299.25253084247,-2770.7301274400525,-2495.5666458168994,-275.1634816231531,17.857142857142858,73730.42175514794,2652.710877573968,63119.57824485206,7.6923076923076925,13.585834172612955,15.884461620156877
20120504,64100,65700,63700,64600,19877,1176,705773,355.5277766926152,1724.2099640125039,2604.246532108518,5585.531656779783,6741.170150648974,64340.0,65790.0,68030.0,74651.66666666669,79975.0,66231.82664903282,68951.15975078005,-2719.333101747223,-2540.3199370029643,-179.01316474425857,23.33333333333333,73238.49306421704,2604.246532108518,62821.506935782956,17.94871794871795,15.040128764647953,15.603017334987236
20120507,64000,64200,63200,63700,20777,-6922,705652,436.34848458542166,1302.6511428621247,2646.4079428537148,5583.705211496138,6891.084769871595,64260.0,65210.0,67645.0,74291.66666666669,79805.83333333331,65842.31485687393,68562.18495442595,-2719.870097552019,-2576.2299691127755,-143.64012843924317,23.529411764705877,72937.81588570742,2646.4079428537148,62352.18411429258,7.142857142857142,12.407704890717682,14.537913186897384
20120508,63400,64800,63000,64800,24367,-3840,700843,436.34848458542166,1004.7885349664377,2597.9366812913713,5588.534890489858,7013.6521137152895,64260.0,64920.0,67335.0,73983.33333333331,79645.83333333331,65681.95872504718,68283.50458743142,-2601.545862384257,-2581.2931477670722,-20.25271461718512,30.46875,72530.87336258273,2597.9366812913713,62139.126637417256,25.0,16.60513659381179,15.226987655868854
20120509,64700,64900,63200,63200,18254,-174,695104,594.6427498927352,1066.0675400742675,2681.6925625431445,5630.792326326956,7147.269097743297,64020.0,64650.0,67005.0,73653.33333333331,79456.66666666669,65300.11892119376,67906.94869206611,-2606.829770872355,-2586.4004723881285,-20.42929848422636,27.083333333333336,72368.3851250863,2681.6925625431445,61641.614874913714,2.7777777777777777,11.996016988467119,14.149997433401609
20120510,63300,65500,63200,64600,16115,-1098,699845,620.9669878503963,846.4632301523793,2638.0437828055874,5608.635207328895,7262.741246710319,64180.0,64450.0,66735.0,73343.33333333331,79297.5,65192.40831793317,67661.98952969084,-2469.581211757657,-2563.036620262035,93.45540850437736,35.57046979865772,72011.08756561117,2638.0437828055874,61458.912434388825,33.33333333333333,19.10845577008919,15.802816878964137
20120511,64200,65400,63400,63500,15654,-1914,696889,628.0127387242985,544.5181356024792,2536.217656274635,5586.241779785635,7377.598930019369,63960.0,64150.0,66360.0,73008.33333333331,79110.83333333331,64932.037807481924,67353.69400897299,-2421.6562014910737,-2534.7605365078425,113.10433501676836,30.51948051948052,71432.43531254926,2536.217656274635,61287.56468745072,10.416666666666668,16.211192735615015,15.93894216451443
20120514,64700,64700,63100,63100,13546,1403,693369,717.2168430816401,629.6824596572468,2394.008145349383,5551.511055559594,7494.52536300114,63840.0,64050.0,65965.0,72665.0,78922.5,64650.18583710008,67038.60556386386,-2388.4197267637865,-2505.4923745590313,117.07264779524485,33.571428571428584,70753.01629069878,2394.008145349383,61176.98370930122,2.5,11.640795157076676,14.50622649536851
20120515,62800,64600,61300,63300,30452,11528,687329,546.2600113499011,611.5553940568262,2271.5853494859452,5516.191067112281,7603.827800668748,63540.0,63900.0,65630.0,72338.33333333331,78738.33333333331,64442.464939084675,66761.67181839245,-2319.2068793077706,-2468.2352755087795,149.02839620100897,39.51612903225807,70173.17069897191,2271.5853494859452,61086.82930102811,39.21568627450981,20.832425529554385,16.6149595067638
20120516,63300,64200,61700,62800,29592,-9353,687720,615.1422599691831,666.6333324999582,2137.428361372418,5487.795550127617,7714.05625393603,63460.0,63740.0,65280.0,72010.0,78548.33333333331,64189.778025379346,66468.21464665968,-2278.4366212803216,-2430.275544663088,151.83892338276658,34.42622950819672,69554.85672274484,2137.428361372418,61005.14327725516,34.090909090909086,25.251920050005953,19.493946354511184
20120517,61800,63000,61700,61700,21968,-6905,687557,633.7191807101898,903.3825324855467,2005.9598699872256,5550.846782248678,7838.494709161718,62880.0,63530.0,64875.0,71710.0,78350.83333333331,63806.73525224406,66115.01356172192,-2308.278309477857,-2405.876097626042,97.59778814818493,31.818181818181817,68886.91973997443,2005.9598699872256,60863.08026002555,9.090909090909092,19.864916396973666,19.61760303533201
20120518,60800,60800,59200,59500,28784,4729,683134,1403.4243834279043,1437.2195378577344,2106.531509377241,5654.756847115581,7998.635951419093,62080.0,63020.0,64405.0,71365.0,78137.5,63144.160598052666,65625.01255714992,-2480.851959097257,-2420.871269920285,-59.98068917697219,32.30769230769231,68618.06301875449,2106.531509377241,60191.936981245526,4.615384615384616,14.781739136443981,18.005648402369335
20120521,59300,60000,57900,58300,26588,-7890,685025,1922.9144546755047,1988.8690253508398,2165.519568140437,5795.978251243657,8188.913194408416,61120.0,62480.0,63845.0,71011.66666666669,77935.83333333331,62398.90512142918,65082.41903439807,-2683.5139129688905,-2473.3997985300066,-210.1141144388839,25.92592592592593,68176.03913628087,2165.519568140437,59513.96086371912,5.128205128205128,11.563894467031028,15.858397090589898
20120522,58500,59600,58100,59000,87368,4020,684118,1704.8167056900852,2071.7142660125696,2220.5629916755647,5918.9889808611915,8349.674602774823,60260.0,61900.0,63410.0,70691.66666666669,77729.16666666669,61875.996641209305,64631.869476294494,-2755.8728350851893,-2529.8944058410434,-225.97842924414545,30.434782608695656,67851.12598335113,2220.5629916755647,58968.87401664888,14.473684210526317,12.533824381529458,14.750206187569752
20120523,58400,58800,57400,58300,55633,-1714,684432,1254.7509713086474,2275.7196663912714,2404.5997587954475,6014.623614343868,8510.765690517484,59360.0,61410.0,63030.0,70338.33333333331,77510.83333333331,61325.84331179249,64162.84210768008,-2836.998795887587,-2591.315283850352,-245.6835120372343,30.215827338129497,67839.1995175909,2404.5997587954475,58220.800482409104,11.11111111111111,12.059586624723343,13.853332999954283
20120524,58000,59400,58000,58200,9818,4109,682553,508.3306010855474,2186.8013169924693,2476.873028638956,6141.845542397447,8660.859592955514,58660.0,60770.0,62610.0,70020.0,77286.66666666669,60844.94434074749,63721.15009970376,-2876.2057589562683,-2648.2933788715354,-227.91238008473286,25.75757575757576,67563.74605727791,2476.873028638956,57656.25394272209,9.876543209876543,11.331905486441075,13.012857162116546
20120525,58300,60400,58300,59900,23389,4202,684657,646.8384651518446,1995.7204213015411,2374.152480359909,6165.602610901575,8758.359657429553,58740.0,60410.0,62280.0,69703.33333333331,77061.66666666669,60699.568288324816,63438.101944170136,-2738.5336558453423,-2666.341434266297,-72.19222157904505,36.428571428571416,67028.30496071982,2374.152480359909,57531.695039280174,30.864197530864196,17.842669501248782,14.622794608493956
20120529,60300,61600,59200,60400,69562,-655,683896,868.5620300243352,1785.0490189347745,2369.2773159761405,6150.0431344468125,8834.333119521094,59160.0,60140.0,62095.0,69388.33333333331,76835.0,60653.480859351745,63213.057355713085,-2559.5764963613397,-2644.988446685305,85.41195032396536,33.582089552238806,66833.55463195227,2369.2773159761405,57356.44536804772,37.5,24.39511300083252,17.88023407260681
20120530,60000,60800,59100,60000,15741,3955,679996,922.1713506718772,1442.5324953012325,2325.8278096194267,6168.761806247918,8910.03039650636,59360.0,59810.0,61855.0,69093.33333333331,76605.0,60552.94534252841,62975.05310714175,-2422.1077646133413,-2600.412310270913,178.304545657571,36.885245901639344,66506.65561923885,2325.8278096194267,57203.344380761155,35.61643835616438,28.13555478594314,21.29867431038559
20120531,59100,60300,58600,59200,19029,2075,674656,773.5631842325447,1046.1835403025611,2317.4285317996523,6200.233866557043,8987.404612382112,59540.0,59450.0,61595.0,68790.0,76365.0,60344.799905216336,62695.419543649776,-2350.619638433425,-2550.453775903416,199.8341374699903,26.72413793103448,66229.85706359931,2317.4285317996523,56960.142936400705,25.0,27.09036985729543,23.229239492688873
20120601,58900,59300,57800,57800,18666,-4484,669102,915.6418513807644,841.6650165000325,2399.473900670537,6301.520760014189,9074.85533248636,59460.0,59060.0,61295.0,68501.66666666669,76109.16666666669,59953.292227490754,62332.795873749776,-2379.503646259036,-2516.26374997454,136.76010371550365,26.05042016806723,66093.94780134107,2399.473900670537,56496.05219865892,5.88235294117647,20.021030885255776,22.159836623544507
20120604,56500,58300,56400,58300,22516,7244,664543,983.0564581955575,855.8037158133867,2358.092449417342,6357.642819648113,9157.269387699012,59140.0,58940.0,60980.0,68206.66666666669,75865.83333333331,59698.93957710756,62034.07025347202,-2335.130676364461,-2480.037135252524,144.90645888806333,30.000000000000004,65696.18489883469,2358.092449417342,56263.815101165324,28.78787878787879,22.943313519463448,22.42099558885082
20120605,58800,58800,57400,58100,11799,4659,657216,808.4553172563056,872.6969691708572,2350.9572518442505,6412.951088747496,9254.385747069122,58680.0,58920.0,60700.0,67915.0,75636.66666666669,59452.948872937166,61742.65764210372,-2289.708769166551,-2441.9714620353298,152.2626928687787,28.33333333333333,65401.914503688495,2350.9572518442505,55998.085496311505,32.69230769230769,26.192978243744864,23.678323140482167
20120607,58800,59300,58300,58400,13118,2638,652088,467.33285782191047,885.6635930193811,2201.9536779866794,6453.414255691063,9332.719622679988,58360.0,58860.0,60380.0,67633.33333333331,75403.33333333331,59290.95673863914,61495.05337231825,-2204.096633679117,-2394.3964963640874,190.29986268497032,31.355932203389827,64783.90735597336,2201.9536779866794,55976.09264402664,38.46153846153847,30.282498316342735,25.87971486576902
20120608,58000,59300,57900,58400,18898,11937,645531,228.03508501981446,879.8295289429652,2142.288495977855,6454.933298562426,9431.13103709674,58200.0,58870.0,60140.0,67331.66666666669,75195.83333333331,59153.88647115619,61265.79015955394,-2111.903688397746,-2337.897934770819,225.99424637307308,34.57943925233645,64424.576991955706,2142.288495977855,55855.42300804429,38.46153846153847,33.00884503140798,28.256091587648672
20120611,58500,61200,58500,60800,26533,9705,645300,1005.9821071967405,1016.9070754006976,1892.2209173347208,6395.917969038364,9479.692293119158,58800.0,59130.0,59950.0,67070.0,74995.83333333331,59407.13470636293,61231.28718477216,-1824.1524784092328,-2235.1488434985017,410.9963650892692,55.963302752293565,63734.441834669444,1892.2209173347208,56165.558165330556,84.61538461538461,50.21102489273352,35.57440268934362
20120612,59900,62400,59900,61900,33495,7414,643867,1538.0507143784287,1304.645545732633,1770.3389505964817,6296.546452002352,9490.491403680522,59520.0,59330.0,59870.0,66818.33333333331,74787.5,59790.65244384557,61280.82146738162,-1490.169023536073,-2086.152879506016,595.9838559699429,66.66666666666666,63410.67790119296,1770.3389505964817,56329.32209880704,91.66666666666666,64.02957215071123,45.059459176466156
20120613,62800,63500,61800,63400,41464,7322,637718,1962.039754948914,1775.9786034747153,1798.6870211348755,6196.135668481075,9489.353537283565,60580.0,59630.0,59885.0,66608.33333333331,74598.33333333331,60345.93668325394,61437.79765498299,-1091.8609717290528,-1887.2944979506228,795.4335262215703,68.9655172413793,63482.374042269745,1798.6870211348755,56287.625957730255,98.59154929577466,75.5502311990657,55.22304985066601
20120614,63700,64900,63200,64800,49977,11005,638929,2195.9963570097275,2362.8161164170183,1963.2625906890432,6061.6854550163525,9510.164737444557,61860.0,60110.0,59960.0,66411.66666666669,74460.0,61031.177193522555,61686.849680539824,-655.6724870172475,-1640.9700957639484,985.2976087467005,76.42276422764228,63886.525181378085,1963.2625906890432,56033.47481862192,98.82352941176471,83.30799726996537,64.58469899043246
20120615,64500,65400,63600,63700,27617,7236,634587,1407.69314838142,2566.398254363496,2036.7805478251835,5896.142571395596,9539.216716038904,62920.0,60560.0,60005.0,66181.66666666669,74313.33333333331,61441.76531759602,61835.97192642575,-394.2066088297288,-1391.6173983771046,997.4107895473757,70.67669172932331,64078.56109565037,2036.7805478251835,55931.43890434963,81.11111111111111,82.57570188368062,70.5816999548485
20120618,64800,65000,63400,64800,20526,2023,635632,1072.194012294414,2670.655350283896,2265.0386310169324,5727.509396665374,9539.791518802847,63720.0,61260.0,60160.0,65978.33333333331,74156.66666666669,61958.41680719662,62055.52956150533,-97.11275430869864,-1132.7164695634233,1035.6037152547246,69.29133858267717,64690.077262033876,2265.0386310169324,55629.92273796613,93.33333333333333,86.16157903356486,75.7749929810873
20120619,64600,65000,63800,64900,7969,1765,634523,636.8673331236216,2673.1255114565797,2481.7534124080626,5556.002509798765,9536.150516149959,64320.0,61920.0,60430.0,65781.66666666669,74000.0,62410.96806762793,62266.2310754679,144.73699216001842,-877.2257772187352,1021.9627693787534,68.29268292682927,65393.50682481613,2481.7534124080626,55466.49317518387,94.44444444444444,88.92253417052473,80.15750671089977
20120620,64700,65000,63900,64500,12129,1370,633226,440.90815370096533,2437.7038376308146,2581.549922042779,5389.757776458066,9512.01155849221,64540.0,62560.0,60740.0,65586.66666666669,73821.66666666669,62732.357595685164,62431.695440248055,300.6621554371086,-641.6481906875662,942.3103461246747,68.29268292682927,65903.09984408556,2581.549922042779,55576.90015591443,90.0,89.28168944701649,83.198900956272
20120621,64000,65400,64000,64800,9956,3650,631352,440.90815370096533,2074.6083967823897,2693.157997592989,5230.323975519127,9488.387603041732,64540.0,63200.0,61030.0,65406.66666666666,73650.83333333331,63050.45642711821,62607.12540763707,443.3310194811274,-424.65234865382735,867.9833681349547,73.72881355932203,66416.31599518599,2693.157997592989,55643.68400481402,92.5,90.35445963134434,85.58408718129611
20120622,65000,66000,63100,64800,15081,7757,629861,135.6465996624834,1358.8230201170422,2735.959612274839,5049.06234419391,9474.395282667,64760.0,63840.0,61355.0,65221.66666666666,73490.83333333331,63319.616976792335,62769.560562626924,550.0564141654031,-229.7105960899813,779.7670102553842,83.65384615384616,66826.91922454968,2735.959612274839,55883.080775450326,85.18518518518519,88.63136814929129,86.59984750396116
20120625,63900,65100,63300,65000,9587,5465,627253,167.33200530679733,938.2963284591921,2745.264103870353,4861.288123761394,9429.874365841575,64800.0,64260.0,61695.0,65043.33333333334,73311.66666666669,63578.13744190121,62934.778298728634,643.3591431725654,-55.096648237471896,698.4557914100372,83.16831683168317,67185.5282077407,2745.264103870353,56204.4717922593,87.65432098765432,88.30568576207897,87.1684602566671
20120626,65000,65000,63500,64000,22577,16434,612455,348.7119154832453,534.8831648126533,2756.6283753888733,4656.517535192682,9384.56086553278,64620.0,64470.0,61900.0,64846.66666666666,73120.83333333331,63643.039373916414,63013.68360993393,629.3557639824794,81.7938342065184,547.5619297759612,77.06422018348623,67413.25675077773,2756.6283753888733,56386.74324922224,73.33333333333333,83.31490161916376,85.88394071083265
20120627,63600,64200,62800,63900,13793,7111,604866,456.0701700396486,448.998886412873,2766.92518872468,4509.415766544148,9328.281333605317,64500.0,64520.0,62075.0,64681.66666666666,72924.16666666669,63682.571777929275,63079.336675864746,603.2351020645217,186.0820877781192,417.1530142864028,75.70093457943926,67608.85037744936,2766.92518872468,56541.149622550634,65.57377049180327,77.40119124337694,83.05635755501407
20120628,63300,65800,63300,65100,16848,2535,603761,508.3306010855474,475.92016137163176,2798.7675859204724,4305.351966512954,9251.840657704606,64560.0,64550.0,62330.0,64516.66666666666,72733.33333333331,63900.63765824784,63229.015440615505,671.6222176323354,283.1901137489625,388.43210388337286,78.15126050420169,67927.53517184095,2798.7675859204724,56732.464828159056,78.57142857142857,77.7912703527275,81.30132848758522
20120629,64100,66100,64100,65800,10172,-246,602140,717.2168430816401,516.1395160225576,2799.3570690426614,4100.3858219550875,9154.73996839284,64760.0,64760.0,62660.0,64368.33333333334,72541.66666666669,64192.84724928664,63419.45874131066,773.3885079759857,381.2297925943672,392.15871538161855,74.50980392156862,68258.71413808533,2799.3570690426614,57061.28586191468,90.9090909090909,82.16387720484863,81.58884472667303
20120702,65300,66700,64200,65200,7321,816,601653,734.8469228349494,532.9165037789692,2615.549655426011,3970.1595266019344,9072.40225292559,64800.0,64800.0,63030.0,64250.0,72354.16666666669,64347.793826319474,63551.35068639875,796.4431399207097,464.27246205963576,332.1706778610739,67.01030927835049,68261.09931085202,2615.549655426011,57798.90068914798,61.53846153846154,75.28873864938627,79.48880936757745
20120703,64700,66000,64700,65800,10021,371,603509,694.5502141674092,612.2907805936652,2442.432189437229,3828.232475815743,8992.90630935791,65160.0,64890.0,63405.0,64138.33333333334,72178.33333333331,64571.21016073185,63717.917302221074,853.2928585107802,542.0765413498647,311.21631716091565,63.63636363636363,68289.86437887445,2442.432189437229,58520.13562112554,76.92307692307693,75.83351807394983,78.27037893636823
20120704,65300,65900,64800,64800,8139,1411,603296,397.99497484264054,599.6665740225981,2131.525275477432,3711.0237431500855,8916.88333070102,65340.0,64920.0,63740.0,64028.33333333334,71995.0,64606.40859754232,63798.07157613061,808.3370214117168,595.3286373622351,213.00838404948158,50.0,68003.05055095487,2131.525275477432,59476.949449045125,51.28205128205128,67.64969580998364,74.73015122757336
20120705,64200,65600,64200,64200,8929,-5532,605963,611.8823416311292,637.4950980203691,1744.7349368884513,3598.5101083644972,8844.734741013395,65160.0,64860.0,64030.0,63915.0,71809.16666666669,64543.88419792044,63827.84405197277,716.040145947649,619.4709390793179,96.569206868331,53.164556962025316,67519.4698737769,1744.7349368884513,60540.53012622309,35.8974358974359,57.065609172467724,68.84197054253815
20120706,64100,65000,63500,63500,6497,-1681,607710,794.9842765740677,757.6938695805845,1186.7076303787528,3516.2337806240166,8788.18082553054,64700.0,64730.0,64285.0,63810.0,71626.66666666669,64383.2866290096,63803.559307382224,579.7273216273825,611.5222155889309,-31.794893961548386,41.333333333333336,66658.41526075751,1186.7076303787528,61911.58473924249,17.94871794871795,44.026645431217794,60.570195505431364
20120709,63300,64100,63000,64000,5021,-121,608312,788.923316932637,781.0889834071404,882.8788138805678,3422.849689951559,8737.83594966933,64460.0,64630.0,64445.0,63710.0,71457.5,64324.31945531582,63818.11046979835,506.20898551747086,590.4595695746389,-84.250584057168,44.303797468354425,66210.75762776114,882.8788138805678,62679.24237223887,30.76923076923077,39.607507210555454,53.582632740472725
20120710,63400,64900,63400,64100,7031,1409,608654,416.653333119986,773.5631842325487,670.4289671539863,3289.2970373624653,8653.346133465133,64120.0,64640.0,64555.0,63595.0,71270.83333333331,64289.80876988263,63838.99117573921,450.817594143402,562.5311744883915,-111.71358034498951,47.368421052631575,65895.85793430798,670.4289671539863,63214.14206569202,33.33333333333333,37.51611591814808,48.22712713303118
20120711,63900,65100,63500,64000,9766,2965,605657,241.66091947187908,764.5259969418961,630.2975487808608,3145.583764935171,8579.137323893505,63960.0,64650.0,64585.0,63478.33333333334,71091.66666666669,64245.22280528527,63850.91775531407,394.30504997120437,528.885949584954,-134.58089961374958,44.59459459459461,65845.59509756173,630.2975487808608,63324.40490243827,30.76923076923077,35.26715420184231,43.907136155968225
20120712,63700,64100,61100,61100,17439,-3614,606379,1139.4735626595266,1290.1550294441365,983.8699100994792,3042.7126055547083,8500.061274288972,63340.0,64250.0,64400.0,63330.0,70875.0,63761.34237370294,63647.14606973528,114.19630396767752,445.94802046149874,-331.75171649382116,32.03883495145631,66367.73982019897,983.8699100994792,62432.26017980104,0.0,23.51143613456154,37.108569482166
20120713,61300,64400,61000,61700,22677,6982,605813,1304.4539087296241,1380.7244475274563,1139.298029489718,2930.268759005141,8453.413347413138,62980.0,63840.0,64300.0,63195.0,70688.33333333331,63444.212777748624,63502.913027532646,-58.700249784007596,345.01836641239737,-403.718616196405,34.57943925233645,66578.59605897943,1139.298029489718,62021.403941020566,12.280701754385964,19.76785800783635,31.328332324056117
20120716,61700,62300,61100,62200,19810,-6820,614717,1218.8519188154048,1378.5499628232556,1220.2868515226867,2803.5389341967584,8418.395490762432,62620.0,63540.0,64170.0,63068.33333333334,70519.16666666669,63252.79542732577,63406.40095141912,-153.60552409334926,245.2935883112481,-398.8991124045973,41.1764705882353,66610.57370304537,1220.2868515226867,61729.426296954625,21.052631578947366,20.196115864873352,27.61759350432853
20120717,61800,63200,61800,62300,11098,2334,613601,968.7104830649837,1192.015100575492,1272.9493312772306,2700.1414572000563,8355.604863736033,62260.0,63190.0,64040.0,62958.33333333334,70335.83333333331,63106.2115154295,63324.44532538808,-218.2338099585686,152.58810865728475,-370.82191861585335,42.15686274509804,66585.89866255446,1272.9493312772306,61494.101337445536,22.807017543859647,21.06641642453545,25.43386781106417
20120718,62300,62600,61600,61600,13397,4651,612708,435.430821141538,1145.469336123844,1373.490080051234,2567.2856396507805,8314.219705153087,61780.0,62870.0,63895.0,62826.66666666666,70159.16666666669,62874.48666690189,63196.708634618575,-322.22196771669405,57.62609338248895,-379.84806109918304,31.958762886597928,66641.98016010247,1373.490080051234,61148.019839897526,12.0,18.04427761635697,22.970671079495105
20120719,62900,63600,61900,62400,9487,1790,613850,326.19012860599264,1060.61303028013,1393.8705104847945,2488.044189497136,8247.571359699392,62040.0,62690.0,63775.0,62738.33333333334,69980.0,62801.48871814775,63137.693180202376,-336.2044620546367,-21.14001770493619,-315.0644443497005,32.6530612244898,66562.7410209696,1393.8705104847945,60987.25897903041,28.57142857142857,21.553327934714172,22.49822336456813
20120720,62300,62400,61400,62100,7880,-1156,614541,278.56776554367167,1036.580918211405,1418.5908501041233,2454.901559465928,8192.605744748687,62120.0,62550.0,63640.0,62675.0,69806.66666666669,62693.56737689426,63060.827018705924,-367.2596418116591,-90.36394252628081,-276.8956992853783,33.6842105263158,66477.18170020825,1418.5908501041233,60802.81829979176,23.91304347826087,22.33989978256307,22.445448837233112
20120723,61300,61900,60000,60000,8982,-2859,614381,884.0814442120102,1163.8298844762496,1587.4192892865872,2424.24043087072,8131.957491212629,61680.0,62150.0,63390.0,62565.0,69604.16666666669,62279.172395833615,62834.099091394375,-554.92669556076,-183.2764931331767,-371.6502024275834,23.63636363636364,66564.83857857318,1587.4192892865872,60215.16142142683,0.0,14.893266521708712,19.92805473205831
20120724,59200,60100,58600,60000,10914,-592,614588,1028.3968105745923,1126.232658024087,1742.383425081612,2390.980737875252,8080.629100921967,61220.0,61740.0,63190.0,62456.66666666666,69410.0,61928.530488782286,62624.165825365155,-695.6353365828691,-285.7482618231152,-409.8870747597539,26.0,66674.76685016323,1742.383425081612,59705.23314983678,21.53846153846154,17.10833152729299,18.988146997136536
20120725,58000,60400,58000,60000,10636,3720,612487,1106.3453348751436,948.8940931421167,1865.8711102321952,2401.60305259296,8021.328815864768,60900.0,61340.0,62995.0,62388.33333333334,69214.16666666669,61631.833490508085,62429.7831716344,-797.949681126316,-388.18854568375536,-409.76113544256066,27.659574468085108,66726.74222046441,1865.8711102321952,59263.25777953561,28.169014084507044,20.795225713031005,19.59050656910136
20120726,59100,61000,59100,60000,9708,-443,612624,839.9999999999965,1030.5823596394416,1908.7692369689735,2399.881362808829,7913.647845476981,60420.0,61230.0,62740.0,62308.33333333334,68996.66666666669,61380.78218427608,62249.799232994825,-869.0170487187422,-484.35424629075294,-384.6628024279895,29.88505747126437,66557.53847393795,1908.7692369689735,58922.46152606206,28.169014084507044,23.253155170189686,20.811389436130803
20120727,61300,61500,60000,61500,18170,-416,611040,599.999999999995,1023.1813133555555,1790.4957414077012,2386.4338806403744,7813.736302179657,60300.0,61210.0,62525.0,62260.0,68805.0,61399.12338669514,62194.25854906928,-795.1351623741357,-546.5104295074296,-248.62473286670604,37.11340206185567,66105.9914828154,1790.4957414077012,58944.0085171846,54.6875,33.73127011345979,25.1180163285738
20120730,61500,61500,60300,60400,9201,-1810,611391,581.0335618533529,991.0095862301233,1736.7426406923705,2389.5583041412697,7700.962421816018,60380.0,61030.0,62285.0,62203.33333333334,68596.66666666669,61245.412096434346,62061.350508397474,-815.9384119631288,-600.3960259985695,-215.54238596455917,32.710280373831765,65758.48528138474,1736.7426406923705,58811.51471861526,37.5,34.98751340897319,28.40784868870693
20120731,60400,61200,59100,60900,25722,152,614518,574.8043145279914,896.0468737739114,1560.2563891870789,2374.608154810075,7585.742474464124,60560.0,60890.0,62040.0,62141.66666666666,68396.66666666669,61192.27177390597,61975.32454481247,-783.0527709064917,-636.927374980154,-146.12539592633775,36.03603603603604,65160.51277837416,1560.2563891870789,58919.48722162585,51.78571428571429,40.586913701220226,32.46753702621137
20120801,60500,60900,59900,60100,20341,6509,605495,556.4171097297368,890.1685233707152,1478.6733919290955,2379.950396308821,7462.706539110932,60580.0,60740.0,61805.0,62081.66666666666,68186.66666666669,61024.22996253582,61836.41161556711,-812.181653031279,-671.9782305903791,-140.20342244089986,44.444444444444436,64762.346783858186,1478.6733919290955,58847.653216141814,37.5,39.55794246748015,34.83100550663429
20120802,60400,64700,60300,64500,37293,13481,598318,1582.9087149927484,1373.499180924401,1504.194136406301,2374.543230930357,7340.113532273654,61480.0,60950.0,61820.0,62076.66666666666,68030.0,61558.96381445339,62033.71445885843,-474.750644405045,-632.5327133533124,157.78206894826738,60.9375,64828.388272812605,1504.194136406301,58811.6117271874,97.01492537313433,58.71027010269821,42.79076037198893
20120803,64600,68800,63500,66000,51317,-1128,606530,2404.4957891416643,2037.7438504385184,1726.1155812978168,2423.17743652637,7212.768577706877,62380.0,61340.0,61945.0,62123.33333333334,67888.33333333331,62242.20015069133,62327.513387831874,-85.31323714055179,-523.0888181107604,437.7755809702085,63.76811594202898,65397.23116259564,1726.1155812978168,58492.768837404365,74.07407407407408,63.83153809315684,49.80435294571157
20120806,66500,67800,65300,65300,22765,-3608,609952,2396.330528120024,2293.4907891683365,1823.979166547442,2436.7208156321385,7078.40961225677,63360.0,61870.0,62010.0,62135.0,67739.16666666669,62712.630896738825,62547.69758132582,164.93331541299997,-385.4843914060082,550.4177068190081,60.41666666666666,65657.95833309487,1823.979166547442,58362.04166690513,67.5925925925926,65.0852229263021,54.89797627257508
20120807,64700,66000,64600,64800,17124,-6396,613825,2082.8826179120115,2353.4017931496523,1869.8863601831808,2454.476635773332,6932.167319821422,64140.0,62350.0,62045.0,62156.66666666666,67582.5,63033.76460493284,62714.5347975239,319.22980740894127,-244.54155164301827,563.7713590519595,61.26760563380282,65784.77272036638,1869.8863601831808,58305.22727963363,62.96296296296296,64.37780293852238,58.05791849455752
20120808,64500,66400,64500,64600,24197,-2601,618371,553.5341001239166,2298.0208876335305,1905.485502437398,2471.537420761385,6777.828232963392,65040.0,62810.0,62075.0,62181.66666666666,67423.33333333331,63274.72389648164,62854.1988865962,420.5250098854376,-111.52823933732708,532.0532492227646,58.08823529411765,65885.97100487481,1905.485502437398,58264.028995125205,61.111111111111114,63.288905662718626,59.80158088394455
20120809,64600,68400,64600,68000,43669,4802,634013,1228.9833196589748,2558.3002169409287,2284.6443924600408,2577.9319877248404,6627.989838974984,65740.0,63610.0,62420.0,62260.0,67299.16666666669,64001.68945086908,63235.36933944093,766.3201114281546,64.04143081576933,702.2786806123853,67.66467065868264,66989.28878492008,2284.6443924600408,57850.71121507992,92.5925925925926,73.05680130600994,64.21998769129969
20120810,67500,68800,67200,68600,18117,5303,636000,1691.8628786045263,2843.518946657469,2642.777894564566,2702.120566436139,6481.156446876511,66260.0,64320.0,62765.0,62356.66666666666,67183.33333333331,64709.121843043074,63632.74938837122,1076.3724546718367,266.50763558698293,809.8648190848538,78.28947368421052,68050.55578912914,2642.777894564566,57479.444210870875,97.9381443298969,81.35058231397227,69.93018589885722
20120813,68500,68800,67600,68400,8155,61,644637,1791.5356541246936,2752.017441805193,2908.586426427643,2809.0028875428056,6379.913738096748,66880.0,65120.0,63075.0,62468.33333333334,67089.16666666669,65276.94925180567,63985.87906330668,1291.070188498983,471.4201461693831,819.6500423296001,77.27272727272727,68892.17285285528,2908.586426427643,57257.827147144715,95.87628865979381,86.19248442924612,75.35095207565352
20120814,68800,69000,67700,68400,15680,1290,649536,1512.613632095121,2511.1949346874685,3123.2355018472645,2882.3697811969137,6267.016778783634,67600.0,65870.0,63380.0,62616.66666666666,66990.83333333331,65757.41859768171,64312.85098454322,1444.5676131384823,666.0496395632031,778.5179735752797,77.27272727272727,69626.47100369452,3123.2355018472645,57133.52899630548,93.93939393939394,88.7747875992954,79.82556391686748
20120816,67800,69000,67800,68300,11585,596,650696,195.95917942263904,1701.4405661086137,3270.2102378897816,2916.857136638189,6162.55442842766,68340.0,66690.0,63715.0,62783.33333333334,66897.5,66148.58496726914,64608.195356058524,1540.3896112106013,840.9176338926828,699.4719773179187,76.7741935483871,70255.42047577957,3270.2102378897816,57174.57952422043,92.92929292929293,90.15962270929458,83.27025018100984
20120817,68100,70300,68100,69800,20152,3280,654103,558.5696017507523,1761.1359970201056,3510.309815386549,3009.593918713474,6080.9396546367225,68700.0,67220.0,64085.0,62963.33333333334,66827.5,66710.34112615082,64992.773477832,1717.567648318829,1016.2476367779125,701.3200115409168,76.7741935483871,71105.6196307731,3510.309815386549,57064.38036922691,95.1923076923077,91.83718437029894,86.12589491077289
20120820,70300,71600,69700,71500,17112,7088,653337,1241.6118556134982,2117.0970691019347,3827.985762773833,3140.2848419992797,5984.734689654636,69280.0,67770.0,64555.0,63183.33333333334,66760.83333333331,67447.21172212761,65474.790257251836,1972.421464875777,1207.4824023974854,764.9390624782916,84.47204968944101,72210.97152554766,3827.985762773833,56899.02847445233,99.11504424778761,94.26313766279516,88.83830916144699
20120821,72000,72000,70900,71200,11010,1255,653680,1345.5110553243305,2168.0405900259343,3938.308647122413,3235.9954676526063,5920.563036288581,69840.0,68360.0,65115.0,63400.0,66710.0,68024.56376487721,65898.87986782577,2125.6838970514364,1391.1227013282758,734.5611957231606,82.38993710691823,72991.61729424482,3938.308647122413,57238.382705755175,90.58823529411765,93.03817020656932,90.23826284315443
20120822,70600,71600,69100,69700,22588,312,652018,1154.123043700278,1836.436767220696,3875.306439496003,3301.8664755292198,5820.943986063505,70100.0,68850.0,65600.0,63563.33333333334,66633.33333333331,68282.32318566533,66180.4443220609,2101.8788636044337,1533.2739337835073,568.6049298209261,78.91566265060241,73350.612878992,3875.306439496003,57849.387121007996,69.33333333333334,85.13655791549066,88.53769453393318
20120823,70000,70500,68700,69400,14193,-6698,656281,856.5045242145508,1168.8028062936878,3735.117133370679,3358.6935290710503,5709.932805111534,70320.0,69330.0,66070.0,63713.33333333334,66550.83333333331,68454.27346479375,66418.92992783416,2035.3435369595832,1633.6878544187227,401.65568254085997,69.6,73540.23426674136,3735.117133370679,58599.76573325863,65.33333333333333,78.53548305477155,85.20362404087929
20120824,69600,69600,68400,69300,58320,-18145,668293,936.8030742904264,1082.774214691133,3523.3897031125025,3398.111812299649,5623.659778609971,70220.0,69460.0,66535.0,63868.33333333334,66480.83333333331,68584.38523944086,66632.34252577237,1952.0427136684884,1697.3588262686762,254.6838873998124,64.86486486486487,73581.779406225,3523.3897031125025,59488.220593775,64.0,73.69032203651436,81.36585670609098
20120827,70000,71000,69400,70900,18607,-2176,676624,792.4645102463542,1119.3301568348813,3446.516357135016,3459.7671726418803,5549.034951132391,70100.0,69690.0,67005.0,64063.33333333334,66426.66666666669,68940.63366414228,66948.46530164109,1992.1683625011792,1756.3207335151767,235.84762898600246,73.33333333333334,73898.03271427003,3446.516357135016,60111.967285729974,85.13513513513513,77.50525973605461,80.0789910494122
20120828,70400,71200,70100,70900,14560,3566,676540,714.4228439796657,1081.8502669038817,3190.6268976486786,3470.950478215399,5507.307014826351,70040.0,69940.0,67530.0,64281.66666666666,66391.66666666669,69242.07463888961,67241.1715755936,2000.9030632960053,1805.2371994713424,195.66586382466312,76.52173913043477,73911.25379529735,3190.6268976486786,61148.746204702635,77.08333333333334,77.36461760181419,79.17419990021286
20120829,71100,71100,69800,70600,10057,4406,675377,719.4442299441937,963.5351576356722,2866.75339016094,3474.836526930492,5450.381230295319,70220.0,70160.0,68015.0,64486.66666666666,66346.66666666669,69450.9862329066,67489.97368110517,1961.0125518014106,1836.3922699373568,124.62028186405382,75.86206896551724,73748.50678032187,2866.75339016094,62281.49321967812,68.18181818181817,74.30368446181552,77.55069475408041
20120830,70000,71000,68900,70200,14116,-1756,677173,597.9966555090373,739.2563831310488,2251.577224969034,3449.3521936092607,5395.8160231382535,70380.0,70350.0,68520.0,64688.33333333334,66301.66666666669,69566.21912015173,67690.71637139369,1875.5027487580371,1844.2143657014926,31.28838305654472,62.7906976744186,73023.15444993808,2251.577224969034,64016.845550061924,58.139534883720934,68.91563460245065,74.67234137020382
20120831,70000,71600,69200,70600,19608,-2676,683894,257.6819745344909,718.4010022264723,2094.0093123000347,3432.214623566492,5347.196500659632,70640.0,70430.0,68825.0,64891.66666666666,66262.5,69725.26233243608,67906.21886240157,1819.0434700345068,1839.180186568096,-20.136716533588928,61.904761904761905,73013.01862460008,2094.0093123000347,64636.98137539992,66.66666666666666,68.16597862385599,72.50355378808787
20120903,70100,71700,68600,71700,20069,6573,680849,501.9960159204394,750.0,2077.955726188426,3435.281000960037,5288.0913774883475,70800.0,70450.0,69110.0,65113.33333333334,66222.5,70029.06812744593,68187.23968740887,1841.8284400370608,1839.7098372618887,2.1186027751723486,67.74193548387098,73265.91145237685,2077.955726188426,64954.088547623156,92.3076923076923,76.21321651846809,73.74010803154795
20120904,71000,72000,70200,71400,17258,2957,679921,558.5696017507523,772.0751258783048,1939.400680622567,3481.1731738981457,5225.444159750117,70900.0,70470.0,69415.0,65290.0,66180.0,70239.98072322347,68425.22193278598,1814.7587904374961,1834.7196278970105,-19.96083745951455,65.62499999999999,73293.80136124513,1939.400680622567,65536.19863875487,83.33333333333334,78.58658879008983,75.35560161772857
20120905,70300,71700,69900,71000,15916,-1033,681337,538.1449618829429,740.2702209328697,1651.0224105078894,3528.0916308334417,5149.831712460767,70980.0,70600.0,69725.0,65441.66666666666,66130.0,70356.90676580447,68615.94623406108,1740.9605317433884,1815.967808666286,-75.0072769228973,63.63636363636363,73027.04482101578,1651.0224105078894,66422.95517898422,72.22222222222221,76.4651332674673,75.7254455009748
20120906,70300,72100,70200,71900,64634,-15243,700761,470.7440918375864,714.4928271158501,1231.2189082365862,3612.901265680667,5097.571249025246,71320.0,70850.0,70090.0,65583.33333333331,66095.83333333331,70594.30572491148,68859.20947598247,1735.096248928996,1799.7934967188282,-64.69724778983209,61.29032258064516,72552.43781647318,1231.2189082365862,67627.56218352682,94.5945945945946,82.5082870431764,77.98639268170867
20120907,71300,73100,71300,72800,22012,4049,702713,601.9966777316915,726.636084983398,1267.7144788947146,3727.3389375742254,5043.738623834059,71760.0,71200.0,70330.0,65716.66666666669,66064.16666666669,70933.64330569434,69151.11988516897,1782.5234205253655,1796.339481480136,-13.816060954770364,57.647058823529434,72865.42895778942,1267.7144788947146,67794.57104221058,93.61702127659575,86.21119845431618,80.72799460591118
20120910,73800,73800,71300,72700,17255,-2707,707896,705.9745037889073,843.5638683585257,1302.4112253813314,3823.029630483781,4971.401476333288,71960.0,71380.0,70535.0,65866.66666666669,66024.16666666669,71205.39048943367,69413.99989367498,1791.3905957586976,1795.3497043358484,-3.959108577150573,59.036144578313255,73139.82245076267,1302.4112253813314,67930.17754923733,79.62962962962963,84.01734217942067,81.824443797081
20120911,71700,72700,71000,72000,14183,631,708911,649.3073232299125,845.5175929571187,1242.2861989088126,3899.891736389224,4899.6711199154215,72080.0,71490.0,70715.0,65986.66666666669,65982.5,71327.63810644388,69605.55545710647,1722.0826493374188,1780.6962933361624,-58.61364399874356,65.33333333333331,73199.57239781762,1242.2861989088126,68230.42760218238,65.38461538461539,77.8064332478189,80.48510694732697
20120912,71700,73400,71300,72900,14533,2858,713592,422.3742416388504,884.0814442120137,1209.7107092190727,3996.031364575115,4842.2445868510995,72460.0,71720.0,70940.0,66120.0,65950.83333333331,71569.53993622174,69849.58838620968,1719.9515500120615,1768.5473446713424,-48.595794659280955,71.60493827160494,73359.42141843814,1209.7107092190727,68520.57858156186,82.6923076923077,79.43505806264851,80.13509065243414
20120913,72100,73400,72000,72600,16541,-5141,719893,316.2277660168285,755.2483035399682,1098.3965586250333,4075.0633941900896,4789.517996509543,72600.0,71960.0,71155.0,66255.0,65920.83333333331,71728.07225372609,70053.32257982378,1674.7496739023045,1749.787810517535,-75.03813661523056,69.87951807228914,73351.79311725008,1098.3965586250333,68958.20688274992,76.92307692307693,78.59773101612465,79.62263744033099
20120914,73000,74900,72800,74700,46125,-15572,744588,910.8238029388527,983.9207285142436,1297.3048986261176,4210.969801205899,4775.038103396536,72980.0,72370.0,71400.0,66420.0,65913.33333333331,72185.291906999,70397.52090724424,1787.7709997547645,1757.3844483649814,30.38655138978357,71.5909090909091,73994.60979725224,1297.3048986261176,68805.39020274776,96.82539682539682,84.67361961921539,81.30629816662578
20120917,73600,74700,73100,74000,31905,-8021,752165,976.933979345582,1065.833007557938,1415.9360861279456,4315.393634678487,4744.9528009594815,73240.0,72600.0,71525.0,66573.33333333331,65897.5,72464.4777674607,70664.37121041134,1800.1065570493665,1765.928870101858,34.17768694750862,66.31578947368422,74356.87217225588,1415.9360861279456,68693.12782774412,85.71428571428571,85.02050831757215,82.54436821694124
20120918,74000,74800,73700,74700,15714,1324,753423,884.0814442120102,1150.6954418958994,1572.5775020644705,4433.502189766917,4728.57969925665,73780.0,72930.0,71700.0,66735.0,65889.16666666669,72808.40426477445,70963.30667630679,1845.097588467659,1781.7626137750185,63.3349746926408,70.7070707070707,74845.15500412893,1572.5775020644705,68554.84499587107,96.82539682539682,88.95547115351371,84.68140252913206
20120919,74700,79100,74300,79000,55708,1100,775204,2141.961717678445,1999.0247622278214,2172.8495115859587,4687.850431345697,4792.980906724136,75000.0,73730.0,72165.0,66985.0,65915.83333333331,73760.95745480915,71558.61729287666,2202.340161932487,1865.8781234065125,336.46203852597483,81.88405797101449,76510.69902317191,2172.8495115859587,67819.30097682809,98.91304347826086,92.27466192842944,87.21248899556451
20120920,79000,79200,77500,77500,17181,119,772777,1930.1813386311649,2183.7811245635407,2366.030430911519,4858.878185571602,4855.099266635933,75980.0,74290.0,72570.0,67211.66666666669,65946.66666666669,74336.1947694539,71998.71971562652,2337.4750538273656,1960.197509490683,377.27754433668264,73.15436241610739,77302.06086182303,2366.030430911519,67837.93913817697,81.72043010752688,88.75658465479525,87.72718754864142
20120921,78500,80400,77000,80000,34379,8893,777811,2346.571967786199,2699.796288611421,2745.446229668205,5118.437261508766,4953.082934451579,77040.0,75010.0,73105.0,67460.0,65988.33333333331,75207.54942030714,72591.40714409863,2616.1422762084985,2091.3864628342467,524.7558133742523,75.4601226993865,78595.89245933639,2745.446229668205,67614.10754066361,96.07843137254902,91.19720022737984,88.88385844155424
20120924,80100,80600,77500,80000,29504,12654,775728,1992.5862591115078,2951.6774891576483,3076.426498390523,5358.854562518333,5053.186494678374,78240.0,75740.0,73560.0,67696.66666666669,66032.5,75944.84950949065,73140.19180009133,2804.657709399325,2234.040712147262,570.6169972520634,76.875,79712.85299678106,3076.426498390523,67407.14700321894,93.75,92.04813348491989,89.93861678934279
20120925,79200,81500,78500,81400,25309,14071,773656,1290.581264392132,3103.8041175306153,3450.83685502508,5627.630249245553,5212.446375956509,79580.0,76680.0,74085.0,67966.66666666669,66108.33333333331,76784.10343110748,73752.029444529,3032.0739865784712,2393.647367033504,638.4266195449667,80.58823529411767,80986.67371005016,3450.83685502508,67183.32628994984,99.04761904761905,94.38129533915294,91.41950963927951
20120926,80400,82900,80000,81600,24172,9949,776467,1464.240417417848,3141.416877779834,3717.832029556929,5883.9130970243505,5368.73659615452,80100.0,77550.0,74635.0,68230.0,66184.16666666669,77525.01059555248,74333.36059678611,3191.6499987663697,2553.2478933800776,638.4021053862925,79.75460122699387,82070.66405911387,3717.832029556929,67199.33594088613,89.07563025210085,92.61274031013558,91.81725319623153
20120927,80800,83300,80500,83000,26888,9633,778143,1124.277545804413,3050.721226202093,3990.9741918483282,6161.8359457408105,5562.7076116062535,81200.0,78590.0,75275.0,68533.33333333331,66280.83333333331,78367.31665777517,74975.33388591306,3391.982771862124,2720.9948690764872,670.9879027856364,80.35714285714286,83256.94838369665,3990.9741918483282,67293.05161630335,97.5,94.2418268734237,92.62544442196226
20120928,83000,83400,81500,81500,21336,-6474,780485,950.789145920374,2859.7377502141685,4059.0146587564113,6354.082458458514,5716.700437218034,81500.0,79270.0,75820.0,68821.66666666669,66368.33333333331,78849.26794119437,75458.64248695654,3390.6254542378447,2854.9209861087597,535.7044681290859,74.17582417582419,83938.02931751282,4059.0146587564113,67701.97068248718,83.33333333333334,90.60566236006025,91.95218373466157
20121002,81600,81600,79600,79600,13715,750,777885,1081.4804667676592,2257.8972518695355,4023.092715809497,6462.705831667412,5833.9380638924595,81420.0,79830.0,76215.0,69090.0,66450.0,78964.76518101062,75765.40971014494,3199.3554708656884,2923.8078830601453,275.54758780554357,69.58762886597938,84261.185431619,4023.092715809497,68168.814568381,64.15094339622641,81.78742270544898,88.56393005825737
20121004,79000,79300,78000,78200,21375,-902,780416,1683.3300330000632,1615.4256405046935,3886.8335441589775,6531.612018143521,5922.471096500925,80780.0,80180.0,76555.0,69326.66666666669,66518.33333333331,78847.1089993167,75945.74973161568,2901.359267701016,2919.3181599883196,-17.958892287303115,63.31658291457286,84328.66708831796,3886.8335441589775,68781.33291168204,49.51456310679612,71.02980283923135,82.7192209852487
20121005,78200,79800,77800,78000,16486,-2845,783090,1930.3885619221826,1713.3592734741887,3680.553626833802,6588.380976301402,6000.287956053073,80060.0,80080.0,76905.0,69558.33333333331,66576.66666666669,78716.78453788336,76097.91641816267,2618.8681197206893,2859.228151934794,-240.3600322141042,63.63636363636363,84266.10725366762,3680.553626833802,69543.89274633238,44.329896907216494,62.1298341952264,75.85609205524126
20121008,78100,79300,77700,79100,14886,-639,785451,1254.4321424453353,1529.8365925810508,3522.112292360858,6659.271731953976,6094.489257153184,79280.0,80240.0,77265.0,69810.0,66644.16666666669,78775.74076282438,76320.29297978025,2455.447783044132,2778.4720781566607,-323.02429511252967,61.70212765957447,84309.22458472171,3522.112292360858,70220.77541527829,52.74725274725275,59.00230704590185,70.2381637187948
20121009,79700,81600,79100,81600,23772,4632,790509,1289.9612397277656,1579.2403236999744,3486.326863620144,6729.15278636349,6237.273654321166,79300.0,80400.0,77705.0,70151.66666666669,66740.83333333331,79210.24218392832,76711.38238868542,2498.8597952428972,2722.549621573909,-223.68982633101174,68.44660194174757,84677.65372724031,3486.326863620144,70732.34627275969,71.875,63.2932046972679,67.92317737828583
20121010,80900,81500,79000,79400,13392,-1670,790813,1283.1211945876328,1604.4936896105264,3306.5692189941333,6740.14012383201,6336.769626990995,79260.0,80340.0,78040.0,70446.66666666669,66820.83333333331,79239.43569409319,76910.53924878278,2328.896445310398,2643.818986321207,-314.92254101080886,60.633484162895925,84653.13843798827,3306.5692189941333,71426.86156201173,37.5,54.6954697981786,63.513941518250085
20121011,78400,79200,77100,77900,19889,-4121,792468,1337.16117203574,1713.1549842323084,3003.876661915313,6719.63023949658,6410.852560740701,79200.0,79990.0,78335.0,70708.33333333331,66888.33333333331,79033.3686642327,76983.83263776184,2049.536026470858,2524.962394351137,-475.4263678802795,47.150259067357524,84342.75332383062,3003.876661915313,72327.24667616938,12.698412698412698,40.6964507649233,55.90811126714116
20121012,78100,79200,77200,79200,14526,4090,791478,1200.9995836801918,1637.2232590578476,2735.781424017549,6715.472184937404,6505.465597394928,79440.0,79750.0,78650.0,70990.0,66974.16666666669,79059.00425435074,77147.9931831128,1911.0110712379392,2402.172129728498,-491.16105849055884,54.45026178010471,84121.5628480351,2735.781424017549,73178.4371519649,33.33333333333333,38.24207828772664,50.01943360733632
20121015,78500,79700,77500,79400,15717,4271,790068,1189.9579824514788,1227.5585525749882,2359.42789675792,6687.213337573691,6599.07485098396,79500.0,79390.0,78990.0,71286.66666666669,67056.66666666669,79111.46513829679,77314.80850288222,1796.6566354145614,2281.0690308657113,-484.4123954511492,48.214285714285715,83708.85579351585,2359.42789675792,74271.14420648415,36.507936507936506,37.6640310277966,45.90096608082308
20121016,79100,80000,78400,78800,6533,-894,788915,564.2694391866303,1011.7311895953392,2146.2700202909014,6653.475282386984,6684.683934604212,78940.0,79120.0,79195.0,71560.0,67149.16666666669,79063.54742471267,77424.82268785391,1638.7247368587562,2152.60017206432,-513.8754352055639,46.55172413793103,83487.54004058179,2146.2700202909014,74902.45995941821,26.984126984126984,34.10406301324006,41.96866505829541
20121017,79100,81300,79100,80500,18729,-4085,797529,845.2218643646138,1087.612063191651,1799.0553076544124,6634.396899660394,6792.83195524682,79160.0,79210.0,79520.0,71866.66666666669,67270.83333333331,79284.54012860302,77652.61359986474,1631.9265287382873,2048.4654433991136,-416.5389146608258,47.45762711864407,83118.11061530883,1799.0553076544124,75921.88938469117,53.96825396825397,40.725459998244695,41.55426337161183
20121018,81100,82400,79100,79100,20478,959,795303,583.095189484525,1036.339712642529,1426.6744548072338,6514.517761635764,6877.066356133752,79400.0,79300.0,79740.0,72185.0,67375.0,79256.14933958718,77759.82740728218,1496.3219323050146,1938.0367411802936,-441.71480887527946,43.38624338624338,82593.34890961446,1426.6744548072338,76886.65109038554,37.735849056603776,39.728923017697724,40.9458165869738
20121019,79500,81700,79500,80000,20487,7519,793160,615.1422599691831,956.0334722173696,1417.356694695982,6393.055911603626,6971.603862574724,79560.0,79500.0,79790.0,72518.33333333331,67487.5,79370.58790272762,77925.76611785388,1444.8217848737406,1839.3937499189835,-394.57196504524285,41.84782608695652,82624.71338939197,1417.356694695982,76955.28661060803,54.71698113207547,44.72494238915697,42.20552518770152
20121022,78500,81500,78500,80400,14169,3733,793626,688.7670143088983,980.8669634563088,1320.7100363060479,6259.320827551769,7062.479891810127,79760.0,79630.0,79935.0,72858.33333333331,67623.33333333331,79528.95899461566,78109.04270171655,1419.9162928991134,1755.4982585150092,-335.5819656158956,46.82080924855491,82576.42007261209,1320.7100363060479,77293.57992738791,62.264150943396224,50.571345240570054,44.99413187199102
20121023,81400,82000,80300,81300,22989,12574,790862,717.2168430816401,923.038460737146,1353.8833036859285,6122.5121931733765,7166.034419785866,80260.0,79600.0,80000.0,73213.33333333331,67760.83333333331,79801.42684159787,78345.40990899682,1456.0169326010653,1695.6019933322202,-239.58506073115475,55.214723926380366,82707.76660737187,1353.8833036859285,77292.23339262813,79.24528301886792,60.129324500002674,50.03919608132824
20121024,81100,82100,79500,79800,20366,983,794527,724.9827584156703,922.1713506718803,1354.5848072378205,5985.691039656434,7242.188847686571,80120.0,79640.0,79990.0,73518.33333333331,67889.16666666669,79801.2073275059,78453.15732314519,1348.0500043607026,1626.0915955379169,-278.0415911772144,54.878048780487795,82699.16961447563,1354.5848072378205,77280.83038552437,50.943396226415096,57.067348408806815,52.381913523821105
20121025,79400,81500,79100,81500,22246,-1884,801228,684.1052550594784,874.0709353364862,1359.954043340996,5822.236111094638,7337.028614424855,80600.0,80000.0,79995.0,73870.0,68036.66666666669,80062.56004635115,78678.84937328259,1383.7106730685625,1577.615411044046,-193.90473797548336,59.77653631284916,82714.90808668199,1359.954043340996,77275.09191331801,83.01886792452831,65.71785491404732,56.827227320563175
20121026,80700,81700,78100,78800,17650,-297,800026,993.1767214348081,917.8235124467012,1331.3433065890704,5604.536604890417,7394.929005744426,80360.0,79960.0,79855.0,74168.33333333331,68155.0,79868.3200392202,78687.82349378018,1180.4965454400224,1498.1916379232416,-317.695092483219,49.23076923076921,82517.68661317813,1331.3433065890704,77192.31338682187,32.075471698113205,54.50372717540262,56.05272727217632
20121029,79600,79700,75800,75800,18943,-6539,801120,2073.2583051805177,1553.061492665374,1403.7360863066503,5299.820751685951,7415.960219163969,79440.0,79600.0,79495.0,74430.0,68255.83333333331,79242.42464857093,78473.91064238906,768.5140061818672,1352.256111574967,-583.7421053930996,35.5,82302.4721726133,1403.7360863066503,76687.5278273867,0.0,36.33581811693508,49.480424220429235
20121030,75900,77300,75000,75200,14495,-6363,803935,2390.313786932585,2038.234530175564,1610.1552720155605,5140.307762079029,7435.810452353772,78220.0,79240.0,79180.0,74608.33333333331,68342.5,78620.5131641754,78231.39874295282,389.1144212225772,1159.6277735044894,-770.5133522819119,38.58695652173913,82400.31054403112,1610.1552720155605,75959.68945596888,2.7027027027027026,25.12477964552429,41.36187602879425
20121031,75800,78400,75600,78400,14455,4768,805390,2267.686045289337,2005.517389602992,1615.7351268074551,5038.314036791906,7476.48308401456,77940.0,79030.0,79120.0,74815.0,68469.16666666669,78586.58806199457,78243.88772495632,342.7003370382445,996.2422862112402,-653.5419491729957,51.24378109452735,82351.47025361491,1615.7351268074551,75888.52974638509,45.94594594594595,32.06516841233151,38.26297348997334
20121101,77700,77800,75700,77300,16996,1147,804674,1408.5453489327185,2070.8693826506783,1652.8384676064084,4892.709712759826,7510.772818647471,77100.0,78850.0,79075.0,75015.0,68575.0,78388.65143707233,78173.9701157003,214.68132137203065,839.9300932433982,-625.2487718713677,45.226130653266324,82380.67693521282,1652.8384676064084,75769.32306478718,31.08108108108108,31.7371393019147,36.08769542728712
20121102,77600,79100,76500,79100,20178,1824,807184,1484.0485167271295,2038.234530175564,1634.3500237095795,4735.063064228735,7556.673099541468,77160.0,78760.0,79130.0,75253.33333333331,68705.0,78498.08967752273,78242.56492194472,255.52475557802242,723.0490257103232,-467.5242701323008,49.30232558139534,82398.70004741916,1634.3500237095795,75861.29995258084,55.4054054054054,39.626561336411605,37.26731739699528
20121105,79200,79200,77700,78000,15981,-1517,813615,1334.1664064126312,1971.1925324533881,1652.8384676064084,4539.28653228932,7585.912336180967,77600.0,78520.0,79075.0,75476.66666666669,68829.16666666669,78421.4604963654,78224.59714994882,196.863346416576,617.8118898515737,-420.9485434349979,48.18181818181817,82380.67693521282,1652.8384676064084,75769.32306478718,42.25352112676056,40.502214599861254,38.34561646461727
20121106,77300,78400,76200,78400,20272,267,811561,588.5575587824816,1740.718242565407,1552.5060386354373,4448.126946629818,7618.320571709602,78240.0,78230.0,78915.0,75650.0,68955.0,78418.15888153994,78237.58995365632,180.56892788362163,530.3632974579834,-349.7943695743618,44.92753623188405,82020.01207727088,1552.5060386354373,75809.98792272912,47.88732394366197,42.963917714461495,39.88505021456535
20121107,77600,77800,76800,76900,16453,-3508,811371,781.2809993849806,1695.9952830123084,1608.0733814100324,4354.809282722937,7631.207445963826,77940.0,77940.0,78790.0,75788.33333333331,69072.5,78184.59597668765,78138.50921634844,46.08676033921074,433.5079900342289,-387.42122969501816,44.71153846153847,82006.14676282006,1608.0733814100324,75573.85323717994,26.76056338028169,37.56279960306822,39.11096667739964
20121108,76000,76900,75000,75300,22257,-5609,811099,1327.554142022085,1386.2178760930765,1771.5529910221405,4247.9786042567575,7621.8577769611165,77540.0,77320.0,78660.0,75903.33333333331,69185.83333333331,77740.81198027416,77928.24927439673,-187.43729412255925,309.31893320287116,-496.75622732543053,39.06976744186046,82203.10598204428,1771.5529910221405,75116.89401795572,4.225352112676056,26.45031710627083,34.890750153690036
20121109,74200,77200,73600,76400,19699,-82,812190,1115.347479487892,1315.1425778218875,1832.921165789595,4134.407118587039,7597.683126380655,77000.0,77080.0,78520.0,76036.66666666669,69326.66666666669,77534.53321407812,77815.0456244414,-280.51241036326974,191.35266448964302,-471.8650748529128,40.990990990990994,82185.84233157919,1832.921165789595,74854.15766842081,34.5679012345679,29.156178482369853,32.97922626324998
20121112,76100,76500,75000,75400,9168,-98,810722,1133.8430226446667,1358.8230201170422,1941.0306540597144,4011.044128403596,7549.74387902592,76480.0,77040.0,78320.0,76155.0,69469.16666666669,77206.14348883534,77636.15335596426,-430.0098671289161,67.08015816593118,-497.0900252948472,36.77130044843049,82202.06130811942,1941.0306540597144,74437.93869188058,22.22222222222222,26.844859728987313,30.934437418495758
20121113,76000,76000,73500,74000,13895,-2854,810823,1001.9980039900247,1554.863338046145,2152.1152385500823,3935.463759203096,7499.381039274022,75600.0,76920.0,78080.0,76225.0,69594.16666666669,76712.89064439911,77366.80866292986,-653.9180185307341,-77.11947717340193,-576.7985413573323,36.93693693693693,82384.23047710018,2152.1152385500823,73775.76952289982,8.064516129032258,20.58474519566896,27.48454001088683
20121114,75200,78800,74600,78800,31892,7523,813985,1602.9971927611084,1596.9971822141706,2087.456586374786,3900.190878519903,7473.605221042955,75980.0,76960.0,77995.0,76346.66666666669,69765.0,77033.98439141465,77472.97098419431,-438.9865927796636,-149.49290029465428,-289.4936924850093,44.66403162055336,82169.91317274957,2087.456586374786,73820.08682725043,92.98245614035088,44.71731551056293,33.228798510778866
20121115,78800,79000,76300,77500,18674,7438,809223,1656.9852141766364,1602.3732399163434,2074.1926140065852,3844.627925936377,7430.5394132743,76420.0,76980.0,77915.0,76451.66666666669,69925.83333333331,77105.67910042778,77474.97313351325,-369.29403308547614,-193.45312685281868,-175.84090623265755,47.28033472803346,82063.38522801317,2074.1926140065852,73766.61477198683,70.17543859649122,53.20335653920569,39.88698452025448
20121116,76300,78400,74000,75400,31105,4195,810270,1706.9270634681475,1493.6197641970327,2085.25178335842,3745.77391499049,7389.743455177178,76220.0,76610.0,77685.0,76546.66666666669,70055.0,76843.26693113119,77321.27141991968,-478.00448878848687,-250.3633992399524,-227.64108954853455,49.1304347826087,81855.50356671684,2085.25178335842,73514.49643328316,33.33333333333333,46.58001547058157,42.117994837030174
20121119,75400,78000,74800,78000,30929,-4240,812452,1772.6815844928253,1493.6197641970327,1992.554892593794,3632.386726841498,7371.295491446727,76740.0,76610.0,77565.0,76690.0,70201.66666666669,77021.22586480332,77371.54761103673,-350.32174623341416,-270.35506863864475,-79.96667759476941,55.60000000000001,81550.10978518758,1992.554892593794,73579.89021481242,78.94736842105263,57.36913312073859,47.20170759826632
20121120,77100,80500,77100,80000,26193,12897,810972,1525.2540771950075,1741.8668146560462,1888.1207588497793,3526.305510808233,7364.848757593253,77940.0,76770.0,77500.0,76868.33333333331,70368.33333333331,77479.49880867972,77566.24778799697,-86.74897931724263,-233.6338507743644,146.8848714571217,53.36134453781514,81276.24151769956,1888.1207588497793,73723.75848230044,92.85714285714286,69.19846969954001,54.533961632024216
20121121,80000,81500,76900,77700,23439,6289,809942,1463.4206503941352,1764.227876437735,1814.2422660712823,3440.9054848333917,7322.960040175059,77720.0,76850.0,77395.0,76981.66666666669,70522.5,77513.42206888285,77576.15535925646,-62.73329037360963,-199.4537386942134,136.72044832060377,50.8,81023.48453214258,1814.2422660712823,73766.51546785742,52.5,63.63231313302668,57.5667454656917
20121122,79000,82000,78500,81900,33213,15768,810230,2202.725584361337,2233.1368072735713,1860.9876410120144,3404.840916499277,7301.73191023127,78600.0,77510.0,77415.0,77165.0,70723.33333333331,78188.28021213162,77896.4401474597,291.8400646719383,-101.19497802098304,393.03504269292137,55.1094890510949,81136.97528202402,1860.9876410120144,73693.02471797598,98.82352941176471,75.3627185592727,63.498736496885364
20121123,81900,85000,81200,83800,51918,12235,814900,2321.551205552011,2876.1954036539314,2311.5525085966506,3399.9914215579493,7308.143811681799,80280.0,78250.0,77665.0,77385.0,70935.83333333331,79051.62171795753,78333.74087727747,717.8808406800526,62.62018571922414,655.2606549608288,60.28368794326241,82288.1050171933,2311.5525085966506,73041.8949828067,89.56521739130436,80.09688483661658,69.03145261012911
20121126,83900,84900,83600,84900,29327,-3248,823340,2591.21593079388,3313.608305156178,2753.107335357537,3403.052551264474,7321.958934526312,81660.0,79200.0,78120.0,77630.0,71159.16666666669,79951.37222288715,78820.13044192357,1131.2417809635665,276.3445047680927,854.8972761954735,61.24567474048442,83626.21467071508,2753.107335357537,72613.78532928492,99.1304347826087,86.44140148528062,74.83476890184629
20121127,84500,85000,82000,84200,17669,5511,818975,2597.6912826585058,3120.19230176603,2966.327695990362,3380.106835918535,7322.937659998414,82500.0,80220.0,78570.0,77856.66666666669,71374.16666666669,80605.00726551989,79218.6392980774,1386.367967442493,498.3491973029728,888.0187701395201,62.989323843416365,84502.65539198072,2966.327695990362,72637.34460801928,93.04347826086956,88.64209374381028,79.43721051583428
20121128,84700,84700,81100,81600,25340,-2293,823758,1301.383878799793,3105.8010238906163,3038.2725355042608,3316.579144574001,7284.002591295591,83280.0,80500.0,78730.0,78021.66666666669,71567.5,80758.08307082452,79395.0363871087,1363.046683715831,671.2886945855447,691.7579891302864,60.82474226804124,84806.54507100853,3038.2725355042608,72653.45492899147,70.43478260869566,82.57299003210541,80.48247035459133
20121129,82100,84500,81700,83300,25981,11152,825760,1111.0355529864892,3032.094985319556,3175.389739858637,3270.1579982218486,7294.00267342979,83560.0,81080.0,79030.0,78220.0,71755.0,81149.1472137746,79684.29295102657,1464.8542627480201,830.0018082180399,634.8524545299803,61.61616161616161,85380.77947971727,3175.389739858637,72679.22052028273,84.54545454545455,83.23047820322178,81.39847297080148
20121130,82600,84800,82600,84800,16838,10056,827133,1220.8193969625459,2543.147655957082,3415.592920709303,3239.418672128433,7333.1313892649705,83760.0,82020.0,79315.0,78450.0,71945.83333333331,81710.8168731939,80063.23421391351,1647.5826592803787,993.5179784305077,654.064680849871,65.56291390728478,86146.1858414186,3415.592920709303,72483.8141585814,98.18181818181819,88.21425819608726,83.67040137923007
20121203,83400,84700,81900,81900,15368,-3650,827570,1249.959999359977,2168.1558984537987,3446.142771273342,3154.265190007001,7346.302925054729,83160.0,82410.0,79510.0,78616.66666666669,72100.0,81739.92196962559,80199.29093880883,1540.631030816774,1102.9405889077611,437.6904419090129,62.46056782334385,86402.28554254668,3446.142771273342,72617.71445745332,71.81818181818181,82.74889940345211,83.36323405397076
20121204,81500,83600,81500,82300,8585,1843,831980,1161.7228585166056,2017.0275159253529,3487.9040984521807,3096.2140860521395,7373.589083494093,82780.0,82640.0,79705.0,78775.0,72245.83333333331,81826.08782045242,80354.89901741558,1471.1888030368427,1176.5902317335776,294.5985713032653,56.410256410256395,86680.80819690437,3487.9040984521807,72729.19180309563,73.52941176470588,79.67573685720338,82.13406832171496
20121205,82400,83900,81200,82500,14048,3183,833174,1026.839812239472,1183.04691369362,3476.2443815128304,3029.196354737767,7390.054831776807,82960.0,83120.0,79985.0,78938.33333333331,72402.5,81929.7666173059,80513.79538649591,1415.9712308099845,1224.466431548859,191.5047992611253,59.54198473282442,86937.48876302567,3476.2443815128304,73032.51123697433,69.1358024691358,76.16242539451419,80.1435206793147
20121206,81700,83700,80900,80900,19735,722,833039,1284.3675486401835,1316.6624472506232,3309.119973648512,2901.003657740412,7396.958083488778,82480.0,83020.0,80265.0,79086.66666666669,72536.66666666669,81771.34098387422,80542.40313564437,1228.937848229849,1225.3607148850572,3.5771333447919464,60.700389105058356,86883.23994729703,3309.119973648512,73646.76005270297,49.382716049382715,67.23585561280369,75.84096565714437
20121207,80700,82100,78800,79200,26393,-10941,838834,1212.600511297927,1708.9177862027186,3200.074217889256,2786.9512414506385,7388.152631446962,81360.0,82560.0,80405.0,79191.66666666669,72655.83333333331,81375.75006327819,80442.96586633737,932.7841969408037,1166.8454112962065,-234.06121435540265,52.41935483870967,86805.14843577851,3200.074217889256,74004.85156422149,10.76923076923077,48.413647331612715,66.69852621530048
20121210,78500,80000,78200,78500,12413,-5827,841528,1607.9800993793406,1900.421005987884,3024.136240317148,2653.532237101025,7368.954725739679,80680.0,81920.0,80560.0,79290.0,72772.5,80933.32697662001,80299.0424688309,634.2845077891106,1060.3332305947872,-426.04872280567656,46.80851063829788,86608.2724806343,3024.136240317148,74511.7275193657,4.411764705882353,33.746353123035924,55.71446851787896
20121211,78600,78700,76000,76000,27556,-11317,843148,2203.088740836373,2433.926868252208,2832.560678961624,2621.0743132457337,7338.250198257305,79420.0,81100.0,80660.0,79311.66666666669,72865.83333333331,80174.35359560154,79980.59487854713,193.75871705441384,887.0183278867125,-693.2596108322988,46.413502109704645,86325.12135792324,2832.560678961624,74994.87864207676,0.0,22.497568748690615,44.642168594816184
20121212,76100,77200,74700,75300,24952,-11414,849036,2068.235963327201,2977.599704459953,3042.412693899289,2582.1610243276073,7304.073444927157,77980.0,80470.0,80485.0,79333.33333333331,72953.33333333331,79424.45304243207,79633.8841468029,-209.43110437082942,667.7284414352042,-877.1595458060335,33.663366336633665,86569.82538779857,3042.412693899289,74400.17461220143,5.825242718446602,16.940126738609276,35.40815464274721
20121213,74900,77600,74800,77600,40195,-9856,862762,1471.5977711317707,2926.431273753067,3037.5812746327515,2521.4077857862,7279.509865979307,77320.0,79900.0,80490.0,79381.66666666669,73058.33333333331,79143.76795898097,79483.22606185454,-339.4581028735556,466.2911325734522,-805.7492354470078,34.95145631067961,86565.1625492655,3037.5812746327515,74414.8374507345,28.71287128712871,20.864374921449087,30.56022806898117
20121214,77300,79000,75600,78800,33081,-5491,867514,1374.9181793837747,2433.926868252208,2836.4414324994514,2522.04227209285,7250.310146622931,77240.0,79300.0,80660.0,79378.33333333331,73181.66666666669,79090.88058067621,79432.61672393937,-341.7361432631733,304.68567740612707,-646.4218206693004,35.26570048309179,86332.8828649989,2836.4414324994514,74987.1171350011,40.5940594059406,27.440936416279595,29.52046418474731
20121217,78700,78700,76700,77000,25044,-442,861234,1222.4565431948874,2353.0618351416097,2891.1762312248525,2529.0512054921,7208.235982001663,76940.0,78810.0,80610.0,79370.0,73290.83333333331,78769.20664518756,79252.42289253647,-483.2162473489152,147.1052924551186,-630.3215398040337,33.48623853211009,86392.35246244972,2891.1762312248525,74827.64753755028,22.772277227722775,25.884716686760655,28.308548352085094
20121218,77100,78700,76800,77800,17763,4769,861259,1155.854662143989,2053.8743875904393,2953.472532460651,2535.591099176534,7180.3775821486915,77300.0,78360.0,80500.0,79333.33333333331,73396.66666666669,78620.09793054331,79144.83601160785,-524.7380810645409,12.73661775118665,-537.4746988157275,40.5,86406.9450649213,2953.472532460651,74593.0549350787,31.0,27.589811124507104,28.06896927622576
20121220,76700,78500,76200,77700,17825,-495,861231,581.0335618533529,1522.3665787188052,2953.472532460651,2542.5987362016785,7156.912693721841,77780.0,77880.0,80500.0,79295.0,73495.83333333331,78478.54440276742,79037.81112185914,-559.2667190917127,-101.66404961739329,-457.6026694743194,34.78260869565218,86406.9450649213,2953.472532460651,74593.0549350787,32.608695652173914,29.262772633729373,28.466903728726965
20121221,78900,80100,77000,77000,22212,-2414,866601,662.1178142898692,1153.6463929644992,3029.434765760689,2544.280623062229,7123.240084789845,77660.0,77490.0,80255.0,79221.66666666669,73594.16666666669,78251.07603311089,78886.86214986957,-635.7861167586816,-208.48846304565097,-427.2976537130306,27.84090909090909,86313.86953152137,3029.434765760689,74196.13046847863,25.0,27.841848422486247,28.258551959980057
20121224,78900,78900,76600,76900,9441,-3898,860968,386.7815921162666,1010.1485039339512,2998.816433194856,2542.2015830555065,7093.435149645306,77280.0,77260.0,79910.0,79143.33333333331,73686.66666666669,78043.21818186306,78739.68717580517,-696.4689939420932,-306.0845692249395,-390.3844247171537,33.108108108108105,85907.63286638971,2998.816433194856,73912.36713361029,24.444444444444443,26.709380429805645,27.74216144992192
20121226,78200,78600,76600,77900,15071,251,855315,422.3742416388504,950.789145920377,2797.7490952548824,2496.6839118231587,7056.538290046346,77460.0,77200.0,79560.0,79058.33333333331,73795.83333333331,78021.1846154226,78677.48812574551,-656.3035103229195,-376.12835744453554,-280.1751528783839,35.714285714285715,85155.49819050978,2797.7490952548824,73964.50180949022,43.24324324324324,32.22066803428484,29.234996978042897
20121227,77200,78300,76300,77200,9217,3288,844517,392.9376540877624,863.4813257969162,2628.0981716822344,2487.265343482662,7008.012031873964,77340.0,77320.0,79210.0,78986.66666666669,73904.16666666669,77894.84852074219,78568.04456087548,-673.1960401332908,-435.5418939822865,-237.65414615100414,33.33333333333333,84466.19634336447,2628.0981716822344,73953.80365663553,46.2962962962963,36.912544121622,31.79417935923593
20121228,77200,79200,77000,79200,9965,6677,843698,854.6344247688562,734.0980860893179,2570.3890756069395,2486.1482927078923,6958.934904135931,77640.0,77710.0,79090.0,78980.0,74035.0,78095.64105601262,78614.8560748847,-519.2150188720698,-452.2765189602432,-66.93849991182651,44.785276073619634,84230.77815121388,2570.3890756069395,73949.22184878612,83.33333333333334,52.386140525525775,38.65816641466588
20130102,78400,79700,78200,79000,12776,1180,843598,926.4987857520343,827.3451516749221,2382.19961380223,2484.073715134729,6912.1197906287325,78040.0,77850.0,78875.0,78993.33333333331,74160.0,78234.77320124145,78643.38525452286,-408.6120532814093,-443.54362582447646,34.93157254306715,49.32432432432432,83639.39922760446,2382.19961380223,74110.60077239554,79.62962962962963,61.46730356022706,46.261212129852936
20130103,79100,79800,78100,79500,21769,2089,840616,868.5620300243352,928.2241108697833,1966.9519567085226,2481.497643673391,6866.964192583477,78560.0,77920.0,78610.0,79018.33333333331,74288.33333333331,78429.42347797354,78706.83819863226,-277.4147206587222,-410.3178447913256,132.9031241326034,53.424657534246556,82543.90391341705,1966.9519567085226,74676.09608658295,88.67924528301887,70.53795080115766,54.35345835362117
20130104,79300,80200,78600,78600,18553,2328,841399,804.9844718999205,893.0845424706442,1816.720947201161,2482.048884826345,6812.725837235401,78700.0,78080.0,78445.0,79010.0,74410.0,78455.66601982378,78698.92425799283,-243.25823816905904,-376.9059234668724,133.64768529781333,60.0,82078.44189440232,1816.720947201161,74811.55810559768,65.21739130434783,68.76443096888772,59.15711589204335
20130107,78600,79200,77700,78600,9566,2215,842081,348.7119154832453,900.2221947941521,1588.8360519573694,2459.485040952211,6712.8210144635705,78980.0,78160.0,78260.0,78960.0,74555.83333333331,78477.87124754317,78691.59653517857,-213.72528763537412,-344.26979630057275,130.54450866519863,63.414634146341456,81437.67210391474,1588.8360519573694,75082.32789608526,60.0,65.84295397925848,61.38572858778173
20130108,78500,78700,77500,77500,13451,-1298,840893,659.0902821313587,912.3595782365636,1261.705195360419,2465.839388299636,6613.591592319676,78640.0,78140.0,78010.0,78928.33333333331,74687.5,78327.42951715192,78603.33012516532,-275.9006080133986,-330.5959586431379,54.69535062973932,49.54954954954954,80533.41039072082,1261.705195360419,75486.58960927918,32.5,54.72863598617232,59.16669772057859
20130109,77100,78400,75400,76900,21217,-2018,838358,915.2048950918007,925.2567211320328,1093.5721283936732,2476.0917906161285,6516.586529771666,78220.0,78130.0,77810.0,78911.66666666669,74810.0,78107.82497605162,78477.15752330123,-369.3325472495926,-338.34327636442885,-30.989270885163695,40.95238095238096,79997.14425678736,1093.5721283936732,75622.85574321264,31.25,46.90242399078155,55.07860647731291
20130110,75900,76100,74000,74100,47114,-1287,828996,1654.8111674750064,1500.1666574084359,1312.4309505644335,2551.134823738235,6415.314792657523,77140.0,77850.0,77555.0,78826.66666666669,74908.33333333331,77491.23651819753,78152.92363268633,-661.6871144887991,-403.012043989303,-258.67507049949614,37.39130434782608,80179.86190112888,1312.4309505644335,74930.13809887112,1.6129032258064515,31.805917069123183,47.32104334124966
20130111,74700,75300,72200,73100,31355,-11800,833657,2089.5932618574348,2067.873303662485,1611.6063415113065,2652.99149808097,6300.6665762883495,76040.0,77370.0,77285.0,78721.66666666669,75004.16666666669,76815.66166924406,77778.6329932281,-962.9713239840347,-515.0038999882494,-447.9674239957855,29.914529914529915,80508.21268302263,1611.6063415113065,74061.78731697737,11.25,24.95394471274879,39.86534379841604
20130114,72400,76800,72300,75800,27125,12551,833904,1659.3974810153213,2121.3439136547377,1620.1465983050596,2679.184681121585,6194.136956743086,75480.0,77230.0,77275.0,78671.66666666669,75115.83333333331,76659.40602782191,77632.0675863223,-972.6615585004038,-606.5354316906802,-366.12612680972353,43.35664335664336,80515.29319661013,1620.1465983050596,74034.70680338987,45.0,31.63596314183253,37.122216912888206
20130115,74700,75800,73200,74200,20960,-3190,829418,1352.627073512871,2186.3439802556227,1702.821188498503,2728.471285455752,6078.847661266937,74820.0,76730.0,77220.0,78566.66666666669,75216.66666666669,76281.03586969545,77377.84035770582,-1096.8044880103844,-704.5892429546212,-392.21524505576315,40.78947368421053,80625.64237699701,1702.821188498503,73814.35762300299,25.0,29.423975427888355,34.556136417888254
20130116,73800,75300,73800,74800,19430,1161,828703,887.6936408468823,2112.084278621476,1779.2133093025836,2769.6825931264525,5916.8460066718235,74400.0,76310.0,77080.0,78495.0,75340.0,76053.18419743463,77186.88922009799,-1133.7050226633728,-790.4123988963718,-343.2926237670012,43.31210191082803,80638.42661860518,1779.2133093025836,73521.57338139482,32.5,30.449316951925567,33.187196595900694
20130117,74800,75600,74400,75000,11309,5143,823996,899.7777503361561,1847.2682533947257,1788.2673178245605,2798.219175753851,5747.472632963844,74580.0,75860.0,76890.0,78411.66666666669,75465.0,75891.15585936776,77024.89742601666,-1133.741566648896,-859.0782324468767,-274.6633342020192,40.26845637583893,80466.53463564912,1788.2673178245605,73313.46536435088,35.0,31.96621130128371,32.78020149769503
20130118,75700,76600,75300,75800,17794,1831,828669,614.4916598294839,1607.3580808270447,1803.6352181079874,2805.698071187928,5569.918212046799,75120.0,75580.0,76830.0,78335.0,75596.66666666669,75877.13188100349,76934.16428334876,-1057.0324023452704,-898.6690664265558,-158.3633359187148,45.33333333333334,80437.27043621597,1803.6352181079874,73222.72956378403,45.0,36.31080753418914,33.9570701765264
20130121,75800,76900,74400,75800,54503,-1936,832147,614.4916598294839,1264.1202474448387,1802.5260053601007,2797.163245544173,5383.294891503774,75120.0,75300.0,76730.0,78243.33333333331,75728.33333333331,75865.26543777218,76850.15211421181,-984.8866764396373,-915.912588429172,-68.97408801046514,36.92307692307693,80335.05201072019,1802.5260053601007,73124.94798927981,45.0,39.207205022792756,35.70711512528185
20130122,76300,76300,74600,75500,21997,7561,824864,411.8252056394728,1038.2677881933928,1807.097119692088,2811.41077673764,5222.991639536524,75380.0,75100.0,76620.0,78171.66666666669,75845.0,75809.07075503799,76750.14084649242,-941.0700914544284,-920.9440890342232,-20.126002420205282,36.6412213740458,80234.19423938417,1807.097119692088,73005.80576061583,47.14285714285714,41.85242239614755,37.75555088223709
20130123,75200,76000,74500,74500,25409,2066,820980,503.5871324805609,855.8037158133867,1862.115732171188,2816.10990552588,5029.215686035792,75320.0,74860.0,76495.0,78055.0,75962.5,75607.67525426291,76583.46374675224,-975.7884924893297,-931.9129697252448,-43.87552276408496,31.617647058823533,80219.23146434237,1862.115732171188,72770.76853565763,35.38461538461539,39.69648672563683,38.40252949670367
20130124,74500,75500,74000,75500,22847,13322,811909,479.1659420284314,834.2661445845685,1871.8640442081887,2833.19607510687,4836.251920536264,75420.0,75000.0,76425.0,78000.0,76084.16666666669,75591.10983053017,76503.20717291872,-912.0973423885736,-927.9498442579103,15.85250186933695,38.68613138686131,80168.72808841638,1871.8640442081887,72681.27191158362,53.2258064516129,44.20625996762885,40.3371063203454
20130125,75200,76000,73500,76000,23281,2994,812535,516.1395160225519,592.3681287847954,1842.5797133365586,2830.722326348853,4608.982775214512,75460.0,75290.0,76330.0,78003.33333333331,76216.66666666669,75654.0160104486,76465.93256751736,-811.9165570687474,-904.743186820078,92.82662975133051,40.84507042253522,80015.15942667311,1842.5797133365586,72644.84057332689,80.85106382978722,56.42119458834831,45.69846907634636
20130128,76000,76500,75300,76300,19746,4149,808598,611.8823416311292,651.4598989960932,1831.7409751379791,2816.030993358655,4482.0874972868605,75560.0,75340.0,76285.0,78021.66666666669,76315.0,75753.39816268727,76453.64126621977,-700.2431035324989,-863.8431701625619,163.60006663006308,45.5223880597015,79948.48195027596,1831.7409751379791,72621.51804972404,87.2340425531915,66.6921439099627,52.69636068755181
20130129,76300,77400,75200,76400,18387,-1642,797233,694.5502141674092,598.6651818838308,1706.3044863093546,2823.183289991966,4381.209561550794,75740.0,75560.0,76145.0,77988.33333333331,76401.66666666669,75852.87536842769,76449.66783909238,-596.7924706646883,-810.4330302629872,213.6405595982991,48.06201550387597,79557.6089726187,1706.3044863093546,72732.3910273813,80.3921568627451,71.2588148942235,58.883845423109044
20130130,76000,76900,75200,76200,16968,-952,796345,318.7475490101752,567.4504383644443,1576.2217483588488,2831.154063864117,4261.458328241076,76080.0,75700.0,76005.0,77970.0,76492.5,75906.27915790035,76431.17392508553,-524.8947671851784,-753.3253776474255,228.4306104622472,60.19417475728155,79157.4434967177,1576.2217483588488,72852.5565032823,71.42857142857143,71.3154004056728,63.02769708396363
20130131,74400,75400,72100,74300,58800,18550,778190,781.2809993849806,681.248853210044,1396.9520392624154,2865.6994492329964,4129.713132356467,75840.0,75630.0,75745.0,77890.0,76571.66666666669,75659.15928745414,76273.30918989402,-614.14990243988,-725.4902826059165,111.34038016603657,55.35714285714285,78538.90407852484,1396.9520392624154,72951.09592147516,41.509433962264154,61.38007825786992,62.478490808599055
20130201,74800,74800,72600,72700,36015,13674,778089,1463.4206503941352,1106.1645447219867,1385.82105626932,2941.6260620428693,3997.567923820367,75180.0,75320.0,75450.0,77801.66666666669,76639.16666666669,75203.90401246121,76008.61962027225,-804.7156078110565,-741.3353476469446,-63.38026016411197,34.653465346534645,78221.64211253863,1385.82105626932,72678.35788746137,11.320754716981133,44.69363707757366,56.550206231590586
20130204,72900,73800,71600,72600,33672,14743,774453,1635.3592877407687,1355.728586406586,1319.2801067246512,3014.765054417057,3936.124627515656,74440.0,75000.0,75150.0,77705.0,76677.5,74803.30339515947,75756.12927802985,-952.8258828703838,-783.6334546916327,-169.19242817875127,40.697674418604656,77788.56021344931,1319.2801067246512,72511.43978655069,17.24137931034483,35.542884488497386,49.54776565055952
20130205,71800,72900,71100,71400,35666,15387,769991,1659.6385148579775,1714.9052451957807,1440.3037874002137,3119.6402926549877,3896.26949430146,73440.0,74590.0,74845.0,77613.33333333331,76700.83333333331,74279.71825744263,75433.45303521282,-1153.7347777702091,-857.6537193073482,-296.08105846286094,31.521739130434785,77725.60757480044,1440.3037874002137,71964.39242519956,4.761904761904762,25.28255791296651,41.45936307136185
20130206,72000,72700,70900,71000,46294,20179,762584,1157.58369027902,2026.4254242384545,1586.0327865461647,3219.745935456681,3857.0814203663454,72400.0,74240.0,74550.0,77541.66666666669,76722.5,73775.14621783607,75105.04910667856,-1329.90288884248,-952.1035532143744,-377.7993356281055,28.72340425531916,77722.06557309232,1586.0327865461647,71377.93442690768,1.5384615384615385,17.367859121464853,33.42886175472952
20130207,70800,71700,69000,69700,41761,5227,757495,1108.8733020503262,2381.680079271773,1906.0692537259467,3370.079128645833,3835.4559340740916,71480.0,73660.0,74330.0,77430.0,76733.33333333331,73148.20064586129,74704.67509877642,-1556.4744529151358,-1072.977733154527,-483.4967197606088,19.191919191919197,78142.13850745189,1906.0692537259467,70517.86149254811,8.333333333333332,14.356350525421012,27.071358011626682
20130208,69600,73400,69500,72600,22525,13090,751107,1087.3821775254519,2263.095225570501,1925.220766561432,3416.926819364121,3776.126671457254,71460.0,73320.0,74305.0,77383.33333333331,76769.16666666669,73063.86208495956,74548.7732396078,-1484.9111546482457,-1155.3644174532708,-329.54673719497464,37.5,78155.44153312287,1925.220766561432,70454.55846687713,42.857142857142854,23.85661463599496,25.99977688641611
20130212,71900,73200,70100,70200,35578,-5768,742577,1004.7885349664348,2198.840603590901,2087.7918957595803,3512.919014153458,3770.145056891307,70980.0,72710.0,74025.0,77320.0,76772.5,72623.26791804271,74226.64188852574,-1603.3739704830368,-1244.966328059224,-358.4076424238128,32.21476510067114,78200.58379151918,2087.7918957595803,69849.41620848082,14.285714285714285,20.666314519234735,24.221956097355655
20130213,70600,72500,69800,71900,20895,965,746365,1064.7065323364902,1826.5815065307104,2137.732443501613,3574.979020917591,3765.65611444064,71080.0,72260.0,73910.0,77205.0,76775.83333333331,72511.99593065152,74054.29804493125,-1542.302114279723,-1304.4334853033238,-237.8686289763987,41.66666666666667,78185.46488700323,2137.732443501613,69634.53511299677,34.523809523809526,25.285479520759665,24.576463905156988
20130214,72000,72900,71600,72100,19952,2722,744491,1136.661779070623,1272.2028140198402,2162.3771641412077,3633.906300388177,3755.425704527275,71300.0,71850.0,73775.0,77115.0,76783.33333333331,72448.61194132053,73909.53522678817,-1460.9232854676666,-1335.7314453361926,-125.19184013147422,38.51351351351352,78099.75432828242,2162.3771641412077,69450.24567171758,36.904761904761905,29.15857364876041,26.10383381969146
20130215,72800,75800,72600,74500,39441,24517,743035,1380.7244475274542,1311.5258289488622,2150.930031404874,3642.801120017518,3704.990628268514,72260.0,71870.0,73750.0,77100.0,76823.33333333331,72764.21010419428,73953.2733581372,-1189.0632539429207,-1306.397807057538,117.3345531146174,45.50898203592814,78051.86006280975,2150.930031404874,69448.13993719025,69.62025316455697,42.64580015402593,31.617822597802945
20130218,75100,75900,74200,75300,29937,15409,740117,1854.7236990991391,1661.3548687742789,2129.7593760796954,3648.0782612220473,3644.8128095512175,72800.0,72130.0,73725.0,77055.0,76872.5,73154.33162662594,74053.03088716407,-898.6992605381382,-1224.8580977536585,326.15883721551995,47.09302325581396,77984.51875215939,2129.7593760796954,69465.48124784061,91.30434782608695,58.865316044712934,40.700320413439606
20130219,74800,76600,74400,75000,92490,-12037,762241,1460.9585894199715,1871.9241437622406,2097.6832458689687,3636.944306542204,3582.4246909975172,73760.0,72370.0,73685.0,76971.66666666669,76920.0,73438.28060714503,74123.17674737412,-684.896140229117,-1116.86570624875,431.969566019633,45.977011494252864,77880.36649173794,2097.6832458689687,69489.63350826206,78.94736842105263,65.55933350349284,48.98665811012402
20130220,75900,76500,74700,75600,41534,9186,762588,1253.794241492596,2068.0667300645787,2102.117979562368,3639.87026630846,3541.856759604707,74500.0,72790.0,73690.0,76936.66666666669,76959.16666666669,73770.8528214304,74232.57106238346,-461.7182409530651,-985.8362131896132,524.1179722365479,48.31460674157304,77894.23595912474,2102.117979562368,69485.76404087526,86.8421052631579,72.65359075671454,56.87563565898753
20130221,75200,76000,73700,75400,27587,-4859,771463,382.622529394172,2108.1034130231847,2128.444267534241,3586.878478875897,3501.0934799798706,75160.0,73230.0,73735.0,76828.33333333331,76996.66666666669,74021.49084890264,74319.04727998469,-297.55643108204816,-848.1802567681001,550.6238256860519,53.41614906832297,77991.88853506849,2128.444267534241,69478.11146493151,84.21052631578947,76.50590260973951,63.419057975904856
20130222,75800,76600,74700,75400,34310,6901,768662,195.95917942263904,1828.6607121059938,2124.4057992764406,3474.194950712523,3454.898294049224,75340.0,73800.0,73730.0,76688.33333333331,77036.66666666669,74233.56917984068,74399.11785183767,-165.54867199697765,-711.6539398138757,546.1052678168979,59.31034482758621,77978.81159855289,2124.4057992764406,69481.18840144711,84.21052631578947,79.07411051175616,68.63740882118863
20130225,74800,75800,74200,74900,16222,2322,771664,265.3299832284208,1807.788704467422,2078.671450710615,3312.3552379270923,3403.429540756046,75260.0,74030.0,73675.0,76521.66666666669,77075.83333333331,74336.09699832673,74436.22023318303,-100.12323485629169,-589.3477988223589,489.2245639660672,57.71812080536913,77832.34290142122,2078.671450710615,69517.65709857878,77.63157894736842,78.59326665696024,71.95602809977918
20130226,75000,75200,74200,75000,13334,-640,772133,265.3299832284208,1290.310040261642,2014.9193532246813,3162.935960289063,3356.8477897181106,75260.0,74510.0,73610.0,76368.33333333331,77112.5,74438.23592166108,74477.98169739169,-39.745775730611065,-479.4273942040093,439.68161847339826,63.04347826086957,77639.83870644936,2014.9193532246813,69580.16129355064,77.46478873239437,78.21710734877162,74.04305451610999
20130227,75000,76900,74500,76900,21850,15479,770575,719.4442299441937,1142.322196230118,2052.1391278369433,3089.75187784836,3320.060135834531,75520.0,75010.0,73635.0,76290.0,77155.83333333331,74816.96885679015,74657.39046054786,159.57839624228652,-351.6262361147502,511.2046323570366,69.28104575163398,77739.27825567388,2052.1391278369433,69530.72174432612,100.0,85.47807156584774,77.85472686602257
20130228,77300,80600,76600,79600,68824,44554,772456,1771.5529910222822,1415.0618361046984,2373.2835903025525,2984.353177639953,3285.0924855916833,76360.0,75760.0,73805.0,76228.33333333331,77224.16666666669,75552.81980189937,75023.50968569246,529.3101162068924,-175.4389656504216,704.749081857314,79.64071856287423,78551.56718060511,2373.2835903025525,69058.43281939489,90.74074074074075,87.23229462414541,80.98058278539685
20130304,79000,80400,77900,79500,34303,11692,767201,2062.425756239481,1729.855485293497,2678.4837128493764,2802.213410859493,3241.4721449780714,77180.0,76260.0,74065.0,76140.0,77295.0,76160.07829391482,75355.10156082637,804.9767330884787,20.644174097358526,784.3325589911203,74.82014388489209,79421.96742569875,2678.4837128493764,68708.03257430125,87.77777777777777,87.41412234202285,83.12509597093884
20130305,79700,81700,79000,81300,45905,24171,768134,2229.4393914165944,2253.9742678211746,3084.3921605398027,2782.642628869325,3223.6814703416817,78460.0,76860.0,74495.0,76130.0,77373.33333333331,76950.83547946639,75795.46440817256,1155.3710712938482,247.58955353665647,907.7815177571916,91.72932330827068,80663.78432107961,3084.3921605398027,68326.21567892039,95.6043956043956,90.14421342948043,85.46480179045271
20130306,82000,82400,81000,81000,51825,3056,777636,1557.6905982896585,2467.468338196055,3357.569805677821,2739.2390468077697,3212.905832558899,79660.0,77460.0,74915.0,76108.33333333331,77441.66666666669,77573.78386724081,76180.98556312274,1392.7983041180703,476.6313036529394,916.1670004651312,88.23529411764706,81630.13961135564,3357.569805677821,68199.86038864436,83.9080459770115,88.06549094532413,86.33169817540984
20130307,81300,83300,80500,82300,58936,20855,781418,1063.2027088001582,2763.3494169214287,3617.374738674363,2731.570061338494,3213.3622924009587,80740.0,78130.0,75460.0,76105.0,77521.66666666669,78300.89404151146,76634.24589178032,1666.6481497311468,714.6346728685811,952.0134768625661,89.23076923076924,82694.74947734873,3617.374738674363,68225.25052265127,89.58333333333334,88.57143840799387,87.07827825293786
20130308,82800,86200,82500,84900,77860,14651,805822,1791.0890541790473,3251.3996985913623,4007.926521282474,2891.8904812520727,3242.4886489995674,81800.0,79080.0,76155.0,76171.66666666669,77629.16666666669,79316.14111204816,77246.52397387066,2069.6171381775057,985.631165930366,1083.9859722471397,89.3939393939394,84170.85304256495,4007.926521282474,68139.14695743505,89.60000000000001,88.91429227199592,87.69028292595722
20130311,84800,87200,84000,86900,63602,36858,808774,2271.915491386067,3743.006812710872,4360.4214245872445,3179.937106296412,3321.1417673581877,83280.0,80230.0,77015.0,76300.0,77745.83333333331,80482.88863327152,77961.59627210247,2521.292361169049,1292.763404978103,1228.5289561909465,90.2777777777778,85735.84284917449,4360.4214245872445,68294.15715082551,97.77777777777777,91.86878744058987,89.08311776416811
20130312,87300,87300,85200,86600,49652,3836,809534,2336.3218956299647,3722.633476451852,4705.557884034522,3432.3861962198853,3383.63863565081,84340.0,81400.0,77715.0,76435.0,77862.5,81423.98268969129,78601.47802972452,2822.504659966755,1598.7116559758335,1223.7930039909213,90.2777777777778,87126.11576806905,4705.557884034522,68303.88423193095,94.65648854961832,92.79802114359934,90.32141889064519
20130313,85500,87000,85300,86900,30723,13888,815069,1773.5839421916269,3372.0765115874824,4779.068946981146,3683.800875303891,3469.288972141764,85520.0,82590.0,78550.0,76616.66666666669,77964.16666666669,82266.44689127724,79216.18336085604,3050.2635304212017,1889.0220308649082,1161.241499556294,90.0709219858156,88108.13789396231,4779.068946981146,68991.86210603769,96.94656488549617,94.18086905756495,91.60790227961844
20130314,86900,87100,85600,87100,26205,11805,810317,805.9776671843917,3021.075967267291,4868.870505568976,3915.9275898425044,3548.044845013163,86480.0,83610.0,79310.0,76813.33333333331,78073.33333333331,83010.07044646535,79800.1697785704,3209.9006678949518,2153.1977582709164,1056.702909624035,91.48936170212768,89047.74101113797,4868.870505568976,69572.25898886204,98.47328244274809,95.61167351929267,92.94249269284319
20130315,87300,88000,86000,88000,37089,8372,813106,477.4934554525266,2956.433662370932,4924.477129604677,4168.911395343282,3647.281997902617,87100.0,84450.0,80105.0,76986.66666666669,78184.16666666669,83777.75191623991,80407.56460978743,3370.187306452485,2396.59566790723,973.5916385452542,92.0,89953.95425920935,4924.477129604677,70256.04574079065,100.0,97.07444901286176,94.31981146618271
20130318,87400,87800,85900,85900,33778,2142,812896,684.1052550594784,2467.974878316228,4902.435619159066,4316.843947453686,3713.479575217541,86900.0,85090.0,80675.0,77105.0,78241.66666666669,84104.25162143378,80814.41167572909,3289.839945704691,2575.2445234667225,714.5954222379683,83.13253012048192,90479.87123831813,4902.435619159066,70870.12876168187,81.57894736842105,91.9092817980482,93.51630157680454
20130319,86800,86800,84700,84700,21026,2218,815365,1128.538878373268,2134.0337391897065,4814.4028705540995,4424.916822821618,3758.900178982925,86520.0,85430.0,81145.0,77233.33333333331,78301.66666666669,84195.90521813628,81102.23303308249,3093.6721850537874,2678.930055784136,414.7421292696514,77.40112994350282,90773.8057411082,4814.4028705540995,71516.1942588918,67.32673267326733,83.71509875645457,90.24923397002122
20130320,84400,85600,83600,83900,32883,10442,819947,1502.531197679434,1655.7777628655365,4633.778156105399,4506.1004945149125,3790.1736071352375,85920.0,85720.0,81590.0,77335.0,78334.16666666669,84150.38133842303,81309.47503063192,2840.906307791083,2711.325306185525,129.58100160555796,71.08433734939759,90857.5563122108,4633.778156105399,72322.4436877892,54.44444444444444,73.95821398578452,84.81889397527566
20130321,84300,84600,83700,83900,19985,424,822043,1544.5387661046234,1370.255450636851,4446.625124743434,4583.706348457521,3820.9146665283192,85280.0,85880.0,82005.0,77438.33333333331,78366.66666666669,84111.8611325118,81501.36576910365,2610.495363408147,2691.15931763005,-80.66395422190317,65.46762589928056,90898.25024948688,4446.625124743434,73111.74975051312,45.33333333333333,64.41658710163414,78.01812501739515
20130322,83600,84700,83300,83900,20225,4735,821587,783.8367176906132,1470.9180806557517,4194.055316754843,4657.233322716731,3844.141917689261,84460.0,85780.0,82430.0,77553.33333333331,78387.5,84079.26711212535,81679.04237879968,2400.224733325682,2632.972400769177,-232.74766744349472,65.94202898550724,90818.11063350967,4194.055316754843,74041.88936649032,45.33333333333333,58.05550251220054,71.36391751566362
20130325,84300,87000,84300,85900,29031,-3379,827891,783.8367176906132,1424.64030548065,3930.073154535369,4777.166756794569,3893.642967139886,84460.0,85680.0,82955.0,77703.33333333331,78423.33333333331,84359.37986410607,81991.70590629599,2367.6739578100683,2579.912712177355,-212.23875436728713,66.42857142857143,90815.14630907074,3930.073154535369,75094.85369092926,61.81818181818181,59.30972894752764,67.3458546596183
20130326,85400,86700,84100,86700,25892,3323,826810,1202.66371026983,1431.397918120604,3543.2294591233567,4914.078414786194,3944.0862024332787,84860.0,85690.0,83545.0,77850.0,78454.16666666669,84719.47526962821,82340.46843175555,2379.006837872657,2539.731537316416,-160.72469944375825,69.65517241379311,90631.45891824672,3543.2294591233567,76458.54108175327,72.3404255319149,63.65329447565673,66.11500126496445
20130327,86000,86800,84600,85900,30965,-1538,829376,1148.2160075525833,1377.279927973976,2980.587190470967,5019.974269522465,3992.3885046704277,85260.0,85590.0,84090.0,77995.0,78490.83333333331,84901.09445891617,82604.1374368107,2296.9570221054746,2491.176634274228,-194.21961216875297,62.85714285714285,90051.17438094193,2980.587190470967,78128.82561905807,55.319148936170215,60.87524596249455,64.36841616414115
20130328,86000,86500,83200,84600,29434,6261,822177,1007.9682534683293,1305.5267136294071,2482.7152474658906,5088.707268714485,4029.664222984635,85400.0,85340.0,84475.0,78085.0,78532.5,84854.77223446754,82751.97910815806,2102.79312630948,2413.499932681278,-310.70680637179834,48.818897637795274,89440.4304949318,2482.7152474658906,79509.56950506821,29.166666666666668,50.305719530551926,59.68085061961141
20130329,84700,86400,84700,85900,22411,4331,822257,675.2777206453609,992.0181449953424,2231.1207945782817,5185.139020958613,4084.787496172998,85800.0,85130.0,84790.0,78200.0,78596.66666666669,85015.57650608793,82985.1658408871,2030.4106652008195,2336.8820791851863,-306.4714139843668,45.83333333333333,89252.24158915656,2231.1207945782817,80327.75841084344,56.25,52.28714635370128,57.2162825309747
20130401,86400,89500,86200,88900,82592,39338,823162,1419.8591479439056,1502.031957050182,2049.9756096109136,5361.074726416635,4190.337347199595,86400.0,85430.0,85260.0,78356.66666666669,78687.5,85613.18012053592,83423.30170452509,2189.878416010833,2307.4813465503157,-117.60293053948229,57.82312925170068,89359.95121922181,2049.9756096109136,81160.04878077818,90.47619047619048,65.01682772786434,59.81646426327125
20130402,89300,89300,85500,86900,75514,-3631,819819,1430.524379379811,1539.6428157205814,1863.9742487490653,5471.514872501124,4256.210413423631,86440.0,85650.0,85540.0,78495.0,78752.5,85811.15240968423,83680.83491159731,2130.3174980869226,2272.048576857637,-141.73107877071467,50.0,89267.94849749813,1863.9742487490653,81812.05150250187,58.730158730158735,62.921271395295804,60.851399973946094
20130403,87500,89300,86400,89000,40069,17107,821835,1707.1613866298621,1710.6723824274475,1697.7632343762343,5634.403004952985,4349.603350370927,87060.0,86160.0,85940.0,78668.33333333331,78814.16666666669,86301.74434665589,84074.84714036789,2226.8972062880052,2263.018302743711,-36.12109645570536,55.1912568306011,89335.52646875248,1697.7632343762343,82544.47353124752,92.06349206349206,72.63534495136122,64.77938163308447
20130404,88000,89500,86200,88000,45330,4100,814712,1190.96599447675,1608.1355664246719,1533.2563386464965,5757.122159165686,4428.7939636231295,87740.0,86570.0,86225.0,78843.33333333331,78885.83333333331,86563.01444717037,84365.59920404434,2197.4152431260445,2249.897690820178,-52.4824476941335,50.0,89291.51267729301,1533.2563386464965,83158.487322707,76.19047619047619,73.82038869773288,67.79305065463394
20130405,88600,88600,86100,86100,15966,6777,808860,1130.3096920755804,1359.0069904161642,1503.4210986944613,5825.431791340156,4476.064041717681,87780.0,86790.0,86285.0,78996.66666666669,78954.16666666669,86491.78145529803,84494.0733370781,1997.7081182199329,2199.4597763001293,-201.7516580801962,50.54945054945055,89291.84219738892,1503.4210986944613,83278.15780261108,46.03174603174603,64.5575078090706,66.71453637277949
20130408,86100,86400,83700,84800,38178,15334,797866,1459.588983241513,1466.8333238647126,1529.9019576429266,5836.5693405174,4507.465951680393,86960.0,86680.0,86180.0,79175.0,79000.83333333331,86231.50738525219,84516.73457136861,1714.772813883581,2102.5223838168195,-387.74956993323855,50.27322404371585,89239.80391528585,1529.9019576429266,83120.19608471415,25.396825396825395,51.503947004988866,61.64433991684928
20130409,84200,86400,83700,84300,38271,11447,782669,1809.5303258028016,1631.0732662881824,1579.6439472234424,5818.364365428653,4533.0192905933445,86440.0,86440.0,86065.0,79361.66666666669,79041.66666666669,85934.3524029057,84500.68015867464,1433.6722442310565,1968.7523558996668,-535.0801116686101,51.11111111111111,89224.28789444687,1579.6439472234424,82905.71210555313,17.46031746031746,40.156070490098394,54.481583441265656
20130410,83800,85000,82600,83500,30056,-2136,779553,1575.5633912984886,1854.1844568434933,1661.4677246337505,5823.3066208127075,4551.030942422978,85340.0,86200.0,85895.0,79490.0,79080.83333333331,85559.83664861253,84426.55570247651,1133.2809461360014,1801.6580739469337,-668.3771278109327,48.93617021276596,89217.9354492675,1661.4677246337505,82572.0645507325,13.043478260869565,31.118539747022115,46.69390220985114
20130411,84200,87600,81900,86900,35289,14859,781460,1227.028932014235,1782.7226368675524,1654.7733983840965,5857.886184926835,4604.535731814671,85120.0,86430.0,85885.0,79701.66666666669,79134.16666666669,85766.01562574906,84609.77379858936,1156.2418271596835,1672.5748245894836,-516.3329974298003,56.75675675675675,89194.54679676819,1654.7733983840965,82575.45320323181,65.78947368421053,42.67551772608493,45.3544407152624
20130412,86200,88900,85500,85500,31131,6891,785087,1152.3888232710322,1798.5827754095724,1583.1613941729531,5868.810214458676,4640.7535756601565,85000.0,86390.0,85760.0,79880.0,79187.5,85725.09014486457,84675.71648017534,1049.3736646892357,1547.9345926094345,-498.5609279201986,49.074074074074076,88926.3227883459,1583.1613941729531,82593.6772116541,47.368421052631575,44.23981883493381,44.9829000884862
20130415,85100,88600,84900,88200,46322,23298,772703,1704.5820602129995,1711.0230857589268,1670.2918906585314,5928.855988581144,4712.037702051852,85680.0,86320.0,85875.0,80100.0,79255.83333333331,86105.84550719311,84936.77451868088,1169.0709885122342,1472.1618717899946,-303.0908832777602,53.19148936170214,89215.58378131707,1670.2918906585314,82534.41621868293,82.89473684210526,57.124791503990956,49.03019722698778
20130416,87800,92500,87500,92500,92483,24529,785953,3022.8463407854515,2529.7430699578963,2182.492840767103,6109.694254943538,4862.505069977627,87320.0,86880.0,86265.0,80378.33333333331,79356.66666666669,87089.56158300955,85497.01344322303,1592.5481397865226,1496.2391253893002,96.3090143972222,62.22222222222222,90629.9856815342,2182.492840767103,81900.0143184658,100.0,71.41652766932731,56.49230737443429
20130417,93000,95100,91700,94300,72801,21307,789208,3361.1902653673133,3342.887972995805,2727.8700482243785,6333.5736796501205,5045.94969587846,89480.0,87410.0,86785.0,80686.66666666669,79465.0,88198.85980100806,86149.0865215028,2049.7732795052725,1606.9459562124948,442.8273232927777,67.63636363636364,92240.74009644878,2727.8700482243785,81329.25990355124,93.93939393939394,78.92414975934952,63.96958816940603
20130418,92600,94900,92300,94100,48829,18000,788203,3487.348563020335,3904.3053159300953,3072.535597840924,6524.440376172004,5218.364939221049,90920.0,88020.0,87295.0,80996.66666666669,79584.16666666669,89106.7275239299,86738.04307546558,2368.684448464337,1759.2936546628634,609.3907938014736,65.53030303030303,93440.07119568184,3072.535597840924,81149.92880431816,92.42424242424242,83.42418064764716,70.45445232881974
20130419,94700,95200,93500,94200,26542,13100,784322,2326.0266550493343,4247.128441665027,3314.045865705497,6683.0039403450855,5382.353884067451,92660.0,88830.0,87810.0,81325.0,79690.0,89890.30790486377,87290.78062543107,2599.527279432703,1927.3403796168313,672.1868998158717,61.276595744680854,94438.091731411,3314.045865705497,81181.908268589,92.4812030075188,86.44318810093772,75.78403091952573
20130422,93800,96000,92400,95300,52635,12257,790775,899.7777503361561,4415.608678313784,3658.496959134954,6873.364653986287,5565.503309076011,94080.0,89880.0,88280.0,81655.0,79827.5,90722.56822719245,87884.0561346584,2838.5120925340307,2109.574722200271,728.9373703337596,68.58407079646017,95596.9939182699,3658.496959134954,80963.0060817301,95.0354609929078,89.30727906492774,80.2917803013264
20130423,94300,96000,94300,95900,52805,21696,794445,714.4228439796657,4320.0,3993.9203797772084,7069.805906498209,5741.455245261086,94760.0,91040.0,88740.0,81986.66666666669,79995.0,91519.09619223977,88477.82975431334,3041.2664379264174,2295.9130653455004,745.3533725809166,66.35071090047393,96727.8407595544,3993.9203797772084,80752.15924044559,99.29078014184397,92.63511275723316,84.40622445329531
20130424,96000,96500,94200,94600,64329,-6283,793624,685.2736679604682,3607.2842970855513,4132.296576965372,7211.224853580031,5875.723123346179,94820.0,92150.0,89175.0,82291.66666666669,80156.66666666669,91993.08139343363,88931.32384658643,3061.757546847206,2449.081961645841,612.6755852013644,65.42056074766356,97439.59315393076,4132.296576965372,80910.40684606925,86.98630136986301,90.75217562810978,86.5215415115668
20130425,95000,96500,94200,94300,39750,-2886,807141,646.8384651518446,3189.184848828929,4136.1092828889,7330.591153970337,6012.303993109326,94860.0,92890.0,89660.0,82590.0,80289.16666666669,92347.99194829,89329.0035616541,3018.988386635901,2563.0632466438533,455.92513999204766,70.7070707070707,97932.21856577779,4136.1092828889,81387.7814342222,84.93150684931507,88.81195270184487,87.28501190832615
20130426,96200,98200,95600,97700,111701,407,835551,1205.9850745345045,2352.6368185506235,4391.412073581771,7532.186306482144,6210.521929668369,95560.0,94110.0,90250.0,82948.33333333331,80459.16666666669,93171.37780239923,89949.07737190193,3222.3004304972997,2694.910683414543,527.3897470827569,79.45205479452055,99032.82414716354,4391.412073581771,81467.17585283646,96.93251533742331,91.51880691370435,88.6962769101189
20130429,98300,99500,97000,97700,47373,2090,841214,1458.2180906846527,1558.3324420674815,4666.358323146625,7678.673749779788,6403.7657649405855,96040.0,95060.0,90690.0,83338.33333333331,80614.16666666669,93868.08890972244,90523.21978879807,3344.869120924355,2824.902370916506,519.9667500078493,81.30841121495327,100022.71664629324,4666.358323146625,81357.28335370675,87.67123287671232,90.236282234707,89.20961201831494
20130430,98300,99300,97700,98500,52675,7954,853082,1749.9714283381866,1611.3348503647528,4875.4589527550925,7792.442742098947,6602.116453582865,96560.0,95660.0,91270.0,83768.33333333331,80785.0,94580.69061591901,91114.09239703527,3466.5982188837224,2953.2415405099487,513.3566783737729,85.04672897196261,101020.91790551017,4875.4589527550925,81519.08209448983,93.15068493150685,91.20774980030694,89.87565794564561
20130502,97800,98500,96300,98500,28868,-5082,867416,1561.537703675449,1744.0183485273312,5089.250927199384,7878.705477424685,6791.734713360765,97340.0,96080.0,91745.0,84200.0,80952.5,95183.661290393,91661.19666392157,3522.4646264714393,3067.086157702248,455.3784687691914,82.2222222222222,101923.50185439877,5089.250927199384,81566.49814560122,91.66666666666666,91.3607220890935,90.37067932679491
20130503,99100,99800,97600,99600,52973,-17313,882408,698.5699678629152,1893.7000818503438,5286.574978187655,7941.983379484106,6989.475222711066,98400.0,96630.0,92325.0,84670.0,81141.66666666669,95863.09801494793,92249.25617029774,3613.841844650189,3176.4372950918364,437.4045495583528,89.83050847457626,102898.14995637529,5286.574978187655,81751.8500436247,97.53086419753086,93.41743612523929,91.38626492627638
20130506,99300,99800,96600,98500,59970,-744,893891,605.3098380168574,1777.751388693031,5247.139697015872,7933.370273023362,7144.3643290827295,98560.0,97060.0,92945.0,85128.33333333331,81335.0,96268.77524341748,92712.27423175717,3556.5010116603084,3252.4500384055323,304.05097325477664,81.98757763975155,103439.27939403176,5247.139697015872,82450.72060596825,82.66666666666667,89.83384630571508,90.86879205275595
20130507,98500,99200,97500,98900,32024,-3390,900317,428.9522117905373,1749.1712323268982,5048.91077362235,7867.3550193188785,7305.81346714175,98800.0,97420.0,93650.0,85615.0,81522.5,96673.57905212248,93170.62428866404,3502.954763458416,3302.5509834161085,200.40378004230755,76.22950819672131,103747.8215472447,5048.91077362235,83552.17845275531,87.83783783783784,89.168510149756,90.30203141842264
20130508,99400,100500,98200,100500,67897,-8162,915594,764.1989269817083,1888.2796403075472,4776.023450528677,7908.767287005101,7484.650774900949,99200.0,97880.0,94460.0,86080.0,81731.66666666669,97262.25919794977,93713.54100802226,3548.718189927502,3351.7844247183875,196.93376520911445,75.83333333333334,104012.04690105736,4776.023450528677,84907.95309894264,100.0,92.779006766504,91.12768986778309
20130509,100000,101500,97500,98900,63254,-24256,923976,705.4076835419316,1552.0631430454114,4146.938629881068,7801.031804974541,7611.507689384459,99280.0,98310.0,95230.0,86558.33333333331,81939.16666666669,97514.21932134213,94097.72315557617,3416.4961657659296,3364.726772927897,51.76939283803314,67.91044776119404,103523.87725976213,4146.938629881068,86936.12274023786,64.38356164383562,83.3138583922812,88.52307937594912
20130510,99000,100500,97100,99900,51285,3568,928786,741.8894796396522,860.2906485601249,3794.153397004381,7747.507663758854,7778.8350670266345,99340.0,98870.0,95880.0,87025.0,82115.0,97881.26250267409,94527.52144034833,3353.741062325775,3362.529630807473,-8.788568481697894,69.93006993006993,103468.30679400876,3794.153397004381,88291.69320599124,78.08219178082192,81.56996952179477,86.205376091231
20130513,99100,102500,98600,100500,42753,14299,927572,719.9999999999959,889.1006692158094,3084.3313700054828,7688.530238103019,7944.355788161315,99740.0,99150.0,96630.0,87498.33333333331,82306.66666666669,98284.14519457037,94969.92725958176,3314.217934988599,3352.8672916436985,-38.64935665509938,68.84057971014492,102798.66274001096,3084.3313700054828,90461.33725998904,75.90361445783132,79.68118450047363,84.03064556097854
20130514,101000,106000,100000,105000,96664,3855,956106,2102.9503084951853,1862.686232300008,2959.2397672375114,7819.481369559699,8182.052852975973,100960.0,99880.0,97470.0,88006.66666666669,82553.33333333331,99317.35362617493,95712.89561072386,3604.458015451063,3403.1854364051715,201.2725790458908,75.70621468926555,103388.47953447502,2959.2397672375114,91551.52046552498,90.38461538461539,83.24899479518756,83.77009530571489
20130515,105000,107000,103000,105000,51541,8361,958773,2614.2685401465537,2340.534127074416,3156.9724420716657,7938.587020930821,8421.48228573167,101860.0,100530.0,98095.0,88501.66666666669,82778.33333333331,100191.6069144557,96400.82926918878,3790.777645266935,3480.7038781775245,310.0737670894105,81.70731707317074,104408.94488414332,3156.9724420716657,91781.05511585668,81.30841121495327,82.60213360177613,83.38077473773531
20130516,106500,110000,105500,108500,72151,16720,972111,3195.872337875841,3227.7081652466663,3762.376243811874,8144.736541677443,8735.788419230346,103780.0,101530.0,98805.0,89060.0,83015.83333333331,101469.82123530867,97297.06413813775,4172.7570971709065,3619.114521976201,553.6425751947058,86.22448979591837,106329.75248762373,3762.376243811874,91280.24751237627,89.05109489051095,84.75178736468774,83.83777894671945
20130520,108500,109500,105000,106500,36071,-8984,978475,2634.387974463897,3469.8126750589863,3952.8312637905465,8253.557313869936,8978.685833993697,105100.0,102220.0,99425.0,89575.0,83255.83333333331,102243.69489141504,97978.76309086828,4264.93180054675,3748.277977690311,516.6538228564395,74.17582417582419,107330.6625275811,3952.8312637905465,91519.3374724189,74.45255474452554,81.31870982463367,82.99808923935753
20130521,105500,107500,103500,105500,37484,-11113,989550,1319.0905958272895,3352.8495343513405,3973.147367012704,8291.408538695838,9202.50837634339,106100.0,102920.0,99990.0,90076.66666666669,83452.5,102744.6649081204,98535.89175080396,4208.773157316435,3840.377013615536,368.39614370089834,70.3125,107936.29473402539,3973.147367012704,92043.70526597461,66.4179104477612,76.35177669900952,80.7826517259082
20130522,105500,109000,105500,107000,28230,-1380,988853,1224.7448713915867,3260.996780127205,4098.8870440645205,8345.856590082589,9448.199968189312,106500.0,103730.0,100575.0,90603.33333333331,83645.83333333331,103399.33184533264,99162.8627322259,4236.469113106767,3919.5954335137817,316.87367959298444,71.35678391959799,108772.77408812904,4098.8870440645205,92377.22591187096,77.61194029850746,76.7718312321755,79.44571156133064
20130523,105500,107500,102500,105500,37796,-4889,994735,1113.5528725660015,3107.104761671225,4085.397777450809,8305.529617202328,9654.322542260728,106600.0,104230.0,101055.0,91113.33333333331,83817.5,103722.51156143533,99632.28030761656,4090.231253818769,3953.7225975747797,136.50865624398875,66.35514018691589,109225.79555490162,4085.397777450809,92884.20444509838,65.11627906976744,72.88664717803948,77.25935676690025
20130524,105500,106000,103500,104000,11868,-1462,995305,1029.563014098697,2560.937328401459,3849.6590758143793,8196.868643302663,9827.102510404771,105700.0,104740.0,101525.0,91596.66666666669,83982.5,103765.20209044528,99955.81509964495,3809.386990800311,3924.8554762198864,-115.46848541957571,60.09174311926604,109224.31815162877,3849.6590758143793,93825.68184837123,53.48837209302325,66.42055548303408,73.64642300561154
20130527,103500,105500,103500,103500,16002,-2428,999223,1240.9673645990829,2059.1260281974,3491.8870256639216,8108.867574041169,9983.274763323094,105100.0,105100.0,101985.0,92040.0,84165.0,103724.40176883832,100218.34731448608,3506.054454352241,3841.095271846358,-335.0408174941172,61.79245283018867,108968.77405132783,3491.8870256639216,95001.22594867217,49.6124031007752,60.817838022281116,69.37022801116807
20130528,104500,108000,104000,107500,59929,-12927,1020793,1581.1388300841877,1486.606874731851,3543.42701349979,8181.7973779198655,10205.711908316802,105500.0,105800.0,102475.0,92505.0,84366.66666666669,104305.26303517088,100757.72899489453,3547.534040276369,3782.383025532361,-234.8489852559919,67.33870967741935,109561.85402699962,3543.42701349979,95388.14597300038,80.62015503875969,67.41861036110731,68.71968879448114
20130529,108000,108500,105500,106000,19292,-6439,1025723,1435.2700094407305,1462.8738838327793,3444.5464142612523,8183.101829719504,10393.44932584427,105300.0,105900.0,102890.0,92946.66666666669,84543.33333333331,104565.99179899074,101146.04536564306,3419.946433347679,3709.8957070954243,-289.94927374774534,61.13360323886641,109779.09282852252,3444.5464142612523,96000.90717147748,64.91228070175438,66.583167141323,68.0075149100951
20130530,104500,106500,100500,104000,64959,-19132,1033568,1516.5750888103082,1552.4174696260025,3299.587095380277,8160.609148015231,10539.74985867014,105000.0,105800.0,103165.0,93325.0,84727.5,104478.91613760754,101357.44941263249,3121.466724975064,3592.2099106713517,-470.74318569628855,60.1593625498008,109764.17419076056,3299.587095380277,96565.82580923944,40.0,57.72211142754867,64.57904708257962
20130531,104500,105000,101000,105000,37763,-9591,1036939,1435.2700094407305,1273.7739202856994,3140.3662206819226,8134.835073108116,10697.019314847763,105200.0,105450.0,103490.0,93725.0,84916.66666666669,104559.08288566793,101627.26797465967,2931.8149110082304,3460.130910738728,-528.3159997304973,60.1593625498008,109770.73244136383,3140.3662206819226,97209.26755863617,47.368421052631575,54.2708813025763,61.142991822578516
20130603,103500,104000,99500,100500,54335,-18238,1042456,2353.720459187963,1898.0252896102304,3090.351921707311,8041.954398997726,10787.897025010305,104600.0,104850.0,103535.0,94028.33333333331,85066.66666666669,103934.60859556515,101543.76664320342,2390.841952361749,3246.2731190633317,-855.4311667015836,50.0,109715.70384341462,3090.351921707311,97354.29615658538,9.523809523809524,39.35519070965404,53.88039145160369
20130604,101500,102000,98200,99500,56003,-5994,1052723,2549.509756796391,2462.2144504490257,3015.6715669979826,7982.733275987553,10860.296062058324,103000.0,104250.0,103585.0,94271.66666666669,85221.66666666669,103252.36111932436,101392.37652148464,1859.9845978397207,2969.01541481861,-1109.0308169788896,39.215686274509814,109616.34313399595,3015.6715669979826,97553.65686600405,11.504424778761061,30.071602066023047,45.944128323076804
20130605,99900,101500,98000,100000,27293,793,1057459,2249.444375840397,2573.421846491555,2938.7752551020417,7957.233606390482,10928.577598815747,101800.0,103550.0,103640.0,94490.0,85395.0,102751.99787019756,101289.2375198932,1462.76035030435,2667.7644019157583,-1205.0040516114082,40.384615384615394,109517.55051020408,2938.7752551020417,97762.44948979592,18.181818181818183,26.108340771288095,39.332199139147235
20130607,102000,107000,101000,102500,70056,-5142,1055497,2024.845673131657,2502.4987512484395,2863.2848269077376,7954.818770196473,11019.79166469754,101500.0,103250.0,103740.0,94755.0,85595.0,102713.22896709024,101378.92362953072,1334.3053375595046,2401.0725890445083,-1066.7672514850033,38.0,109466.56965381547,2863.2848269077376,98013.43034618453,40.909090909090914,31.0419241505557,36.568774142950055
20130610,101500,105500,101000,105500,42393,10552,1062236,2199.9999999999986,2586.5034312755124,2659.5300336713776,8004.932333672172,11131.48309850158,101600.0,103400.0,104070.0,95065.0,85840.83333333331,103141.96297215328,101684.18854586179,1457.774426291479,2212.412956493902,-754.6385302024237,48.07692307692307,109389.06006734275,2659.5300336713776,98750.93993265725,71.42857142857143,44.504139909894285,39.2138960652648
20130611,106500,107000,104000,105500,37051,-3967,1071110,2576.8197453450243,2662.705391138869,2495.495942693573,8046.263970868249,11231.267088653482,102600.0,103600.0,104350.0,95371.66666666669,86092.5,103504.7378995143,101966.84124616832,1537.8966533459607,2077.509695864314,-539.6130425183534,50.0,109340.99188538716,2495.495942693573,99359.00811461284,71.42857142857143,53.47895041612,43.96891418221653
20130612,104500,106000,102500,105500,30070,-7509,1074538,2227.1057451320075,2426.9322199023195,2343.074902772016,8090.817154170886,11341.298059158435,103800.0,103400.0,104600.0,95663.33333333331,86325.0,103811.70129958904,102228.55670941512,1583.1445901739062,1978.6366747262325,-395.4920845523261,46.80851063829788,109286.14980554405,2343.074902772016,99913.85019445595,71.42857142857143,59.46215742027048,49.13332859490118
20130613,105000,107000,104500,106000,41990,2640,1086088,1264.9110640673493,2426.9322199023195,2361.673135723929,8095.749742234663,11459.828266116956,105000.0,103400.0,104650.0,95998.33333333331,86551.66666666669,104148.3626381138,102507.92287908807,1640.439759025714,1910.9972915861288,-270.557532560415,51.111111111111114,109373.34627144784,2361.673135723929,99926.65372855216,76.19047619047619,65.03826367700572,54.434973622269354
20130614,107000,107500,102500,103500,40280,11122,1077936,871.7797887081313,2419.194080680589,2373.157179792373,8015.819601818186,11528.760865042595,105200.0,103350.0,104575.0,96311.66666666669,86772.5,104048.61453994244,102581.41007322972,1467.2044667127484,1822.2387266114526,-355.03425989870453,48.93617021276596,109321.31435958477,2373.157179792373,99828.68564041523,52.38095238095239,60.8191599116546,56.5630357187311
20130617,104000,105500,100500,101500,30636,-1858,1076559,1685.2299546352695,2408.3189157584593,2282.9531313629905,7877.085438155653,11576.265949490697,104400.0,103000.0,104225.0,96605.0,86970.0,103656.51999533591,102501.30562336084,1155.2143719750748,1688.833855684177,-533.6194837091023,46.0,108790.90626272597,2282.9531313629905,99659.09373727403,36.84210526315789,52.8268083621557,55.31762659987263
20130618,102500,107000,101000,106500,44526,15521,1076287,1854.7236990991391,2457.641145488901,2282.9531313629905,7800.523308656465,11679.671799042031,104600.0,103600.0,104225.0,96981.66666666669,87210.0,104093.97845759193,102797.50520681556,1296.4732507763547,1610.3617347026127,-313.888483926258,48.07692307692307,108790.90626272597,2282.9531313629905,99659.09373727403,89.47368421052632,65.0424336449459,58.559228948230384
20130619,106500,109000,103500,106500,62306,-1268,1087408,1989.9748742132385,2170.2534414210704,2320.9642392764445,7704.81000558912,11772.275309906185,104800.0,104300.0,104275.0,97358.33333333331,87455.83333333331,104464.1356179624,103071.7640803848,1392.3715375776087,1566.763695277612,-174.39215770000374,51.02040816326532,108916.92847855287,2320.9642392764445,99633.07152144713,77.27272727272727,69.11919818753968,62.079218694666814
20130620,105500,107500,104000,106500,23810,12889,1079722,2059.1260281973987,1709.532099727876,2294.0139493909105,7645.314287559381,11858.305545762903,104900.0,104950.0,104250.0,97701.66666666669,87702.5,104777.34552289124,103325.70748183776,1451.6380410534766,1543.738564432785,-92.10052337930848,55.555555555555536,108838.02789878182,2294.0139493909105,99661.97210121818,77.27272727272727,71.83704121593554,65.33182620175639
20130621,104500,105000,102000,105000,40748,14275,1073239,1939.07194296653,1503.3296378372906,2282.9531313629905,7564.938128556833,11927.322857857087,105200.0,105200.0,104225.0,98006.66666666669,87928.33333333331,104811.60005783103,103449.72914984981,1361.8709079812688,1507.365033142482,-145.4941251612131,50.0,108790.90626272597,2282.9531313629905,99659.09373727403,63.63636363636363,69.1034820227449,66.58904480875255
20130624,104000,107000,102000,102000,29919,3171,1069903,1749.285568453589,1775.5280904564706,2333.8541085509355,7414.796580711941,11954.466738420606,105300.0,104850.0,104125.0,98275.0,88135.0,104379.04620278011,103342.34180541648,1036.7043973636464,1413.2329059867154,-376.52850862306855,53.48837209302325,108792.70821710187,2333.8541085509355,99457.29178289813,17.647058823529413,51.95134095633974,61.70981019128161
20130625,102500,104000,101000,103500,24565,3291,1074205,1749.285568453589,1803.4688796871435,2333.8541085509355,7226.218467036377,12007.095558460613,104700.0,104650.0,104125.0,98590.0,88337.5,104243.80832542932,103354.02019020043,889.788135228897,1308.5439518351511,-418.7558166062545,59.09090909090908,108792.70821710187,2333.8541085509355,99457.29178289813,35.294117647058826,46.398933186579434,56.60618452304755
20130626,103500,104500,101500,102500,18465,-3318,1074765,1655.2945357246826,1884.8076824970765,2224.1571437288503,7050.713123901713,12044.786793002757,103900.0,104350.0,103875.0,98866.66666666669,88533.33333333331,103975.53012151713,103290.75943537077,684.7706861463522,1183.7892986973916,-499.0186125510395,55.555555555555536,108323.3142874577,2224.1571437288503,99426.6857125423,23.52941176470588,38.77575937928825,50.66270947512779
20130627,103000,105500,102000,105000,32783,-7186,1084295,1240.9673645990829,1820.0274723201294,2186.7498713844875,6972.226449755559,12108.315984158447,103600.0,104250.0,103825.0,99135.0,88745.83333333331,104133.14087205293,103417.36984756553,715.7710244874179,1090.1856438553966,-374.41461936797896,55.555555555555536,108198.49974276898,2186.7498713844875,99451.50025723102,52.94117647058824,43.49756507638825,48.27432800888128
20130628,105000,107500,103000,106000,46459,7693,1079096,1503.3296378372888,1870.8286933869706,2237.60474615158,6841.137007512712,12173.013156386562,103800.0,104500.0,103925.0,99453.33333333331,88974.16666666669,104420.3499686602,103608.67578478287,811.6741838772869,1034.4833518597748,-222.8091679824879,51.219512195121965,108400.20949230317,2237.60474615158,99449.79050769683,64.70588235294117,50.56700416857256,49.038553395445035
20130701,104500,108000,104500,107000,25409,-939,1079597,1630.950643030007,1709.532099727876,2326.343697736875,6770.461989817241,12244.881895669461,104800.0,105050.0,104025.0,99753.33333333331,89210.83333333331,104817.21920425091,103859.88498591007,957.3342183408388,1019.0535251559876,-61.7193068151489,53.48837209302325,108677.68739547377,2326.343697736875,99372.31260452623,76.47058823529412,59.201532190813076,52.42621299390105
20130702,107500,109500,104000,104500,47300,-13818,1083088,1516.5750888103082,1643.9282222773595,2182.172083040218,6620.928728073332,12275.652025000292,105000.0,104850.0,104225.0,100028.33333333331,89435.83333333331,104768.41624975078,103907.30091287973,861.1153368710657,987.4658874990033,-126.35055062793764,47.91666666666667,108589.34416608042,2182.172083040218,99860.65583391958,44.44444444444444,54.282502942023534,53.04497630994188
20130703,103500,105500,103500,103500,15503,-5998,1088556,1208.3045973594544,1588.2380174268592,1905.7478846899155,6381.235294901252,12287.443879153154,105200.0,104550.0,104425.0,100318.33333333331,89657.5,104573.27528825066,103877.13047488863,696.1448133620288,929.2016726716084,-233.05685930957958,44.89795918367345,108236.49576937985,1905.7478846899155,100613.50423062015,29.411764705882355,45.99225686330981,50.69406982773119
20130704,103500,105500,103500,105500,8467,255,1089405,1208.3045973594544,1490.8051515875575,1623.2683080748216,6085.6379196345215,12287.692323577032,105300.0,104450.0,104700.0,100663.33333333331,89919.16666666669,104715.84832082748,103997.3430323043,718.5052885231853,887.0623958419237,-168.55710731873853,54.16666666666666,107946.53661614963,1623.2683080748216,101453.46338385037,52.94117647058824,48.30856339906929,49.89890101817722
20130705,105000,107000,104500,107000,20542,1645,1089850,1378.4048752090198,1674.0669042783206,1614.5819892467832,5753.123547739984,12287.45283702962,105500.0,104650.0,104925.0,101041.66666666669,90201.66666666669,105067.25627146939,104219.76206694843,847.4942045209755,879.1487575777343,-31.65455305675869,61.70212765957447,108154.16397849355,1614.5819892467832,101695.83602150645,70.58823529411765,55.73512069741874,51.84430757792439
20130708,107000,107500,104000,104500,11810,-2067,1089994,1183.215956619921,1428.2856857085699,1611.4822369483618,5295.9195508328585,12284.119123441209,105000.0,104900.0,104875.0,101391.66666666669,90440.83333333331,104979.98607585873,104240.52043235967,739.4656434990758,851.2121347620024,-111.74649126292671,45.23809523809525,108097.96447389672,1611.4822369483618,101652.03552610328,41.17647058823529,50.88223732769092,51.52361749451324
20130709,105500,108000,103500,108000,31344,1632,1093119,1630.950643030007,1613.226580490168,1746.4249196573273,5015.05621991357,12295.998417507155,105700.0,105350.0,105000.0,101743.33333333331,90722.5,105444.60360264967,104519.00040033301,925.6032023166772,866.0903482729376,59.51285404373961,53.06122448979593,108492.84983931467,1746.4249196573273,101507.15016068533,82.35294117647058,61.37247194395081,54.806568977659104
20130710,108000,110000,107500,110000,51017,8194,1098536,1923.538406167133,1841.195263952197,2058.3670712484964,4660.775746113574,12332.463905166209,107000.0,106100.0,105225.0,102151.66666666669,91015.83333333331,106145.43381762666,104925.00037067872,1220.4334469479504,936.9589680079404,283.4744789400105,56.60377358490565,109341.73414249699,2058.3670712484964,101108.26585750301,100.0,74.24831462930054,61.28715086153958
20130711,110000,112000,108000,110000,48204,-9634,1102020,2059.1260281973987,2130.727575266252,2303.665557323832,4401.508264220923,12364.075396756196,107900.0,106600.0,105425.0,102515.0,91307.5,106738.44399953024,105300.92626914695,1437.5177303833045,1037.0707204830132,400.4470099002912,60.0,110032.33111464766,2303.665557323832,100817.66888535234,80.95238095238095,76.48300340366067,66.35243504224661
20130712,111000,111000,108000,109000,21551,-8949,1106518,2039.6078054371123,2233.8307903688683,2384.3238035133013,4280.992875491051,12385.40805298292,108300.0,106900.0,105700.0,102790.0,91584.16666666669,107086.37569191023,105574.93173069162,1511.4439612185959,1131.94536863013,379.4985925884662,65.21739130434783,110468.6476070266,2384.3238035133013,100931.3523929734,70.0,74.32200226910712,69.00895745120012
20130715,109000,109500,107500,108000,17607,-4509,1107012,894.4271909999126,2258.317958127243,2227.5266552838707,4186.3863361568465,12389.343287008342,109000.0,107000.0,106025.0,103018.33333333331,91852.5,107226.9332777702,105754.56641730703,1472.3668604631384,1200.0296669967315,272.3371934664067,60.0,110480.05331056776,2227.5266552838707,101569.94668943224,55.55555555555556,68.06652003125659,68.69481164455227
20130716,108000,112500,106000,108000,90234,-20788,1119370,894.4271909999126,2110.0947846009194,2267.156809750961,4069.418467873747,12384.141292619404,109000.0,107350.0,106100.0,103250.0,92123.33333333331,107345.8666196517,105920.89483083984,1424.9717888118466,1245.0180913597549,179.95369745209175,62.7906976744186,110634.31361950193,2267.156809750961,101565.68638049807,50.0,62.044346687504394,66.47798999220298
20130717,108500,111000,107500,109500,43102,-1618,1122286,799.9999999999961,1752.8548142958105,2384.848003542397,3972.5485102981415,12377.80035655254,108900.0,107950.0,106250.0,103505.0,92415.0,107677.2717550899,106186.01373225912,1491.258022830778,1294.2660776539594,196.99194517681823,60.975609756097576,111019.6960070848,2384.848003542397,101480.3039929152,66.66666666666666,63.58512001389181,65.51369999943259
20130718,108500,113000,108000,112000,50680,1581,1128104,1469.6938456699047,1920.9372712298543,2694.7866334832847,3972.957196962266,12406.834781907957,109300.0,108600.0,106525.0,103783.33333333331,92719.16666666669,108342.30686969144,106616.6793817214,1725.627487970036,1380.5383597171756,345.0891282528607,63.63636363636363,111914.57326696656,2694.7866334832847,101135.42673303344,89.47368421052632,72.21464141276998,67.74734713721172
20130719,113500,117000,110500,116500,74376,7921,1129825,3203.1234756093927,2961.840643923977,3433.6569426779083,4162.445862177792,12497.95805544094,110800.0,109550.0,107100.0,104126.66666666669,93056.66666666669,109597.3365820466,107348.77720529759,2248.559376748992,1554.1425631235386,694.4168136254532,68.62745098039215,113967.31388535582,3433.6569426779083,100232.68611464418,96.29629629629629,80.24185970727875,71.91218466056739
20130722,116000,117000,115000,116000,37919,-8044,1135501,3397.057550292605,3009.9833886584825,3736.308338453912,4246.8485047418135,12575.224070237173,112400.0,110700.0,107800.0,104483.33333333331,93387.5,110582.3617232702,107989.60852342373,2592.7531998464983,1761.8646904681311,830.8885093783676,74.46808510638299,115272.61667690786,3736.308338453912,100327.38332309217,92.5925925925926,84.35877066905003,76.06104666339495
20130723,119000,122000,116000,118000,147060,-42287,1128137,3152.776554086889,3558.089374931439,4208.547849318131,4381.365527879926,12675.14954437335,114400.0,111700.0,108525.0,104878.33333333331,93734.16666666669,111723.5368427671,108731.1190031701,2992.4178395970093,2007.9753202939066,984.4425193031019,79.59183673469387,116942.09569863624,4208.547849318131,100107.90430136373,78.37837837837837,82.36530657215947,78.16246663298313
20130724,117000,118000,114500,115500,72494,-23596,1152356,1984.9433241279198,3675.93525514256,4231.651568832233,4486.632924588965,12725.48743881983,115600.0,112250.0,109175.0,105175.0,94061.66666666669,112304.53117464908,109232.51759552787,3072.013579121209,2220.7829720593672,851.2306070618422,70.0,117638.30313766445,4231.651568832233,100711.69686233555,64.86486486486487,76.53182600306127,77.6189197563425
20130725,115000,119500,114500,119500,77648,-12346,1167691,1462.8738838327772,4166.533331199932,4673.328578219205,4742.01404702981,12803.685558810583,117100.0,113200.0,109900.0,105538.33333333331,94438.33333333331,113411.5263785492,109993.07184771098,3418.454530838237,2460.317283815141,958.1372470230956,72.72727272727273,119246.65715643839,4673.328578219205,100553.34284356161,84.375,79.14621733537417,78.12801894935306
20130726,120000,120500,118000,118500,37572,-696,1172903,1516.5750888103082,4183.59892915179,4938.306896093071,4934.575012659293,12832.592619316609,117500.0,114150.0,110525.0,105871.66666666669,94820.0,114194.36847415705,110623.21467380646,3571.153800350556,2682.484587122224,888.6692132283315,76.92307692307692,120401.61379218615,4938.306896093071,100648.38620781386,78.125,78.80581155691611,78.35394981854074
20130729,119500,123000,117500,119500,67430,-2251,1177481,1469.6938456699047,3906.4049969249213,5234.739726099129,5139.782474861643,12864.06361298384,118200.0,115300.0,111150.0,106221.66666666669,95210.83333333331,115010.61947813285,111280.75432759858,3729.865150534272,2891.960699804634,837.9044507296376,74.46808510638299,121619.47945219824,5234.739726099129,100680.52054780176,79.41176470588235,79.00779593990485,78.5718985256621
20130730,121000,124000,120000,124000,50314,17875,1180231,2727.6363393971696,3865.229618017537,5700.603038275902,5548.786403850992,12941.181011493047,119400.0,116900.0,112125.0,106628.33333333331,95649.16666666669,116393.60109688164,112222.9206737024,4170.680423179249,3147.704644479557,1022.9757786996917,76.92307692307692,123526.2060765518,5700.603038275902,100723.7939234482,100.0,86.00519729326989,81.04966478153136
20130731,124500,128000,123000,127500,94592,-24662,1225619,3429.285639896449,4178.5164831552365,6257.545445300457,6059.26540285441,13063.049669455933,121800.0,118700.0,113325.0,107111.66666666669,96120.0,118102.27785120752,113354.55617935408,4747.721671853462,3467.7080499543385,1280.0136218991233,79.66101694915254,125840.09089060091,6257.545445300457,100809.90910939909,97.72727272727273,89.91255577127083,84.00396177811119
20130801,126500,129000,124000,124500,67661,-3588,1220017,3340.658617698012,3843.501008195523,6437.148048631516,6359.876614806443,13089.300550025393,122800.0,119950.0,114275.0,107538.33333333331,96576.66666666669,119086.5427971756,114180.14461051305,4906.398186662598,3755.446077295991,1150.9521093666076,74.60317460317461,127149.29609726302,6437.148048631516,101400.70390273698,79.06976744186046,86.2982929948007,84.76873885034102
20130802,124500,126500,122000,126500,57392,-10211,1231707,2764.0549922170508,4107.614879708174,6731.456008918172,6739.9577562149425,13183.288005611312,124400.0,120950.0,115250.0,107971.66666666669,97025.83333333331,120227.0746745332,115092.72649121574,5134.348183317445,4031.2264985002807,1103.121684817163,78.46153846153845,128712.91201783635,6731.456008918172,101787.08798216363,88.09523809523809,86.89727469494649,85.47825079854285
20130805,125500,127000,122500,126500,52008,-8807,1244306,1326.6499161421575,4049.6913462633174,6682.25261420134,7040.2767859103915,13222.007222808734,125800.0,122000.0,116350.0,108431.66666666669,97495.0,121192.14010922039,115937.70971408868,5254.430395131727,4275.867277826571,978.563117305156,78.46153846153845,129714.50522840268,6682.25261420134,102985.49477159732,86.48648648648648,86.76034529212649,85.9056156297374
20130806,127500,129000,126500,128500,75102,-7539,1269188,1326.6499161421575,4233.497372149887,6891.7976609880725,7405.229946163875,13309.797978265056,126700.0,123050.0,117375.0,108908.33333333331,97966.66666666669,122316.42624626342,116868.24973526727,5448.176510996142,4510.329124460485,937.8473865356565,78.7878787878788,131158.59532197614,6891.7976609880725,103591.40467802387,96.55172413793103,90.024138240728,87.27845650006759
20130807,129000,130500,127000,127000,104403,-64057,1327943,1280.6248474865674,3529.872518944558,6977.59808243501,7675.882142573154,13356.278148205383,126600.0,124200.0,118225.0,109350.0,98424.16666666669,123036.9760545306,117618.7497548771,5418.2262996534855,4691.908559499087,726.317740154399,73.4375,132180.19616487002,6977.59808243501,104269.80383512998,78.125,86.057758827152,86.87155727576238
20130808,126500,128500,125500,127000,60185,-27613,1360907,734.8469228349494,3236.124225056881,6959.301329875058,7978.808738708789,13425.120628467192,127100.0,124950.0,119075.0,109716.66666666669,98861.66666666669,123646.67204614125,118313.65718044176,5333.014865699501,4820.129820739168,512.8850449603315,69.0909090909091,132993.60265975012,6959.301329875058,105156.39734024988,78.125,83.413505884768,85.71887347876425
20130809,126500,127000,123000,124500,53095,-7831,1362262,1288.4098726725101,2443.8698819699875,6650.375929223912,8174.80461880053,13450.54635404186,126700.0,125550.0,119850.0,110041.66666666669,99271.66666666669,123777.95326981186,118771.90479670533,5006.048473106508,4857.313551212636,148.7349218938707,64.40677966101696,133150.75185844782,6650.375929223912,106549.24814155216,62.5,76.442337256512,82.6266947380135
20130812,124000,128500,123500,128000,54515,15387,1363867,1378.4048752090198,1479.8648586948739,6287.089946867378,8488.652556338326,13516.304557418624,127000.0,126400.0,120850.0,110366.66666666669,99713.33333333331,124427.49892061006,119455.46740435678,4972.03151625325,4880.25714422076,91.77437203248974,66.12903225806451,133424.17989373475,6287.089946867378,108275.82010626524,80.76923076923077,77.88463509408493,81.04600819003731
20130813,128500,131000,127000,128000,47939,-15947,1386529,1280.6248474865674,1307.669683062202,5729.5287764353625,8767.090452368282,13576.529993583536,126900.0,126800.0,121850.0,110725.0,100150.0,124977.11447128539,120088.39574477481,4888.718726510604,4881.949460678729,6.7692658318746926,71.92982456140348,133309.0575528707,5729.5287764353625,110390.94244712927,77.77777777777779,77.84901598864921,79.98034412290794
20130814,128000,129000,122500,127000,92032,-14290,1388269,1280.6248474865674,1289.3796958227624,5075.61572619529,8982.931345366207,13602.950660304308,126900.0,126750.0,122725.0,111083.33333333331,100580.0,125288.3276295492,120600.36643034706,4687.961199202166,4843.151808383417,-155.19060918124978,64.70588235294117,132876.23145239058,5075.61572619529,112573.76854760943,63.63636363636363,73.11146520455402,77.69071781678997
20130816,126000,128500,124500,125500,46057,-12692,1400521,1392.8388277184094,1141.2712210513328,4465.422712353329,9153.36534954382,13592.549812918602,126600.0,126850.0,123400.0,111391.66666666669,100997.5,125320.89260961856,120963.30225032133,4357.590359297217,4746.039518566176,-388.4491592689601,63.46153846153846,132330.84542470667,4465.422712353329,114469.15457529336,38.88888888888889,61.703939765998975,72.36179179985963
20130819,126000,130500,125500,130000,50386,-1462,1409127,1469.6938456699047,1469.6938456699065,4391.113184603762,9423.905772025066,13633.798280580595,127700.0,127200.0,124075.0,111800.0,101456.66666666669,126040.75528506185,121632.68726881605,4408.068016245787,4678.445218102101,-270.37720185631315,67.79661016949152,132857.22636920752,4391.113184603762,115292.77363079248,88.88888888888889,70.76558947362895,71.82972435778274
20130820,130000,130500,127000,127500,55813,-24313,1435795,1462.8738838327772,1452.5839046333954,4034.5383874739673,9578.66190492682,13620.140086365818,127600.0,127300.0,124650.0,112191.66666666669,101894.16666666669,126265.2544719754,122067.30302668152,4197.95144529386,4582.3464635404525,-384.39501824659135,56.36363636363636,132719.07677494793,4034.5383874739673,116580.92322505207,61.111111111111114,67.54743001945634,70.40229291167394
20130821,127000,129500,124000,124000,45052,-5273,1443676,2014.944167960987,1688.9345754054534,3741.323295306227,9628.026219786503,13572.784861217531,126800.0,126850.0,124950.0,112533.33333333331,102286.66666666669,125916.75378397918,122210.46576544589,3706.288018533305,4407.134774539022,-700.846756005717,43.63636363636363,132432.64659061245,3741.323295306227,117467.35340938756,17.647058823529413,50.91397295414737,63.90618625916508
20130822,123000,123000,119500,119500,53007,-19671,1461332,3529.8725189445568,2773.084924772409,3313.231051406022,9646.01241734444,13501.483226133436,125300.0,126100.0,125150.0,112733.33333333331,102619.16666666669,124929.56089413624,122009.690523561,2919.870370575227,4109.681893746263,-1189.8115231710362,41.37931034482758,131776.46210281205,3313.231051406022,118523.53789718795,0.0,33.94264863609825,53.918340384809476
20130823,120500,126500,120500,126500,72493,-25392,1491366,3563.7059362410914,2760.8875384557045,3057.776970284306,9763.804330280676,13506.848854274976,125500.0,126050.0,125500.0,113075.0,103010.83333333331,125171.16691042295,122342.30604033428,2828.860870088698,3853.51768901475,-1024.656818926052,50.0,131615.55394056858,3057.776970284306,119384.4460594314,60.86956521739131,42.918287496529274,50.25165608871608
20130826,127000,128000,125500,128000,21575,-4676,1487083,3120.897306865447,2764.0549922170508,2643.269755435698,9874.810124757221,13548.407040436166,125100.0,126400.0,125975.0,113475.0,103400.0,125606.37200112715,122761.394481791,2844.9775193361274,3651.809655079025,-806.8321357428981,52.112676056338046,131261.5395108714,2643.269755435698,120688.4604891286,73.91304347826086,53.24987282377314,51.251061667068434
20130827,126500,128500,123500,124000,35052,-9450,1489579,2887.905815638729,2792.848008753788,2243.8805672319336,9902.563500876766,13519.834708884668,124400.0,126000.0,126200.0,113791.66666666669,103758.33333333331,125359.23784710756,122853.14303869536,2506.0948084122065,3422.6666857456617,-916.5718773334552,44.00000000000001,130687.76113446387,2243.8805672319336,121712.23886553613,39.130434782608695,48.54339347671833,50.3485056036184
20130828,122000,126500,122000,124000,26488,-2539,1495383,2887.905815638729,2764.0549922170508,2243.8805672319336,9833.601691253829,13499.717872566667,124400.0,125600.0,126200.0,114183.33333333331,104105.83333333331,125150.12433216795,122938.0954061994,2212.028925968538,3180.539133790237,-968.5102078216992,45.83333333333334,130687.76113446387,2243.8805672319336,121712.23886553613,39.130434782608695,45.40574057868179,48.70091726197287
20130829,124000,126000,120500,122000,44887,-19679,1500839,2107.1307505705468,2913.760456866693,2399.348870006421,9694.539556999609,13481.145166491127,124900.0,125100.0,125925.0,114558.33333333331,104415.0,124665.48981952672,122868.60685759205,1796.8829619347089,2903.8078994191314,-1106.9249374844226,43.42105263157895,130723.69774001285,2399.348870006421,121126.30225998715,21.73913043478261,37.516870530715394,44.97290168488704
20130830,123500,123500,120500,123000,44834,-8201,1515361,2039.6078054371123,2975.3151093623687,2465.2586071244305,9565.167565472315,13489.724458721512,124200.0,124850.0,125850.0,114941.66666666669,104715.83333333331,124409.26061652262,122878.3396829556,1530.9209335670312,2629.2305062487117,-1098.3095726816805,47.94520547945206,130780.51721424884,2465.2586071244305,120919.48278575116,31.818181818181817,35.61730762653753,41.854370332103876
20130902,122500,123500,118000,120500,84348,-20185,1510473,1326.6499161421575,2681.4175355583843,2719.834553792027,9451.847996850334,13462.32386658767,122700.0,123900.0,125550.0,115241.66666666669,104998.33333333331,123807.83590628835,122702.16637310704,1105.669533181339,2324.5183116352373,-1218.8487784538984,39.43661971830985,130989.66910758405,2719.834553792027,120110.33089241595,20.0,30.411538417691688,38.04009302729981
20130903,121000,122500,118500,121500,71930,-20604,1529812,1208.3045973594544,2471.8414188616557,2847.8061731798152,9398.799420966689,13442.122434926814,122200.0,123300.0,125300.0,115508.33333333331,105286.66666666669,123452.78422839785,122613.11701213615,839.6672162617032,2027.5480925605304,-1187.8808762988272,41.0958904109589,130995.61234635965,2847.8061731798152,119604.38765364035,28.000000000000004,29.607692278461126,35.229292777686915
20130904,122500,124500,121000,121500,48923,-12665,1549024,812.4038404635924,2514.4581921360314,2863.1276604442637,9337.837454857607,13418.002417979216,121700.0,123050.0,124950.0,115775.0,105573.33333333331,123152.3558855674,122530.66390012605,621.6919854413428,1746.3768711366931,-1124.6848856953502,42.25352112676057,130676.25532088852,2863.1276604442637,119223.74467911148,28.000000000000004,29.07179485230742,33.176793469227086
20130905,122500,125000,121000,123000,62869,-19754,1564761,969.5359714832628,2222.611077089287,2852.6303651193653,9285.502439586338,13413.237553501911,121900.0,123400.0,124750.0,116066.66666666669,105865.0,123128.91651855705,122565.42953715374,563.4869814032863,1509.7988931900115,-946.3119117867253,46.478873239436616,130455.26073023873,2852.6303651193653,119044.73926976127,43.47826086956522,33.873950191393355,33.409179043282506
20130906,123000,125500,122000,125500,81915,-40238,1568375,1743.5595774162678,2100.0,2811.916606160473,9268.716050361592,13405.11624965162,122400.0,123300.0,124675.0,116391.66666666669,106195.0,123493.6985926252,122782.80512699422,710.8934656309723,1350.0178076782038,-639.1243420472317,43.28358208955223,130298.83321232095,2811.916606160473,119051.16678767905,71.42857142857143,46.392157270452714,37.73683845233924
20130909,126000,128500,124500,126500,62627,-4184,1559000,2059.1260281973987,1789.553016817328,2839.344114404071,9202.999963780385,13385.114451841499,123600.0,123150.0,124775.0,116775.0,106543.33333333331,123956.20650145205,123058.15289536506,898.0536060870654,1259.6249673599762,-361.57136127291085,48.43749999999999,130453.68822880814,2839.344114404071,119096.31177119186,80.95238095238095,57.91223183109546,44.461969578591315
20130910,125000,133000,125000,132500,163071,-44340,1592897,3789.459064299282,3339.1615714128,3236.510466536614,9201.12840302196,13429.041808293558,125800.0,124000.0,125000.0,117291.66666666669,106948.33333333331,125270.63627045945,123757.54897718984,1513.0872932696218,1310.3174325419054,202.7698607277166,62.31884057971014,131473.02093307322,3236.510466536614,118526.97906692675,96.66666666666667,70.83037677628586,53.2514386444895
20130911,134000,135500,131500,132500,151102,-4029,1612806,3847.076812334268,4201.487831709143,3575.874019033817,9294.45399149453,13460.64593133986,128000.0,124850.0,125225.0,117725.0,107353.33333333331,126382.84607500414,124405.13794184245,1977.708133161708,1443.795572665866,533.9125604958422,71.66666666666666,132376.74803806766,3575.874019033817,118073.25196193234,82.85714285714286,74.8392988032382,60.44739203073906
20130912,133000,134000,130000,132500,95470,-25398,1624092,3199.9999999999986,4646.504062195577,3898.7177379237232,9366.826066259811,13480.013497355863,129900.0,125900.0,125500.0,118158.33333333331,107758.33333333331,127323.94667884965,125004.75735355786,2319.189325291838,1618.8743231910607,700.3150021007773,63.04347826086957,133297.43547584745,3898.7177379237232,117702.56452415256,82.85714285714286,77.51191348787309,66.13556584978373
20130913,131000,133000,128500,130000,53768,-10009,1625173,2357.965224510318,4684.0153714521475,4020.183453525608,9362.469403599784,13480.229324417904,130800.0,126600.0,125725.0,118550.0,108125.83333333331,127735.64718979588,125374.77532736836,2360.871862427506,1767.2738310383502,593.5980313891561,54.16666666666666,133765.36690705118,4020.183453525608,117684.6330929488,68.57142857142857,74.53175184905825,68.93429451620857
20130916,131000,131500,125500,125500,48071,-17791,1629640,2727.6363393971696,4253.234063627348,3898.7177379237232,9234.938939821479,13427.657997788112,130600.0,127100.0,125500.0,118891.66666666669,108449.16666666669,127391.70146828881,125384.05122904475,2007.6502392440307,1815.349112679486,192.30112656454457,53.06122448979593,133297.43547584745,3898.7177379237232,117702.56452415256,42.857142857142854,63.97354885175312,67.28071262805675
20130917,126000,130500,125500,127500,58359,-13583,1647379,2764.0549922170508,3822.302970723279,3898.7177379237232,9032.333893051373,13377.932051413245,129600.0,127700.0,125500.0,119316.66666666669,108795.83333333331,127408.36278085975,125540.78817504144,1867.574605818314,1825.7942113072515,41.78039451106247,56.60377358490565,133297.43547584745,3898.7177379237232,117702.56452415256,54.285714285714285,60.74427066307351,65.101898639729
20130923,126000,128000,124000,126000,62854,-31997,1666045,2619.160170741758,3294.3132820058263,3884.584919911145,8832.747622091587,13282.993486869958,128300.0,128150.0,125600.0,119691.66666666669,109140.83333333331,127191.69158380445,125574.80386577912,1616.887718025304,1784.012912650862,-167.12519462555815,57.6923076923077,133369.16983982228,3884.584919911145,117830.83016017769,44.11764705882353,55.202062794990184,61.8019533581494
20130924,126000,129500,125500,128000,37618,-14531,1683053,1593.737745050921,2820.017730440715,3651.9686471821055,8605.892684021686,13220.347848004221,127400.0,128650.0,126025.0,120116.66666666669,109491.66666666669,127316.0467247576,125754.44802386955,1561.5987008880331,1739.5300702982966,-177.93136941026341,59.25925925925928,133328.9372943642,3651.9686471821055,118721.0627056358,48.275862068965516,52.89332921964863,58.83241197864914
20130925,129000,130000,126000,126500,52372,3733,1683215,927.3618495495673,2722.5906780123964,3651.9686471821055,8414.484040431464,13174.08978513029,126700.0,128750.0,126025.0,120475.0,109805.0,127190.50107479488,125809.67409617553,1380.8269786193564,1667.7894519625086,-286.9624733431526,61.53846153846153,133328.9372943642,3651.9686471821055,118721.0627056358,37.93103448275862,47.90589764068529,55.19024053266119
20130926,126000,128500,126000,128500,71372,-22595,1711977,927.3618495495673,2621.5453457836657,3667.0833096619313,8261.002763991542,13114.000046600193,127300.0,128950.0,126050.0,120850.0,110151.66666666669,127391.96244790337,126008.95749645881,1383.0049514445416,1610.8325518589154,-227.8276004143736,62.96296296296296,133384.16661932383,3667.0833096619313,118715.83338067615,48.148148148148145,47.986647809839575,52.78904295838732
20130927,128500,130000,127500,128500,66532,-13562,1725607,1048.8088481701486,2339.337513057917,3672.44809357479,8117.5179225075635,13074.627437862104,127500.0,128550.0,126275.0,121208.33333333331,110480.83333333331,127562.42976361053,126193.47916338779,1368.9506002227429,1562.4561615316811,-193.5055613089385,62.96296296296296,133619.89618714954,3672.44809357479,118930.10381285043,39.130434782608695,45.034576800762615,50.20422090584575
20130930,128000,130500,128000,130500,42567,-2994,1745108,1280.6248474865674,2062.159062730128,3743.6613094671284,7905.215402224342,13036.433880986819,128400.0,128350.0,126600.0,121641.66666666669,110835.0,128014.363646132,126512.48070684055,1501.8829392914483,1550.3415170836347,-48.458577792186134,63.63636363636363,134087.32261893427,3743.6613094671284,119112.67738106575,56.52173913043478,48.86363091065334,49.75735757411494
20131001,129000,133500,128000,129500,48609,-9000,1747696,1326.6499161421575,1603.901493234544,3638.2516405549986,7605.822878997128,12946.910399353841,128700.0,128050.0,126975.0,122075.0,111196.66666666669,128242.92308518865,126733.77843225974,1509.144652928866,1542.1021442526812,-32.95749132381525,57.6923076923077,134251.50328111,3638.2516405549986,119698.49671889,47.82608695652174,48.51778292594281,49.344166024724224
20131002,130000,130000,125000,126000,70733,-22531,1750371,1496.6629547095745,1566.0459763365827,3531.554190438135,7308.195551723544,12787.659415754752,128600.0,127650.0,127125.0,122416.66666666669,111540.0,127897.8579951596,126679.42447431461,1218.4335208450066,1477.3684195711464,-258.9348987261398,49.122807017543856,134188.10838087628,3531.554190438135,120061.89161912375,20.0,39.01185528396187,45.90006244447011
20131004,125000,127000,121500,122000,59431,-20770,1757275,3043.024810940587,2249.4443758403986,3403.6744850236714,7027.722880770025,12575.922072445825,127300.0,127300.0,127200.0,122666.66666666669,111854.16666666669,126990.49522667348,126332.80043918018,657.6947874933247,1313.4336931555822,-655.7389056622574,30.188679245283023,134007.34897004734,3403.6744850236714,120392.65102995266,4.166666666666666,27.39679241153014,39.73230576682345
20131007,122000,126000,122000,123500,48828,-7640,1765861,3295.451410656816,2517.9356624028337,3261.134771824243,6618.1358570395,12348.006333682959,126300.0,126900.0,127300.0,122983.33333333331,112187.5,126453.49596103144,126122.96336961127,330.5325914201385,1116.8534728084937,-786.3208813883549,33.92857142857143,133822.2695436485,3261.134771824243,120777.7304563515,16.666666666666664,23.82008382990898,34.42823178785196
20131008,124000,126500,123500,126500,92372,-56044,1832724,2588.435821108956,2504.495957273639,2987.055406248965,6337.909530928317,12196.007970507175,125500.0,126950.0,127550.0,123291.66666666669,112517.5,126460.65042856506,126150.89200889936,309.75841966571164,955.4344621799373,-645.6760425142254,40.322580645161295,133524.11081249794,2987.055406248965,121575.88918750205,41.66666666666667,29.768944775494877,32.87513611706627
20131010,124500,126500,122500,122500,62385,-41592,1864281,1827.5666882497048,2800.0,3026.8589329536267,6098.497082616051,11974.768583939182,124100.0,126400.0,127525.0,123500.0,112825.83333333331,125851.31959340125,125880.45556379572,-29.135970394476317,758.5203756650543,-787.6563460595308,38.46153846153846,133578.71786590727,3026.8589329536267,121471.28213409275,8.333333333333332,22.62374096144103,29.458004398524523
20131011,124500,124500,119000,123500,81820,-26325,1883356,1562.0499351813296,2930.8701779505686,3123.5996862596153,5839.82377017291,11798.492841602325,123600.0,126100.0,127425.0,123725.0,113120.0,125489.57811749337,125704.12552203305,-214.54740453971317,563.9068196241009,-778.4542241638139,46.55172413793103,133672.19937251924,3123.5996862596153,121177.80062748074,31.03448275862069,25.427321560500918,28.114443452516653
20131014,122500,123500,119500,120000,40041,-14957,1880872,2088.0613017821092,3318.5087012090235,3516.390194503613,5539.623683569623,11662.039528840149,123200.0,125250.0,127100.0,123908.33333333331,113349.16666666669,124645.027637879,125281.59770558616,-636.5700677071728,323.8114421578461,-960.3815098650188,37.70491803278689,134132.78038900724,3516.390194503613,120067.21961099278,6.896551724137931,19.250398281713256,25.159761728915523
20131015,121000,127500,121000,126500,80606,-19003,1922490,2481.9347291981703,3173.72021451167,3291.656118126731,5146.49287271428,11590.877609137628,123800.0,125050.0,126800.0,124216.66666666669,113617.5,124930.40800128221,125371.84972739455,-441.4417261123745,170.76080850380197,-612.2025346161764,50.70422535211267,133383.31223625346,3291.656118126731,120216.68776374654,51.724137931034484,30.074978164820333,26.79816720755046
20131016,127000,130500,127000,130000,94988,5095,1943133,3449.6376621320674,3090.307428072489,3115.585819713707,4746.197308256261,11546.473728180545,124500.0,125000.0,126675.0,124583.33333333331,113916.66666666669,125710.34523185418,125714.6756735135,-4.3304416593164206,135.74255847117828,-140.0730001304947,52.7027027027027,132906.17163942746,3115.585819713707,120443.8283605726,75.86206896551724,45.337341765052635,32.97789206005118
20131017,129500,130500,127500,129500,61504,24731,1937145,3760.319135392632,3090.307428072489,2896.0101864463672,4361.924906380101,11489.936145988668,125900.0,125000.0,126525.0,124916.66666666669,114210.83333333331,126293.36904233815,125995.07006806805,298.29897427010286,168.25384163096322,130.04513263913972,54.16666666666666,132317.02037289273,2896.0101864463672,120732.97962710727,72.41379310344827,54.36282554451785,40.10620322154007
20131018,129500,132000,128000,128500,56809,-15036,1942358,3652.396473549934,3257.6832258523855,2823.5615806992987,4047.7274145169977,11430.810429857605,126900.0,125250.0,126450.0,125191.66666666669,114487.5,126632.85072813233,126180.62043339635,452.23029473595665,225.04913225196202,227.18116248399474,50.0,132097.1231613986,2823.5615806992987,120802.87683860141,65.51724137931035,58.08096415611535,46.09779019973183
20131021,129500,129500,126500,129000,29574,11274,1943303,1208.3045973594544,3236.124225056881,2867.381209396673,3914.5029484397664,11378.195033582007,128700.0,125950.0,126625.0,125400.0,114763.33333333331,126997.02753918887,126389.46336425588,607.5641749329952,301.55214078816863,306.0120341448266,50.70422535211267,132359.76241879337,2867.381209396673,120890.23758120665,76.92307692307693,64.3616684117692,52.185749603744284
20131022,129500,130500,124500,125000,72085,-20052,1952324,1772.0045146669333,3152.776554086889,2880.9720581777806,3718.982835849563,11264.297088096397,128400.0,126100.0,126500.0,125550.0,115016.66666666669,126689.79253315981,126286.54015208875,403.2523810710409,321.8921888447432,81.36019222629778,42.66666666666667,132261.94411635556,2880.9720581777806,120738.05588364445,46.15384615384615,58.29239432579485,54.2212978444278
20131023,125000,128000,124000,124500,56671,-10662,1967777,2111.8712081942863,3184.3366656181315,2912.365876740269,3589.906761402851,11135.259189719396,127300.0,125900.0,126425.0,125658.33333333331,115268.33333333331,126352.90137421215,126154.20384452664,198.69752968550893,297.25325701289626,-98.55572732738732,43.24324324324325,132249.73175348053,2912.365876740269,120600.26824651947,42.30769230769231,52.96416031976067,53.80225200287209
20131024,124500,127000,124000,126000,30022,-5096,1970233,1827.5666882497048,2976.995129320839,2890.8260065249715,3337.497399085022,11060.111481003723,126600.0,126250.0,126325.0,125833.33333333331,115504.16666666669,126298.6088551026,126142.78133752465,155.82751757792718,268.96810912590246,-113.14059154797523,50.0,132106.65201304996,2890.8260065249715,120543.34798695006,53.84615384615385,53.258158161891735,53.620887389211966
20131025,126500,127000,124000,126500,30463,-4924,1968874,1568.4387141358102,2832.401807653709,2890.8260065249715,3234.836420389306,10983.37224955206,126200.0,126550.0,126325.0,125950.0,115744.16666666669,126329.59210816375,126169.24197918955,160.35012897422712,247.24451309556736,-86.89438412134028,57.14285714285715,132106.65201304996,2890.8260065249715,120543.34798695006,57.692307692307686,54.73620800536372,53.992660927929215
20131028,126500,129000,124000,128000,33178,1914,1974324,1224.7448713915867,1817.2781845386248,2874.021572640177,3095.8193135634856,10924.638819354232,126000.0,127350.0,126300.0,126108.33333333331,115990.0,126586.577937677,126304.85368443473,281.7242532422679,254.1404611249076,27.583792117360357,57.14285714285715,132048.04314528036,2874.021572640177,120551.95685471965,69.23076923076923,59.56772841383222,55.85101675656355
20131029,129000,130500,126000,127500,57278,-16226,1989428,1224.7448713915867,1795.1323071016245,2843.85302011217,2978.382764001195,10855.60518298713,126500.0,127450.0,126250.0,126241.66666666669,116231.66666666669,126727.1044088036,126393.38304114324,333.72136766035686,270.05664243199743,63.66472522835949,51.72413793103448,131937.70604022435,2843.85302011217,120562.29395977565,64.0,61.04515227588814,57.58239526300508
20131030,127500,130000,126000,130000,41648,18052,1990234,1392.8388277184094,1795.1323071016245,2808.358061216751,3002.0710443902044,10819.177803019114,127600.0,127450.0,126225.0,126341.66666666669,116485.0,127230.6268074492,126660.53985291044,570.0869545387833,330.0627048533546,240.02424968542857,63.63636363636363,131841.71612243348,2808.358061216751,120608.2838775665,81.81818181818183,67.9694954566527,61.04476199422095
20131031,129000,130000,128500,128500,27603,2275,1988328,1157.58369027902,1703.672503740082,2758.056380859736,3011.217454048461,10747.074408104818,128100.0,127350.0,126175.0,126358.33333333331,116735.0,127425.91499091855,126796.79616010224,629.1188308163111,389.873930045946,239.24490077036492,58.92857142857143,131691.11276171947,2758.056380859736,120658.88723828053,56.25,64.0629969711018,62.0508403198479
20131101,127500,130000,127500,129500,26730,3304,1993858,927.3618495495673,1795.1323071016245,2850.877058029881,3027.776503569265,10683.713461776366,128700.0,127450.0,126350.0,126441.66666666669,116990.0,127745.0049923157,126997.03348157615,747.9715107395459,461.49344618466597,286.4780645548799,68.62745098039215,132051.75411605978,2850.877058029881,120648.24588394025,68.75,65.62533131406786,63.242337317921226
20131104,128500,129000,125500,125500,38672,6052,1975803,1599.9999999999982,1800.0,2680.8347580559907,3030.1608868194703,10603.576309696828,128200.0,127100.0,126525.0,126425.0,117198.33333333331,127399.61960888252,126886.14211257052,513.4774963119999,471.8902562101328,41.587240101867046,47.82608695652174,131886.669516112,2680.8347580559907,121163.33048388801,18.75,50.00022087604524,58.828298503962564
20131105,125500,132000,125500,129500,51637,13527,1985975,1624.8076809271902,1781.1513130556875,2661.179249881739,3055.6300495987034,10528.136376185665,128600.0,127550.0,126825.0,126475.0,117453.33333333331,127722.75505366984,127079.76121534307,642.9938383267436,506.110972633455,136.88286569328858,48.93617021276596,132147.35849976348,2661.179249881739,121502.64150023652,68.75,56.25014725069682,57.968914752873985
20131106,131000,135000,130000,133500,139827,-12897,2028651,2561.2496949731385,2229.9103120977757,3030.1608868179187,3175.5467595727227,10504.350950387043,129300.0,128450.0,127175.0,126558.33333333331,117733.33333333331,128611.56196848984,127555.33445865099,1056.227509838849,616.1342800745339,440.0932297643152,57.407407407407405,133235.32177363586,3030.1608868179187,121114.67822636414,86.36363636363636,66.28797695501,60.74193548691932
20131107,133000,136000,129000,129500,51586,1655,2031820,2529.8221281347023,2088.06130178211,2869.9956445962016,3197.3947728336493,10438.48049286908,129500.0,128800.0,127525.0,126600.0,117975.0,128748.24474256832,127699.38375801018,1048.8609845581523,702.6796209712576,346.1813635868947,51.66666666666666,133264.9912891924,2869.9956445962016,121785.0087108076,45.83333333333333,59.46976241445111,60.31787779609658
20131108,128500,135500,128500,132000,86543,-22827,2062182,2720.294101747088,2133.658829335187,2871.8460961550823,3271.042986913021,10447.368089619908,130000.0,129350.0,127950.0,126683.33333333331,118200.0,129248.51478217321,128017.94792408348,1230.566858089689,808.257068394944,422.309789694745,54.6875,133693.69219231018,2871.8460961550823,122206.30780768984,66.66666666666666,61.86873049852296,60.83482869690537
20131111,132000,133500,129000,129500,16626,-3084,2060556,1661.3247725836136,2085.665361461421,2232.0114247022143,3278.0414206605465,10426.787583218713,130800.0,129500.0,128425.0,126766.66666666669,118404.16666666669,129287.204815685,128127.7295593366,1159.4752563484215,878.5007059856398,280.9745503627819,57.37704918032788,132889.02284940446,2232.0114247022143,123960.97715059554,45.83333333333333,56.523598110126414,59.397751834645725
20131112,129500,134000,129000,130000,36309,759,2060460,1593.737745050921,1978.0040444852482,2211.334438749873,3300.5050118646996,10439.77436963545,130900.0,129750.0,128600.0,126800.0,118583.33333333331,129396.86561327193,128266.41625864498,1130.4493546269514,928.890435713902,201.55891891304933,59.016393442622956,133022.66887749976,2211.334438749873,124177.33112250025,50.0,54.349065406750945,57.7148563586808
20131113,130000,134500,129500,131000,33436,-5930,2073623,969.5359714832628,2013.08221391974,2253.3308678490203,3340.783341275519,10441.037324742929,130400.0,129850.0,128650.0,126850.0,118787.5,129643.50167276856,128468.9039431898,1174.5977295787598,978.0318944868736,196.565835091886,58.33333333333333,133156.66173569806,2253.3308678490203,124143.33826430196,52.38095238095239,53.69302773148476,56.37424681628212
20131114,131500,140000,131500,138500,95180,-16062,2101600,3264.965543462901,3217.530108639233,3112.8764832548754,3658.656022216305,10521.716134579712,132200.0,130850.0,129100.0,127041.66666666669,119062.5,131006.03987695802,129211.94809554607,1794.0917814119166,1141.2438718718824,652.8479095400343,66.21621621621621,135325.75296650975,3112.8764832548754,122874.24703349026,89.65517241379311,65.68040929225421,59.47630097493948
20131115,139000,140500,136000,138500,70356,5215,2095416,4110.960958218892,3900.320499651279,3720.2150475478247,3935.407292208313,10610.067938834089,133500.0,131750.0,129600.0,127258.33333333331,119325.0,132158.95681896448,129899.95194032045,2259.004878644017,1364.7960732263093,894.2088054177073,64.7887323943662,137040.43009509565,3720.2150475478247,122159.56990490436,86.66666666666667,72.67582841705837,63.876143455645774
20131118,139500,141500,137500,140500,39064,-656,2100663,4319.722213291036,4088.092464707715,4408.160047003885,4272.457008432005,10706.643835592487,135700.0,133250.0,130175.0,127433.33333333331,119616.66666666669,133442.1942314315,130685.14068548195,2757.0535459495727,1643.2475677709626,1113.8059781786108,67.56756756756756,138991.32009400777,4408.160047003885,121358.67990599225,93.75,79.70055227803891,69.15094639644349
20131119,140500,142000,139000,141000,44699,7576,2096860,3597.2211497209887,4471.017781221633,4828.237255976691,4612.023838717643,10784.952866533156,137900.0,134400.0,130975.0,127658.33333333331,119925.0,134604.93358044204,131449.20433840918,3155.7292420328595,1945.743902623342,1209.9853394095176,65.71428571428571,140631.4745119534,4828.237255976691,121318.52548804662,93.93939393939394,84.44683283182393,74.24957520823698
20131120,140000,141000,138000,140500,45408,3940,2091879,1077.032961426898,4810.405388322278,5011.175011911017,4870.375299252264,10839.728881398773,139800.0,135100.0,131775.0,127933.33333333331,120233.33333333331,135511.86687575866,132119.63364667515,3392.233229083504,2235.0417679153747,1157.191461168129,67.64705882352942,141797.35002382204,5011.175011911017,121752.64997617796,90.9090909090909,86.60091885757959,78.36668975801784
20131121,139000,140000,137000,139500,36496,9384,2082348,894.4271909999126,4576.02447545902,5096.3222033149905,4965.268259510257,10916.539439462573,140000.0,136100.0,132450.0,128266.66666666669,120500.0,136125.42581794964,132666.3274506251,3459.0983673245064,2479.8530877972007,979.2452795273053,64.70588235294117,142642.64440663,5096.3222033149905,122257.35559337,81.48148148148148,84.89443973221354,80.54260641608307
20131122,139500,142500,138000,139000,40853,7996,2072462,734.8469228349494,4428.317965096906,5094.789004463421,5145.730430821057,10963.357530124693,140100.0,136800.0,133075.0,128475.0,120775.0,136567.66799980353,133135.48838020847,3432.179619595059,2670.318394156773,761.8612254382857,72.13114754098359,143264.57800892685,5094.789004463421,122885.42199107315,75.0,81.59629315480903,80.89383532899173
20131125,139000,142000,138500,142000,39515,3036,2075518,1067.7078252031283,3927.149093171789,5306.7763284315415,5428.544668899161,11022.889694732085,140400.0,138050.0,133775.0,128708.33333333331,121091.66666666669,137403.41138444914,133792.1188705634,3611.292513885739,2858.5132181025665,752.7792957831723,71.18644067796613,144388.55265686312,5306.7763284315415,123161.44734313694,96.42857142857143,86.54038591272983,82.77601885690443
20131126,140500,145500,140000,141500,64274,-7504,2086853,1140.1754250991353,2968.164415931166,5356.012976085977,5633.974322507872,11078.112022011277,140500.0,139200.0,134475.0,129000.0,121395.83333333331,138033.65578684158,134363.07302829946,3670.5827585421503,3020.927126190484,649.6556323516667,65.38461538461539,145187.02595217194,5356.012976085977,123762.97404782804,75.75757575757575,82.9461158610118,82.83271785827355
20131127,141500,144000,140000,144000,43621,16442,2070162,1805.547008526777,1643.1676725154985,5633.105271517778,5913.027049566099,11100.109483944929,141200.0,140500.0,135175.0,129333.33333333331,121758.33333333331,138951.55489655826,135076.91947064767,3874.635425910616,3191.6687861345104,682.9666397761052,79.59183673469387,146441.21054303556,5633.105271517778,123908.78945696446,90.9090909090909,85.60044087703818,83.75529219786176
20131128,145000,146000,141500,143500,40125,-6368,2069560,1760.6816861658995,1717.5564037317667,5692.703663462676,6106.0705222126135,11085.510437804622,142000.0,141000.0,135925.0,129691.66666666669,122125.0,139651.31568170316,135700.85136171078,3950.4643199923744,3343.4278929060833,607.0364270862906,75.55555555555556,147310.40732692534,5692.703663462676,124539.59267307464,84.84848484848484,85.34978886752042,84.28679108774799
20131129,141500,142500,139500,142500,38599,-2599,2072379,927.3618495495673,1545.9624833740304,5664.0864223633935,6258.3055924827295,11051.846722255552,142700.0,141400.0,136575.0,130016.66666666669,122479.16666666669,140089.574807595,136204.49200158403,3885.0828060109343,3451.758875527053,433.3239304838809,80.95238095238095,147903.1728447268,5664.0864223633935,125246.82715527322,75.86206896551724,82.18721556685269,83.58693258078289
20131202,142000,142500,135500,136000,49212,968,2051811,2880.972058177586,2241.093483101497,5068.5303589898085,6179.552977361049,10966.422869630924,141500.0,140950.0,137100.0,130275.0,122758.33333333331,139460.40945258038,136189.34444591118,3271.0650066692033,3415.6201017554827,-144.55509508627986,61.111111111111114,147237.06071797962,5068.5303589898085,126962.93928202036,4.761904761904762,56.37877863187004,74.51754793114527
20131203,136500,140000,136500,138000,45686,6313,2056730,3203.1234756093927,2408.8378940891807,4760.449033442262,6150.000000000966,10938.139663835169,140800.0,140650.0,137525.0,130550.0,123029.16666666669,139235.73107526032,136323.46707954738,2912.263995712943,3314.948880546975,-402.6848848340319,62.5,147045.89806688452,4760.449033442262,128004.10193311547,23.809523809523807,45.52236035775463,64.85248540668172
20131204,137000,139500,137000,138000,21387,9068,2050665,2887.905815638729,2537.715508089904,4670.385423067497,6107.935412233169,10903.05767510542,139600.0,140400.0,137750.0,130825.0,123300.0,139045.61860214337,136447.6547032846,2597.963898858725,3171.5518842093247,-573.5879853506003,48.780487804878064,147090.77084613498,4670.385423067497,128409.229153865,23.809523809523807,38.284748175011025,55.996572996124826
20131205,137500,139000,133500,136000,33475,2836,2045917,2374.8684174075825,2858.758471784561,4296.1465291585855,6056.877404149844,10840.471206189832,138100.0,140050.0,138075.0,131041.66666666669,123554.16666666669,138577.06189412132,136414.4950956339,2162.566798487387,2969.7548670649376,-807.1880685775508,44.444444444444436,146667.29305831715,4296.1465291585855,129482.70694168285,20.0,32.18983211667402,48.06099270297455
20131206,136000,139000,134000,137000,43779,3758,2045222,894.4271909999126,2992.072860075436,4075.1533713470667,6060.436361261539,10788.315921249028,137000.0,139850.0,138325.0,131233.33333333337,123812.5,138334.4369873334,136457.86582929065,1876.57115804276,2751.1181252605024,-874.5469672177428,41.860465116279066,146475.30674269414,4075.1533713470667,130174.69325730587,28.000000000000004,30.79322141111601,42.3050689390217
20131209,139500,141000,137000,137500,37177,9398,2041733,748.3314773547843,2973.2137494637013,3547.7986132250185,6080.821399194443,10697.21455826535,137300.0,139400.0,138725.0,131416.66666666663,124095.83333333331,138206.0620662052,136535.0609530469,1671.0011131583015,2535.094722840063,-864.0936096817609,41.860465116279066,145820.59722645005,3547.7986132250185,131629.40277354995,32.0,31.195480940744005,38.6018729395958
20131210,138500,140000,135500,137000,37884,4005,2036415,663.3249580710756,2961.840643923977,2967.637949616052,6121.336773034229,10558.208365480268,137100.0,138950.0,139075.0,131491.66666666663,124391.66666666669,138020.51405601978,136569.5008824508,1451.0131735689652,2318.278412985843,-867.2652394168781,41.860465116279066,145010.2758992321,2967.637949616052,133139.7241007679,28.000000000000004,30.13032062716267,35.77802216878476
20131211,136500,138500,135500,136000,31431,525,2032685,599.999999999995,2540.177159176108,2440.6710142912266,6147.289375544224,10481.921440429802,136700.0,138150.0,139325.0,131550.0,124637.5,137709.66573970905,136527.3156318989,1182.3501078101401,2091.0927519507018,-908.7426441405624,41.860465116279066,144206.34202858244,2440.6710142912266,134443.65797141756,20.0,26.753547084775118,32.76986380744821
20131212,136000,137000,134000,134500,33766,8593,2021166,1067.7078252031283,2027.929979067325,2654.59507269967,6157.763843764048,10386.789653476391,136400.0,137250.0,139125.0,131583.33333333337,124870.83333333331,137215.87101052306,136377.1441036101,838.7269069129253,1840.6195829431467,-1001.8926760302215,40.0,144434.1901453993,2654.59507269967,133815.8098546007,8.0,20.502364723183412,28.680697446026613
20131213,133500,141000,133500,138500,56323,-350,2032639,1363.8181696985835,1162.9703349613008,2654.59507269967,6217.197251710689,10322.298375362372,136700.0,136850.0,139125.0,131725.0,125137.5,137413.42931659642,136534.39268852788,879.0366280685121,1648.3029919682199,-769.2663638997079,42.5531914893617,144434.1901453993,2654.59507269967,133815.8098546007,40.0,27.001576482122275,28.1209904580585
20131216,138000,142000,137000,141000,40520,-980,2044912,2222.6110770892856,1659.0660023037058,2669.737814842755,6274.928065104377,10255.600604060626,137400.0,137350.0,139150.0,131983.33333333337,125437.5,137965.2094217354,136865.17841530358,1100.0310064318182,1538.64859486094,-438.6175884291217,49.01960784313725,144489.4756296855,2669.737814842755,133810.5243703145,83.33333333333334,45.778828765859295,34.006936560658765
20131217,141000,142000,136500,137000,54614,-16073,2048945,2222.6110770892856,1646.9669092000604,2673.480877059225,6279.657412808011,10081.107708922547,137400.0,137250.0,138950.0,132141.66666666663,125729.16666666669,137816.71566454537,136875.16519935516,941.550465190172,1419.2289689267866,-477.6785037366145,37.03703703703704,144296.96175411847,2673.480877059225,133603.03824588153,38.88888888888889,43.4821821402025,37.16535175384001
20131218,136000,138500,135000,138000,43973,-7719,2054395,2111.8712081942863,1646.9669092000604,2656.477931397392,6271.955879593543,9933.934545564727,137800.0,137250.0,138825.0,132341.66666666663,126016.66666666669,137844.91325461527,136958.48629569926,886.4269589160394,1312.6685669246374,-426.2416080085977,40.0,144137.95586279474,2656.477931397392,133512.04413720526,52.94117647058824,46.635180250331075,40.32196125267036
20131219,139000,139000,136000,136000,31663,5897,2046350,1685.2299546352695,1646.9669092000604,2720.753572082809,6263.269247499994,9737.918975439825,138100.0,137250.0,138650.0,132475.0,126295.83333333331,137561.0804462129,136887.4873108326,673.5931353803028,1184.8534806157702,-511.2603452354677,38.59649122807017,144091.50714416563,2720.753572082809,133208.49285583437,29.411764705882355,40.89404173551483,40.51265474695185
20131220,136000,138000,135500,137500,15302,2194,2044476,1685.2299546352695,1646.2077633154327,2730.7279249316225,6246.660218781026,9592.734519185044,137900.0,137300.0,138575.0,132658.33333333337,126566.66666666669,137551.68345448782,136932.85862114132,618.8248333465308,1071.6477511619223,-452.82291781539146,53.19148936170214,144036.45584986324,2730.7279249316225,133113.54415013676,47.05882352941176,42.948969000147144,41.32475949801695
20131223,138000,138000,136000,136500,22750,5263,2040780,707.1067811865432,1661.3247725836152,2647.640458975003,6241.855804878982,9447.397312076535,137000.0,137200.0,138300.0,132791.66666666663,126820.83333333331,137389.88599995122,136900.79501957525,489.09098037597136,955.1363970047321,-466.0454166287607,46.66666666666666,143595.28091795,2647.640458975003,133004.71908205,35.294117647058826,40.39735188245104,41.01562362616165
20131224,137500,141000,136000,139000,32871,11628,2039966,1067.7078252031283,1743.5595774162691,2550.8576988929362,6266.2233885784935,9335.117946943255,137400.0,137400.0,138175.0,132966.66666666663,127087.5,137637.59584611256,137056.29168479188,581.3041613206442,880.3699498679148,-299.06578854727053,52.0,143276.71539778588,2550.8576988929362,133073.28460221412,64.70588235294117,48.50019537261442,43.51048087497924
20131226,141000,143000,139000,143000,41564,7295,2040088,2517.935662402833,2343.0749027719958,2443.742007659844,6387.373612579688,9214.115831460138,138400.0,138100.0,138125.0,133175.0,127408.33333333331,138462.58110055677,137496.56637480733,966.0147257494392,897.4989050442198,68.51582070521954,62.96296296296296,143012.4840153197,2443.742007659844,133237.5159846803,100.0,65.66679691507629,50.895919555011595
20131227,142000,143000,139000,141500,42813,2836,2032195,2428.991560298223,2204.5407685048604,2255.4101622546104,6456.666451558368,9038.309668664571,139500.0,138800.0,138025.0,133375.0,127725.0,138929.87631585574,137793.11701371052,1136.7593021452485,945.3509844644252,191.40831768082316,58.18181818181819,142535.82032450926,2255.4101622546104,133514.17967549074,84.21052631578947,71.84804004864735,57.879959719556844
20131230,142000,142500,138000,141500,38109,9441,2022629,2293.4689882359417,2343.0749027719958,2164.9191670825417,6466.494843079075,8891.908775211059,140300.0,139100.0,137975.0,133633.33333333337,128025.0,139325.27995957027,138067.70093862087,1257.5790209494007,1007.7965917614205,249.78242918798023,57.407407407407405,142304.83833416508,2164.9191670825417,133645.16166583492,84.21052631578947,75.96886880436138,63.909596081158355
20140102,142000,147000,141000,143000,59544,10071,2026383,1462.8738838327772,2570.9920264364882,2373.1571797926417,6395.289064790972,8784.135795095355,141600.0,139300.0,138325.0,133983.33333333337,128325.0,139890.62150425173,138433.0564246489,1457.5650796028203,1097.7502893297003,359.8147902731198,60.71428571428571,143071.3143595853,2373.1571797926417,133578.6856404147,70.37037037037037,74.1027026596977,67.3072982740048
20140103,147500,151000,146000,146000,71474,12080,2030022,1643.1676725154966,3124.099870362662,2900.3232578458155,6429.159915745995,8655.3200964627,143000.0,140200.0,138725.0,134358.33333333337,128670.83333333331,140830.52588821301,138993.57076356382,1836.955124649161,1245.5912563935926,591.3638682555684,66.66666666666666,144525.64651569162,2900.3232578458155,132924.35348430838,68.75,72.31846843979847,68.97768832926936
20140106,145000,147500,143000,147000,36634,8638,2027300,2293.4689882359417,3618.0105030251093,3406.8864084382617,6546.1184427628195,8605.108907245998,143800.0,141100.0,139175.0,134700.0,128995.83333333331,141779.67575156482,139586.63959589245,2193.0361556723947,1435.0802362493532,757.9559194230417,71.18644067796613,145988.77281687653,3406.8864084382617,132361.22718312347,75.0,73.21231229319898,70.38922965057922
20140107,145500,150500,144500,146000,57137,-1895,2028985,2088.0613017821092,3448.187929913333,3630.6851970394464,6507.3622835141,8565.068552298015,144700.0,142100.0,139675.0,135091.66666666663,129295.83333333331,142428.95640517026,140061.70332953002,2367.253075640212,1621.5148041275256,745.7382715126869,64.15094339622642,146936.3703940789,3630.6851970394464,132413.6296059211,68.75,71.72487486213265,70.83444472109703
20140108,146500,147500,142500,146000,46404,-682,2030187,1356.4659966250515,3251.5380975778216,3823.8560380852946,6476.796190162379,8514.276205618678,145600.0,142950.0,140125.0,135466.66666666663,129595.83333333331,142978.34772745176,140501.57715697226,2476.770570479508,1792.5659573979221,684.2046130815861,60.41666666666667,147772.7120761706,3823.8560380852946,132477.2879238294,67.74193548387096,70.39722840271209,70.68870594830206
20140109,146500,154000,145000,151000,68433,23847,2025603,1939.07194296653,3284.8135411313683,4442.409256248389,6458.822562116256,8523.691452195528,147200.0,144400.0,140800.0,135983.33333333337,129945.83333333331,144212.44807707454,141279.23810830762,2933.209968766925,2020.6947596717225,912.5152090952026,78.0,149684.81851249677,4442.409256248389,131915.18148750323,83.78378378378379,74.85941352973599,72.07894180878003
20140110,152500,156500,150500,156500,90516,13053,2027694,4044.749683231336,4410.498838000074,5512.429137866658,6854.4186883767725,8622.789571827025,149300.0,146150.0,141775.0,136483.33333333337,130350.0,146102.84068060154,142406.70195213667,3696.138728464866,2355.7835534303517,1340.3551750345146,81.35593220338984,152799.8582757333,5512.429137866658,130750.14172426668,100.0,83.23960901982399,75.79916421246135
20140113,156000,158500,152000,152000,68540,3698,2011005,3969.886648255841,4590.479277809671,5771.2108781434545,7082.431315116768,8600.080748975432,150300.0,147050.0,142575.0,136850.0,130716.66666666669,147010.095960509,143117.31662234876,3892.779338160239,2663.182710376329,1229.5966277839093,75.0,154117.4217562869,5771.2108781434545,131032.5782437131,71.11111111111111,79.19677638358637,76.93170160283636
20140114,152000,156000,148500,151500,54589,-818,2005663,3337.6638536557257,4355.743334954437,5771.2108781434545,7259.687014986866,8584.126176975216,151400.0,148050.0,143425.0,137216.66666666663,131066.66666666669,147700.850428123,143738.25613180446,3962.594296318566,2923.065027564777,1039.529268753789,72.58064516129029,154967.4217562869,5771.2108781434545,131882.5782437131,65.85365853658537,74.74907043458603,76.20415788008624
20140115,150500,152500,146500,146500,70537,-22067,2002501,3178.04971641414,3830.469945058961,5692.703663462676,7265.194805066759,8518.21475656125,151500.0,148550.0,143825.0,137516.66666666663,131354.16666666663,147516.10420841177,143942.82975167074,3573.274456740997,3053.106913400021,520.1675433409755,64.28571428571428,155210.40732692534,5692.703663462676,132439.59267307466,41.46341463414634,63.65385183443947,72.02072253153732
20140116,147500,151500,146500,151500,52618,16875,2006746,3168.595903550971,3426.368339802363,5888.76048078043,7395.4330877622815,8603.389795437097,151600.0,149400.0,144350.0,137891.66666666663,131645.83333333337,148129.01125327148,144502.6201404359,3626.391112835583,3167.7637532871345,458.62735954844857,66.66666666666667,156127.52096156086,5888.76048078043,132572.47903843914,65.85365853658537,64.38712073515477,69.4761885994098
20140117,150000,150500,146500,146500,56018,19264,1980316,2537.715508089903,3379.7189232242376,5655.251983775911,7282.112788654151,8587.927573053292,149600.0,149450.0,144825.0,138250.0,131900.0,147878.39413738358,144650.5742041073,3227.8199332762742,3179.774989284963,48.04494399131136,54.54545454545454,156135.50396755186,5655.251983775911,133514.49603244814,31.428571428571427,53.400937632960314,64.1177716105933
20140120,146000,151000,146000,150500,63583,7002,2000597,2315.167380558044,3287.856444554719,5556.302727533964,7224.360794485741,8657.486123132465,149300.0,149800.0,145450.0,138683.33333333337,132170.83333333337,148281.71811624765,145083.86500380308,3197.8531124445726,3183.390613916885,14.46249852768733,60.975609756097576,156562.60545506794,5556.302727533964,134337.39454493206,50.0,52.26729175530687,60.167611658831156
20140121,150000,155000,149000,154500,65230,-6914,2009459,3072.458299147442,3294.3132820058263,5444.894397506839,7311.230896520507,8757.020001436822,149900.0,150650.0,146375.0,139158.33333333337,132495.83333333337,149238.37686759414,145781.35648500285,3457.0203825913195,3238.116567651773,218.9038149395469,64.44444444444444,157264.78879501368,5444.894397506839,135485.21120498632,75.0,59.84486117020458,60.0600281626223
20140122,155000,155000,148500,152500,65003,5814,1995171,2653.2998322843187,2934.280150224242,5198.256919391477,7318.635839797572,8862.114080298856,151100.0,151300.0,147125.0,139591.66666666663,132770.83333333337,149740.16504181045,146279.03378241006,3461.1312594003966,3282.7195060014983,178.41175339889924,60.43956043956045,157521.51383878294,5198.256919391477,136728.48616121706,62.5,60.729907446803054,60.28332125734922
20140123,153500,157000,151000,154500,100916,-28377,2036460,2993.325909419152,3082.6125283596703,4825.6476249309135,7404.878271939132,8982.4587932387,151700.0,151650.0,148025.0,140033.33333333337,133070.83333333337,150472.44734307038,146887.99424297232,3584.4531000980933,3343.0662248208173,241.38687527727558,59.550561797752806,157676.29524986187,4825.6476249309135,138373.70475013813,75.0,65.48660496453537,62.017749159744604
20140124,153000,154500,150500,153500,64578,-25968,2057592,1496.6629547095745,2720.753572082558,4493.050188903009,7419.493843174409,9085.564519549564,153100.0,151350.0,148750.0,140466.66666666663,133354.16666666663,150938.2246749057,147377.77244719653,3560.452227709145,3386.543425398484,173.90880231066146,57.30337078651685,157736.10037780605,4493.050188903009,139763.89962219395,62.96296296296296,64.64539096401124,62.893629761166814
20140127,151500,153500,148500,153500,62144,-17253,2079169,748.3314773547843,2792.848008753788,4403.0529181468355,7476.681341939288,9227.133899538308,153700.0,151500.0,149275.0,140858.33333333337,133600.0,151332.34395568946,147831.27078444127,3501.073171248165,3409.449374568421,91.62379667974392,58.620689655172434,158081.10583629366,4403.0529181468355,140468.89416370634,60.0,63.09692730934083,62.96139561055816
20140128,154000,156000,150000,152500,67327,-10106,2100462,748.3314773547843,2808.914381037628,4072.084846856874,7446.750782874131,9368.204944859925,153300.0,151600.0,149825.0,141258.33333333337,133808.33333333337,151511.98334712186,148177.10257818634,3334.8807689354576,3394.5356534418293,-59.654884506370315,57.30337078651685,157969.16969371375,4072.084846856874,141680.83030628625,52.0,59.39795153956055,61.77358092022562
20140129,152500,156000,147000,156000,123823,-25743,2126706,1183.215956619921,2514.4581921360314,3807.5582726993653,7521.746251149464,9543.386853675058,154000.0,152550.0,150550.0,141700.0,134070.83333333337,152202.44744756466,148756.57646128366,3445.8709862809637,3404.802720009656,41.06826627130658,55.8139534883721,158165.11654539872,3807.5582726993653,142934.88345460128,90.9090909090909,69.90166466273733,64.48294216772952
20140203,155000,155500,147000,151500,67917,-9025,2111221,1496.6629547095745,2514.4581921360314,3392.915413033659,7322.264373509743,9648.142272249335,153400.0,152550.0,150975.0,142133.33333333337,134279.16666666663,152094.37860947778,148959.7930197071,3134.5855897706642,3350.759293961858,-216.17370419119385,44.04761904761904,157760.8308260673,3392.915413033659,144189.1691739327,50.0,63.267776441824886,64.0778869257613
20140204,147500,148500,144500,146500,79866,2482,2094720,3130.4951684997045,2514.4581921360314,3357.826678076366,7154.932253737282,9684.996092181173,152000.0,152550.0,151000.0,142416.66666666663,134445.83333333337,151233.70497725045,148777.58612935845,2456.1188478919794,3171.8312047478826,-715.7123568559033,43.529411764705884,157715.65335615273,3357.826678076366,144284.34664384727,16.0,47.51185096121659,58.55587493757974
20140205,147500,150000,144000,148000,74166,-2670,2087567,3367.491648096546,2812.472222085047,3304.9205739323547,7094.300333523864,9747.261011290877,150900.0,152300.0,151050.0,142658.33333333337,134608.33333333337,150736.2119038273,148719.98715681338,2016.224747013912,2940.709913201088,-924.4851661871768,45.977011494252864,157659.8411478647,3304.9205739323547,144440.1588521353,30.76923076923077,41.930977563887986,53.01424247968249
20140206,148500,149500,147000,147000,36264,-3708,2091566,3558.089374931439,3110.064308016797,3234.965223924573,6904.527500127334,9786.651197762989,149800.0,151550.0,151100.0,142950.0,134775.0,150161.41007246927,148592.58070075314,1568.8293717160996,2666.333804904091,-1097.5044331879913,50.63291139240506,157569.93044784915,3234.965223924573,144630.06955215085,23.076923076923077,35.64629273489968,47.22492589808822
20140207,148000,153500,147500,151000,51103,301,2109292,2063.976744055028,3096.7725134404045,3017.034968309344,6830.365209042894,9870.589732466631,148800.0,151400.0,151350.0,143266.66666666663,134975.0,150290.42390747395,148770.9080562529,1519.5158512210764,2436.970214167488,-917.4543629464116,49.35064935064935,157384.06993661867,3017.034968309344,145315.93006338133,53.84615384615385,41.71291310531774,45.38758830049807
20140210,151000,156000,151000,156000,36109,8931,2109715,3515.6791662493883,3274.522866006588,3180.408778758065,6782.509163692324,10006.44844171376,149700.0,151550.0,151600.0,143708.33333333337,135237.5,151168.82022940106,149306.39634838232,1862.423881018738,2322.060947537739,-459.63706651900014,62.337662337662344,157960.81755751613,3180.408778758065,145239.18244248387,92.3076923076923,58.577839506109264,49.784338702368466
20140211,154500,156500,152500,153500,50298,-17647,2119859,3352.610922848041,3274.522866006588,3012.059096366033,6656.951254141412,10120.606042459893,151100.0,151550.0,151450.0,144100.0,135450.0,151527.46327103168,149617.03365590956,1910.4296151221206,2239.7346810546146,-329.305065932494,54.05405405405406,157474.11819273207,3012.059096366033,145425.88180726793,73.07692307692307,63.4108673630472,54.32651492259472
20140212,153500,157000,152500,156500,55632,-17973,2129624,3501.428280002319,3564.0566774393474,3206.536293261214,6620.942153501645,10276.198733805984,152800.0,151850.0,151675.0,144525.0,135687.5,152292.4689216422,150126.88301473108,2165.585906911117,2224.9049262259155,-59.31901931479796,52.77777777777778,158088.07258652244,3206.536293261214,145261.92741347756,96.15384615384616,74.32519362664685,60.992741157278765
20140213,157000,158500,155000,157000,47048,-2969,2134020,2249.444375840397,3887.158345115362,3409.1787867463568,6762.437101782958,10425.6419666453,154800.0,152300.0,151950.0,144833.33333333337,135937.5,153016.70447215874,150636.00279141768,2380.701680741099,2256.064277128952,124.63740361214606,56.52173913043479,158768.35757349269,3409.1787867463568,145131.64242650731,89.65517241379311,79.43518655569561,67.14022295675105
20140214,158000,158000,153500,154000,38937,-3612,2128519,1392.8388277184094,3740.320841853009,3194.8200262301725,6811.443598012397,10509.450112478564,155400.0,152100.0,152325.0,145091.66666666663,136175.0,153167.98070721127,150885.1877698312,2282.792937380087,2261.4100091791793,21.38292820090783,49.29577464788733,158714.64005246034,3194.8200262301725,145935.35994753966,68.96551724137932,75.94529678425685,70.07524756591965
20140217,156000,161000,154500,161000,65724,2823,2139537,2672.077843177477,4579.574216016157,3702.701716314908,7081.352664256375,10733.113351783408,156400.0,153050.0,152800.0,145433.33333333337,136433.33333333337,154372.90675225572,151634.43312021403,2738.473632041627,2356.822733751669,381.6508982899582,59.036144578313255,160205.40343262986,3702.701716314908,145394.59656737014,100.0,83.96353118950456,74.70467544044796
20140218,162000,162000,158500,160000,33392,-12077,2150146,2521.904042583697,4437.341546466758,3723.1539049576454,7297.545249375438,10912.81659207334,157700.0,154400.0,153475.0,145750.0,136704.16666666663,155238.61340575482,152254.10474093896,2984.5086648158613,2482.3599199645073,502.14874485135397,57.647058823529406,160921.30780991528,3723.1539049576454,146028.69219008472,88.88888888888889,85.60531708929933,78.33822265673176
20140219,161000,170500,158500,168500,93718,5780,2165766,4862.098312457287,5592.18204281656,4888.4430036568265,7823.238175817674,11226.39189588574,160100.0,156450.0,154375.0,146216.66666666663,137075.0,157278.82672794638,153457.50438975828,3821.3223381880957,2750.152403609225,1071.1699345788707,66.0,164151.88600731365,4888.4430036568265,144598.11399268635,92.45283018867924,87.88782145575931,81.5214222564076
20140220,167500,174000,166000,172000,179462,-33645,2204864,6406.246951218785,6346.061770893821,6217.917657865964,8440.22692559692,11551.237758353389,163100.0,158950.0,155250.0,146758.33333333337,137512.5,159543.62261595463,154831.02258310953,4712.600032845105,3142.6419294564007,1569.958103388703,66.0,167685.83531573197,6217.917657865964,142814.16468426803,93.33333333333333,89.70299208161731,84.24861219814417
20140221,169500,172500,164500,166500,119060,13183,2176130,4532.107677449863,6103.277807866852,6642.476947645461,8747.555214014828,11803.035597064192,165600.0,160500.0,155950.0,147216.66666666663,137845.83333333337,160613.8345211924,155695.39128065694,4918.443240535416,3497.802191672205,1420.6410488632114,64.70588235294117,169234.95389529096,6642.476947645461,142665.04610470904,72.22222222222221,83.87606879515228,84.12443106381353
20140224,166500,172500,165000,171500,44864,-8153,2190468,4342.810150121692,6702.424934305494,7442.109915877441,9254.859834463812,12157.745016609693,167700.0,162050.0,156800.0,147708.33333333337,138208.33333333337,162288.6292102397,156866.10303764534,5422.526172594371,3882.7469878566376,1539.7791847377334,74.50980392156862,171684.2198317549,7442.109915877441,141915.7801682451,90.56603773584906,86.10605844205121,84.78497352322609
20140225,171500,171500,166500,168000,35090,-16383,2191392,2111.8712081942863,6248.999919987197,7783.7571262213305,9574.836813231657,12385.080069718655,169300.0,163500.0,157525.0,148150.0,138575.0,163167.3016394336,157690.83614596789,5476.465493465686,4201.490688978448,1274.9748044872385,68.86792452830188,173092.51425244266,7783.7571262213305,141957.48574755734,73.91304347826086,82.04172012078776,83.87055572241331
20140226,167000,168500,163500,165000,70486,-188,2189215,2745.906043549195,5801.077486122729,7889.233169326494,9797.95897113354,12542.815561995283,168600.0,164350.0,158100.0,148500.0,138916.66666666663,163449.2552333669,158232.25569071106,5216.99954265586,4404.592459713929,812.4070829419297,66.36363636363637,173878.466338653,7889.233169326494,142321.533661347,58.139534883720934,74.07432504176548,80.60514549553069
20140227,165000,168500,163500,168500,41224,3219,2196630,2177.154105707723,5352.569476429056,8089.499366462757,10103.286044099972,12731.080052594298,167900.0,165500.0,158900.0,148916.66666666663,139304.16666666663,164226.29288977198,158992.82934325098,5233.463546521001,4570.366677075344,663.0968694456569,66.05504587155964,175078.9987329255,8089.499366462757,142721.0012670745,74.4186046511628,74.18908491156458,78.46645863420865
20140228,167500,172500,166000,171500,78056,5203,2211482,2437.211521390787,3995.309750194595,8506.284441517422,10471.707915458835,12974.587876135582,168900.0,167250.0,159675.0,149400.0,139708.33333333337,165345.32475288401,159919.2864289361,5426.038323947898,4741.501006449856,684.5373174980422,64.76190476190476,176687.56888303484,8506.284441517422,142662.43111696516,87.8048780487805,78.72768262396988,78.5535332974624
20140303,169500,173000,169000,170000,52491,-9585,2231509,2177.154105707723,3464.4624402640006,8572.630868059196,10649.673964754615,13143.121748867901,168600.0,168150.0,160600.0,149966.66666666663,140120.83333333337,166061.42863705568,160666.00595271858,5395.422684337071,4872.2853420272995,523.1373423097721,66.01941747572816,177745.26173611835,8572.630868059196,143454.73826388162,80.48780487804879,79.31439004199619,78.807152212307
20140304,168000,170500,165500,167500,38320,-14592,2237370,2213.5943621178644,2200.0,8051.552645297759,10766.186134788208,13264.692456752666,168500.0,168900.0,161650.0,150458.33333333337,140504.16666666663,166282.74730827787,161172.22773399873,5110.51957427914,4919.932188477667,190.5873858014729,60.78431372549018,177753.1052905955,8051.552645297759,145546.89470940447,66.66666666666666,75.09848225021967,77.57092889161123
20140305,169000,173500,168000,173500,80642,-19090,2280924,2135.4156504062607,2586.5034312755124,7804.285681598371,11037.32304501491,13484.336978509875,170200.0,169400.0,162925.0,151050.0,140937.5,167393.0938762351,162085.39604999882,5307.697826236283,4997.485316029391,310.21251020689215,64.60176991150442,178533.57136319677,7804.285681598371,147316.42863680323,96.7741935483871,82.32371934960882,79.15519237761043
20140306,173500,178000,171000,176000,49514,2902,2275994,2908.607914449796,3195.3090617340918,7394.043210585219,11312.738640823145,13754.846999230163,171700.0,169800.0,164375.0,151716.66666666663,141379.16666666663,168717.23327989122,163116.10745370266,5601.125826188596,5118.213418061232,482.91240812736396,69.64285714285714,179163.08642117048,7394.043210585219,149586.91357882955,89.74358974358975,84.7970094809358,81.03579807871888
20140307,176000,176000,171000,171500,23180,-5373,2275675,2908.607914449796,3026.549190084311,6871.317195414672,11426.318912445366,13946.618840541321,171700.0,170300.0,165400.0,152291.66666666663,141762.5,169145.35123683105,163737.13653120608,5408.214705624938,5176.213675573974,232.0010300509639,59.81308411214953,179142.63439082933,6871.317195414672,151657.3656091707,55.172413793103445,74.92214425165834,78.9979134696987
20140310,171000,172000,170000,172000,30774,-12351,2289567,2782.0855486487103,3050.0,6658.453273846814,11535.043225850532,14143.635690852769,172100.0,170350.0,166200.0,152866.66666666663,142141.66666666663,169584.52796962627,164349.20049185757,5235.327477768733,5188.036436012926,47.291041755806866,61.32075471698114,179516.90654769362,6658.453273846814,152883.09345230638,58.620689655172406,69.48832605282969,75.82805099740904
20140311,171000,173500,169000,171000,29639,-550,2294791,1805.547008526777,2950.0,6054.492133944958,11576.724733514819,14356.352034901094,172800.0,170650.0,167075.0,153433.33333333337,142462.5,169802.2928973761,164841.85230727552,4960.440590100596,5142.51726683046,-182.07667672986463,52.74725274725275,179183.98426788993,6054.492133944958,154966.01573211007,51.724137931034484,63.56693001223129,71.74101066901646
20140312,170000,172500,166000,166000,38907,-11552,2295369,3187.475490101845,2768.122107133281,5558.5519697130985,11460.245295029275,14485.047366930872,171300.0,170750.0,167550.0,153933.33333333337,142741.66666666663,169217.3247593182,164927.64102525508,4289.683734063117,4971.950560276992,-682.266826213875,43.61702127659576,178667.10393942622,5558.5519697130985,156432.8960605738,17.24137931034483,48.12507977826914,63.86903370543402
20140313,165500,169500,161500,168000,85825,7055,2292149,2315.167380558044,2812.472222085047,5003.998401278856,11314.994353610651,14634.599769610215,169700.0,170700.0,168100.0,154491.66666666663,143037.5,169030.0440271154,165155.2231715325,3874.8208555828887,4752.524619338172,-877.7037637552821,51.72413793103448,178107.99680255773,5003.998401278856,158092.00319744227,39.39393939393939,45.21469965015922,57.65092235367575
20140314,164000,172500,164000,167500,91242,2519,2294521,2244.9944320643635,2951.2709126747413,3829.082788345188,11240.709126504678,14752.768101840258,168900.0,170300.0,168775.0,154975.0,143350.0,168794.6526383284,165328.91034401162,3465.7422943168212,4495.168154333902,-1029.4258600170815,44.87179487179488,176433.16557669034,3829.082788345188,161116.83442330966,36.36363636363637,42.26434522131827,52.52206330955659
20140317,169000,169000,164000,165000,27175,-1510,2289689,2049.390153191918,3355.5923471125043,3508.8281519620423,11163.043566460081,14791.438378520334,167500.0,169800.0,168975.0,155375.0,143679.16666666663,168210.85992473946,165304.54661482555,2906.3133099138795,4177.397185449898,-1271.0838755360182,46.05263157894736,175992.65630392407,3508.8281519620423,161957.34369607593,21.21212121212121,35.24693721825258,46.76368794578858
20140318,165500,170500,164000,170000,40390,9150,2295322,1720.4650534085235,3266.879244783927,2843.743131860077,11056.606245439241,14908.153995567805,167300.0,170050.0,169475.0,155925.0,144033.33333333337,168486.1122440103,165652.35797669034,2833.7542673199487,3908.668601823908,-1074.9143345039583,56.25,175162.48626372014,2843.743131860077,163787.51373627986,51.515151515151516,40.669675317218896,44.73235040293202
20140319,170000,171000,166000,171000,34535,11580,2285964,2088.0613017821092,3083.828789021855,2853.068523537659,10971.715529792331,15015.406439905788,168300.0,169800.0,169600.0,156475.0,144408.33333333337,168872.86420647026,166048.47960804662,2824.3845984236395,3691.811801143855,-867.4272027202153,53.33333333333334,175306.13704707535,2853.068523537659,163893.86295292465,57.57575757575758,46.30503607006512,45.256578958643054
20140320,171000,171000,166000,166500,38717,-3375,2280458,2213.5943621178644,2419.194080680589,2873.477857927804,10714.852101432634,15072.587677819763,168000.0,168850.0,169325.0,156983.33333333337,144729.16666666663,168507.8081747056,166081.92556300614,2425.8826116994605,3438.6259632549754,-1012.7433515555147,43.589743589743605,175071.9557158556,2873.477857927804,163578.0442841444,30.303030303030305,40.97103414772018,43.82806402166876
20140321,167000,168000,164500,166000,56883,-10691,2274895,2357.965224510318,2379.075450674064,2900.0000000002337,10469.515933839006,15102.177455218089,167700.0,168300.0,169300.0,157458.33333333337,145058.33333333337,168121.9915324432,166075.85700278345,2046.1345296597574,3160.127676535932,-1113.9931468761743,44.73684210526316,175100.00000000047,2900.0000000002337,163499.99999999953,27.27272727272727,36.404931856055875,41.35368663313113
20140324,167000,170000,157500,160500,81667,-17151,2278812,3695.943722515265,3008.7372766660774,3426.003502625377,10113.560066674956,15089.959410151128,166800.0,167150.0,168750.0,157858.33333333337,145325.0,166949.37745052887,165662.83055813285,1286.546892396058,2785.4115197079573,-1498.864627311899,41.46341463414634,175602.00700525075,3426.003502625377,161897.99299474925,16.216216216216218,29.67535997610932,37.46091108079053
20140325,160500,162500,150000,154000,206163,-9738,2260339,5842.944463196616,4687.483333303703,4700.797804628633,9825.60077326449,15030.962835095048,163600.0,165450.0,168050.0,158108.33333333337,145537.5,164957.1655350629,164798.9171834563,158.2483516065986,2259.9788860876856,-2101.730534481087,26.506024096385538,177451.59560925726,4700.797804628633,158648.40439074274,17.02127659574468,25.45733218265444,33.459718114745165
20140326,155000,156000,151000,154500,72796,-13602,2268671,5372.150407425316,5710.516614107694,5526.018005761595,9639.415611610157,14989.15753970211,160300.0,164300.0,167525.0,158300.0,145737.5,163348.3708373609,164036.03442912624,-687.6635917653037,1670.4503905170875,-2358.113982282392,22.78481012658228,178577.0360115232,5526.018005761595,156472.9639884768,19.148936170212767,23.354533511840547,30.091323247110292
20140327,153500,160500,153500,159500,88434,34168,2270474,4397.726685459204,5729.092423761374,5788.512330469836,9388.734384002657,14966.415527774463,158900.0,163450.0,167075.0,158600.0,145987.5,162756.31378545926,163700.0318788206,-943.7180933613564,1147.6166937413989,-2091.3347871027554,35.0,178652.0246609397,5788.512330469836,155497.97533906033,42.22222222222222,29.643763081967773,29.94213652539612
20140328,159500,159500,154000,157500,52315,8957,2260791,2599.999999999999,5807.107713827943,6051.601027827375,9122.712803158356,14889.593681494758,157200.0,162450.0,166375.0,158866.66666666663,146250.0,161947.65012615782,163240.7702581672,-1293.1201320093826,659.4693285912425,-1952.589460600625,32.53012048192772,178478.20205565478,6051.601027827375,154271.79794434525,33.33333333333333,30.873619832422957,30.25263096107173
20140331,159000,159000,155000,159000,40777,-3763,2265400,2267.1568097509257,5822.585336429173,6195.3107266707275,8885.78765345216,14766.82420909218,156900.0,161850.0,165825.0,159133.33333333337,146558.33333333337,161494.16549136429,162926.6391279326,-1432.473636568291,241.08073555933566,-1673.5543721276267,35.714285714285715,178215.62145334145,6195.3107266707275,153434.37854665855,40.0,33.91574655494864,31.473669492364035
20140401,158000,164000,156500,162500,87401,19831,2268087,2615.339366124403,5171.073389539159,6223.49379368224,8729.018495163682,14684.704816766465,158600.0,161100.0,165575.0,159408.33333333337,146883.33333333337,161648.90926192366,162895.03622956725,-1246.1269676436204,-56.36080508125562,-1189.7661625623648,45.679012345679006,178021.98758736448,6223.49379368224,153128.01241263552,59.523809523809526,42.45176754456893,35.13303550976567
20140402,161500,162500,158000,160500,70000,-15826,2279564,1661.3247725836136,3984.030622372273,6037.952881565186,8578.979478289346,14616.533636795157,159800.0,160050.0,164925.0,159633.33333333337,147166.66666666663,161472.15399085847,162717.6261384882,-1245.472147629771,-294.1830735909588,-951.2890740388119,40.74074074074074,177000.90576313034,6037.952881565186,152849.09423686966,50.0,44.96784502971261,38.411305349747984
20140403,161000,164000,159000,161000,69215,-10838,2300131,1714.642819948223,3391.1649915626344,5525.565581911174,8394.624602818352,14493.599521283248,160100.0,159500.0,164175.0,159883.33333333337,147487.5,161399.51491534174,162590.39457267427,-1190.8796573324946,-473.522390339266,-717.3572669932283,41.975308641975296,175226.13116382234,5525.565581911174,153123.86883617766,52.38095238095239,47.43888081345921,41.42049717098506
20140404,161000,161000,156500,158000,58037,-22139,2307506,1568.4387141358102,2619.160170741759,5412.947441089868,8202.218534574042,14356.451801658442,160200.0,158700.0,163500.0,160083.33333333337,147775.0,160876.51262067378,162250.36534506874,-1373.8527243949648,-653.5884571504057,-720.2642672445587,41.46341463414634,174325.89488217974,5412.947441089868,152674.10511782026,38.095238095238095,44.324333240718836,42.38844252756298
20140407,156000,157500,152000,153000,77513,-32815,2323019,3331.6662497915363,3036.856927812043,5504.316487993887,8169.234290244707,14136.153413617933,159000.0,157950.0,162550.0,160116.66666666663,148050.0,159664.74144826244,161565.1530972859,-1900.4116490234449,-902.9530955250141,-997.4585534984308,29.268292682926827,173558.63297598774,5504.316487993887,151541.36702401226,15.0,34.549555493812555,39.7754801829795
20140408,153500,155000,149000,151000,79400,-9831,2322276,4019.9502484483555,3521.718330588067,5691.880181451588,8239.854873318725,13999.701757736271,156700.0,157650.0,161550.0,160025.0,148254.16666666663,158331.7043023759,160782.54916415366,-2450.844861777732,-1212.5314487755575,-1238.3134130021747,26.190476190476183,172933.76036290318,5691.880181451588,150166.23963709682,9.523809523809524,26.20764017047821,35.25286684547907
20140409,153000,157500,152000,153500,96650,41930,2307584,3655.133376499413,3622.4991373359912,5852.9372967768395,8217.714605250925,13907.042580410181,155300.0,157550.0,160925.0,160050.0,148450.0,157588.36517893345,160243.10107792006,-2654.735898986575,-1500.9723388177613,-1153.763560168814,33.75,172630.8745935537,5852.9372967768395,149219.1254064463,30.0,27.47176011365214,32.65916460153676
20140410,154000,166000,153500,166000,123719,52224,2300856,5362.835071116769,4411.3490000225565,5747.3363395577735,8175.8239476057315,13888.393810621059,156300.0,158200.0,160825.0,160291.66666666663,148754.16666666663,158882.46284371294,160669.53803511115,-1787.0751913982094,-1558.192909333851,-228.8822820643584,50.0,172319.67267911555,5747.3363395577735,149330.32732088445,100.0,51.647840075768094,38.988723092947204
20140411,163500,168000,162000,166500,75180,28780,2279445,6789.698078707182,5048.762224545735,5693.142805164944,8012.81525640986,13856.150233941753,158000.0,159100.0,160775.0,160625.0,149070.83333333337,160054.3916369879,161101.4241065844,-1047.03246959651,-1455.960821386383,408.928351789873,56.38297872340426,172161.28561032988,5693.142805164944,149388.71438967012,92.10526315789474,65.13364776981031,47.7036979852349
20140414,168500,168500,165500,167000,39226,11566,2273957,7032.780389006894,5575.84074378026,5783.327329487874,7964.173249972463,13828.030484611385,160800.0,159900.0,160875.0,160883.33333333337,149387.5,161122.94676975894,161538.3556542448,-415.40888448583434,-1247.8504340062734,832.4415495204391,65.85365853658537,172441.65465897575,5783.327329487874,149308.34534102425,92.3076923076923,74.19166261577097,56.53301952874693
20140415,165500,169000,164000,168000,51976,15449,2263329,5390.732788777421,6055.782360686355,5640.2016807913315,7790.748609017648,13748.332600921609,164200.0,160450.0,160775.0,161241.66666666663,149745.83333333337,162180.95495902686,162016.99597615257,163.95898287426095,-965.4885506301663,1129.4475335044274,66.26506024096386,172055.40336158266,5640.2016807913315,149494.59663841734,95.0,81.12777507718064,64.73127137822483
20140416,166000,171000,165000,169500,49705,18753,2252208,1240.9673645990829,6637.205737356648,5512.259065029632,7733.634153633327,13668.088721747605,167400.0,161350.0,160700.0,161558.33333333337,150120.83333333337,163306.96188840733,162571.29257051164,735.6693178956923,-625.2569769249948,1360.926294820687,63.157894736842096,171724.51813005927,5512.259065029632,149675.48186994073,93.18181818181817,85.14578944539316,71.53611073394761
20140417,168500,169500,163500,165500,59478,14175,2241766,1363.8181696985835,6749.814812274482,5463.744137494119,7694.419875614011,13558.422966309236,167300.0,161800.0,160650.0,161741.66666666663,150450.0,163644.35236711393,162788.23386158486,856.1185055290988,-328.981880434176,1185.100385963275,60.0,171577.48827498825,5463.744137494119,149722.51172501175,75.0,81.7638596302621,74.94536036605244
20140418,165500,167500,164000,166500,21094,4365,2242759,1363.8181696985835,6752.962312940892,5489.250859634797,7622.567918142053,13456.834281839743,167300.0,162650.0,160675.0,161975.0,150783.33333333337,164083.6827721733,163063.1795014674,1020.5032707058999,-59.084850206160745,1079.5881209120607,59.493670886075954,171653.50171926958,5489.250859634797,149696.49828073042,79.54545454545455,81.02439126865958,76.97170400025482
20140421,166500,171500,166500,171500,35149,8286,2243413,2135.4156504062607,6379.655163094632,5973.849261573425,7655.33129408807,13424.075982064118,168200.0,164500.0,161225.0,162258.33333333337,151145.83333333337,165224.6546533774,163688.1291680254,1536.5254853520019,260.0372169054719,1276.4882684465301,60.975609756097576,173172.69852314686,5973.849261573425,149277.30147685314,100.0,87.3495941791064,80.43100072653868
20140422,170000,171000,166000,168500,61776,19510,2215701,2135.4156504062607,4583.939353874569,5932.7480984785925,7610.021718469505,13339.393804942627,168300.0,166250.0,161950.0,162508.33333333337,151487.5,165728.5539374732,164044.56404446796,1683.9898930052295,544.8277521254233,1139.162140879806,59.523809523809526,173815.49619695722,5932.7480984785925,150084.50380304278,86.66666666666667,87.12195167495982,82.66131770934572
20140423,168000,170500,167000,167000,18953,-3912,2216456,2088.0613017821092,1729.1616465790582,5771.2108781434545,7539.599164118582,13266.57702545124,167800.0,167600.0,162575.0,162733.33333333337,151795.83333333337,165924.16102401575,164263.48522635922,1660.6757976565275,767.9973612316444,892.6784364248832,56.976744186046496,174117.4217562869,5771.2108781434545,151032.5782437131,80.0,84.74796778330655,83.35686773399932
20140424,167000,176500,164500,174500,76558,17657,2213400,3006.6592756745813,2602.402735934621,6275.497988207897,7567.914728203241,13252.48338886832,169600.0,168450.0,163325.0,163100.0,152179.16666666663,167243.52086647484,165021.74557996224,2221.775286512624,1058.7529462878406,1163.0223402247834,67.36842105263158,175875.99597641578,6275.497988207897,150774.00402358422,91.83673469387756,87.11089008683022,84.60820851827629
20140425,174500,174500,167000,171000,54092,22236,2196271,2588.435821108956,2615.339366124404,6338.375186118394,7576.993687034166,13197.513970441874,170500.0,168900.0,164000.0,163350.0,152525.0,167821.44073317107,165464.5792407058,2356.86149246528,1318.3746555233286,1038.486836941951,69.56521739130434,176676.7503722368,6338.375186118394,151323.2496277632,76.08695652173914,83.4362455651332,84.21755420056193
20140428,169500,171500,168000,171000,23563,6321,2196142,2557.342370508883,2600.0,6404.295433535321,7479.318707834005,13068.616324573057,170400.0,169300.0,164600.0,163675.0,152904.16666666663,168310.44985114475,165874.61040806092,2435.8394430838234,1541.8676130354274,893.971830048396,72.72727272727272,177408.59086707066,6404.295433535321,151791.40913292934,62.06896551724138,76.31381888250259,81.58297576120883
20140429,170000,177500,170000,172500,45260,3589,2207248,2461.706725018233,2722.5906780123964,6607.94975767835,7220.3945336972265,13011.367225750788,171200.0,169750.0,165100.0,164108.33333333337,153262.5,168954.9960278917,166365.3800074638,2589.6160204279004,1751.4172945139223,838.1987259139778,72.09302325581395,178315.89951535672,6607.94975767835,151884.1004846433,64.28571428571429,72.30445068357317,78.49013406866361
20140430,175000,184500,174500,182000,85600,7088,2237988,4106.093033529562,4566.180022732349,7465.378423094261,7267.980576933966,13143.809273655437,174200.0,171000.0,166175.0,164675.0,153666.66666666663,170961.91971590836,167523.50000691097,3438.419708997418,2088.8177774106216,1349.601931586797,70.0,181105.7568461885,7465.378423094261,151244.2431538115,88.09523809523809,77.56804648746147,78.18277154159624
20140502,180500,182000,176500,176500,38870,-293,2228042,4211.8879377305375,4431.703961232068,7689.115683874274,7050.216702738893,13118.082833334702,174600.0,172100.0,166950.0,165166.66666666663,154058.33333333337,171813.93206730706,168188.42593232493,3625.506134982134,2396.1554489249247,1229.3506860572093,61.11111111111111,182328.23136774852,7689.115683874274,151571.76863225145,61.904761904761905,72.34695162656162,76.2374982365847
20140507,173000,176000,172000,173500,37781,3186,2220101,3891.015291668744,4026.164427839479,7527.408252513036,6883.126510211665,13078.974194187807,175100.0,172800.0,167725.0,165541.66666666663,154404.16666666663,172073.3271338752,168581.87586326382,3491.4512706113746,2615.214613262215,876.2366573491597,56.84210526315789,182779.8165050261,7527.408252513036,152670.18349497393,47.61904761904761,64.10431695739028,72.19310447685324
20140508,174000,176000,172500,173000,25914,-6421,2219045,3535.5339059327366,4002.811511925088,6797.931670736428,6834.242825655463,12986.199940278804,175500.0,172950.0,168725.0,165825.0,154766.66666666663,172215.89219020208,168909.14431783688,3306.747872365202,2753.5212650828125,553.2266072823895,55.319148936170215,182320.8633414729,6797.931670736428,155129.13665852713,43.90243902439025,57.37035764639027,67.25218886669892
20140509,172500,179000,172500,177000,45976,5781,2220633,3215.587038162705,3867.815921162743,5677.75263638716,6789.923089076847,12942.01544926049,176400.0,173800.0,170025.0,166216.66666666663,155158.33333333337,172951.90877632482,169508.46696096007,3443.441815364757,2891.505375139201,551.9364402255551,57.57575757575758,181380.50527277435,5677.75263638716,158669.49472722568,62.5,59.08023843092684,64.52820538810822
20140512,179000,179000,173500,174500,42340,2349,2212002,1593.737745050921,3134.086788842964,4299.055128746474,6751.5224620509825,12869.277989546676,174900.0,174550.0,171075.0,166516.66666666663,155520.83333333337,173190.07665689025,169878.2101490371,3311.866507853149,2975.5776016819914,336.2889061711571,59.375,179673.11025749298,4299.055128746474,162476.88974250705,50.0,56.05349228728456,61.703301021167
20140513,174000,177000,173500,173500,34241,2519,2202256,1435.2700094407305,3150.0,4165.03301307461,6694.0842457286435,12876.830371511267,174300.0,174450.0,171450.0,166791.66666666663,155812.5,173237.75717121485,170146.49087873806,3091.2662924767933,2998.7153398409528,92.55095263584144,57.29166666666666,179780.06602614926,4165.03301307461,163119.93397385074,45.0,52.368994858189716,58.5918656335079
20140514,173500,179500,173000,178000,30791,16116,2196728,1964.6882704388488,3082.6125283596703,4235.194800714763,6634.563328176108,12934.801785192942,175200.0,175150.0,172025.0,167191.66666666663,156141.66666666663,173970.40991410488,170728.23229512782,3242.1776189770612,3047.4077956681745,194.7698233088863,56.84210526315789,180495.38960142952,4235.194800714763,163554.61039857048,67.5,57.41266323879315,58.198798168602984
20140515,177500,181000,175500,176500,13553,2734,2192660,1655.2945357246826,2767.670500619609,4177.319714841247,6689.980069727943,12985.919190501323,175900.0,175700.0,172500.0,167450.0,156441.66666666663,174359.57761962718,171155.77064363685,3203.80697599033,3078.6876317326064,125.11934425772415,58.69565217391305,180854.6394296825,4177.319714841247,164145.3605703175,54.285714285714285,56.3703469211002,57.58931441943539
20140516,175000,179000,175000,177000,38682,-1545,2192904,1655.2945357246826,2569.53303150592,4153.010955921181,6728.339732473341,13041.437697670857,175900.0,176150.0,172950.0,167733.33333333337,156741.66666666663,174765.79644737687,171588.67652188597,3177.119925490901,3098.3740904842653,78.74583500663539,61.11111111111111,181256.02191184237,4153.010955921181,164643.97808815766,54.54545454545454,55.76204946255165,56.98022610047414
20140519,177000,180000,176500,177500,26800,5973,2192011,1581.1388300841877,1777.6388834631173,4186.585721086021,6843.1027725425465,13091.091118263403,176500.0,175700.0,173350.0,167883.33333333337,157050.0,175186.44314778046,172026.55233507958,3159.890812700847,3110.677434927582,49.21337777326517,53.94736842105264,181723.17144217202,4186.585721086021,164976.82855782795,51.724137931034484,54.41607895204593,56.1255103843314
20140520,177500,186000,177500,184000,43760,-8867,2207477,2745.906043549195,3069.609095634165,4388.83526690184,7129.847279026822,13218.357789033296,178600.0,176450.0,174275.0,168083.33333333337,157420.83333333337,176542.37497119888,172913.47438433295,3628.900586865901,3214.322065315246,414.5785215506544,65.85365853658537,183052.67053380367,4388.83526690184,165497.32946619633,85.71428571428571,64.84881453945918,59.03327843604066
20140521,185000,185000,181000,183500,50175,13315,2194696,3325.657829663177,3538.714455844099,4446.557657334644,7394.1793925298425,13320.1888333298,179700.0,177450.0,175125.0,168366.66666666663,157791.66666666663,177612.77882178364,173697.66146697494,3915.1173548086963,3354.481123213937,560.6362315947586,65.06024096385542,184018.1153146693,4446.557657334644,166231.8846853307,82.14285714285714,70.6134954072585,62.893350759779935
20140522,182000,183000,179500,183000,34706,-3893,2194695,3082.207001484487,3552.8157846981035,4678.140656286572,7618.558299020864,13436.072921637628,181000.0,178450.0,175700.0,168558.33333333337,158133.33333333337,178441.58207997074,174386.72358053236,4054.858499438415,3494.556598458833,560.3019009795812,62.96296296296296,185056.28131257318,4678.140656286572,166343.71868742685,78.57142857142857,73.2661397953152,66.35094710495837
20140523,184500,184500,180000,182500,25275,-6584,2197951,2353.720459187963,3708.099243547832,4595.1060923553605,7824.214550570398,13529.72807068475,182100.0,179000.0,176400.0,168800.0,158475.0,179065.95406766766,174987.70701901143,4078.247048656136,3611.294688498294,466.9523601578421,50.79365079365079,185590.21218471075,4595.1060923553605,167209.78781528928,74.07407407407408,73.53545122156815,68.74578181049496
20140526,181000,186500,181000,186000,29050,4814,2201861,1208.3045973594544,3911.84099881373,4516.912662427884,8110.846647136022,13693.01068672171,183800.0,180150.0,177350.0,169150.0,158825.0,180132.73036494953,175803.4324250106,4329.29793993893,3754.895338786421,574.4026011525089,66.10169491525423,186383.82532485574,4516.912662427884,168316.17467514426,96.42857142857143,81.16649129056924,72.88601830385305
20140527,186000,186500,182000,186000,21577,6143,2195724,1503.3296378372888,3569.3136595149485,4838.065212458526,8392.005951434576,13840.880847651899,184200.0,181400.0,177925.0,169441.66666666663,159179.16666666663,181035.3872318804,176558.73372686168,4476.653505018679,3899.246972032873,577.4065329858067,73.58490566037736,187601.13042491704,4838.065212458526,168248.86957508294,96.29629629629629,86.2097596258116,77.32726541117256
20140528,184000,190500,183500,190500,35329,10475,2191799,2853.0685235374212,4278.142120126446,5288.194398847432,8811.68337429991,14045.164623654786,185600.0,182650.0,178900.0,169758.33333333337,159579.16666666663,182491.4815038988,177591.4201174645,4900.061386434274,4099.409854913154,800.65153152112,78.68852459016394,189476.38879769488,5288.194398847432,168323.61120230512,100.0,90.80650641720774,81.82034574651762
20140529,192000,193000,188500,191000,32081,13745,2182284,3171.7503054307404,4403.4077712608005,5582.562135794045,9221.845290156425,14165.121852047076,187200.0,184100.0,179900.0,170108.33333333337,160037.5,183800.4843494529,178584.64825691158,5215.836092541256,4322.695102438775,893.1409901024817,75.92592592592592,191065.12427158808,5582.562135794045,168734.87572841192,90.0,90.53767094480516,84.72612081261347
20140530,189000,197000,187500,191500,47733,17881,2176115,2469.8178070456925,4209.809971958354,5852.563540876884,9612.271525966882,14305.729233034475,189000.0,185550.0,180850.0,170508.33333333337,160483.33333333337,184985.02521876773,179541.34097862183,5443.684240145929,4546.892929980207,896.7913101657233,84.0,192555.12708175374,5852.563540876884,169144.87291824626,75.0,85.35844729653677,84.93689630725457
20140602,192000,194500,187000,191000,27235,-4297,2175878,2024.845673131657,3519.943181359609,6255.797311294648,9957.911427604937,14422.443447627322,190000.0,186900.0,181300.0,170800.0,160925.0,185910.405954342,180390.13053576087,5520.275418581034,4741.569427700371,778.7059908806623,85.71428571428571,193811.5946225893,6255.797311294648,168788.4053774107,72.72727272727273,81.14805577344875,83.67394946265263
20140603,188000,196500,186000,195000,39367,7374,2177656,1630.950643030007,4110.960958218893,6819.961510155417,10410.077916242859,14569.278941968854,191800.0,188000.0,182225.0,171116.66666666663,161416.66666666663,187308.80503828934,181472.34308866755,5836.461949621793,4960.547932084656,875.9140175371367,85.41666666666666,195864.92302031085,6819.961510155417,168585.07697968915,90.2439024390244,84.18000466197397,83.84263452909308
20140605,194500,201500,191000,198000,65006,12821,2174979,2785.677655436823,4772.054065075124,7324.445371494102,10964.370960323296,14771.262922761265,193300.0,189450.0,183450.0,171558.33333333337,161925.0,188953.60426316792,182696.6139709885,6256.9902921794555,5219.836404103617,1037.15388807584,92.15686274509804,198098.8907429882,7324.445371494102,168801.1092570118,85.41666666666666,84.59222533020487,84.09249812946366
20140609,198000,204500,193000,197000,44095,-5085,2178527,2828.427124746189,4727.8430600010415,7478.469094674481,11438.03049771647,14940.715599960302,194500.0,190850.0,184650.0,171975.0,162420.83333333337,190191.5112996036,183756.1240472116,6435.387252392073,5462.946573761308,972.4406786307643,88.46153846153847,199606.93818934893,7478.469094674481,169693.06181065107,70.0,79.72815022013658,82.6377154930213
20140610,198000,202500,197500,200500,27204,2057,2182301,3187.475490101845,4631.684358848302,8011.359123145171,12005.507995176544,15153.987374065666,196300.0,192650.0,185825.0,172466.66666666663,162950.0,191777.43263812613,184996.4111548255,6781.021483300632,5726.561555669174,1054.4599276314584,89.65517241379308,201847.71824629034,8011.359123145171,169802.28175370966,84.0,81.15210014675772,82.1425103776001
20140611,195500,203500,194500,201500,66401,-6096,2198030,2353.720459187963,4739.198244429113,8260.258773186308,12535.3140057299,15351.777290341028,198400.0,194200.0,187175.0,173058.33333333337,163495.83333333337,193273.2122322606,186218.89921743106,7054.3130148295595,5992.111847501253,1062.2011673283087,87.23404255319151,203695.5175463726,8260.258773186308,170654.4824536274,87.75510204081633,83.35310077811059,82.5460405111036
20140612,200000,209000,199500,205500,36445,-9254,2205991,2983.286778035259,4970.160963188215,8550.548228037858,13185.524470250772,15589.214019635765,200500.0,196150.0,188775.0,173683.33333333337,164087.5,195154.2565042205,187647.12890502875,7507.1275991917655,6295.114997839355,1212.0126013524095,90.74074074074072,205876.09645607576,8550.548228037858,171673.90354392427,87.5,84.73540051874039,83.27582718031586
20140613,208500,208500,203000,207000,37649,-396,2202298,3586.0842154082206,5528.1099844341015,9044.99170812231,13830.66992432334,15892.99941973081,202300.0,197800.0,190225.0,174341.66666666663,164658.33333333337,196976.67858049425,189080.67491206367,7896.0036684306115,6615.292731957607,1280.7109364730031,92.85714285714286,208314.98341624465,9044.99170812231,172135.01658375538,92.5925925925926,87.35446454335779,84.6353729679965
20140616,205000,210500,204500,206000,22504,-7572,2211213,2596.150997149433,5514.526271584895,9091.754506144642,14355.145709234732,16182.475088811609,204100.0,199300.0,191700.0,175025.0,165200.0,198364.88187580285,190333.95825191078,8030.923623892042,6898.418910344493,1132.5047135475481,91.22807017543859,209883.5090122893,9091.754506144642,173516.4909877107,83.33333333333334,86.01408747334965,85.09494446978088
20140617,205000,208000,202000,204500,31023,-8168,2217915,1881.4887722226763,5033.885179461287,8840.637703242983,14825.59723361459,16364.59115743526,204900.0,200600.0,193075.0,175600.0,165762.5,199308.74620260246,191383.2946776952,7925.4515249072265,7103.825433257041,821.6260916501869,84.90566037735849,210756.275406486,8840.637703242983,175393.72459351402,75.51020408163265,82.51279300944398,84.23422731633525
20140618,205500,205500,197000,199000,55754,-16865,2224629,2817.800560721073,3967.366884975474,8162.566998193727,15111.382758997152,16441.54998691518,204400.0,201400.0,194150.0,176066.66666666663,166270.83333333337,199261.24678681747,191947.49507194,7313.751714877435,7145.810689581122,167.94102529631348,70.3125,210475.13399638745,8162.566998193727,177824.86600361255,53.06122448979592,72.69560350289463,80.38801937852172
20140619,199500,204500,199000,203500,41481,8579,2228111,2774.8873851023204,3370.8307581366357,8055.859668589154,15459.34632799578,16550.595826804256,204000.0,202250.0,195125.0,176683.33333333337,166833.33333333337,199913.36266576863,192803.23617772225,7110.126488046401,7138.673849274177,-28.547361227776488,70.3125,211236.71933717828,8055.859668589154,179013.28066282172,71.42857142857143,72.27325947812022,77.68309941172122
20140620,203500,204500,201000,204500,32031,9048,2217785,2387.467277262663,3104.834939252005,7837.848875807785,15797.896748197043,16681.224891742728,203500.0,202900.0,196175.0,177325.0,167391.66666666663,200618.9991787273,193669.6631275206,6949.3360512067175,7100.806289660686,-151.47023845397052,70.76923076923076,211850.69775161557,7837.848875807785,180499.30224838445,75.51020408163265,73.35224101262436,76.2394799453556
20140623,204500,204500,194000,198000,53491,7082,2201104,2817.800560721073,2924.038303442689,7235.805069237379,15861.56255438584,16668.995149845232,201900.0,203000.0,196925.0,177950.0,167904.16666666663,200216.07622815386,193990.4288217784,6225.6474063755295,6925.774513003655,-700.1271066281242,58.441558441558435,211396.61013847482,7235.805069237379,182453.38986152524,35.8974358974359,60.8673059742282,71.1154219549798
20140624,197500,197500,187500,191500,135652,-11382,2180026,4632.4939287601865,4509.988913511873,6574.3345670874805,15642.843145243623,16593.42029908935,199300.0,202100.0,197375.0,178575.0,168341.66666666663,198875.1414238225,193805.95261275765,5069.188811064785,6554.457372615882,-1485.2685615510966,50.56179775280899,210523.66913417497,6574.3345670874805,184226.33086582503,17.391304347826086,46.375305432094166,62.868716447351254
20140625,191500,194000,189500,191500,53418,-13086,2196406,5599.999999999999,5526.300751859239,6196.975068531529,15409.167094803814,16561.878395044154,197800.0,201100.0,197650.0,179191.66666666663,168745.83333333337,197740.50428169593,193635.14130810896,4105.362973586947,6064.638492810095,-1959.275519223148,45.679012345679006,210043.95013706305,6196.975068531529,185256.04986293692,17.391304347826086,36.71397173733814,54.15046821068021
20140626,191000,193500,189500,191500,34508,-3597,2201520,5199.999999999999,5988.321968631947,5782.030352739544,15271.548982777178,16500.02051766426,195400.0,199700.0,197925.0,179725.0,169162.5,196780.42669989658,193476.9826926935,3303.44400720307,5512.399595688691,-2208.955588485621,41.333333333333336,209489.0607054791,5782.030352739544,186360.9392945209,17.391304347826086,30.273082607500793,46.19133967628707
20140627,192000,192000,184000,186500,82344,-10004,2189237,3655.133376499413,6614.5672571983105,6096.054051597752,15017.293272166318,16377.978418698125,191800.0,197650.0,197725.0,180208.33333333328,169537.5,195198.82259222007,192960.16915990144,2238.6534323187952,4857.650363014712,-2618.9969306959165,37.34939759036144,209917.1081031955,6096.054051597752,185532.8918968045,9.433962264150944,23.32670915971751,38.56979617076389
20140630,187500,195500,186000,193500,63492,17080,2198755,2332.3807579381187,6077.828559609098,5981.429595004973,14853.83414775184,16339.444009988947,190900.0,196400.0,197850.0,180783.33333333328,169958.33333333337,194937.46527034006,193000.15662953828,1937.3086408018426,4273.582018572138,-2336.273377770295,42.22222222222222,209812.85919000997,5981.429595004973,185887.1408099901,35.84905660377358,27.50082497440287,34.880139105310214
20140701,192000,197000,191500,194500,38708,8166,2193212,2756.809750418043,5453.439281774392,5856.620185738645,14761.99135919402,16341.65976117506,191500.0,195400.0,198000.0,181316.66666666663,170362.5,194870.16292105702,193111.25613846138,1758.9067825956736,3770.646971376845,-2011.7401887811718,42.22222222222222,209713.2403714773,5856.620185738645,186286.7596285227,39.62264150943396,31.5414304860799,33.767236232233444
20140702,195500,200000,192500,196500,45188,-14649,2208115,3405.87727318528,5338.773267333986,5646.846465063609,14634.766444631743,16371.4499968698,192500.0,195150.0,198275.0,181916.66666666663,170775.0,195120.90708704828,193362.27420227905,1758.6328847692057,3368.244154055317,-1609.611269286111,39.53488372093023,209568.69293012717,5646.846465063609,186981.30706987283,52.083333333333336,38.38873143516438,35.30773463321042
20140703,196500,196500,194000,196500,21638,-9288,2217729,3687.817782917154,4606.788469204984,5612.708793443801,14494.105602701153,16378.249783546182,193500.0,194450.0,198350.0,182508.33333333328,171195.83333333337,195333.07522750238,193594.6983354436,1738.37689205879,3042.270701656012,-1303.893809597222,37.34939759036144,209575.4175868876,5612.708793443801,187124.5824131124,58.139534883720934,44.97233258468324,38.52926728370136
20140704,197000,201000,194500,200000,30764,5735,2217429,2227.1057451320075,3741.657386773941,5623.388658095878,14306.552014919129,16421.580800039636,196200.0,194000.0,198450.0,183208.33333333328,171645.83333333337,196051.0636540405,194069.16512541074,1981.8985286297684,2830.196267050764,-848.2977384209952,43.18181818181818,209696.77731619176,5623.388658095878,187203.22268380824,78.04878048780488,55.99781521905712,44.35211659548661
20140707,202000,202000,195500,195500,19213,886,2214277,1854.7236990991391,3544.361719689456,5652.156668034012,13837.800483539775,16453.587923476258,196600.0,193750.0,198375.0,183916.66666666663,172016.66666666663,195966.28463034198,194175.15289389886,1791.131736443116,2622.383360929234,-831.2516244861183,40.42553191489362,209679.31333606804,5652.156668034012,187070.686663932,56.09756097560976,56.031063804574664,48.245098998515964
20140708,194500,199500,192500,196500,29821,-3448,2220976,1549.1933384829647,3544.361719689456,5644.189490086364,13247.271731694986,16540.80812213664,197000.0,194250.0,198175.0,184675.0,172350.0,196048.39468721245,194347.3637906471,1701.030896565353,2438.112868056458,-737.0819714911049,47.05882352941178,209463.37898017274,5644.189490086364,186886.62101982726,60.97560975609756,57.679245788415635,51.38981459514918
20140709,196500,196500,193000,196000,36594,-14666,2232452,1593.737745050921,3451.0867853474797,5609.367165732812,12685.742215400236,16573.288415064082,196900.0,194700.0,197900.0,185383.33333333328,172716.66666666663,196040.94935071823,194469.7812876362,1571.1680630820338,2264.723907061573,-693.5558439795395,40.259740259740255,209118.7343314656,5609.367165732812,186681.2656685344,66.66666666666666,60.67505274783264,54.484893979377
20140710,195500,196000,192500,194000,18298,-3877,2233730,1984.9433241279198,3297.3474187595093,5385.803097032174,12477.412926298692,16570.216231909297,196400.0,194950.0,197325.0,185850.0,173070.83333333337,195726.95714291546,194434.98267373728,1291.9744691781814,2070.174019484895,-778.1995503067133,36.70886075949368,208096.60619406434,5385.803097032174,186553.39380593566,55.55555555555556,58.968553683740275,55.97944721416476
20140711,193000,195500,192000,192000,13416,-1186,2235741,1630.950643030007,2073.6441353327727,5018.154541263288,12243.169864596584,16478.19265979559,194800.0,195500.0,196575.0,186275.0,173450.0,195153.5791209284,194254.6135867937,898.9655341346806,1835.932322414852,-936.9667882801714,41.42857142857143,206611.30908252657,5018.154541263288,186538.69091747343,44.44444444444444,54.12718393730833,55.362026121879275
20140714,194000,195500,191000,195500,22226,-5720,2240334,1630.950643030007,1964.6882704388504,4530.176596999433,12037.268516294138,16475.225508488908,194800.0,195700.0,196050.0,186750.0,173816.66666666663,195206.8746407856,194346.86443221642,860.010208569176,1640.7478996457166,-780.7376910765407,56.25,205110.35319399886,4530.176596999433,186989.64680600114,63.888888888888886,57.38108558783518,56.03504594386458
20140715,196000,202000,196000,197500,46368,863,2245221,1870.828693386969,1987.4606914351791,4115.215668710615,11862.57829853704,16422.79707872252,195000.0,196000.0,195700.0,187241.66666666663,174241.66666666663,195559.6631575878,194580.43002983,979.2331277577904,1508.4449452681315,-529.211817510341,58.82352941176471,203930.43133742124,4115.215668710615,187469.5686625788,71.875,62.21239039189012,58.09416075987309
20140716,197500,198500,193000,196500,33324,-2776,2244591,1933.9079605813706,1987.4606914351791,4050.540087445297,11691.910189910037,16400.99717496901,195100.0,196000.0,195575.0,187691.66666666663,174625.0,195704.33036411274,194722.62039799074,981.709966121998,1403.097949438905,-421.3879833169069,57.14285714285715,203676.08017489055,4050.540087445297,187473.91982510945,50.0,58.14159359459342,58.109971704779866
20140717,195500,199000,195000,196500,20928,795,2242526,1907.878402833889,1987.4606914351791,3631.373707015207,11380.645729582118,16415.928494402666,195600.0,196000.0,195225.0,188208.33333333328,174975.0,195826.7410773261,194854.27814628766,972.4629310384627,1316.9709457588167,-344.50801472035414,66.66666666666666,202487.74741403045,3631.373707015207,187962.2525859696,50.0,55.42772906306228,57.21589082420734
20140718,195000,200500,194000,199000,30493,-3399,2244622,1183.215956619921,1800.0,3085.854824842115,11104.616157257924,16429.643242728718,197000.0,195900.0,194950.0,188750.0,175362.5,196314.93475773753,195161.36865397013,1153.566103767429,1284.2899773605393,-130.72387359311028,60.78431372549018,201121.70964968426,3085.854824842115,188778.29035031574,72.72727272727273,61.194243617799096,58.54200842207126
20140721,199000,200000,198000,198500,14891,4804,2238530,1019.8039027185539,1951.9221295943134,3112.3744954618433,10942.34892516383,16450.92396510189,197600.0,196200.0,194975.0,189200.0,175729.16666666663,196651.09864116253,195408.674679602,1242.423961560562,1275.9167742005438,-33.49281263998182,57.99999999999999,201199.74899092372,3112.3744954618433,188750.25100907628,68.18181818181817,63.52343513913879,60.202483994427105
20140722,197500,202000,195500,200500,28967,8072,2228184,1536.2291495737195,2343.0749027719958,3225.968846718976,10697.533464413957,16476.49788756388,198200.0,196600.0,195425.0,189733.33333333328,176120.83333333337,197243.2373117529,195785.8098885204,1457.4274232325845,1312.218904006952,145.20851922563224,57.99999999999999,201876.93769343797,3225.968846718976,188973.06230656206,86.36363636363636,71.13683554730464,63.847267845386284
20140723,199500,202500,196500,198500,27181,1223,2221957,1280.6248474865674,2398.436991042291,3160.201734067203,10335.816233963176,16469.478821107154,198600.0,196850.0,195775.0,190258.33333333328,176495.83333333337,197436.58541763708,195986.8610078892,1449.7244097478685,1339.7200051551356,110.00440459273341,53.70370370370371,202095.4034681344,3160.201734067203,189454.5965318656,65.21739130434783,69.16368746631905,65.61940771903055
20140724,198000,201000,195500,197000,25598,1112,2220882,1122.4972160321795,2202.839077191069,3012.059096366033,10164.016047914178,16425.936469160504,198700.0,197150.0,196050.0,190633.33333333328,176866.66666666663,197369.4184303083,196061.90834063813,1307.5100896701333,1333.278022058135,-25.767932388001785,43.99999999999999,202074.11819273207,3012.059096366033,190025.88180726796,52.17391304347826,63.50042932537212,64.91308158781108
20140725,195000,195500,191500,193500,64039,10107,2202419,2332.3807579381187,1873.49939951952,2171.405075061159,9842.717979412857,16382.637637823478,197600.0,197300.0,196400.0,191008.33333333328,177179.16666666663,196774.12328718393,195872.13735244275,901.9859347412132,1247.0196045947507,-345.03366985353773,45.83333333333333,200742.81015012236,2171.405075061159,192057.18984987764,21.73913043478261,49.579996361842284,59.80205317915482
20140728,193500,194500,186000,190000,73018,4844,2189379,3733.6309405188927,2865.7459761814202,2512.3445225528603,9493.341965119644,16253.076631825994,195900.0,196750.0,196225.0,191325.0,177500.0,195731.95047377105,195437.1642152248,294.78625854628626,1056.572935385058,-761.7866768387718,37.735849056603776,201249.6890451057,2512.3445225528603,191200.3109548943,24.242424242424242,41.13413898870294,53.579415115670855
20140729,189500,190500,181500,187000,97997,-37682,2212656,4273.172123844299,4069.3979898751613,3205.8540203823004,9190.786449243107,16024.741612581718,193200.0,195700.0,195850.0,191566.66666666663,177837.5,194388.57347780626,194812.18908817106,-423.61561036482453,760.5352262350814,-1184.150836599906,34.48275862068966,202261.7080407646,3205.8540203823004,189438.2919592354,26.190476190476193,36.15291805596069,47.77058276243414
20140730,185000,190000,183000,190000,78067,160,2211927,3435.1128074635326,4395.736570814953,3444.1072863662885,9108.695479231292,15826.673489713756,191500.0,195050.0,195525.0,191700.0,178187.5,193713.4083273745,194455.73063719546,-742.3223098209128,459.9637190238825,-1202.2860288447953,43.33333333333334,202413.21457273254,3444.1072863662885,188636.78542726746,40.476190476190474,37.59400886270395,44.37839146252407
20140731,190000,192000,186500,189500,37544,-2362,2218477,2073.644135332771,4658.594208556912,3675.170064092458,8896.706631609488,15598.688958442322,190000.0,194350.0,195175.0,191916.66666666663,178541.66666666663,193065.19166162465,194088.6394788847,-1023.4478172600502,163.28141176709588,-1186.7292290271464,45.614035087719294,202525.34012818488,3675.170064092458,187824.65987181512,38.095238095238095,37.761085273548666,42.1726227328656
20140801,188500,191000,184500,185500,52173,-13686,2223744,1827.5666882497048,5054.700782440044,4061.711461933425,8610.732966609621,15405.152795051956,188400.0,193000.0,194450.0,192116.66666666663,178829.16666666663,191901.3160213747,193452.44396193023,-1551.1279405555395,-179.60045869743138,-1371.5274818581086,32.75862068965517,202573.42292386686,4061.711461933425,186326.57707613317,19.047619047619047,31.523263198238794,38.62283622132333
20140804,185000,185500,182500,183000,41552,-13119,2225658,2588.435821108956,5488.3968515405295,4754.668758178782,8331.349763929278,15266.629707924963,187000.0,191450.0,193825.0,192283.33333333328,179054.16666666663,190531.88278731704,192678.1888536391,-2146.306066322053,-572.9415802223559,-1573.3644860996972,25.423728813559322,203334.33751635763,4754.668758178782,184315.66248364246,7.142857142857142,23.396461179778242,33.54737787414164
20140805,184500,191500,183500,190000,65060,-617,2243744,2853.0685235374212,4586.937976471886,4782.78161742739,8096.810071464504,15117.344251628008,187600.0,190400.0,193500.0,192500.0,179358.33333333337,190450.05466619134,192479.80449411023,-2029.7498279189167,-864.3032297616683,-1165.4465981572484,40.84507042253522,203065.5632348548,4782.78161742739,183934.4367651452,40.476190476190474,29.08970427858232,32.061486675621865
20140806,190500,192000,186500,188500,37648,116,2241057,2657.066051117284,3720.215047547655,4865.375114007281,7769.849133386785,14993.50553851038,187300.0,189400.0,193125.0,192733.33333333328,179625.0,190150.0462560081,192185.0041612132,-2034.9579052051413,-1098.434164850363,-936.5237403547784,39.189189189189186,202855.75022801454,4865.375114007281,183394.24977198546,33.33333333333333,30.50424729683266,31.54240688269213
20140807,188500,188500,183000,183500,32870,-6597,2252054,2745.906043549195,3118.0923655337733,5290.557626564648,7456.428993383443,14853.141619611335,186100.0,188050.0,192600.0,192900.0,179845.83333333337,189126.9622166222,191541.67051964183,-2414.7083030196663,-1361.6889924842235,-1053.0193105354426,30.379746835443033,203181.1152531293,5290.557626564648,182018.8847468707,9.523809523809524,23.51076803915828,28.865193934847515
20140808,183500,186000,182500,185000,24249,1138,2252067,2774.8873851023204,2638.181191654584,5544.141051596845,7274.937953155216,14669.823878932464,186000.0,187200.0,192250.0,193016.66666666663,180104.16666666663,188492.04495252648,191057.1023330017,-2565.057380475249,-1602.3626700824288,-962.6947103928204,33.33333333333333,203338.28210319372,5544.141051596845,181161.71789680628,17.94871794871795,21.656751342344837,26.462379737346623
20140811,186000,190500,185500,188000,30778,8043,2249303,2387.467277262663,2489.9799195977466,5565.238090145052,6982.8907974366175,14581.880284753992,187000.0,187000.0,191875.0,193208.33333333328,180329.16666666663,188416.34572906085,190830.65030833488,-2414.3045792740595,-1764.7510519207556,-649.5535273533039,34.93975903614457,203005.4761802901,5565.238090145052,180744.5238197099,46.42857142857143,29.91402470442037,27.61292805970454
20140812,188000,190500,186500,187000,25770,4366,2246130,1881.4887722226763,2489.9799195977466,5504.770658256469,6707.971004710455,14474.373307293728,186400.0,187000.0,191350.0,193375.0,180554.16666666663,188198.4463861285,190546.89843364348,-2348.4520475150202,-1881.4912510396089,-466.9607964754116,35.80246913580247,202359.54131651294,5504.770658256469,180340.45868348703,42.30769230769231,34.04524723884435,29.757034452751142
20140813,189500,195000,188000,194500,46059,1182,2257557,3786.819245752297,3274.522866006588,5427.936993002163,6382.588076602777,14486.904407276385,187600.0,187450.0,191250.0,193658.33333333328,180770.83333333328,189167.91617287789,190839.7207718921,-1671.8045990141986,-1839.5539206345263,167.74932162032837,47.31182795698924,202105.87398600433,5427.936993002163,180394.12601399567,96.29629629629629,54.79559692466166,38.10322194338798
20140814,196000,197000,192500,196500,38584,5573,2249076,4478.839135311739,4242.935304715357,5427.936993002163,6266.888293956212,14534.420353079384,190200.0,188150.0,191250.0,193866.66666666663,180975.0,190295.92906935824,191259.00071471493,-963.0716453567148,-1664.257465578964,701.1858202222493,53.33333333333334,202105.87398600433,5427.936993002163,180394.12601399567,96.55172413793103,68.71430599575145,48.30691662750913
20140818,196500,198000,193000,196500,39995,-7112,2260266,4159.326868617083,4802.343178074637,5274.644537786538,6127.9188056733865,14541.298944730082,192500.0,189250.0,191125.0,194083.33333333328,181225.0,191250.4015202261,191647.2228839953,-396.8213637691516,-1410.7702452170017,1013.9488814478502,57.83132530120483,201674.2890755731,5274.644537786538,180575.7109244269,90.32258064516128,75.91706421222139,57.510299155746544
20140819,197000,198500,195000,198000,43027,10168,2248312,3911.5214431215886,4956.0569003997525,5240.706059301681,5974.715241939069,14593.062825839446,194500.0,190750.0,191100.0,194333.33333333328,181445.83333333328,192288.8012863452,192117.79896666235,171.00231968288426,-1094.4157322370245,1265.4180519199087,63.75000000000001,201581.41211860336,5240.706059301681,180618.58788139664,96.875,82.90304280814759,65.97454703988022
20140820,198500,201500,193500,201000,72136,10174,2248251,2158.7033144922893,5813.991744060186,5286.480398147842,5831.731923044748,14647.923037262446,197300.0,191850.0,191125.0,194641.66666666663,181720.83333333328,193628.98570383046,192775.73978394657,853.2459198839788,-704.8834018128238,1558.1293216968024,63.75000000000001,201697.9607962957,5286.480398147842,180552.0392037043,97.36842105263158,87.72483555630892,73.22464321202312
20140821,200500,205000,200000,202000,44344,3516,2250044,2293.4689882359417,6415.605972938176,5577.633906953857,5796.185287663434,14682.088837726644,198800.0,193200.0,191300.0,194908.33333333328,182029.16666666663,194916.83405708734,193459.01831846905,1457.8157386183448,-272.34357372659,1730.1593123449347,65.43209876543209,202455.2678139077,5577.633906953857,180144.7321860923,86.66666666666667,87.37211259309483,77.94046633904702
20140822,200000,210000,199500,208000,62972,29840,2246199,3979.949748426479,6903.079023160607,6567.153112270289,5915.674799494198,14817.245489256673,201100.0,195650.0,191850.0,195275.0,182358.33333333328,196929.62881753547,194536.1280726565,2393.5007448789843,260.8252899945249,2132.6754548844588,76.47058823529412,204984.30622454055,6567.153112270289,178715.69377545945,92.72727272727272,89.15716597115413,81.67936621641606
20140825,208000,209500,204000,209000,48630,7645,2238594,4223.742416388574,6955.034148011065,7556.247415218837,6136.751764757948,14979.499300896674,203600.0,198050.0,192625.0,195583.33333333328,182670.83333333328,198786.60899945308,195607.52599320046,3179.0830062526506,844.4768332461504,2334.6061730065007,81.70731707317074,207737.49483043764,7556.247415218837,177512.50516956236,96.36363636363636,91.5593227686482,84.9726850671601
20140826,209000,209500,204500,204500,38534,-2522,2234569,3168.595903550971,6301.58710167526,7954.715582596361,6211.6098736366175,15064.387272268903,204900.0,199700.0,193350.0,195808.33333333328,182958.33333333328,199665.59223030647,196266.2277714819,3399.364458824566,1355.4543583618338,2043.9101004627325,68.83116883116884,209259.43116519268,7954.715582596361,177440.56883480732,80.0,87.7062151790988,85.88386177113966
20140827,206500,209000,206000,207500,28136,-1326,2244313,2580.697580112787,5046.038049797088,8379.84934232122,6362.536836831508,15160.884886957094,206200.0,201750.0,194375.0,196075.0,183291.66666666663,200870.8857333363,197098.3590476684,3772.526685667865,1838.8688238230397,1933.6578618448245,73.75,211134.69868464247,8379.84934232122,177615.30131535753,89.79591836734694,88.40278290851485,86.72350215026472
20140828,206000,209500,204000,208000,20381,1740,2245460,1529.7058540778335,4721.22865364515,8816.851762392365,6507.106158315969,15298.964539217373,207400.0,203100.0,195275.0,196358.33333333328,183579.16666666663,201967.67254359226,197905.88800710038,4061.784536491847,2283.451966356802,1778.3325701350445,84.50704225352112,212908.70352478477,8816.851762392365,177641.29647521523,91.48936170212765,89.43164250638578,87.62621560230508
20140829,206500,209000,201500,207000,30930,2393,2242689,1503.3296378372888,4283.981792678394,9065.180638023789,6645.231163944593,15429.971173552949,207200.0,204150.0,196150.0,196558.33333333328,183837.5,202741.87676765496,198579.5259325004,4162.35083515459,2659.23174011636,1503.1190950382293,81.42857142857143,214280.36127604762,9065.180638023789,178019.63872395246,86.36363636363636,88.40897379213597,87.88713499891537
20140901,205000,205500,199500,204000,32623,-2172,2241123,1630.950643030007,3455.430508634199,8873.098387823802,6710.993261477303,15496.126308066929,206200.0,204900.0,197075.0,196658.33333333328,184108.33333333328,202935.43418801573,198981.04253009293,3954.391657922795,2918.2637236776472,1036.127934245148,72.85714285714283,214821.1967756476,8873.098387823802,179328.8032243524,65.71428571428571,80.84407776618588,85.5394492546722
20140902,206500,209000,204000,208500,30125,4692,2247704,1581.1388300841877,2715.234796477093,8586.471918081452,6880.104165880898,15613.250582438252,207000.0,205950.0,198350.0,196850.0,184412.5,203791.52123601327,199686.1504908268,4105.37074518649,3155.6851279794164,949.6856172070738,77.92207792207792,215522.94383616289,8586.471918081452,181177.05616383711,91.17647058823529,84.28820870686901,85.12236907207114
20140903,206500,213500,205000,211000,32536,13229,2243268,2271.563338320109,2544.1108466417104,8782.938005018672,7100.718860324763,15749.734896358224,207700.0,206950.0,199400.0,197025.0,184745.83333333328,204900.51796893435,200524.2134174321,4376.304551502109,3399.809012683955,976.4955388181523,74.62686567164178,216965.87601003735,8782.938005018672,181834.12398996265,87.5,85.35880580457933,85.20118131624054
20140904,211000,218500,211000,217000,48597,9854,2242238,4381.780460041328,3445.64943080401,9200.91707385744,7527.929477768826,15925.280718788936,209500.0,208450.0,200825.0,197283.33333333328,185170.83333333328,206761.97674294445,201744.64205317802,5017.33468976646,3723.3141481004573,1294.0205416660028,77.33333333333334,219226.8341477149,9200.91707385744,182423.1658522851,94.0,88.23920386971956,86.21385550073354
20140905,216000,225000,215000,217000,39550,-5882,2249803,5019.960159204453,4283.981792678394,8940.078299433477,7873.174391567784,16106.933785554302,211500.0,209350.0,202500.0,197475.0,185579.16666666663,208337.05724402991,202874.66856775736,5462.3886762725315,4071.129053734872,1391.2596225376592,77.33333333333334,220380.15659886692,8940.078299433477,184619.84340113305,68.62745098039215,81.70195290661043,84.70988796935917
20140911,215000,223000,212500,212500,35494,8607,2234669,3355.5923471125025,4382.921400162225,8229.330167152206,8014.292787821501,16205.194104737857,213200.0,209700.0,203875.0,197566.66666666663,185954.16666666663,208977.50997571766,203587.65608125684,5389.853894460801,4334.874021880058,1054.9798725807432,67.90123456790124,220333.6603343044,8229.330167152206,187416.3396656956,50.98039215686274,71.46143265669453,80.29373619847097
20140912,213500,215500,206000,207500,30587,-110,2228737,3646.916505762093,4110.960958218893,7404.5594062038135,8042.849653922071,16207.78919395128,213000.0,210000.0,204850.0,197591.66666666663,186308.33333333328,208750.20074868415,203877.45933449702,4872.741414187098,4442.4475003414655,430.2939138456322,57.647058823529406,219659.11881240766,7404.5594062038135,190040.88118759237,31.372549019607842,58.0984714443323,72.89531461375807
20140915,206500,214000,204500,211500,30063,-1853,2231988,3597.2211497209887,4042.276586281547,6293.39931992253,8191.607324304215,16298.619040854268,213100.0,210400.0,206075.0,197708.33333333328,186654.16666666663,209173.2467873481,204442.09197638615,4731.154810961947,4500.188962465562,230.96584849638472,60.43956043956045,218661.79863984504,6293.39931992253,193488.20136015496,47.05882352941176,54.41858880602545,66.73640601118053
20140916,212000,218500,210500,218500,22991,9557,2225490,3954.7439866570367,4606.788469204984,6259.942092384031,8612.426422845541,16489.3147219649,213400.0,211450.0,207275.0,198033.33333333328,187050.0,210608.1318969869,205483.41849665387,5124.713400332986,4625.0938500390475,499.6195502939381,61.29032258064516,219794.88418476807,6259.942092384031,194755.11581523195,74.50980392156863,61.11566051120651,64.86282417785586
20140917,218500,219500,215000,217500,28240,8915,2216178,4049.6913462633174,4669.047011971501,6124.285672631654,8940.761836793412,16610.971524868986,213500.0,212500.0,208325.0,198266.66666666663,187475.0,211668.41929745045,206373.53564504988,5294.883652400546,4759.051810511347,535.8318418891986,59.139784946236546,220573.57134526328,6124.285672631654,196076.42865473672,70.58823529411765,64.27318543884356,64.66627793151842
20140918,216000,219000,213000,218000,31832,4125,2212797,4363.484845854286,3954.7439866570376,5834.380858326045,9259.000876026616,16722.986093664527,214600.0,213900.0,209400.0,198491.66666666663,187908.33333333328,212642.5086363042,207234.75522689804,5407.75340940617,4888.792130290312,518.9612791158579,65.88235294117646,221068.76171665208,5834.380858326045,197731.23828334792,72.54901960784314,67.03179682851008,65.45478423051564
20140919,218500,221000,217000,220000,25504,-1863,2220344,2922.327839240491,3888.765871070152,5652.433104425153,9659.232054823437,16784.950579975815,217100.0,215050.0,210500.0,198858.33333333328,188404.16666666663,213774.43038456512,208180.32891379448,5594.101470770605,5029.853998386371,564.2474723842342,65.06024096385542,221804.86620885032,5652.433104425153,199195.13379114968,80.3921568627451,71.4852501732551,67.46493954476212
20140922,218000,222000,215000,221500,18139,6086,2214510,1462.8738838327772,4066.939881532551,5695.338005772911,10034.561801872347,16753.57341650522,219100.0,216100.0,211525.0,199358.33333333328,188966.66666666663,214962.97955617047,209166.9712164764,5796.008339694061,5183.0848666479105,612.9234730461512,65.88235294117646,222915.67601154585,5695.338005772911,200134.32398845415,83.33333333333334,75.4346112266145,70.12149677204626
20140923,218500,221500,217500,220500,25368,7502,2212439,1516.5750888103082,4274.6344872983,5574.271252818737,10338.23472466468,16696.29865835231,219500.0,216450.0,212450.0,199841.66666666663,189516.66666666663,215814.82885522113,210006.4548300707,5808.374025150434,5308.142698348415,500.2313268020198,65.88235294117646,223598.54250563745,5574.271252818737,201301.45749436246,78.04878048780488,76.30600098034462,72.18299817481238
20140924,218000,222500,218000,221000,14540,2869,2213759,1208.3045973594544,4489.153595055531,5771.914760285477,10627.27099912906,16710.936517908372,220200.0,216850.0,213100.0,200333.33333333328,190029.16666666663,216612.5474928794,210820.79150932468,5791.7559835547,5404.865355389673,386.890628165027,71.25,224643.82952057093,5771.914760285477,201556.17047942907,80.48780487804879,77.69993561291268,74.0219773208458
20140925,221000,221500,216500,218500,27904,9953,2202229,1029.563014098697,4262.9215334087485,5805.762223860133,10722.19919398985,16641.33439411259,220300.0,217450.0,213575.0,200866.66666666663,190537.5,216902.9248016672,211389.6217678933,5513.303033773933,5426.552891066525,86.75014270740758,63.157894736842096,225186.52444772032,5805.762223860133,201963.47555227973,68.29268292682927,74.56418471755154,74.20271311974771
20140926,216000,219500,214500,217000,14291,671,2199292,1691.1534525287743,2718.455443813637,5457.56355895205,10874.08680712685,16560.419156497726,219700.0,218400.0,214200.0,201258.33333333328,191020.83333333328,216917.8594475645,211805.2053406419,5112.6541069226505,5363.773134237751,-251.11902731509963,58.1081081081081,225115.1271179041,5457.56355895205,203284.8728820959,67.56756756756756,72.2319790008902,73.54580174679522
20140929,216500,222500,215000,215500,33653,2106,2197494,2073.644135332771,1819.3405398660248,5240.706059301681,10988.286060873968,16500.525559811966,218500.0,218800.0,214600.0,201608.33333333328,191462.5,216699.72722486235,212078.8938339277,4620.833390934626,5215.185185577127,-594.3517946425009,47.69230769230769,225081.41211860336,5240.706059301681,204118.58788139664,61.111111111111114,68.5250230376305,71.87220884374032
20140930,214500,215000,206500,209000,53229,-6539,2202965,4032.3690307311895,3464.4624402640006,5181.939791236614,11007.939054258248,16330.280326913047,216200.0,217850.0,214650.0,201816.66666666663,191866.66666666663,215515.15380565272,211850.8276240072,3664.326181645592,4905.01338479082,-1240.6872031452276,39.74358974358975,225013.8795824732,5181.939791236614,204286.1204175268,25.0,54.016682025087,65.92036657085588
20141001,207500,212000,205000,212000,37810,-1545,2205089,3455.430508634199,3887.158345115362,4920.873906126975,11061.880867798896,16184.429674501867,214400.0,217300.0,214900.0,202075.0,192291.66666666663,214974.3609124754,211861.87742963625,3112.483482839161,4546.507404400489,-1434.0239215613276,49.33333333333334,224741.74781225395,4920.873906126975,205058.25218774605,40.0,49.34445468339133,60.39506260836769
20141002,211500,214000,206500,210500,37342,18807,2185318,3009.9833886584806,4372.928080817246,4374.5714075782735,11110.618044617293,15959.570774477716,212800.0,216550.0,215225.0,202250.0,192729.16666666663,214285.99769517148,211760.9976200336,2525.000075137941,4142.205938547979,-1617.2058634100376,54.41176470588235,223974.14281515652,4374.5714075782735,206475.85718484345,31.428571428571427,43.37249359845136,54.72087293839558
20141006,209000,210000,206000,206500,18993,3115,2179433,3009.9833886584806,5119.5702944680825,4546.633369868452,11088.457462105856,15586.405668616298,210700.0,215200.0,215125.0,202433.33333333328,193175.0,213088.15189591426,211371.29409262366,1716.8578032906516,3657.136311496514,-1940.2785082058613,42.647058823529406,224218.26673973692,4546.633369868452,206031.73326026308,8.571428571428571,31.772138589443767,47.07129482207831
20141007,210000,212000,204000,211500,20039,4173,2175412,1984.9433241279198,4754.997371187495,4525.2071775777695,11120.913731446013,15187.411979626302,209900.0,214200.0,215150.0,202683.33333333328,193679.16666666663,212843.82083500444,211380.82786354038,1462.9929714640314,3218.307643490017,-1755.314672025986,39.0625,224200.41435515555,4525.2071775777695,206099.58564484445,40.54054054054054,34.69493923980936,42.94584296132199
20141008,208000,209500,204000,206000,32690,-1025,2174076,2541.653005427766,4823.121395942672,4918.333050943314,11094.405497068137,14774.236208872631,209300.0,212750.0,214600.0,202850.0,194116.66666666663,211790.9253219269,210982.24802179672,808.6773001301626,2736.3815748180464,-1927.704274687884,34.24657534246576,224436.66610188663,4918.333050943314,204763.33389811337,10.81081081081081,26.733563096809842,37.54174967315128
20141010,206000,209500,200500,209500,32515,3687,2174012,2181.742422927141,4023.679907746142,5006.183676214982,11065.747326273604,14612.693659015433,208800.0,211600.0,214225.0,203108.33333333328,194479.16666666663,211438.47527239964,210872.451872034,566.0234003656369,2302.309939927565,-1736.2865395619278,39.24050632911392,224237.36735242995,5006.183676214982,204212.63264757005,40.909090909090914,31.458739034236867,35.51407946017981
20141013,208500,209000,197500,204000,38219,-2082,2171363,2664.582518894845,3886.1935103646088,5473.572873361728,10971.209165611519,14410.583976909578,207500.0,210150.0,213800.0,203308.33333333328,194791.66666666663,210294.09446126124,210363.3813629945,-69.28690173319775,1827.990571595412,-1897.2774733286096,31.3953488372093,224747.14574672343,5473.572873361728,202852.8542532765,26.0,29.639159356157915,33.555772758839176
20141014,204500,204500,192000,201000,60277,-339,2163654,3760.319135392632,4027.7164746292656,6005.154036325909,10928.479613684118,14193.990805971644,206400.0,208550.0,213475.0,203400.0,195075.0,208864.23377491336,209669.79755832817,-805.5637834148074,1301.279700593368,-2106.8434840081754,26.966292134831466,225485.30807265182,6005.154036325909,201464.69192734818,29.508196721311474,29.595505144542432,32.235683554073596
20141015,198000,199500,191000,194500,62819,-11490,2165904,5069.516742254629,5169.381007432128,7290.190326733683,10962.169797385432,13975.498773647749,203000.0,206450.0,212625.0,203350.0,195295.83333333328,206654.35165569594,208546.10885030386,-1891.757194607926,662.6723215531091,-2554.4295161610353,24.0,227205.38065346735,7290.190326733683,198044.61934653265,11.11111111111111,23.43404046673199,29.301802524959726
20141016,193000,197500,186500,197500,70981,-6862,2172397,5201.9227214559805,5723.635208501673,7858.554256350295,10952.498446576696,13775.173294937636,201300.0,205300.0,211575.0,203366.66666666663,195529.16666666663,205245.98986251195,207727.8785650961,-2481.888702584227,33.76011672564174,-2515.6488193098685,27.619047619047624,227292.1085127006,7858.554256350295,195857.8914872994,30.555555555555557,25.807878829673182,28.137161293197547
20141017,194500,196000,181500,188000,144521,-20181,2179900,5522.680508593629,7241.546796092668,9252.837402656623,11094.452442551756,13515.84461125397,197000.0,202900.0,210100.0,203225.0,195716.66666666663,202592.7606528948,206266.5542269409,-3673.793574046169,-707.7506214287206,-2966.042952617449,24.369747899159666,228605.67480531323,9252.837402656623,191594.3251946868,19.402985074626866,23.672914244657743,26.649078943684277
20141020,188000,198500,185000,190000,81541,-2198,2179652,4760.252094164761,7687.815034195347,10036.682718906748,11210.7927908798,13258.906204887617,194200.0,200850.0,208700.0,203075.0,195912.5,200655.41286014172,205061.62428420453,-4406.211424062843,-1447.4427819555453,-2958.7686421072967,27.5,228773.3654378135,10036.682718906748,188626.6345621865,26.153846153846157,24.499891547720548,25.9326831450297
20141021,192500,196000,188000,193000,49982,2227,2187278,3337.6638536557257,7762.087348130012,10239.75097353453,11270.15478549125,13071.754430408197,192600.0,199500.0,207350.0,202983.33333333328,196091.66666666663,199477.65703550453,204168.1706335227,-4690.51359801818,-2096.0569451680726,-2594.456652850108,31.707317073170728,227829.5019470691,10239.75097353453,186870.49805293093,35.38461538461539,28.128132826685498,26.664499705581633
20141022,196000,197500,190500,191000,50349,3854,2190990,3231.0988842807014,6990.88692513332,10289.891884757653,11370.218775381692,12833.841304882037,191900.0,197450.0,205825.0,202825.0,196279.16666666663,198173.4021069653,203192.75058659512,-5019.348479629727,-2680.715252060404,-2338.6332275693235,34.21052631578947,226404.7837695153,10289.891884757653,185245.2162304847,31.147540983606557,29.13460221232585,27.487867207829705
20141023,191000,196500,190500,194500,45120,-13495,2199228,2271.563338320109,6411.708040764177,9991.840421063647,11407.0488685256,12551.391578449096,191300.0,196300.0,204525.0,202758.33333333328,196508.33333333328,197608.26332127838,202548.8431357362,-4940.579814457829,-3132.688164539889,-1807.8916499179404,34.78260869565218,224508.6808421273,9991.840421063647,184541.3191578727,42.62295081967213,33.630718414774606,29.535484276811342
20141024,195500,196500,186500,186500,39181,-17461,2204927,2738.612787525829,5291.502622129181,9976.72290885145,11573.377016048416,12422.79211324476,191000.0,194000.0,202800.0,202583.33333333328,196608.33333333328,195899.2997333894,201360.03994049647,-5460.740207107068,-3598.298573053325,-1862.4416340537427,31.25,222753.4458177029,9976.72290885145,182846.55418229708,17.857142857142858,28.372859895564023,29.14794281639557
20141027,189000,197500,187000,196000,51810,7444,2203219,3295.451410656816,4214.261501141095,9394.513026229795,11545.065684815694,12199.203070510908,192200.0,193200.0,201675.0,202625.0,196816.66666666663,195914.79208209872,200962.99994490415,-5048.20786280543,-3888.280431003746,-1159.9274318016833,42.446043165467636,220464.0260524596,9394.513026229795,182885.9739475404,51.78571428571429,36.177144692280784,31.49101010835731
20141028,176000,180000,167000,167500,613813,-42560,2144291,10331.505214633538,8154.906498544296,11348.347897381424,12290.40954023537,12264.899527377871,187100.0,189850.0,199200.0,202250.0,196787.5,191543.2856079297,198484.25920824453,-6940.973600314901,-4498.819064865977,-2442.1545354489235,26.344086021505376,221896.69579476284,11348.347897381424,176503.30420523716,1.1904761904761905,24.514921858345918,29.165647358353514
20141029,166000,172000,160500,167000,204366,54007,2102263,12706.691150728422,10439.82758478319,12706.764930540005,12952.85253868547,12365.439629153081,182300.0,187100.0,196775.0,201916.66666666663,196741.66666666663,187767.395514402,196152.0918594857,-8384.696345083677,-5275.994520909518,-3108.7018241741607,27.84090909090909,222188.52986108,12706.764930540005,171361.47013892,14.772727272727273,21.267523663139702,26.53293945994891
20141030,167000,169500,157500,163500,195044,52587,2047621,12803.90565413538,11929.375507544391,14288.981769181504,13777.223051110172,12660.085324225662,176100.0,183700.0,194500.0,201475.0,196587.5,184033.9500506479,193733.41838841265,-9699.468337764787,-6160.689284280573,-3538.7790534842156,23.863636363636363,223077.963538363,14288.981769181504,165922.036461637,14.285714285714285,18.940253870664563,24.002044263520798
20141031,164000,166000,158500,159500,85661,-1653,2038554,12971.5072370176,13816.747084607143,15595.572288313158,14715.19197972086,12975.264260850188,170700.0,180850.0,191875.0,200975.0,196445.83333333328,180259.49619670206,191197.60961890052,-10938.11342219854,-7116.1741118641685,-3821.939310334373,24.277456647398854,223066.14457662628,15595.572288313158,160683.8554233737,4.878048780487805,14.252852173938976,20.752313566993525
20141103,159500,169500,158000,166500,125303,27043,2032127,2993.325909419153,14057.026712644463,15913.26097944734,15239.885079037285,13093.48796476098,164800.0,178500.0,189675.0,200658.33333333328,196387.5,178142.65062797864,189368.15705453762,-11225.506426558977,-7938.040574803131,-3287.4658517558446,30.939226519337016,221501.52195889468,15913.26097944734,157848.47804110532,21.951219512195124,16.81897462002436,19.44120058467047
20141104,167500,167500,160500,164500,69773,24294,2017719,2675.8176320519306,13713.22354517712,16320.4434682395,15771.889550717784,13241.968215572395,164200.0,175650.0,187575.0,200350.0,196316.66666666663,176043.78130059733,187526.07134679405,-11482.290046196753,-8646.890469081856,-2835.3995771148952,32.558139534883715,220215.88693647907,16320.4434682395,154934.11306352098,17.073170731707318,16.903706657252012,18.595369275530985
20141105,163500,166000,159000,164000,76443,13727,2009920,2289.10462845192,13067.995255585305,16120.949103573315,16395.163582255882,13451.081637631585,163600.0,172950.0,185200.0,199916.66666666663,196208.33333333328,174190.8918697362,185783.3993951797,-11592.507525443509,-9236.013880354189,-2356.49364508932,29.94011976047905,217441.89820714665,16120.949103573315,152958.10179285338,16.25,16.68580443816801,17.958847663076657
20141106,164500,168500,164000,168500,76244,22268,1995770,3006.6592756745813,10934.006584962348,15769.650440006631,16821.654364407677,13542.523049844252,164600.0,170350.0,183325.0,199583.33333333328,196158.33333333328,173315.37004362294,184503.14758812933,-11187.777544506389,-9626.366613184628,-1561.4109313217614,37.57961783439491,214864.3008800133,15769.650440006631,151785.6991199867,27.500000000000004,20.29053629211201,18.736077206088442
20141107,166500,167000,158500,161500,91310,2486,1984256,2366.4319132398464,9749.487166000066,15247.356328229538,17398.124100668505,13752.148821992496,165000.0,167850.0,180925.0,199216.66666666663,196058.33333333328,171497.62080614248,182799.21072974935,-11301.589923606864,-9961.411275269076,-1340.1786483377894,32.93413173652695,211419.71265645907,15247.356328229538,150430.28734354093,10.0,16.860357528074672,18.110837313417186
20141110,161000,163500,156500,160500,54427,-7702,1997538,2785.677655436824,2934.280150224242,14899.244947311972,18003.955969608327,14032.798262760734,163800.0,164300.0,178750.0,198808.33333333328,195912.5,169805.679143659,181147.4173423605,-11341.738198701496,-10237.476659955559,-1104.2615387459357,30.061349693251532,208548.48989462398,14899.244947311972,148951.51010537604,9.75609756097561,14.492270872374986,16.904648499736453
20141111,159500,160500,155000,159000,94976,6171,1985146,3325.6578296631787,3110.064308016797,14571.461834695974,18664.76738849713,14321.739497080289,162700.0,163450.0,176650.0,198325.0,195766.66666666663,168143.26696771148,179506.8679095931,-11363.600941881597,-10462.701516340769,-900.899425540827,30.24691358024691,205792.92366939195,14571.461834695974,147507.07633060805,9.411764705882353,12.798768816877441,15.536021938783449
20141112,158000,160500,156000,157000,55512,-9792,1988035,3906.4049969249213,3401.83773863481,14566.635678838176,19350.67289958429,14651.73482333545,161300.0,162450.0,174775.0,197825.0,195600.0,166428.91820344815,177839.69250888246,-11410.774305434317,-10652.316074159478,-758.4582312748372,26.41509433962264,203908.2713576764,14566.635678838176,145641.72864232367,8.0,11.199179211251627,14.090407696272841
20141113,158000,160000,151500,153500,123628,-27084,1986651,2839.013913315678,4297.96463456832,14288.34752516894,20162.897375020144,15055.674456275308,158300.0,161450.0,172575.0,197141.66666666663,195400.0,164439.85386445612,176036.75232303925,-11596.898458583191,-10841.232551044222,-755.6659075389708,28.000000000000004,201151.6950503379,14288.34752516894,143998.30494966212,9.75609756097561,10.718151994492954,12.966322462346213
20141114,153500,154000,148000,153000,84533,-11179,1999089,2956.3490998188972,4980.963762164909,14434.572213959143,20940.026796120877,15508.221385947618,156600.0,160800.0,170825.0,196416.66666666663,195141.66666666663,162679.87634684748,174330.3262250364,-11650.449878188929,-11003.076016473164,-647.3738617157633,17.424242424242426,199694.14442791828,14434.572213959143,141955.85557208172,23.25581395348837,14.897372647491428,13.610005857394619
20141117,153000,154500,147500,148500,103954,-3376,1986630,3613.8621999185298,5783.597496368501,14511.633264384864,21819.976830623043,16044.287664669755,154200.0,159000.0,168750.0,195616.66666666663,194850.0,160498.35690887095,172416.96872688553,-11918.611818014617,-11186.183176781455,-732.4286412331602,27.38095238095239,197773.2665287697,14511.633264384864,139726.73347123028,4.545454545454546,11.4467332801458,12.888914998311678
20141118,147500,154500,147500,153000,109556,34844,1954456,2701.851217221259,5718.6099709632235,13769.077674267124,22488.30560288893,16455.444894218883,153000.0,157850.0,166750.0,194866.66666666663,194600.0,159344.76353827538,170978.67474711628,-11633.911208840871,-11275.728783193339,-358.1824256475338,34.78260869565218,194288.15534853426,13769.077674267124,139211.84465146574,25.0,15.964488853430533,13.914106283351297
20141119,153000,154000,147500,150500,80603,12629,1927545,1913.112646970899,5700.87712549569,13011.02897545007,23177.47200048724,16902.580342132078,151700.0,156500.0,164725.0,194025.0,194333.33333333328,157984.03068623305,169461.73587695954,-11477.705190726467,-11316.124064699969,-161.5811260265018,35.55555555555555,190747.0579509001,13011.02897545007,138702.94204909983,14.285714285714285,15.404897330858452,14.411036632520348
20141120,148500,150500,145000,148500,112071,24259,1893985,2014.9441679609884,4527.692569068709,11525.27114648507,23872.20606107148,17393.29322772324,150700.0,154500.0,162425.0,193133.33333333328,194020.83333333328,156524.9490421972,167909.01470088845,-11384.065658691252,-11329.712383498225,-54.353275193027,37.2093023255814,185475.54229297012,11525.27114648507,139374.45770702985,14.893617021276595,15.234470560997833,14.68551460867951
20141121,147500,153000,146000,150500,110193,13881,1878886,1661.3247725836152,3998.749804626441,10378.914924017892,24404.375461517182,17823.772748775933,150200.0,153400.0,160625.0,192175.0,193725.0,155598.0338049361,166619.4580563782,-11021.424251442108,-11268.054757087002,246.6305056448964,28.94736842105264,181382.8298480358,10378.914924017892,139867.1701519642,23.404255319148938,17.9577321470482,15.77625378813574
20141124,152500,155000,147500,148500,94557,-3337,1869561,1661.3247725836152,3451.0867853474797,6845.619037019323,24932.520040212334,18289.93917431132,150200.0,152200.0,158250.0,191166.66666666663,193375.0,154506.02860417668,165277.27597812796,-10771.24737395128,-11168.693280459858,397.4459065085794,28.94736842105264,171941.23807403864,6845.619037019323,144558.76192596136,15.909090909090908,17.27485173439577,16.27578643688908
20141125,149500,153500,148000,153000,70603,13156,1863257,1661.3247725836152,2643.860813280457,6590.665747858962,25341.8447872734,18653.66176444266,150200.0,151600.0,157525.0,190308.33333333328,193058.33333333328,154274.3318958418,164367.84812789626,-10093.51623205442,-10953.657870778772,860.1416387243535,36.9047619047619,170706.33149571792,6590.665747858962,144343.66850428208,43.24324324324324,25.93098223734493,19.49418503704103
20141126,153500,157000,151000,157000,90205,35342,1844548,3209.3613071762425,2643.860813280457,6221.886771711724,25594.248485852997,18939.145509734506,151500.0,151600.0,157025.0,189466.66666666663,192770.83333333328,154693.66545032768,163822.08159990393,-9128.416149576253,-10588.609526538268,1460.1933769620155,36.14457831325301,169468.77354342345,6221.886771711724,144581.22645657655,77.41935483870968,43.093773104466514,27.360714392849527
20141127,157000,159000,152500,153000,44435,1959,1828731,2853.0685235374212,2611.9915773217954,6095.07998306842,25897.18453165709,19280.710982021126,152400.0,151550.0,156500.0,188550.0,192454.16666666663,154433.10153489266,163020.44592583695,-8587.344390944287,-10188.356499419471,1601.0121084751866,38.96103896103896,168690.15996613685,6095.07998306842,144309.84003386315,51.61290322580645,45.93348314491316,33.55163731020407
20141128,152500,156000,151000,154500,47186,-1864,1836663,2767.670500619609,2731.3000567495333,6069.3904142015235,26144.76126620204,19585.25522484275,153200.0,151700.0,156250.0,187675.0,192116.66666666663,154443.39360644764,162389.30178318234,-7945.908176734693,-9739.866834882518,1793.9586581478236,42.30769230769232,168388.78082840305,6069.3904142015235,144111.21917159695,63.33333333333333,51.733433207719884,39.61223594270934
20141201,152500,154000,143500,144500,126858,-3762,1860022,4211.8879377305375,3385.262175962152,6105.530280000365,26630.64754918513,20049.677453072163,152400.0,151300.0,155150.0,186683.33333333328,191670.83333333328,152913.64074391723,161064.16831776142,-8150.527573844157,-9421.998982674846,1271.47140883069,34.736842105263165,167361.06056000074,6105.530280000365,142938.93943999926,6.451612903225806,36.639493106221856,38.621321663880174
20141202,144500,147000,142500,144500,66201,-6542,1863263,5221.110992882645,3882.331773560833,6130.048939445862,27014.40459376416,20496.436004556912,150700.0,150450.0,154150.0,185616.66666666663,191233.33333333328,151619.23447562227,159837.1928868161,-8217.958411193831,-9181.190868378644,963.2324571848128,36.26373626373627,166410.0978788917,6130.048939445862,141889.9021211083,12.121212121212121,28.46673277788528,35.23645870188188
20141203,143000,144000,139000,142000,128497,917,1844826,5045.7903246171445,4635.730794599704,6236.786031282565,27375.607552873018,20960.677055832355,147700.0,149600.0,153050.0,184466.66666666663,190745.83333333328,150139.35224860348,158515.91933964455,-8376.56709104107,-9020.26611291113,643.6990218700594,37.07865168539327,165523.57206256513,6236.786031282565,140576.42793743487,15.0,23.977821851923522,31.48357975189576
20141204,141500,148500,141000,147000,74202,5970,1856403,4301.162633521313,4692.8136549409255,5257.078561330554,27455.7522813228,21310.265849011917,146500.0,149450.0,151975.0,183300.0,190291.66666666663,149656.37497958756,157662.88827744866,-8006.5132978610645,-8817.515549901116,811.0022520400528,43.87755102040817,162489.1571226611,5257.078561330554,141460.8428773389,40.0,29.318547901282347,30.761902468357956
20141205,146000,148500,145500,147000,46913,11141,1848843,1870.8286933869706,4731.807265728392,4879.80532398592,27486.18845084897,21623.60745355788,145000.0,149100.0,151250.0,182133.33333333328,189804.16666666663,149247.70190580483,156873.0447013413,-7625.342795536447,-8579.080999028181,953.7382034917357,48.31460674157304,161009.61064797186,4879.80532398592,141490.38935202814,40.0,32.87903193418823,31.46761229030138
20141208,146500,148000,142000,143000,49792,-4312,1852653,2039.607805437114,5076.662289339325,4708.702050459482,27646.040252931234,21979.241706033234,144700.0,148550.0,150375.0,180975.0,189270.83333333328,148286.5169972195,155845.41176050119,-7558.8947632817135,-8375.043751878888,816.1489885971733,38.63636363636363,159792.40410091894,4708.702050459482,140957.59589908106,20.0,28.586021289458817,30.50708195668719
20141209,142500,147500,140500,142000,50231,14860,1840994,2315.167380558045,5183.869211313109,4608.3484026277065,27869.392809237557,22340.356094222734,144200.0,147450.0,149525.0,179883.33333333337,188737.5,147319.3605361088,154819.8257041678,-7500.4651680589905,-8200.128035114907,699.6628670559185,40.0,158741.6968052554,4608.3484026277065,140308.3031947446,15.0,24.057347526305875,28.357170479893416
20141210,143000,149000,143000,148000,105684,16657,1832573,2416.6091947189143,4119.769411022903,4284.492385335902,27854.357079878173,22597.09912552709,145400.0,146550.0,149075.0,178825.0,188266.66666666663,147424.07429978438,154314.65342978502,-6890.5791300006385,-7938.218254092053,1047.6391240914143,49.46236559139785,157643.98477067178,4284.492385335902,140506.01522932822,45.0,31.038231684203918,29.250857547996915
20141211,147500,151500,145000,148500,71851,20509,1811190,2675.8176320519306,3604.16425818802,4163.1568550802085,27633.236580048204,22861.97678764672,145700.0,146100.0,148825.0,177658.33333333337,187845.83333333328,147589.6013305868,153883.93836091206,-6294.337030325261,-7609.442009338695,1315.1049790134355,47.77777777777778,157151.31371016038,4163.1568550802085,140498.68628983962,47.5,36.52548778946928,31.67573429515437
20141212,148000,152000,143000,152000,84757,6530,1784618,3709.4473981982815,3058.185736674606,4118.479695227517,27329.847338680473,23046.72186860633,146700.0,145850.0,148775.0,176566.66666666663,187416.66666666663,148268.1242028042,153744.38737121483,-5476.26316841066,-7182.806241153088,1706.5430727424282,53.763440860215034,157011.95939045507,4118.479695227517,140538.04060954493,65.0,46.01699185964619,36.45615348331831
20141215,149000,158000,149000,157000,96030,20768,1769785,4939.635614091388,4476.605857119878,4489.988864128878,26900.851907204677,23157.55778658228,149500.0,147100.0,149200.0,175550.0,187020.83333333328,149611.4897100651,153985.543862236,-4374.054152170895,-6621.055823356649,2247.0016711857543,54.255319148936174,158179.97772825774,4489.988864128878,140220.02227174226,94.73684210526315,62.256941941518505,45.05641630271837
20141216,157500,159000,152000,157500,84947,19845,1753942,4042.276586281547,5337.602458033007,4778.271130859082,26364.194732419048,23289.834453874882,152600.0,148400.0,149425.0,174508.33333333337,186683.33333333328,150825.1066777474,154245.8739465148,-3420.767268767405,-5980.998112438801,2560.230843671396,50.57471264367817,158981.54226171813,4778.271130859082,139868.45773828187,92.5,72.33796129434567,54.150264633260804
20141217,156500,158000,153500,153500,40233,3103,1750675,3325.6578296631787,5066.803726216361,4856.11727617871,25774.765598675964,23479.75487284519,153700.0,149550.0,149575.0,173375.0,186366.66666666663,151236.6287273247,154190.62402455075,-2953.9952972260357,-5375.597549396249,2421.6022521702125,50.57471264367817,159287.23455235743,4856.11727617871,139862.76544764257,72.5,72.39197419623045,60.23083448758402
20141218,156000,157500,150500,154000,56349,7343,1752031,2111.871208194288,5149.02903468217,4942.418436352929,25146.647667013407,23658.225827512168,154800.0,150250.0,149850.0,172266.66666666663,186054.16666666663,151661.76276927473,154176.50372643588,-2514.740957161121,-4803.426230949223,2288.685273788103,49.41176470588235,159734.83687270587,4942.418436352929,139965.16312729413,75.0,73.2613161308203,64.57432836866279
20141219,154000,159500,154000,157000,30817,14112,1743676,1691.1534525287766,5386.325277960847,5182.36191325937,24403.24431983081,23799.50396308498,155800.0,151250.0,150175.0,171200.0,185766.66666666663,152483.03003554017,154385.65159855175,-1902.6215630115769,-4223.265297361694,2320.643734350117,67.6056338028169,160539.72382651875,5182.36191325937,139810.27617348125,86.8421052631579,77.7882458415995,68.97896752630835
20141222,157500,158500,150500,151500,64195,-16360,1747663,2249.4443758403986,4635.730794599704,5175.120771537736,23737.131016382533,24002.33061600496,154700.0,152100.0,150325.0,170083.33333333337,185475.0,152331.79464545706,154171.89962828867,-1840.1049828315736,-3746.633234455671,1906.5282516240964,58.536585365853654,160675.24154307548,5175.120771537736,139974.75845692452,57.89473684210527,71.15707617510142,69.70500374257271
20141223,151000,155000,150500,154000,55784,2080,1758217,1760.6816861659008,3195.3090617340918,5205.465877325615,23021.16176236354,24160.34938983494,154000.0,153300.0,150375.0,169033.33333333337,185145.83333333328,152588.4416230791,154159.16632248947,-1570.7246994104062,-3311.4515274466166,1740.726828036211,64.63414634146342,160785.93175465122,5205.465877325615,139964.06824534878,71.05263157894737,71.12226130971673,70.17742293162071
20141224,156000,166000,155500,163500,113602,6848,1772256,4135.214625627066,3924.601890638081,5780.138406647487,22220.42353831812,24224.596874870986,156000.0,154850.0,150700.0,168166.66666666663,184887.5,154267.14291183613,154851.079928231,-583.9370163948622,-2765.9486252362663,2182.0116088414043,68.13186813186813,162260.27681329494,5780.138406647487,139139.72318670506,90.19607843137256,77.48020035026867,72.61168207117004
20141226,164000,166500,162000,163500,31885,4124,1755811,4892.851929090027,4074.6165463758666,6407.954041658018,21581.14371132605,24278.4594599824,157900.0,156350.0,151225.0,167408.33333333337,184612.5,155687.58246386136,155491.74067428795,195.8417895734019,-2173.590542274333,2369.4323318477345,68.13186813186813,164040.90808331606,6407.954041658018,138409.09191668394,87.2340425531915,80.73148108457629,75.31828174230544
20141229,160500,165500,159000,162000,31715,5001,1749451,5112.729212465687,4111.265012134343,6796.322535018577,20794.194903065745,24340.1802581659,158900.0,157350.0,151600.0,166575.0,184325.0,156658.72362326732,155973.83395767404,684.8896655932476,-1601.8945007008167,2286.784166294064,72.09302325581395,165192.64507003714,6796.322535018577,138007.35492996286,80.85106382978722,80.7713419996466,77.13596849475249
20141230,162500,168000,160000,162000,79078,32166,1718257,3563.7059362410923,4336.184959154763,6950.674427708533,19998.43049397228,24381.34390380408,161000.0,157850.0,152475.0,165766.66666666663,184008.33333333328,157480.45845045696,156420.21662747595,1060.2418229809846,-1069.4672359644562,2129.709058945441,73.8095238095238,166376.34885541708,6950.674427708533,138573.65114458292,76.0,79.18089466643106,77.81761055197869
20150102,162000,164000,157000,159500,42686,-5080,1723092,1462.8738838327793,4361.479106908571,6858.343458882861,19295.717717209693,24459.454829483926,162100.0,158050.0,153225.0,164983.33333333337,183708.33333333328,157791.15715038663,156648.34872914446,1142.8084212422254,-627.0121045231198,1769.8205257653449,64.93506493506493,166941.68691776574,6858.343458882861,139508.31308223426,55.26315789473685,71.20831574253299,75.61451228216346
20150105,158000,167000,153500,166000,72885,17271,1724592,2130.727575266252,4659.3991028886985,6888.895049280495,18322.214431303983,24483.66767130484,162600.0,159300.0,154425.0,164225.0,183454.16666666663,159054.05605032714,157341.0636380967,1712.9924122304653,-159.0112011724026,1872.0036134028687,69.66292134831461,168202.790098561,6888.895049280495,140647.209901439,88.57142857142857,76.99602001883152,76.07501486105281
20150106,164000,168000,163000,165000,37848,9674,1714146,2332.3807579381196,4576.02447545902,7034.335434140266,17497.450211070918,24513.45683440488,162900.0,160400.0,155325.0,163541.66666666663,183195.83333333328,159968.81665796915,157908.39225749695,2060.4244004721986,284.87591915651785,1775.5484813156809,65.47619047619048,169393.67086828052,7034.335434140266,141256.32913171948,82.85714285714286,78.94972763160196,77.03325245123585
20150107,166500,169000,162500,165000,52356,3603,1705792,2408.3189157584593,4610.856753359401,7063.064136761136,16445.16139578295,24548.675781778897,163500.0,161200.0,156225.0,162800.0,182954.16666666663,160742.84486443544,158433.69653471938,2309.1483297160594,689.7304012684264,1619.4179284476334,60.810810810810786,170351.12827352228,7063.064136761136,142098.87172647772,78.37837837837837,78.75927788052742,77.60859426099971
20150108,164500,167000,161500,164000,42875,-7059,1715205,2289.10462845192,3327.5366263949672,6562.154752823293,15547.740100163695,24594.61287841096,163900.0,162450.0,157275.0,162133.33333333337,182720.83333333328,161243.9456545223,158846.01530992537,2397.9303445969713,1031.3703899341356,1366.5599546628353,58.66666666666666,170399.30950564658,6562.154752823293,144150.69049435342,72.97297297297297,76.83050957800927,77.3492327000029
20150109,164000,182000,159000,170000,89748,15992,1714372,2097.617696340303,2659.4172293944407,6126.326386995826,14741.767947645827,24593.44283656854,166000.0,164050.0,158675.0,161616.66666666663,182508.33333333328,162591.03093844192,159672.23639807905,2918.794540362869,1408.8552200198826,1509.9393203429868,70.88607594936707,170927.65277399163,6126.326386995826,146422.34722600837,61.904761904761905,71.85526035359348,75.51790858453309
20150112,168500,173500,165000,171500,60793,20329,1701560,3039.7368307141332,3457.238782612505,6219.1237324884705,14169.646745381631,24574.93500613103,167100.0,164850.0,159850.0,161233.33333333337,182291.66666666663,163961.64156329705,160548.3670352584,3413.2745280386303,1809.7390816236318,1603.5354464149978,71.60493827160494,172288.24746497694,6219.1237324884705,147411.75253502306,66.66666666666666,70.12572912461788,73.72051543122802
20150113,171500,174500,168500,169500,46824,5452,1697291,2949.576240750525,3684.087403957729,5982.47440445852,13408.16500826657,24567.41857736715,168000.0,165450.0,160900.0,160766.66666666663,182066.66666666663,164813.69670740515,161211.4509585726,3602.2457488325604,2168.240415065417,1434.0053337671427,65.82278481012658,172864.94880891705,5982.47440445852,148935.05119108295,56.14035087719298,65.46393637547625,70.9683224126441
20150114,169500,175000,169000,173000,58454,7426,1692953,3056.1413579872246,4107.614879708174,6168.265558485735,13032.640646554988,24545.238492198398,169600.0,166550.0,161950.0,160516.66666666663,181870.83333333328,166073.12798318896,162084.67681349313,3988.451169695793,2532.2825659914924,1456.1686037043,78.66666666666666,174286.53111697146,6168.265558485735,149613.46888302854,68.42105263157895,66.44964179417714,69.46209553982179
20150115,171500,176000,170500,172500,39138,1738,1688326,1363.8181696985855,4152.107898405338,6464.2768350374145,12556.679829212344,24509.31795596678,171300.0,167600.0,162725.0,160225.0,181650.0,167061.8775242368,162856.18223471587,4205.695289520925,2866.9651106973797,1338.7301788235459,76.05633802816901,175653.55367007482,6464.2768350374145,149796.44632992518,66.66666666666666,66.52198341834031,68.48205816599463
20150116,172000,174000,171000,171500,72115,24827,1684671,1200.0,3280.243893371345,6616.787362459318,11906.184200752012,24477.510936912597,171600.0,168800.0,163425.0,159866.66666666663,181425.0,167744.66559743116,163496.4650321443,4248.200565286825,3143.2122016152694,1104.9883636715558,64.81481481481481,176658.57472491864,6616.787362459318,150191.42527508136,63.1578947368421,65.40062052450757,67.45491228549895
20150119,171500,173000,168500,169000,38528,3748,1681735,1593.7377450509227,3144.837038703277,6309.516621739049,11263.140473835338,24440.417558148954,171100.0,169100.0,164200.0,159500.0,181162.5,167937.79396705714,163904.13428902256,4033.6596780346295,3321.3016968991415,712.3579811354884,59.322033898305094,176819.03324347807,6309.516621739049,151580.9667565219,54.385964912280706,61.72906865376529,65.54629774158774
20150120,168500,171500,166500,169000,50303,2030,1686869,1702.93863659264,2837.252191822221,5932.7480984785925,10381.002279806487,24413.139677003808,171000.0,169500.0,164950.0,159075.0,180916.66666666663,168101.2102798176,164281.605823169,3819.604456648609,3420.9622488490363,398.6422077995735,62.5,176815.4961969572,5932.7480984785925,153084.50380304278,54.385964912280706,59.281367406603756,63.45798762992641
20150121,171500,175500,169500,173500,72554,17392,1681258,1827.5666882497064,2627.2609310839302,5917.083318663118,9932.309091490402,24377.56788468101,171100.0,170350.0,165775.0,158858.33333333337,180720.83333333328,168931.79331369186,164964.44983626757,3967.343477424263,3530.2384945640806,437.1049828601822,67.69230769230768,177609.16663732624,5917.083318663118,153940.83336267376,63.04347826086957,60.535404358025694,62.4837932059595
20150122,177000,180500,174500,176500,102088,54668,1643516,2853.0685235374212,2256.1028345356954,5386.267260357708,8985.574859493932,24352.275375665235,171900.0,171600.0,167025.0,158533.33333333337,180579.16666666663,170096.13280389307,165818.93503358107,4277.197770311992,3679.630349713663,597.5674205983288,75.75757575757575,177797.53452071542,5386.267260357708,156252.46547928458,76.08695652173914,65.7192550792635,63.56228049706084
20150123,178000,180000,174000,176500,54445,21330,1627323,3367.491648096547,2610.076627227637,4873.653660243138,9206.4138270865,24339.67383146765,172900.0,172250.0,168150.0,158683.33333333337,180466.66666666663,171081.34314175567,166610.1250310936,4471.21811066207,3837.9479019033447,633.2702087587254,69.81132075471699,177897.3073204863,4873.653660243138,158402.69267951368,76.08695652173914,69.17515556008873,65.43323885140347
20150126,179000,182500,176500,181500,55066,4795,1631320,4103.656905736638,3783.1864876053887,5547.296638904515,9603.308891558198,24332.505336940365,175400.0,173250.0,169050.0,158925.0,180420.83333333328,172684.21342763942,167713.07873249403,4971.13469514536,4064.585260551748,906.5494345936116,77.04918032786884,180144.59327780906,5547.296638904515,157955.40672219096,95.74468085106383,78.03166399041376,69.63271389774023
20150127,184000,184000,178000,178000,47990,-1358,1628627,2600.0,3800.0,5719.429604427467,9893.460241774348,24317.585871934287,177200.0,174100.0,169775.0,159166.66666666663,180320.83333333328,173502.0267464641,168475.07290045745,5026.953846006654,4257.05897764273,769.8948683639246,69.11764705882354,181213.85920885493,5719.429604427467,158336.14079114507,68.42105263157895,74.82812687080217,71.3645182220942
20150128,177000,179500,175500,178000,50404,839,1624989,1827.5666882497064,3948.417404479927,5694.89903334566,10183.084421399428,24303.879148536675,178100.0,174600.0,170575.0,159475.0,180225.0,174194.0226316235,169180.62305597911,5013.3995756443765,4408.327097243059,605.0724784013172,71.21212121212122,181964.7980666913,5694.89903334566,159185.20193330868,65.71428571428571,71.79017981863001,71.50640542093947
20150129,177000,180000,176000,176000,49698,-5181,1623587,1923.5384061671343,3901.6022349798795,5453.152757809131,10363.343518812033,24302.040023536392,178000.0,174950.0,171275.0,159633.33333333337,180145.83333333328,174471.8653036814,169685.76208886955,4786.103214811854,4483.882320756818,302.2208940550354,60.3448275862069,182181.30551561827,5453.152757809131,160368.69448438173,54.285714285714285,65.95535797432477,69.65605627206791
20150130,176500,186500,173500,179500,131844,38167,1592635,1827.5666882497064,3932.238548206352,5018.652707649866,10654.563445877866,24300.69729223625,178600.0,175750.0,172275.0,159883.33333333337,180116.66666666663,175245.42448773046,170412.7426748792,4832.681812851224,4553.6422191757,279.039593675524,62.903225806451616,182312.3054152997,5018.652707649866,162237.69458470028,65.0,65.63690531621651,68.31633928678411
20150202,184000,185000,170000,174000,172107,27613,1561691,1907.8784028338912,3310.96662622866,4817.351450745662,10794.944804553104,24289.99565436145,177100.0,176250.0,172675.0,160050.0,179983.33333333337,175053.82072038727,170678.46543970294,4375.355280684307,4517.984831477422,-142.6295507931145,56.52173913043479,182309.70290149128,4817.351450745662,163040.2970985087,37.5,56.257936877477675,64.2968718170153
20150203,175500,177000,171500,173000,58041,-1086,1554824,2416.6091947189143,2569.53303150592,4484.069022662489,10868.772163098647,24285.574922277723,176100.0,176650.0,173075.0,160125.0,179854.16666666663,174737.84830186615,170850.43096268794,3887.417339178209,4391.87133301758,-504.45399383937,50.0,182043.13804532497,4484.069022662489,164106.86195467506,32.5,48.33862458498512,58.97745607300524
20150204,173500,173500,164500,164500,171490,4937,1520496,4973.932046178355,4422.9515032385325,4530.1765969994285,10881.875221364566,24323.19673286315,173400.0,175750.0,173050.0,160175.0,179695.83333333337,173162.7947169637,170380.02866915552,2782.766047808167,4070.050275975697,-1287.2842281675305,40.0,182110.35319399886,4530.1765969994285,163989.64680600114,0.0,32.22574972332341,50.0602206231113
20150205,166000,169000,161000,166000,180792,33678,1454570,5508.175741568165,5282.991576748917,4347.7005416658285,10907.362447245,24349.979680005395,171400.0,174700.0,173150.0,160266.66666666663,179537.5,172060.8262989693,170055.58210106994,2005.2441978993595,3657.0890603604303,-1651.8448624610708,43.209876543209866,181845.40108333167,4347.7005416658285,164454.59891666833,19.607843137254903,28.019780861300575,42.7134073691744
20150206,166500,176500,166000,169500,99586,20682,1442595,3733.630940518894,5458.937625582472,4367.135789049997,10969.689932821128,24354.47711521569,169400.0,174000.0,173125.0,160441.66666666663,179383.33333333337,171666.85302220474,170014.42787136105,1652.4251508437155,3256.1562784570874,-1603.7311276133719,50.602409638554214,181859.27157810002,4367.135789049997,164390.72842189998,33.33333333333333,29.790965018644826,38.40592658566454
20150209,172000,176500,169500,173500,76833,22122,1426964,3613.8621999185298,4853.864439804639,4351.651985166246,11086.165051791835,24350.21353716564,169300.0,173200.0,173225.0,160716.66666666663,179270.83333333337,171948.87563417328,170272.61839940838,1676.2572347648675,2940.1764697186436,-1263.919234953776,54.94505494505495,181928.3039703325,4351.651985166246,164521.6960296675,49.01960784313725,36.200512626808965,37.67078859937934
20150210,172500,175000,169000,173000,55644,13215,1409618,3613.8621999185298,4583.666654546336,4267.903466574816,11155.451457571655,24316.57385177645,169300.0,172700.0,173400.0,161041.66666666663,179091.66666666663,172110.58707506972,170474.6466661189,1635.940408950788,2679.329257565073,-1043.3888486142846,49.39759036144578,181935.80693314964,4267.903466574816,164864.19306685036,47.05882352941176,39.81994959434323,38.38717559770064
20150211,174000,177500,173000,177000,45854,10827,1415135,3749.6666518505353,4476.605857119878,4337.626078859418,11289.409368470278,24264.797532754408,171800.0,172600.0,173600.0,161441.66666666663,178929.16666666663,172862.80444813592,170958.00617233233,1904.7982758035944,2524.423061212777,-619.624785409183,50.58823529411765,182275.25215771887,4337.626078859418,164924.74784228115,62.745098039215684,47.46166574263405,41.41200564601178
20150212,179000,179500,172000,175000,62376,4232,1411584,2477.9023386727736,4410.2154142399895,4340.146886915388,11292.83204318436,24213.71856338212,173600.0,172500.0,173725.0,161883.33333333337,178750.0,173191.6037638073,171257.41312252992,1934.1906412773826,2406.3765772256984,-472.18593594831594,48.31460674157304,182405.29377383078,4340.146886915388,165044.70622616922,54.90196078431373,49.94176408986061,44.255258460628056
20150213,177000,178500,174500,178500,35173,12832,1408417,2083.266665599966,4259.10788780937,4427.965108263766,11429.527427774008,24149.332504578168,175400.0,172400.0,174075.0,162308.33333333337,178587.5,174008.28010783697,171793.90103937953,2214.379068457434,2367.9770754720457,-153.59800701461154,46.511627906976734,182930.93021652754,4427.965108263766,165219.06978347243,68.62745098039215,56.17032638670446,48.22694776932019
20150216,178500,181000,176500,177500,26706,5749,1401356,1964.6882704388504,4512.482686947397,4327.239304683915,11487.127457386316,24061.91521655951,176200.0,172750.0,174500.0,162758.33333333337,178391.66666666663,174545.46778355437,172216.57503646257,2328.892747091799,2360.1602097959963,-31.267462704197442,49.382716049382715,183154.47860936786,4327.239304683915,165845.52139063214,64.70588235294117,59.01551170878336,51.823135749141244
20150217,179000,180000,176000,177500,25482,5096,1399811,1157.5836902790224,4733.920151417849,4181.133219595058,11487.127457386334,23964.47566190442,177100.0,173200.0,174925.0,163241.66666666663,178187.5,175000.01120146908,172607.93984857644,2392.0713528926426,2366.5424384153257,25.528914477316903,49.382716049382715,183287.2664391901,4181.133219595058,166562.7335608099,68.75,62.2603411391889,55.302204212490466
20150223,179500,183500,176000,183500,49120,3201,1399030,2800.0,4673.328578219169,4561.455359860637,11652.714872033295,23813.505738457847,178400.0,175100.0,175425.0,163791.66666666663,177983.33333333337,176307.70178585843,173414.75911905227,2892.9426668061637,2471.8224840934936,421.1201827126706,58.42696629213483,184547.9107197213,4561.455359860637,166302.08928027868,100.0,74.84022742612594,61.81487861703562
20150224,183500,190000,183000,187500,56418,9357,1392803,3979.949748426479,4930.7707308290055,5266.580959218356,11867.354263787684,23659.854873580654,180900.0,177250.0,175975.0,164441.66666666663,177804.16666666663,178029.5938188033,174458.11029541874,3571.483523384523,2691.7546919516994,879.7288314328232,58.88888888888889,186508.16191843673,5266.580959218356,165441.8380815633,91.37931034482759,80.35325506569315,67.99433743325478
20150225,190000,200000,189000,194500,116122,25255,1399762,6437.390775772433,6466.258578188779,6638.6651519715415,12378.700344633928,23583.168064792128,184100.0,179750.0,176875.0,165133.33333333337,177720.83333333337,180563.50246206432,175942.69471798034,4620.807744084013,3077.5653023781624,1543.2424417058512,72.04301075268819,190152.33030394308,6638.6651519715415,163597.66969605692,85.8974358974359,82.20131534294073,72.72999673648343
20150226,196500,198500,189000,192000,59060,-2861,1399452,6066.30035524124,7034.912934784623,7359.687493365553,12799.20787479602,23461.84698374999,187000.0,181600.0,177400.0,165716.66666666663,177591.66666666663,182322.96362174675,177132.12473887065,5190.838882876065,3500.2200184777435,1690.618864398322,69.79166666666666,192119.3749867311,7359.687493365553,162680.6250132689,76.47058823529412,80.29107297372519,75.25035548223069
20150227,192000,195500,187500,194000,72161,-15952,1415952,4202.380277890139,7284.229540589727,8202.74344350726,13190.526903805576,23344.864710110072,190300.0,183700.0,178200.0,166400.0,177475.0,184119.43075686265,178381.59698043574,5737.833776426823,3947.74277006756,1790.0910063592623,85.5421686746988,194605.48688701453,8202.74344350726,161794.51311298547,80.64516129032258,80.40910241259098,76.96993779235079
20150302,194500,195500,190500,193500,51400,-19250,1436416,2541.653005427767,7446.643539206104,8853.636258622857,13544.279235161206,23234.57933949618,192300.0,185350.0,178975.0,167050.0,177362.5,185562.59525580684,179501.47868558872,6061.116570218116,4370.417530097671,1690.6990401204455,83.95061728395062,196682.27251724573,8853.636258622857,161267.72748275427,79.03225806451613,79.95015429656603,77.96334329375587
20150303,193500,194500,189000,192500,69704,-20815,1449721,927.3618495495704,6840.321629865074,9295.697929687762,13606.156694673904,23148.06807393578,193300.0,187100.0,179800.0,167850.0,177266.66666666663,186629.88829337503,180464.33211628586,6165.556177089165,4729.44525949597,1436.1109175931952,80.26315789473685,198391.39585937554,9295.697929687762,161208.60414062446,73.21428571428571,77.70486476913925,77.87718378555033
20150304,192500,194500,188000,188000,42048,-11981,1445992,2121.3203435596424,6210.6762916770995,9465.034336968954,13501.180503941863,22992.054409561395,192000.0,188050.0,180225.0,168575.0,177095.83333333337,186840.67470977886,181022.52973730167,5818.144972477137,4947.185202092204,870.9597703849333,68.83116883116884,199155.0686739379,9465.034336968954,161294.9313260621,57.14285714285714,70.85086222704521,75.53507659938195
20150305,187500,194000,187000,190500,35399,669,1451812,2204.5407685048604,5133.468612936092,9604.556210466015,13336.780804311158,22814.985024467496,191700.0,189350.0,181050.0,169383.33333333337,176925.0,187403.6478313513,181724.56457157567,5679.0832597756835,5093.5648136289,585.5184461467816,71.60493827160494,200259.11242093204,9604.556210466015,161840.88757906796,62.745098039215684,68.14894083110204,73.07303134328865
20150306,191000,194500,189000,192500,29810,-1390,1454112,1959.5917942265423,3324.5300419758587,9726.863574657627,13336.070031643867,22563.687257159414,191400.0,190850.0,182025.0,170141.66666666663,176720.83333333337,188187.70201114344,182522.7449736812,5664.957037462243,5207.843258395569,457.1137790666726,70.12987012987013,201478.72714931527,9726.863574657627,162571.27285068473,68.75,68.34929388740136,71.49845219132622
20150309,192000,195500,189500,191500,35726,3800,1445948,1673.3200530681506,2247.7766792989028,9051.0703786901,13265.672073271553,22301.9041912471,191000.0,191650.0,183375.0,170883.33333333337,176508.33333333337,188697.2863171213,183187.7268274826,5509.5594896387765,5268.186504644211,241.37298499456662,72.00000000000001,201477.1407573802,9051.0703786901,165272.8592426198,64.58333333333334,67.09397370271202,70.03029269512149
20150310,191500,192500,183500,189500,62263,-7419,1447712,1562.049935181331,1937.137062781052,8205.028945713802,12969.03095411953,22089.584021031988,190400.0,191850.0,184550.0,171658.33333333337,176316.66666666663,188820.780729872,183655.30261803945,5165.478111832548,5247.644826081879,-82.16671424933065,65.27777777777779,200960.05789142763,8205.028945713802,168139.9421085724,56.25,63.47931580180801,67.84663373068366
20150311,186500,190000,184000,189000,70676,-11200,1458671,1280.6248474865695,1886.7962264113207,7485.778182660861,12567.183344816942,21935.43200129286,190600.0,191300.0,185525.0,172441.66666666663,176162.5,188848.3529252763,184051.20612781425,4797.146797462017,5157.545220357907,-360.39842289588967,66.19718309859155,200496.5563653217,7485.778182660861,170553.4436346783,35.294117647058826,54.084249750224956,63.25917240386409
20150312,188000,189000,184500,184500,70727,-9347,1458952,2764.0549922170508,2751.817581163403,6968.276329193708,12248.707414799153,21709.11506909812,189400.0,190550.0,186075.0,173050.0,175937.5,188179.37555215688,184084.4501183465,4094.925433810335,4945.021263048393,-850.0958292380583,58.75,200011.55265838737,6968.276329193708,172138.4473416126,6.0606060606060606,38.07636852035199,54.86490444269339
20150313,185000,187000,182500,184500,49052,-3834,1460503,2821.347195933177,3023.2432915661952,6308.922253444033,11908.43538561452,21371.007993047457,187800.0,189600.0,186650.0,173650.0,175654.16666666663,187613.31777490195,184115.23159106163,3498.0861838403216,4655.634247206779,-1157.5480633664574,51.470588235294116,199267.8445068881,6308.922253444033,174032.15549311193,12.5,29.550912346901328,46.42690707742937
20150316,185000,185500,176500,179500,128339,-26241,1487550,3638.6810797320495,3982.4615503479763,6138.963674758252,11591.337162823156,21027.37922527064,185400.0,188200.0,186775.0,174108.33333333337,175337.5,186365.11504030164,183773.36258431632,2591.752455985319,4242.857888962487,-1651.1054329771678,38.571428571428584,199052.92734951648,6138.963674758252,174497.0726504835,15.789473684210526,24.96376612600439,39.27252676028771
20150317,181500,187000,179500,186000,45878,-4346,1499920,3075.7112998459397,3751.333096380539,5521.039304334043,11471.882897861424,20684.766519645123,184700.0,187550.0,187325.0,174591.66666666663,175070.83333333337,186308.94349563983,183938.2986891818,2370.644806458033,3868.415272461596,-1497.7704660035633,37.68115942028986,198367.0786086681,5521.039304334043,176282.9213913319,50.0,33.30917741733626,37.28474364597056
20150318,188500,188500,180000,181500,63653,-18245,1497755,2357.9652245103193,4158.124577258358,5316.1898950283285,11285.8656685658,20280.01890202957,183200.0,186900.0,187475.0,174991.66666666663,174750.0,185569.10603477206,183757.68397146463,1811.422063307545,3457.0166306307856,-1645.59456732324,35.61643835616439,198107.37979005667,5316.1898950283285,176842.62020994333,26.31578947368421,30.978048102785575,35.18251179824223
20150319,184000,184000,179000,181500,54192,-9561,1497803,2332.3807579381196,4254.40947723653,5003.186484631702,10961.786528158289,19832.66805606931,182600.0,186000.0,187675.0,175458.33333333337,174416.66666666663,184943.0897217303,183590.44812172648,1352.6416000037864,3036.1416245053856,-1683.5000245015995,31.88405797101449,197681.3729692634,5003.186484631702,177668.6270307366,26.31578947368421,29.42396189308512,33.26299516318986
20150320,181500,182500,177500,179500,60680,-20348,1507689,2374.868417407584,4050.9258201058174,4815.275173860922,10610.280653949705,19383.911928882582,181600.0,184700.0,187775.0,175883.33333333337,174075.0,184105.69130300265,183287.4519645616,818.2393384409952,2592.561167292508,-1774.3218288515127,30.555555555555554,197405.55034772184,4815.275173860922,178144.44965227816,15.789473684210526,24.87913249012692,30.468374272168884
20150323,179500,182500,177500,179000,47961,-22678,1524982,2469.817807045694,3670.4904304465913,5106.123774449787,10327.753870035052,18906.772375703804,181500.0,183450.0,187550.0,176250.0,173725.0,183320.20033330985,182969.86293014965,350.33740316022886,2144.116414466052,-1793.7790113058234,30.985915492957744,197762.2475488996,5106.123774449787,177337.75245110042,13.157894736842104,20.972053239031982,27.30293392778992
20150324,180500,187000,178500,185000,65002,7272,1529488,2111.871208194288,3138.470965295043,5136.328941958579,9870.026877145769,18486.233147189083,181300.0,183000.0,187425.0,176808.33333333337,173445.83333333337,183578.6310512622,183120.24345384227,458.38759741996176,1806.9706510568344,-1348.583053636872,45.94594594594594,197697.65788391719,5136.328941958579,177152.34211608284,44.73684210526316,28.893649527775707,27.83317246111851
20150325,185000,185500,180500,180500,53064,-10431,1524364,2130.727575266252,2480.4233509624923,5078.077884396943,9422.26971948326,18062.528354457067,181100.0,182150.0,186725.0,177250.0,173141.66666666663,183104.99550491414,182926.1513461502,178.84415876396815,1481.3453525982611,-1302.5011938342927,37.17948717948718,196881.15576879392,5078.077884396943,176568.84423120608,25.0,27.59576635185047,27.754037091362495
20150326,181500,182000,177000,178500,46986,-16471,1530173,2345.2078799117153,2563.688748658854,5227.092882281827,9251.576442244386,17647.86735620574,180500.0,181550.0,186050.0,177500.0,172833.33333333337,182396.53465800433,182598.2882834724,-201.75362546808896,1144.725556984991,-1346.47918245308,32.05128205128205,196504.18576456362,5227.092882281827,175595.81423543635,14.814814814814813,23.335449172838583,26.281174451854525
20150327,180000,181500,172000,172000,104711,-49325,1548346,4183.300132670378,3641.4282912066246,5729.092423761493,9099.950396691562,17333.715941290357,179000.0,180300.0,184950.0,177641.66666666663,172525.0,180797.06778754207,181813.22989210405,-1016.162104561954,712.5480246756018,-1728.7101292375562,28.089887640449447,196408.18484752302,5729.092423761493,173491.81515247698,0.0,15.556966115225721,22.706438339644922
20150330,173500,176000,172000,174500,50939,-19875,1544263,4554.11901469428,4038.5641012617352,5807.322963293957,8879.893017374974,16953.080165071584,178100.0,179800.0,184000.0,177850.0,172212.5,179828.28812792024,181271.50915935566,-1443.221031435387,281.39421345340406,-1724.6152448887908,33.333333333333336,195614.64592658792,5807.322963293957,172385.35407341208,15.151515151515152,15.421815793988864,20.278230824426235
20150331,176500,176500,167000,172500,133440,-21815,1545207,3352.610922848042,3996.561021678513,5977.0394009075535,8666.710737068874,16585.874491231963,175600.0,178450.0,183000.0,178025.0,171895.83333333337,178700.85918516328,180621.76774014407,-1920.908554980793,-159.06634023343554,-1761.8422147473575,32.258064516129025,194954.0788018151,5977.0394009075535,171045.9211981849,25.581395348837212,18.808342312271648,19.788267987041372
20150401,171000,172000,166000,166000,124669,-30323,1532827,4057.092555020159,5304.714883949938,6907.604505181324,8472.930753616514,16287.67214456686,172700.0,176900.0,181900.0,178133.33333333337,171558.33333333337,176746.8808489843,179538.67383346672,-2791.792984482425,-685.6116690832337,-2106.181315399191,30.927835051546392,195715.20901036265,6907.604505181324,168084.79098963735,0.0,12.538894874847765,17.371810282976835
20150402,165500,167500,158000,159500,193680,-37683,1495762,5489.990892524322,7173.562573784381,8167.1598490540955,8666.710737068874,15906.53036753596,168900.0,174700.0,180350.0,178025.0,171125.0,174093.5145645252,178054.32762358032,-3960.8130590551295,-1340.6519470776132,-2620.161111977517,27.27272727272727,196684.31969810821,8167.1598490540955,164015.68030189179,4.918032786885246,9.998607512193592,14.914076026049088
20150403,161500,163000,160500,161500,62218,-13142,1512436,5895.76118919347,7958.643100428614,8642.048368297954,8765.39914791375,15605.020003369622,166800.0,172900.0,178800.0,177966.66666666663,170754.16666666663,172156.05078536744,176828.08113294473,-4672.030347577296,-2006.9276271775504,-2665.102720399746,32.69230769230769,196084.0967365959,8642.048368297954,161515.9032634041,12.068965517241379,10.688726847209521,13.505626299769233
20150406,164000,169500,162500,164500,108568,-23715,1517091,4467.661580737737,8035.701587291554,8661.552978536894,8777.951387173458,15204.98764568936,164800.0,171450.0,177450.0,177958.33333333337,170379.16666666663,170978.19681838786,175914.8899379118,-4936.6931195239285,-2592.880725646827,-2343.8123938771037,27.835051546391753,194773.1059570738,8661.552978536894,160126.8940429262,22.413793103448278,14.597082265955772,13.869444955164745
20150407,165500,166500,161000,163500,72146,-6429,1511437,2280.350850198276,6921.704992268886,8706.463116558947,8791.425747095378,14901.423776121734,163000.0,169300.0,176150.0,177950.0,170041.66666666663,169827.70500017435,174995.26846102942,-5167.563460855075,-3107.8172726884773,-2059.7461881665986,30.000000000000004,193562.92623311788,8706.463116558947,158737.07376688212,18.96551724137931,16.05322725776362,14.597372389364372
20150408,163500,166500,163500,165000,52288,-14849,1510990,2039.607805437114,5900.2118606029735,8504.263636553216,8889.538170732701,14635.143680728459,162800.0,167750.0,174950.0,177866.66666666663,169741.66666666663,169084.9811539937,174254.87820465688,-5169.8970506631895,-3520.2332282834204,-1649.663822379769,32.258064516129025,191958.52727310645,8504.263636553216,157941.47272689355,24.137931034482758,18.748128516669997,15.980957765132914
20150409,164000,165000,159500,162500,105146,-10543,1498068,1280.6248474865695,4842.778128306107,8619.889790478841,9069.806441645467,14472.221955641226,163400.0,166150.0,173850.0,177716.66666666663,169475.0,168071.90713030234,173384.1464857934,-5312.239355491039,-3878.6344537249433,-1433.6049017660944,31.914893617021278,191089.7795809577,8619.889790478841,156610.2204190423,16.363636363636363,17.95329779899212,16.638404443085985
20150410,162000,167000,161500,166500,84481,5658,1502080,1356.4659966250535,4442.971978304612,8397.767560489001,9123.078184230377,14244.550614962649,164400.0,165600.0,172950.0,177666.66666666663,169216.66666666663,167830.075264102,172874.20970906795,-5044.134444965981,-4111.734451973151,-932.3999929928303,37.623762376237615,189745.53512097802,8397.767560489001,156154.46487902198,35.41666666666667,23.774420754883636,19.017076547018537
20150413,169500,171500,167000,169500,91563,-10463,1505809,2457.641145488901,3618.0105030251093,8289.903497628991,9163.82910626958,14140.155954468015,165400.0,165100.0,172450.0,177608.33333333337,169062.5,168086.9867619325,172624.26824913698,-4537.281487204542,-4196.843859019429,-340.4376281851128,33.68421052631579,189029.806995258,8289.903497628991,155870.19300474206,48.93617021276596,32.16167057417774,23.39860788940494
20150414,169500,170000,166500,168500,48701,-7632,1506670,2497.9991993593594,2934.280150224242,7717.310088366368,9215.155843622331,14009.332207100366,166400.0,164700.0,171575.0,177541.66666666663,168883.33333333337,168150.52726009671,172318.7668973491,-4168.239637252351,-4191.123014666014,22.883377413662853,36.36363636363636,187009.62017673274,7717.310088366368,156140.37982326726,56.75675675675676,40.36003263503741,29.0524161379491
20150415,168000,170000,164500,169000,101861,-35873,1522440,2561.24969497314,3193.743884534262,7387.320217778659,9247.972750826237,13833.82529245736,167200.0,165000.0,170950.0,177500.0,168683.33333333337,168281.21537392802,172072.93231236027,-3791.7169384322187,-4111.241799419255,319.52486098703594,38.82352941176471,185724.64043555726,7387.320217778659,156175.35956444268,59.45945945945946,46.726508243178095,34.94378017302543
20150416,169500,174000,168500,173500,92537,19290,1532442,2289.10462845192,3527.0384177096794,7012.3106035030505,9196.8404900827,13689.284510765248,169400.0,166400.0,170550.0,177575.0,168537.5,169084.10531640064,172178.6410299632,-3094.5357135625677,-3907.9005822479166,813.3648686853497,51.85185185185186,184574.6212070061,7012.3106035030505,156525.3787929939,96.875,63.44267216211873,44.44341083605653
20150417,174000,177000,171500,176000,86641,2427,1560023,2942.7877939124323,4141.557677975764,6828.021309281433,9131.48932114838,13498.878554244166,171300.0,167850.0,170375.0,177691.66666666663,168383.33333333337,170148.08911387748,172461.70465737337,-2313.615543495864,-3589.0435744975066,1275.4280310016431,51.85185185185186,184031.0426185629,6828.021309281433,156718.95738143713,94.73684210526315,73.87406214316688,54.25362793842665
20150420,172500,180000,172500,178000,90571,296,1584499,3754.996671103717,4950.7575177946255,6768.077644353774,9115.219263531015,13425.731280517924,173000.0,169200.0,170325.0,177766.66666666663,168312.5,171356.07540405018,172871.94875682722,-1515.8733527770096,-3174.409530153407,1658.536177376398,56.79012345679011,183861.15528870755,6768.077644353774,156788.84471129245,90.2439024390244,79.33067557511939,62.612643817324226
20150421,180500,183000,178500,182000,103737,3223,1594412,4354.3082114154495,5850.0,6467.756566229231,9129.663952682688,13244.227647251953,175700.0,171050.0,170175.0,177858.33333333337,168195.83333333337,172993.60226496554,173548.1007007659,-554.4984358003712,-2650.4273112828,2095.928875482429,71.05263157894737,183110.51313245847,6467.756566229231,157239.48686754153,95.74468085106383,84.80201066710087,70.00909943391645
20150422,183000,185000,176000,178500,96587,9712,1594712,2817.8005607210744,5855.766388782939,6321.145070317666,9128.294686791924,13277.120436425366,177600.0,172400.0,170075.0,177891.66666666663,168287.5,173840.74037804778,173914.90805626474,-74.16767821696703,-2135.1753846696333,2061.0077064526668,77.14285714285717,182717.2901406353,6321.145070317666,157432.70985936467,74.50980392156863,81.3712750852568,73.79649131769656
20150423,180000,180000,172000,176000,86537,20259,1566224,2200.0,4895.150661624216,6176.366245617347,9119.210492143757,13295.043327621921,178100.0,173750.0,169950.0,177800.0,168362.5,174172.93416604042,174069.35931135624,103.57485468417872,-1687.4253367988708,1791.0001914830495,70.4225352112676,182302.7324912347,6176.366245617347,157597.2675087653,64.70588235294117,75.81614417448492,74.46970893662602
20150424,169000,183000,166000,181500,152665,53874,1569570,2249.4443758403986,4739.4619947837955,6661.972305556466,9131.489321148383,13340.79934199387,179200.0,175250.0,170425.0,177858.33333333337,168512.5,175300.17506357268,174619.77714014467,680.3979234280123,-1213.8606847534945,1894.2586081815064,72.36842105263158,183748.94461111294,6661.972305556466,157101.05538888706,86.27450980392157,79.30226605096381,76.08056130807195
20150427,182000,185500,178000,184000,75549,31867,1545365,2817.8005607210744,4970.915408654627,7248.448109768141,9165.283986630224,13388.697555110914,180400.0,176700.0,170900.0,177958.33333333337,168716.66666666663,176638.60966917683,175314.60846309693,1324.0012060799345,-706.2883065868083,2030.289512666743,75.9493670886076,185396.89621953628,7248.448109768141,156403.10378046372,93.75,84.1181773673092,78.75976666115103
20150428,184000,186000,176500,177000,75037,16691,1539046,2956.3490998188972,4156.019730463271,7363.550434403322,9162.616529501358,13408.221332658792,179400.0,177550.0,171125.0,177975.0,168804.16666666663,176694.2081816112,175439.4522806453,1254.7559009659162,-314.07946507626343,1568.8353660421797,63.33333333333333,185852.10086880665,7363.550434403322,156397.89913119335,58.139534883720934,75.45862987277978,77.65938773169394
20150429,178500,178500,172000,176500,75500,129,1541946,3178.049716414141,3083.828789021855,7353.740544784086,9162.343677612813,13420.490526513291,179000.0,178300.0,171650.0,177925.0,168904.16666666663,176664.32999982484,175518.01137096787,1146.3186288569705,-21.99984628961657,1168.3184751465872,66.27906976744185,186357.48108956817,7353.740544784086,156942.51891043186,55.81395348837209,68.91040441131055,74.74305995823282
20150430,177500,177500,163500,167000,178456,-12551,1515468,5818.934610390462,4421.820891895102,6901.9471890185705,9255.670184032071,13414.124370934529,177200.0,177650.0,172025.0,177808.33333333337,168929.16666666663,175177.50999985175,174887.047565711,290.4624341407616,40.49260979645909,249.96982434430248,50.51546391752578,185828.89437803716,6901.9471890185705,158221.10562196287,15.555555555555555,51.12545479272555,66.87052490306372
20150504,165500,166000,159000,159000,118846,-36339,1518145,8726.969691708571,7153.495648981692,7110.9071151296375,9545.865160722271,13444.422635428074,172700.0,175950.0,171900.0,177575.0,168850.0,172688.6623075669,173710.22922751016,-1021.5669199432596,-171.91929615148467,-849.6476237917749,40.18691588785047,186121.81423025925,7110.9071151296375,157678.18576974072,0.0,34.0836365284837,55.94156211153705
20150506,159000,159500,151000,153500,170430,10670,1483954,9334.880824091972,9754.486147409305,8028.231436624216,9894.481486612292,13500.421804110403,166600.0,173500.0,171350.0,177391.66666666663,168783.33333333337,169736.56041409506,172213.17521065756,-2476.614796562499,-632.8583962336877,-1843.756400328811,37.06896551724138,187406.46287324844,8028.231436624216,155293.53712675153,7.142857142857142,25.103376733274846,45.66216698544965
20150507,153000,157000,151500,155500,76935,4129,1472305,8465.222974027323,10644.364706265942,8589.091919405759,10183.060552812529,13533.597595942463,162300.0,170850.0,170950.0,177216.66666666663,168741.66666666663,167546.32035038812,170975.16223209034,-3428.8418817022166,-1192.055093327394,-2236.786788374824,38.655462184873954,188128.18383881156,8589.091919405759,153771.81616118847,12.857142857142856,21.021298774564183,37.44854424848783
20150508,155500,156000,152000,154500,57752,2983,1445488,4913.247398615299,11332.365154723879,9233.464950927215,10547.063835759207,13566.732570479144,157900.0,168450.0,170425.0,176966.66666666663,168704.16666666663,165539.19414263614,169754.7798445281,-4215.585701891978,-1796.761215040311,-2418.8244868516667,33.035714285714285,188891.92990185446,9233.464950927215,151958.07009814554,10.0,17.347532516376123,30.74820700445059
20150511,155500,157500,154500,156500,37836,3074,1435268,1886.7962264113207,11541.230437002807,9577.153804758558,10860.08236105569,13570.402843443671,155800.0,166500.0,170125.0,176683.33333333337,168700.0,164148.54888992288,168772.94430048898,-4624.395410566096,-2362.2880541454683,-2262.107356420628,32.432432432432435,189279.30760951716,9577.153804758558,150970.69239048287,15.714285714285714,16.803116915679322,26.099843641526835
20150512,156500,161500,156000,160500,64788,17984,1423479,2416.6091947189143,10482.843125793688,9777.87681452376,11047.030143890437,13519.890182821984,156100.0,164400.0,169825.0,176475.0,168758.33333333337,163587.23367608862,168160.13361156386,-4572.8999354752295,-2804.4104304114207,-1768.4895050638092,34.78260869565218,189380.7536290475,9777.87681452376,150269.2463709525,27.142857142857142,20.249696991405262,24.14979475815298
20150513,160500,160500,156000,157000,40840,524,1414302,2039.607805437114,8346.256645946134,10170.299897249899,11324.417448839444,13485.885110819863,156800.0,161700.0,169200.0,176141.66666666663,168791.66666666663,162573.81311053655,167333.4570477443,-4759.643937207758,-3195.457131770689,-1564.1868054370693,28.070175438596486,189540.5997944998,10170.299897249899,148859.4002055002,17.142857142857142,19.21408370855589,22.504557741620616
20150514,160000,168500,158500,166000,149168,33932,1391413,4042.276586281547,6847.627326307997,10193.472175858496,11397.913429903703,13359.69724270267,158900.0,160600.0,169075.0,175991.66666666663,168937.5,163100.91878583858,167234.6824516151,-4133.763665776496,-3383.118438571851,-750.6452272046449,40.00000000000001,189461.944351717,10193.472175858496,148688.055648283,42.857142857142854,27.095103424751546,24.034739635997592
20150515,164500,168000,162500,162500,57805,16030,1371506,3535.5339059327366,4473.253849269008,10293.808818896983,11522.595555401429,13293.001500372275,160500.0,159200.0,168750.0,175725.0,169016.66666666663,163008.46974186346,166883.96523297695,-3875.4954911135137,-3481.5938490801836,-393.90164203333006,39.37007874015747,189337.61763779397,10293.808818896983,148162.38236220606,32.857142857142854,29.01578323554865,25.69508750251461
20150518,162500,165000,158500,162500,54939,5040,1372930,2942.7877939124323,3848.701079585163,10319.156942308871,11643.46204242349,13198.126971489788,161700.0,158750.0,168200.0,175475.0,169116.66666666663,162930.2436277306,166559.22706757128,-3628.983439840667,-3511.0717672322803,-117.91167260838712,33.62068965517241,188838.31388461773,10319.156942308871,147561.68611538227,41.81818181818181,33.28324942975971,28.22447481159631
20150519,162500,164000,158000,162000,60028,6565,1358662,2880.9720581775873,3971.460688462118,10240.849574132088,11766.961752674817,13078.910478536282,162000.0,159050.0,167500.0,175216.66666666663,169229.16666666663,162787.12922346435,166221.50654404747,-3434.377320583124,-3495.7328779024488,61.355557319325285,30.357142857142854,187981.69914826422,10240.849574132088,147018.3008517358,41.509433962264154,36.02531094059452,30.82475352126238
20150520,162000,165000,158000,160000,75789,-934,1355274,1933.9079605813715,3515.6791662493893,10068.01867300619,11875.333328656065,12993.777891317808,162600.0,159700.0,166600.0,174825.0,169308.33333333337,162358.34011216214,165760.65420745136,-3402.314095289213,-3477.0491213798027,74.73502609058914,33.33333333333333,186736.0373460124,10068.01867300619,146463.96265398766,51.42857142857142,41.159731103253485,34.269746048592744
20150521,159500,162000,158500,160000,44046,-6507,1356446,1157.5836902790224,3225.2906845740276,9511.83473363585,11907.933863139795,12881.882599432663,161400.0,160150.0,165500.0,174366.66666666663,169404.16666666663,161995.5185564449,165333.93908097345,-3338.420524528541,-3449.3234020095506,110.90287748100944,33.663366336633665,184523.6694672717,9511.83473363585,146476.3305327283,51.42857142857142,44.58267787835947,37.707389991848316
20150522,160500,162000,158500,161000,55600,-14894,1371260,1019.803902718557,2619.160170741759,9070.38450122162,11734.951948015996,12817.354094048924,161100.0,160800.0,164625.0,173808.33333333337,169470.83333333337,161842.36185545338,165012.9065564569,-3170.5447010035277,-3393.567661808347,223.02296080481887,42.85714285714286,182765.76900244324,9070.38450122162,146484.23099755676,55.88235294117647,48.3492362326318,41.25467207210948
20150526,163000,163500,157500,157500,39153,-11006,1373471,1496.6629547095765,2467.792535850613,8802.556446851184,11674.56875244552,12813.380051077229,160100.0,160900.0,163700.0,173233.33333333337,169475.0,161174.30618538364,164456.3949596823,-3282.088774298667,-3371.2718843064117,89.18311000774384,48.00000000000001,181305.11289370238,8802.556446851184,146094.88710629762,33.33333333333333,43.343935266198976,41.95109313680598
20150527,157000,157500,151500,153000,73899,-27563,1379862,2891.366458960192,3428.1919432843897,8083.122849493341,11638.907451590463,12813.380051077229,158300.0,160150.0,162275.0,172550.0,169475.0,159916.72061840154,163607.77311081692,-3691.052492415387,-3435.2280059282066,-255.8244864871799,49.31506849315069,178441.24569898672,8083.122849493341,146108.7543010133,8.823529411764707,31.837133314720887,38.57977319611095
20150528,154000,156000,152500,153500,37589,-11835,1380214,3271.085446759225,3880.721582386451,6577.423507727121,11565.165608653271,12823.437743271734,157000.0,159800.0,160750.0,171883.33333333337,169466.66666666663,158929.53283095517,162859.04917668234,-3929.516345727199,-3534.0856738880047,-395.4306718391936,47.14285714285714,173904.84701545426,6577.423507727121,147595.15298454574,11.76470588235294,25.146324170598238,34.101956854273375
20150529,152500,157000,152500,156000,29828,-813,1381379,2908.6079144497976,3414.674215792775,5484.979489478637,11423.814672283821,12678.650444086856,156200.0,158800.0,159700.0,171275.0,169562.5,158478.83547234663,162350.97145989107,-3872.135987544403,-3601.695736619285,-270.4402509251176,52.05479452054795,170669.95897895723,5484.979489478637,148730.04102104277,26.47058823529412,25.587745525496867,31.263886411347872
20150601,155000,155500,152500,155000,24954,786,1376601,1643.1676725154985,3342.528982671653,3990.222424878259,11399.716736247738,12540.86653040147,155000.0,158050.0,158625.0,170725.0,169650.0,157943.63001506255,161806.45505545466,-3862.825040392112,-3653.9215973738505,-208.90344301826144,47.887323943661976,166605.44484975652,3990.222424878259,150644.55515024348,20.588235294117645,23.921242115037128,28.816338312577624
20150602,153000,156500,146000,149000,82659,-12458,1378211,2400.0,3944.616584663204,4029.5005894032734,11437.827105220142,12427.889223660066,153300.0,156700.0,157725.0,170033.33333333337,169708.33333333337,156567.68693582216,160857.8287550506,-4290.141819228447,-3781.1656417447693,-508.9761774836769,34.66666666666667,165784.00117880653,4029.5005894032734,149665.99882119347,13.636363636363635,20.49294928881263,26.04187530465596
20150603,149500,151000,146500,147500,42474,-6280,1375969,3355.5923471125043,4371.784532659403,4588.300338905609,11415.401389741315,12420.356694422151,152200.0,155250.0,157150.0,169283.33333333337,169712.5,155172.6581764649,159868.35995838017,-4695.701781915268,-3964.0728697788695,-731.6289121363983,36.61971830985916,166326.60067781122,4588.300338905609,147973.39932218878,7.894736842105263,16.293545139910172,22.792431916407367
20150604,149500,150000,145500,147000,47784,-15751,1381318,3826.225293941798,4687.483333303703,5043.00257783013,11393.452676379864,12420.356694422151,150900.0,153950.0,156825.0,168541.66666666663,169712.5,153915.32614931645,158915.14810961124,-4999.821960294794,-4171.222687882055,-828.5992724127391,14.814814814814813,166911.00515566027,5043.00257783013,146738.99484433973,7.6923076923076925,13.426465990709346,19.670443274508028
20150605,146500,148500,145000,147000,38647,8265,1377819,3039.7368307141332,4631.684358848302,5476.312628037349,11389.566375514056,12353.811124732558,149100.0,152650.0,156400.0,167833.33333333337,169745.83333333337,152851.4298186524,158032.54454593634,-5181.114727283944,-4373.2010957624325,-807.9136315215119,17.02127659574468,167352.6252560747,5476.312628037349,145447.3747439253,10.0,12.284310660472897,17.20839906982965
20150608,145500,148500,141500,143000,46399,-17420,1378306,1989.9748742132401,4533.486517019765,6201.360737773714,11486.755658390803,12335.41578702961,146700.0,150850.0,155825.0,167066.66666666663,169754.16666666663,151335.8252311674,156919.02272771884,-5583.197496551438,-4615.2003759202335,-967.9971206312047,14.545454545454545,168227.72147554744,6201.360737773714,143422.27852445256,6.8181818181818175,10.462267713042538,14.959688617567279
20150609,142000,150500,141500,149500,60818,11475,1376498,2111.871208194288,3958.850843363514,6349.163330707545,11475.323766917112,12314.10663516573,146800.0,150050.0,155475.0,166483.33333333337,169766.66666666663,151053.39058021858,156369.46548862854,-5316.074908409995,-4755.375282418186,-560.6996259918096,31.34328358208955,168173.32666141508,6349.163330707545,142776.67333858492,36.36363636363637,19.096057263240482,16.338478166125014
20150610,150000,150000,142500,145000,40808,-3874,1365652,2181.742422927143,4088.092464707715,6628.348210527366,11555.599292118808,12368.468394133408,146300.0,149250.0,154700.0,165825.0,169737.5,150122.0997217234,155527.28285984127,-5405.183138117864,-4885.33685355812,-519.8462845597422,29.166666666666664,167956.69642105474,6628.348210527366,141443.30357894526,15.909090909090908,18.033735145190622,16.90356382581355
20150611,145500,146000,142000,142500,52498,-4540,1353830,2596.150997149434,4272.294465506796,7112.445078874165,11794.169345722143,12511.325424945964,145400.0,148150.0,153975.0,165208.33333333337,169658.33333333337,148949.46899530446,154562.29894429748,-5612.8299489930505,-5030.835472645107,-581.9944763479433,27.27272727272727,168199.89015774833,7112.445078874165,139750.10984225167,6.25,14.105823430127082,15.97098369391806
20150612,142500,145500,139000,143000,47007,-5912,1359148,2596.150997149434,3612.824379900025,6932.306614684706,11815.417776034754,12692.777364400305,144600.0,146850.0,152825.0,164491.66666666663,169541.66666666663,148034.1660729499,153705.832355831,-5671.6662828810795,-5159.001634692302,-512.6646481887783,26.315789473684216,166689.61322936942,6932.306614684706,138960.38677063058,22.22222222222222,16.811289694158795,16.251085693998306
20150615,140500,141500,136500,136500,62927,-8895,1361113,4202.380277890139,3701.351104664349,7416.999056222222,12135.859970444517,12998.675146166477,143300.0,145000.0,151525.0,163741.66666666663,169366.66666666663,146259.67898480376,152431.32625539904,-6171.6472705953065,-5361.530761872903,-810.1165087224026,24.390243902439032,166358.99811244445,7416.999056222222,136691.00188755555,0.0,11.20752646277253,14.569899283589713
20150616,137500,137500,129000,130500,127018,-34718,1368153,5319.774431308155,5450.0,8278.39809383442,12637.936166778589,13394.751770750012,139500.0,143150.0,149925.0,162891.66666666663,169175.0,143835.11298714165,150806.78356981394,-6971.67058267229,-5683.558726032781,-1288.111856639509,23.52941176470589,166481.79618766884,8278.39809383442,133368.20381233116,5.454545454545454,9.289866126696838,12.809888231292087
20150617,134000,147500,132000,145000,175119,41216,1359736,5319.774431308155,5300.0,7856.963471978302,12654.039758995408,13504.258587571943,139500.0,142900.0,149075.0,162316.66666666663,169100.0,144014.32637373527,150376.65145353143,-6362.325079796196,-5819.311996785465,-543.013083010731,42.477876106194685,164788.9269439566,7856.963471978302,133361.0730560434,58.18181818181818,25.587183478403954,17.06898664699604
20150618,150000,156500,146000,152500,135557,17990,1346708,7503.332592921628,5943.273508766023,7497.332859090714,12525.848274668428,13543.996594432925,141500.0,143450.0,148700.0,161875.0,169062.5,145319.81462392982,150533.93653104766,-5214.121907117806,-5698.273978851934,484.15207173412733,47.15447154471545,163694.66571818144,7497.332859090714,133705.33428181856,85.45454545454545,45.54297080378445,26.560314699258843
20150619,153000,154500,149000,152000,56865,12461,1336699,8640.601830891179,6412.682745934029,7085.901495222845,12219.119239945803,13538.668898956284,143300.0,143950.0,148300.0,161325.0,169066.66666666663,146347.53545101755,150642.5338250441,-4294.99837402656,-5417.618857886859,1122.6204838602991,47.540983606557376,162471.8029904457,7085.901495222845,134128.1970095543,83.63636363636363,58.24076841464417,37.12046593772062
20150622,150500,154000,146000,146500,66945,3466,1323849,7966.178506661772,6446.7045845144785,6463.8900826051595,12104.576154864004,13625.114041317214,145300.0,144300.0,147575.0,160758.33333333337,169004.16666666663,146370.9915354764,150335.67946763342,-3964.687932157016,-5127.03267274089,1162.3447405838742,47.933884297520656,160502.78016521028,6463.8900826051595,134647.21983478972,63.63636363636363,60.039300155217326,44.76007734355286
20150623,148000,159000,146000,154000,121544,27393,1308352,3563.7059362410923,6932.712311931025,6236.184731067652,11910.88437802499,13684.335631176154,150000.0,144750.0,147400.0,160350.0,168925.0,147544.6851454031,150607.11061817908,-3062.4254727759694,-4714.111232747906,1651.685759971937,54.88721804511278,159872.3694621353,6236.184731067652,134927.6305378647,83.33333333333334,67.803977881256,52.44137752278724
20150624,155500,156500,152500,153000,40193,4544,1297181,2634.387974463898,7363.592873047776,6236.184731067652,11849.355350492075,13752.145665919825,151600.0,145550.0,147400.0,160033.33333333337,168837.5,148383.96435380264,150784.36168349913,-2400.3973296965123,-4251.368452137627,1850.9711224411149,54.47761194029851,159872.3694621353,6236.184731067652,134927.6305378647,80.0,71.869318587504,58.91735787769283
20150625,153000,159000,153000,157500,64884,-7516,1309682,3569.3136595149485,8082.233602167165,6487.68063332354,11702.385796637627,13776.852567501672,152600.0,147050.0,147600.0,159750.0,168800.0,149786.43137629455,151281.81637361035,-1495.384997315792,-3700.1717611732597,2204.786763857468,57.342657342657354,160575.36126664712,6487.68063332354,134624.63873335288,95.0,79.57954572500266,65.8047538267961
20150626,156000,158000,150500,156500,57552,18716,1287421,3860.051813123756,8413.679337840253,6520.879925286258,11590.573276973899,13808.511239047446,153500.0,148400.0,147625.0,159483.33333333337,168754.16666666663,150819.28808763385,151668.34849408365,-849.0604064498037,-3129.9494902285687,2280.889083778765,59.85401459854015,160666.7598505725,6520.879925286258,134583.2401494275,91.66666666666666,83.60858603889066,71.73936456416095
20150629,152000,154000,149000,151000,54832,9704,1278818,2353.720459187964,7429.838490842178,6350.738146074151,11609.072122937643,13877.429717190656,154400.0,149850.0,147425.0,159233.33333333337,168683.33333333337,150847.08992030556,151618.84119822562,-771.7512779200624,-2658.309847766868,1886.558569846805,51.11111111111111,160126.4762921483,6350.738146074151,134723.5237078517,73.33333333333333,80.18350180370489,74.55407697734226
20150630,149000,150500,145500,149000,74169,260,1275969,3215.587038162705,3796.050579220461,6350.738146074151,11682.640849663852,13990.41090255154,153400.0,151700.0,147425.0,159058.33333333337,168541.66666666663,150562.92224025854,151424.85296132002,-861.9307210614787,-2299.034022425789,1437.1033013643116,53.07692307692307,160126.4762921483,6350.738146074151,134723.5237078517,66.66666666666666,75.6778900913588,74.92868134868111
20150701,150000,153500,147000,152500,40107,15973,1266972,3234.1923257592457,3069.609095634165,6446.462208064307,11708.078289037634,14062.7407386805,153300.0,152450.0,147675.0,158908.33333333337,168437.5,150860.93420329568,151504.49348270372,-643.559279408044,-1967.939073822241,1324.379794414197,57.57575757575758,160567.9244161286,6446.462208064307,134782.0755838714,78.33333333333333,76.56303783868366,75.47346684534863
20150702,154000,154500,150500,152000,35576,11625,1256957,2461.706725018234,3072.458299147443,6512.056126908101,11717.934971658278,14138.672709000413,152200.0,152400.0,147925.0,158700.0,168329.16666666663,151036.17509509635,151541.1976691701,-505.02257407375146,-1675.3557738725424,1170.3331997987916,56.81818181818182,160949.11225381622,6512.056126908101,134900.88774618378,74.07407407407408,75.73338325048046,75.56010564705923
20150703,151000,151500,145500,145500,79166,-1691,1241693,2549.509756796393,3709.784360309909,6530.8881478709545,11821.167455036406,14285.139422957842,150000.0,151750.0,147850.0,158400.0,168175.0,150184.45584969688,151093.70154552787,-909.2456958309633,-1522.133758264227,612.8880624332638,56.81818181818182,160911.7762957419,6530.8881478709545,134788.2237042581,0.0,50.488922166986974,67.20304448703514
20150706,143500,147000,140500,143500,53596,1959,1247051,3535.5339059327366,4209.809971958354,6513.207735056616,11940.92809998036,14458.993140564795,148500.0,151450.0,147875.0,158041.66666666663,167954.16666666663,149156.07802666663,150531.20513474804,-1375.1271080814186,-1492.7324282276654,117.60532014624687,60.483870967741936,160901.41547011322,6513.207735056616,134848.58452988678,16.216216216216218,39.06468685006339,57.82359194137789
20150707,143500,146000,136000,139000,84497,-8269,1238226,5147.815070493501,5506.5869647178015,6778.827332216195,12171.448831863778,14692.534007296585,146500.0,149950.0,147350.0,157650.0,167683.33333333337,147593.60448410257,149677.04179143338,-2083.437307330838,-1610.8734040483002,-472.5639032825377,44.230769230769226,160907.6546644324,6778.827332216195,133792.3453355676,13.043478260869565,30.390950653665445,48.67937817880708
20150708,141000,141000,135500,135500,58863,-14491,1241013,5651.548460377918,6870.953354520754,7243.747303709685,12439.81064521884,14979.791943370838,143100.0,148200.0,146875.0,157133.33333333337,167400.0,145733.04994808676,148626.89054762348,-2893.840599536721,-1867.4668431459845,-1026.3737563907366,32.29166666666667,161362.49460741936,7243.747303709685,132387.50539258064,0.0,20.260633769110296,39.20646337557482
20150709,135500,136500,129500,136500,74656,7975,1226748,3898.717737923585,6916.646586316233,7537.033567657858,12609.244844778228,15231.449897243318,140000.0,146100.0,146575.0,156583.33333333337,167095.83333333337,144312.58072530414,147728.60235891063,-3416.0216336064623,-2177.1778012380805,-1238.8438323683818,34.02061855670103,161649.0671353157,7537.033567657858,131500.9328646843,23.728813559322035,21.416693699180872,33.27654015011017
20150710,136000,146000,136000,142000,87301,12968,1213412,3075.7112998459397,6050.0,7563.853184720162,12648.152587982931,15392.772023114187,139300.0,144650.0,146525.0,156141.66666666663,166841.66666666663,143956.79907525738,147304.26144343574,-3347.462368178385,-2411.234714626141,-936.2276535522436,45.360824742268036,161652.70636944033,7563.853184720162,131397.29363055967,42.3728813559322,28.40208958476465,31.651723294994998
20150713,144000,170000,144000,166000,232547,92474,1196064,11325.1931550857,8712.204083927327,8305.118903423441,12603.072266537472,15387.02048174262,143800.0,146150.0,148000.0,156091.66666666663,166795.83333333337,147348.06075598698,148689.13096614426,-1341.0702101572242,-2197.201813732358,856.1316035751338,59.23076923076921,164610.23780684688,8305.118903423441,131389.76219315312,90.12345679012346,48.975878653217585,37.42644174773586
20150714,170500,172000,166000,170000,154136,48668,1163315,14916.433890176299,11294.356998076517,8600.10901093709,12530.252280869394,15388.482683668552,150000.0,148250.0,149975.0,156033.33333333337,166804.16666666663,150832.97448583515,150267.71385754095,565.2606282941997,-1644.7093253270466,2209.969953621246,62.5,167175.21802187414,8600.10901093709,132774.78197812586,95.29411764705881,64.41529165116465,46.42272504887879
20150715,170000,173500,167500,171000,101185,38099,1142402,14772.948250095513,13194.316958448435,9650.744789911363,12413.26575348635,15391.93455370594,157100.0,150100.0,151275.0,155950.0,166820.83333333337,153935.59379570663,151803.43875698233,2132.1550387243037,-889.3364525167763,3021.4914912410804,60.465116279069775,170576.48957982272,9650.744789911363,131973.51042017728,94.31818181818183,74.38292170683705,55.742790601531546
20150716,171500,178000,169000,175000,139055,39605,1120902,11754.148203932087,15180.25032731674,10951.71219490365,12330.112191974453,15397.961625560492,164800.0,152400.0,152400.0,155900.0,166833.33333333337,157176.27167329026,153521.70255276145,3654.569120528817,19.44466209234261,3635.124458436474,63.70370370370371,174303.4243898073,10951.71219490365,130496.5756101927,93.81443298969072,80.86009213445494,64.11522444583935
20150717,178000,180000,173000,176500,92402,43043,1097778,3736.3083384538813,16557.475653009427,12143.799858363991,12154.934411816705,15397.961625560492,171700.0,155500.0,153625.0,155808.33333333337,166833.33333333337,160149.15295432252,155223.79865996432,4925.3542943582,1000.6265885455143,3924.727705812685,70.07874015748031,177912.59971672797,12143.799858363991,129337.40028327199,93.06930693069307,84.92983039986765,71.05342643051544
20150720,178000,179000,174000,178000,72578,18268,1091871,3104.834939252005,17276.356676105064,13120.975573485432,12139.53596037936,15406.41043977799,174100.0,158950.0,155200.0,155800.0,166845.83333333337,162895.437115196,156910.92468515216,5984.512430043833,1997.4037568451786,3987.1086731986547,73.01587301587301,181441.95114697085,13120.975573485432,128958.04885302912,96.03960396039604,88.63308825337712,76.91331370480266
20150721,179000,180000,173500,179000,97673,41359,1071087,2800.0,16818.813870187158,14101.329724533118,12228.484506812105,15388.259864802063,175900.0,162950.0,156450.0,155850.0,166825.0,165373.0621743966,158547.152486252,6825.909688144602,2963.104943105064,3862.8047450395375,71.900826446281,184652.65944906624,14101.329724533118,128247.34055093375,98.01980198019803,91.76199282898409,81.86287341286314
20150722,178000,178000,171500,172500,59238,11387,1061693,2293.468988235943,14246.139828037627,14497.650671746831,11965.297043255698,15363.077468579231,176200.0,166650.0,157425.0,155700.0,166779.16666666663,166469.51414756634,159580.69674652966,6888.8174010367065,3748.2474346913928,3140.569966345314,65.41353383458647,186420.30134349366,14497.650671746831,128429.69865650634,85.14851485148515,89.55750016981779,84.42774899851469
20150723,171000,172000,161500,165000,169160,-5808,1055927,5104.899607240088,10207.840124139875,14591.435844357517,11452.57127849021,15329.36939251689,174200.0,169500.0,157800.0,155383.33333333337,166670.83333333337,166243.43504794073,159982.12661715708,6261.308430783653,4250.859633909846,2010.4487968738085,64.44444444444444,186982.87168871504,14591.435844357517,128617.12831128493,70.29702970297029,83.13734334753529,83.99761378152157
20150724,174500,189000,170500,187500,233537,67054,1067519,7452.516353554683,6346.061770893821,15953.918014080471,11854.70780838703,15423.05273140071,176400.0,174050.0,159350.0,155558.33333333337,166766.66666666663,169513.675809796,162020.48760847878,7493.188201317214,4899.32534739132,2593.8628539258943,75.0,191257.83602816093,15953.918014080471,127442.16397183908,97.47899159663865,87.91789276390307,85.3043734423154
20150727,185500,190500,177500,188500,104646,29477,1053368,8938.679992034618,7043.4366611761325,17029.73502436257,12299.218019406728,15506.448031563092,178500.0,176300.0,161225.0,155758.33333333337,166841.66666666663,172434.64876213507,163981.93297081368,8452.715791321329,5610.0034361773205,2842.712355144008,79.28994082840238,195284.47004872517,17029.73502436257,127165.52995127485,96.3302752293578,90.72202025238796,87.1102557123396
20150728,183000,187500,176000,183000,84871,18407,1028351,9124.691775616317,6959.885056522126,17417.143135428418,12706.764930540363,15562.552989646874,179300.0,177600.0,162925.0,156025.0,166916.66666666663,174060.08741411427,165390.67867667938,8669.408737434891,6221.8844964288355,2447.5242410060528,77.45664739884394,197759.28627085683,17417.143135428418,128090.71372914314,83.87096774193549,88.43833608223713,87.55294916897212
20150729,183500,192000,182500,182500,68118,9849,1026294,8488.816171881683,6720.305052599921,17743.50233183971,13146.97895166666,15617.364245359508,181300.0,178750.0,164425.0,156416.66666666663,166995.83333333337,175358.53550425053,166658.03581174018,8700.499692510348,6717.607535645139,1982.8921568652088,76.74418604651162,199912.00466367946,17743.50233183971,128937.99533632054,68.85245901639344,81.90971039362256,85.67186957718893
20150730,185500,185500,173500,176500,67763,11952,1013603,4270.831300812524,6651.3156593263575,17689.050285416717,13389.423686876056,15639.466081217952,183600.0,178900.0,165650.0,156800.0,167095.83333333337,175534.14542667352,167387.0701960557,8147.075230617833,7003.5010746396765,1143.5741559781545,69.94219653179191,201028.10057083343,17689.050285416717,130271.89942916654,49.18032786885246,70.9999162186992,80.78121845769236
20150731,178000,179000,169500,177000,67569,-432,1010678,4415.880433163923,6634.945365261119,17220.971952825465,13635.276450769165,15664.990491007156,181500.0,178950.0,167225.0,157158.33333333337,167187.5,175759.6615148776,168099.13907042192,7660.5224444556825,7134.90534860288,525.617095852801,58.73015873015872,201666.94390565093,17220.971952825465,132783.05609434907,50.81967213114754,64.27316818951532,75.27853503496668
20150803,175000,179500,174000,175000,36566,11524,1004961,3295.4514106568163,6738.137724920736,16400.00000000004,13819.973468378224,15679.728597424768,178800.0,178650.0,168800.0,157500.0,167233.33333333337,175642.79051258875,168610.3139540944,7032.476558494353,7114.419590581176,-81.94303208682231,54.098360655737714,201600.00000000012,16400.00000000004,135999.9999999999,44.26229508196721,57.60287715366595,69.38664907453311
20150804,177000,180500,171500,173000,32511,465,1001246,3171.750305430741,6944.242219277779,14918.109799837288,13960.785854194537,15678.129117943254,176800.0,178050.0,170500.0,157775.0,167229.16666666663,175236.20735680585,168935.47588342073,6300.731473385124,6951.681967141965,-650.9504937568418,51.61290322580646,200336.21959967454,14918.109799837288,140663.78040032546,37.704918032786885,50.97022411337293,63.24784075414638
20150805,172000,176500,169500,172000,59726,7902,988285,1939.0719429665319,6985.699678629192,12573.06148080098,14075.352768423503,15675.325067514019,174700.0,178000.0,172325.0,157966.66666666663,167220.83333333337,174738.32930191266,169162.477669834,5575.851632078615,6676.515900129294,-1100.6642680506802,47.457627118644076,197471.122961602,12573.06148080098,147178.87703839806,34.42622950819672,45.45555924498086,57.317080251091205
20150806,174000,174500,169500,171000,35900,-10149,996771,2154.0659228538016,6036.555309114628,9540.571261722294,14173.096580023665,15653.606590992593,173600.0,178600.0,174050.0,158200.0,167170.83333333337,174163.20171700302,169298.59043503148,4864.611281971505,6314.134976497738,-1449.5236945262322,45.299145299145295,193131.14252344452,9540.571261722294,154968.85747655542,31.147540983606557,40.68621982452276,51.77346010890172
20150807,170000,172000,167000,172000,40362,-2405,993568,1356.4659966250535,5520.190214114003,6133.718285021031,14248.742634586342,15643.475188468623,172600.0,177050.0,175550.0,158300.0,167145.83333333337,173830.4014528487,169498.69484725138,4331.706605597312,5917.649302317654,-1585.9426967203415,44.82758620689654,187817.43657004207,6133.718285021031,163282.56342995793,34.42622950819672,38.59955638574741,47.382158867850286
20150810,172000,172000,161000,165000,93295,5849,978704,2870.5400188814647,5134.199061197374,6214.901447328133,14264.609956891009,15609.923837810144,170600.0,174700.0,175500.0,158341.66666666663,167033.33333333337,172471.87815241044,169165.4581918994,3306.4199605110325,5395.4034339563295,-2088.983473445297,39.0625,187929.80289465626,6214.901447328133,163070.19710534374,12.903225806451612,30.03411285931548,41.59947686500535
20150811,167000,167000,156500,158000,108730,-26783,981823,5462.6001134990665,6411.708040764177,7215.608082483508,14254.375546555313,15601.615278732097,167600.0,172200.0,174900.0,158266.66666666663,166870.83333333337,170245.4353597319,168338.38721472165,1907.0481450102525,4697.732376167115,-2790.684231156863,38.75968992248063,189331.21616496705,7215.608082483508,160468.78383503295,4.225352112676056,21.431192610435673,34.87671544681546
20150812,157500,159000,149500,155000,81464,-14472,985775,6794.1151005852125,7247.240854283787,8394.343333459821,14251.988165399185,15607.948473632492,164200.0,169450.0,174100.0,158150.0,166683.33333333337,167899.983765927,167350.3585321497,549.625233777304,3868.110947689153,-3318.485713911849,41.66666666666666,190888.68666691965,8394.343333459821,157311.31333308035,12.941176470588237,18.601187230486527,29.451539374705817
20150813,153000,160500,152500,156000,81146,16588,971893,6431.174076325411,7838.36717690617,9268.360157007352,14252.533887777076,15561.169064016374,161200.0,167400.0,173150.0,158083.33333333337,166454.16666666663,166069.21703270744,166509.59123347196,-440.3742007645196,3006.4139179984186,-3446.788118762938,9.090909090909092,191686.72031401467,9268.360157007352,154613.2796859853,15.294117647058824,17.498830702677292,25.46730315069631
20150817,159500,163000,158000,162000,44465,14503,952196,3762.9775444453558,7272.551134230684,9541.062571852328,14259.314694457351,15446.005866314881,159200.0,165900.0,172425.0,158116.66666666663,166241.66666666663,165443.18364306015,166175.54743839995,-732.3637953397991,2258.658375330775,-2991.0221706705743,19.540229885057467,191507.12514370464,9541.062571852328,153342.87485629536,34.72222222222222,23.23996120919227,24.724855836861632
20150818,162500,162500,152000,153500,71748,-1111,944832,2939.387691339813,7440.598094239468,10290.043731685562,14266.36243834545,15269.604884650582,156900.0,163750.0,171200.0,157991.66666666663,165900.0,163605.77077489704,165236.61799851846,-1630.8472236214147,1480.757255540337,-3111.604479161752,18.27956989247312,191780.08746337114,10290.043731685562,150619.91253662884,12.903225806451612,19.79438274161205,23.08136480511177
20150819,152000,154000,145500,152000,62980,-7349,945471,3429.285639896449,7496.832664532402,10929.432739168184,14286.882095125293,15132.186079861931,155700.0,161650.0,169850.0,157900.0,165566.66666666663,161820.267578759,164256.12777640598,-2435.86019764698,697.4337649028737,-3133.293962549853,17.894736842105264,191708.8654783364,10929.432739168184,147991.13452166365,18.571428571428573,19.386731351550893,21.849820320591476
20150820,151500,159000,147500,155000,63908,20897,935925,3429.285639896449,6857.295385208369,11373.736193529428,14277.741028919825,14935.553685381088,155700.0,159950.0,168975.0,157933.33333333337,165241.66666666663,160770.9956435653,163570.48868185736,-2799.493038292072,-1.9515957361158152,-2797.5414425559557,25.84269662921348,191722.47238705886,11373.736193529428,146227.52761294116,27.142857142857142,21.972106615319642,21.8905824188342
20150821,150500,158500,149000,157500,65889,33523,922458,3507.1355833500365,5795.688052336841,11619.595517917194,14266.218840323867,14725.004716090947,156000.0,158600.0,168600.0,158000.0,164941.66666666663,160267.76554455527,163120.82285357162,-2853.057309016381,-572.1727383921693,-2280.8845706242128,29.032258064516128,191839.1910358344,11619.595517917194,145360.80896416566,38.70967741935484,27.551296883331375,23.777487240333258
20150824,155000,155500,146000,154500,76999,22815,910551,1816.5902124584948,3775.2483362025337,11152.241927074634,14271.015205654141,14536.340954082812,154500.0,156850.0,166950.0,157975.0,164625.0,159380.41699923904,162482.2433829367,-3101.826383697655,-1078.1034674532664,-2023.7229162443884,28.421052631578952,189254.48385414926,11152.241927074634,144645.51614585074,31.03448275862069,28.712358841761148,25.42244444080922
20150825,156000,158500,150000,156500,71500,7933,909283,1881.4887722226777,2626.7851073127395,10200.612726694477,14267.095009146455,14395.595752984496,155100.0,156000.0,165350.0,158000.0,164362.5,158937.27592243304,162039.11424345992,-3101.8383210268803,-1482.8504381679893,-1618.987882858891,32.631578947368425,185751.22545338894,10200.612726694477,144948.77454661106,41.509433962264154,32.97805054859548,27.94097981007131
20150826,156500,161000,152500,160500,68635,5698,906434,2135.415650406262,2909.037641557771,9401.42941259473,14222.0754658231,14198.659341055596,156800.0,156250.0,164225.0,158191.66666666663,164112.5,159177.6950112895,161925.1057809814,-2747.4107696918945,-1735.7625044727704,-1011.648265219124,38.613861386138616,183027.8588251895,9401.42941259473,145422.14117481053,56.60377358490566,40.85329156069887,32.245083726947165
20150827,159000,165000,157500,162500,77327,13700,901012,2856.5713714171397,3413.209633175203,8416.464519024681,14163.6540914495,13958.713303286424,158300.0,157000.0,163225.0,158441.66666666663,163862.5,159688.81885570652,161967.69053794575,-2278.871682239231,-1844.3843400260625,-434.4873422131682,41.74757281553399,180057.92903804933,8416.464519024681,146392.07096195064,79.06976744186046,53.5921168544194,39.360761436104575
20150828,163000,166000,160000,163000,57820,-5059,906326,3352.610922848042,3828.837943815329,7846.814640349377,14096.184964577034,13726.988319851718,159400.0,157700.0,162550.0,158708.33333333337,163625.0,160198.23133944394,162044.15790550533,-1845.92656606136,-1844.6927852331225,-1.233780828237741,41.1764705882353,178243.62928069875,7846.814640349377,146856.37071930125,85.36585365853658,64.1833624557918,47.63496177600032
20150831,160500,162500,156500,157000,56786,-5539,910876,2709.2434368288127,3551.0561809129413,7188.358644363909,14015.653451290771,13533.045332527134,159900.0,157200.0,161550.0,158875.0,163354.16666666663,159706.19574876028,161670.51657917158,-1964.3208304113068,-1868.61839426876,-95.70243614254721,42.0,175926.7172887278,7188.358644363909,147173.28271127222,56.09756097560976,61.488095295731114,52.25267294924392
20150901,155000,156500,148000,148000,101202,-29741,925590,5519.057890618652,4404.826897847406,7070.007072132343,13935.653215962566,13398.143916852026,158200.0,156650.0,160200.0,158958.33333333337,163012.5,157905.2425566433,160657.88572145515,-2752.6431648118596,-2045.42334837738,-707.2198164344796,40.384615384615394,174340.01414426471,7070.007072132343,146059.98585573529,12.195121951219512,45.05710418089391,49.85415002646059
20150902,145000,150500,143500,148000,55023,-9585,936506,6630.233781700311,4956.0569003997525,6904.527500126374,13953.932141953192,13320.970831320865,155700.0,156250.0,158950.0,158933.33333333337,162708.33333333337,156381.3590863905,159720.2645569029,-3338.9054705124,-2304.119772804384,-1034.785697708016,42.857142857142854,172759.05500025276,6904.527500126374,145140.94499974724,20.0,36.70473612059594,45.47101205783904
20150903,149500,157000,149500,152500,64350,6731,943183,5723.635208501673,5074.44578254611,6347.194262034315,13861.84561625548,13201.828051027684,153700.0,156000.0,157975.0,159058.33333333337,162441.66666666663,155784.2269192535,159185.43014528044,-3401.203226026962,-2523.5364634489,-877.6667625780627,46.66666666666666,170669.38852406866,6347.194262034315,145280.61147593134,40.0,37.803157413730624,42.915060509802906
20150904,152000,154000,143500,149000,66343,-6158,938933,3469.8703145794952,5450.0,5884.0356049229795,13757.018410817363,13164.513932665572,150900.0,155150.0,156875.0,159166.66666666663,162187.5,154740.4997009068,158430.95383822266,-3690.4541373158568,-2756.9199982222913,-933.534139093566,36.99999999999999,168643.07120984595,5884.0356049229795,145106.92879015405,24.444444444444443,33.35025309063523,39.72679137008035
20150907,147000,149000,142000,142000,56891,-2394,921674,3382.306905057553,6737.2101050805895,5656.5780291622705,13777.185247115816,13108.806809631262,147900.0,153900.0,155375.0,159150.0,161820.83333333337,152780.42282384422,157213.84614650247,-4433.423322658258,-3092.220663109485,-1341.2026595487732,38.14432989690722,166688.15605832453,5656.5780291622705,144061.84394167547,0.0,22.233502060423486,33.89569493352806
20150908,142000,144500,140000,141500,51522,-4058,918764,4235.563716909473,7605.2613367326185,5967.411499134389,13654.506785511074,13112.72640414696,146600.0,152400.0,154200.0,159233.33333333337,161487.5,151044.9731586374,156049.85754305785,-5004.884384420438,-3474.753407371676,-1530.1309770487626,38.947368421052616,166134.82299826876,5967.411499134389,142265.17700173124,5.769230769230769,16.745411630025913,28.17893383236068
20150909,145000,151000,144000,151000,56302,14107,916981,4589.117562233507,7111.434454454319,5939.4865097920165,13179.474256080144,13017.605599939205,147200.0,151450.0,153850.0,159575.0,161233.33333333337,151038.05421115473,155675.7940213499,-4637.739810195139,-3707.350687936369,-930.3891222587716,46.2962962962963,165728.97301958402,5939.4865097920165,141971.02698041598,42.30769230769231,25.26617185591471,27.208013173545357
20150910,148500,151500,146500,150500,75282,-8025,916223,4178.5164831552365,6083.789937201974,5976.777978141846,13096.64927461352,12945.234537165994,146800.0,150250.0,153625.0,159666.66666666663,160991.66666666663,150955.27664020786,155292.40187162024,-4337.125231412414,-3833.305596631578,-503.8196347808366,43.269230769230774,165578.5559562837,5976.777978141846,141671.4440437163,40.38461538461539,30.305653032148268,28.240559793079658
20150911,148000,157000,147500,155000,46173,18648,907318,5338.539126015656,4729.957716512908,5960.861934318001,13077.745622069893,12850.516094262595,148000.0,149450.0,153575.0,159708.33333333337,160791.66666666663,151577.54177248356,155270.74247372244,-3693.200701238879,-3805.2846175530376,112.08391631415951,50.467289719626166,165496.723868636,5960.861934318001,141653.276131364,57.692307692307686,39.434537918868074,31.97188583500913
20150914,155000,164000,153500,160000,84465,46415,896494,6094.259594077036,5264.266330648556,5834.113043128436,13039.201044883908,12657.562517677014,151600.0,149750.0,153475.0,159841.66666666663,160583.33333333337,152873.30457671685,155621.0578460393,-2747.753269322449,-3593.7783479069208,846.025078584471,53.09734513274337,165143.22608625688,5834.113043128436,141806.77391374312,76.92307692307693,51.930717586937696,38.624829752318654
20150915,160000,164000,159000,162500,58435,23853,888207,4781.213235152768,6446.7045845144785,6156.855934647272,12926.746067317245,12526.627195255,155800.0,151200.0,153925.0,160108.33333333337,160433.33333333337,154354.33464183734,156130.60911670304,-1776.274474865699,-3230.277573298676,1454.0030984329776,51.81818181818182,166238.71186929455,6156.855934647272,141611.28813070545,93.75,65.8704783912918,47.706712631976366
20150916,164000,169000,162500,166500,84794,-8830,921643,5616.048432839589,7779.620813381588,6715.839485872288,12927.350420287288,12429.523544994348,158900.0,153050.0,154650.0,160316.66666666663,160333.33333333337,156222.89854309312,156898.7121450954,-675.8136020022794,-2719.384779039397,2043.5711770371176,53.50877192982456,168081.67897174458,6715.839485872288,141218.32102825542,91.37931034482759,74.37342237580373,56.59561587991882
20150917,168500,169000,160000,164000,59712,-7829,936214,3916.631205513228,8435.638683585257,7018.903048197869,12900.258395345416,12388.155185050848,161600.0,154200.0,155100.0,160500.0,160266.66666666663,157419.37569030956,157424.7334676809,-5.3577773713332135,-2176.579378705784,2171.221601334451,50.847457627118644,169137.80609639574,7018.903048197869,141062.19390360426,82.75862068965517,77.16848848042088,63.453240080086175
20150918,162500,170000,162000,169000,51883,19297,931644,3120.897306865447,9293.008124391154,7635.893857303238,12939.632808632381,12345.511301909242,164400.0,156200.0,155675.0,160691.66666666663,160220.83333333337,159201.01019949268,158282.16061822302,918.8495812696926,-1557.4935867106885,2476.3431679803816,60.3448275862069,170946.78771460647,7635.893857303238,140403.21228539353,96.66666666666667,83.66788120916948,70.19145378978061
20150921,166000,168500,165000,168000,20958,2561,933740,2428.9915602982237,8565.045242145543,8085.635411023759,12961.277800519349,12314.952519419996,166000.0,158800.0,156350.0,160883.33333333337,160183.33333333337,160554.7009380323,159002.00057242872,1552.7003656035813,-935.4547962478348,2488.155161851416,70.0,172521.27082204752,8085.635411023759,140178.72917795248,93.33333333333333,86.88969858389076,75.75753538781733
20150922,168500,170000,165000,167500,22977,2463,933718,1702.93863659264,6651.3156593263575,8443.340571124758,12923.651337331195,12321.609715140126,167000.0,161400.0,156900.0,161158.33333333337,160195.83333333337,161623.20848602732,159631.48201150808,1991.7264745192367,-350.01854209442007,2341.745016613657,69.30693069306932,173786.68114224952,8443.340571124758,140013.31885775048,91.66666666666666,88.48202127814939,79.99903068459469
20150923,164000,165500,159500,159500,42105,-9856,937276,3484.250278036869,5750.0,8424.814538018112,12828.570544773718,12321.609715140126,165600.0,162250.0,156850.0,161333.33333333337,160195.83333333337,161296.5610266385,159621.74260324822,1674.8184233902716,54.948851002518424,1619.8695723877536,56.48148148148147,173699.62907603622,8424.814538018112,140000.37092396378,65.0,80.65468085209959,80.21758074042965
20150924,161000,162000,159000,161500,20507,-3669,945848,3839.2707640904932,4254.703279900961,8394.045508573405,12776.921468892104,12321.609715140126,165100.0,163350.0,156800.0,161483.33333333337,160195.83333333337,161327.85933023258,159760.87278078534,1566.9865494472033,357.35639069145554,1209.6301587557475,61.904761904761905,173588.0910171468,8394.045508573405,140011.9089828532,67.3076923076923,76.20568467063049,78.8802820504966
20150925,160500,162000,156500,162000,33027,-4218,950938,3414.674215792775,3289.756829919196,8359.874400970468,12717.212744938013,12316.42703871595,163700.0,164050.0,156750.0,161650.0,160175.0,161431.26558711988,159926.7340562828,1504.531530837092,586.7914187205828,917.7401121165093,71.73913043478262,173469.74880194096,8359.874400970468,140030.25119805904,65.95744680851064,72.78960538325721,76.85005649475015
20150930,157500,162000,155500,160500,67595,-2467,946066,2785.677655436824,3231.0988842807024,8399.813986035722,12543.524225671748,12312.69669893697,162200.0,164100.0,156925.0,161900.0,160150.0,161287.99395833226,159969.19820026186,1318.795758070395,733.1922865905452,585.6034714798498,70.21276595744679,173724.62797207144,8399.813986035722,140125.37202792856,57.77777777777777,67.7856628480974,73.82859194586591
20151001,159500,168000,159000,167000,45073,4558,953414,2596.150997149434,3289.756829919196,8411.116156610926,12327.912660120923,12320.601536541775,162100.0,164550.0,157875.0,162291.66666666663,160166.66666666663,162166.76411858882,160489.99833357573,1676.7657850130634,921.9069862750492,754.8587987380147,68.18181818181817,174697.23231322184,8411.116156610926,141052.76768677816,81.81818181818183,72.46316917145889,73.37345102106356
20151002,167000,168500,164000,165000,23140,-1303,953577,2420.743687382041,3231.0988842807024,8227.203352294226,11952.832648930877,12326.64162495257,163200.0,164400.0,158725.0,162725.0,160187.5,162602.64656188287,160824.07253108866,1778.5740307941742,1093.2403951788745,685.3336356152997,65.93406593406593,175179.40670458844,8227.203352294226,142270.59329541156,65.51724137931035,70.14785990740937,72.29825398317882
20151005,168500,175000,167500,171000,69797,-5104,963262,3720.215047547655,3780.21163428716,8510.434771502649,11458.97270943475,12352.606000355283,165100.0,165100.0,159650.0,163316.66666666663,160225.0,163894.54709082394,161577.8449361932,2316.702154630737,1337.932747069247,978.76940756149,67.02127659574468,176670.8695430053,8510.434771502649,142629.1304569947,79.48717948717949,73.2609664339994,72.61915813345234
20151006,173000,182000,172500,180500,100871,28711,964543,6757.218362610462,5929.7976356702075,9274.258730486301,11122.312409447452,12461.429381183987,168800.0,166250.0,161225.0,164050.0,160316.66666666663,166449.2321537741,162979.48605203076,3469.746101743338,1764.2954180040656,1705.4506837392726,69.90291262135922,179773.51746097262,9274.258730486301,142676.4825390274,94.33962264150944,80.28718516983608,75.17516714558026
20151007,178000,180500,173000,177000,71652,-3667,963790,5868.560300448484,6752.962312940892,8769.94156194905,10865.414038233332,12531.703545408873,172100.0,167150.0,162975.0,164633.33333333337,160387.5,168072.42720703958,164018.04264076918,4054.384566270368,2222.313247657326,1832.071318613042,63.80952380952379,180514.8831238981,8769.94156194905,145435.1168761019,81.13207547169812,80.56881527045675,76.97304985387242
20151008,177000,177500,172000,174500,44750,-5513,973188,5304.714883949938,7106.511098985213,7600.781209849507,10937.48333332136,12573.108428529868,173600.0,167850.0,164625.0,164775.0,160433.33333333337,169061.28455980273,164794.48392663815,4266.800633164588,2631.210724758779,1635.5899084058096,57.84313725490197,179826.56241969898,7600.781209849507,149423.437580301,71.69811320754717,77.61191458282023,77.1860047635217
20151012,173500,176000,171000,172500,39909,-153,975970,3367.491648096547,6633.4380226244675,7101.760345153963,10962.043098296263,12564.773840649896,175100.0,169150.0,165700.0,164816.66666666663,160425.0,169590.31770444848,165365.2628950353,4225.054809413181,2949.9795416896595,1275.0752677235216,58.41584158415842,179903.52069030792,7101.760345153963,151496.47930969208,64.15094339622641,73.12492418728895,75.83231123811078
20151013,173500,178000,171500,177000,48491,-2931,987897,2694.438717061496,6473.793323855804,6596.3531591328065,11045.046652485064,12575.427980347316,176300.0,170700.0,167025.0,164916.66666666663,160433.33333333337,170730.26882684106,166227.09527318086,4503.173553660192,3260.6183440837663,1242.5552095764256,57.99999999999999,180217.70631826558,6596.3531591328065,153832.2936817344,81.13207547169812,75.79397461542534,75.81953236388229
20151014,177000,181000,175000,179500,54566,12274,984238,2395.829710142188,6246.799180380302,6523.994175350046,11128.226748030054,12593.61541836056,176100.0,172450.0,168250.0,164991.66666666663,160445.83333333337,172079.45823809627,167210.27340109335,4869.184837002918,3582.331642667597,1286.8531943353214,61.165048543689316,181297.98835070012,6523.994175350046,155202.0116492999,90.56603773584906,80.71799565556658,77.45235346111038
20151015,182000,182000,176500,178000,41627,1420,984072,2501.999200639361,4975.942121849891,6565.2494240509495,11155.703573609253,12541.7075027026,176300.0,174200.0,169150.0,165016.66666666663,160412.5,172990.31081685072,168009.51240841975,4980.798408430943,3862.024995820266,1118.7734126106766,60.0,182280.4988481019,6565.2494240509495,156019.50115189812,84.90566037735849,82.11388389616388,79.00619693946155
20151016,178500,183000,177500,180000,38870,4395,995138,2672.077843177477,4609.772228646444,6783.20536324836,11197.358319413977,12560.462106680096,177400.0,175500.0,170025.0,165050.0,160425.0,174068.7245373352,168897.69667446273,5171.027862872463,4123.825569230707,1047.202293641757,72.04301075268819,183591.41072649672,6783.20536324836,156458.58927350328,89.0909090909091,84.43955896107896,80.81731761333401
20151019,181500,188000,179000,185000,70350,20270,1002049,2764.0549922170508,3905.124837953327,7466.42484727472,11347.283081572848,12679.54389295398,179900.0,177500.0,170950.0,165150.0,160500.0,175750.459223899,170090.4598837618,5659.999340137205,4431.060323412005,1228.9390167251995,73.73737373737373,185882.84969454946,7466.42484727472,156017.15030545054,89.65517241379311,86.17809677865034,82.60424400177278
20151020,185000,187500,180500,186000,43517,-4830,1001537,3187.475490101845,4000.0,7965.393901120103,11621.325584172813,12748.065621236288,181700.0,179000.0,172050.0,165375.0,160537.5,177327.31165099144,171268.9443368165,6058.367314174946,4756.521721564594,1301.8455926103525,74.0,187980.7878022402,7965.393901120103,156119.2121977598,91.66666666666666,88.00762007465578,84.40536935940044
20151021,189000,190500,181000,185000,89135,284,1015540,3187.475490101845,4378.641341786285,8409.964328105163,11889.523282659626,12763.717430235682,182800.0,179450.0,172850.0,165708.33333333337,160545.83333333337,178507.72524314665,172286.05957112636,6221.665672020259,5049.550511655727,1172.115160364532,74.74747474747474,189669.92865621034,8409.964328105163,156030.07134378966,76.08695652173914,84.0340655570169,84.2816014252726
20151022,183000,186500,182500,184000,34517,-3342,1030064,2097.617696340303,4489.153595055531,8667.612127916278,11790.638942257669,12854.457046963733,184000.0,180150.0,173650.0,165650.0,160604.16666666663,179352.69059035485,173153.75886215403,6198.931728200782,5279.426754964738,919.5049732360447,69.31818181818183,190985.22425583255,8667.612127916278,156314.77574416745,66.66666666666666,78.24493259356682,82.26937848137067
20151023,186000,187000,184000,185500,34777,-4451,1048052,663.32495807108,4314.220671222092,8913.332710047423,11699.643869224525,12972.69501577199,185100.0,181250.0,174550.0,165600.0,160679.16666666663,180298.430499531,174068.29524273518,6230.135256795795,5469.568455330949,760.5668014648445,73.5632183908046,192376.66542009485,8913.332710047423,156723.33457990515,74.35897435897436,76.949613182036,80.49612338159244
20151026,187500,189000,183000,183500,39392,-12245,1070886,927.3618495495704,3201.9525293170727,8407.585860400199,11712.205765307626,13125.50528127973,184800.0,182350.0,175750.0,165608.33333333337,160816.66666666663,180790.9796534493,174766.94003956966,6024.039613879635,5580.462687040687,443.57692683894766,65.82278481012658,192565.1717208004,8407.585860400199,158934.8282791996,64.1025641025641,72.6672634888787,77.88650341735452
20151027,184000,184000,172500,178000,108084,-26710,1094246,2694.438717061496,3045.0779957170225,7752.862374633083,11617.826340968659,13216.916243966029,183200.0,182450.0,176575.0,165533.33333333337,160975.0,180361.5981683033,175006.4259625645,5355.1722057387515,5535.404590780301,-180.2323850415487,46.478873239436616,192080.72474926614,7752.862374633083,161069.27525073386,35.8974358974359,60.4106542917311,72.06122037548005
20151028,176000,179000,172000,178000,80733,-27233,1121465,3171.750305430741,3218.6953878862164,6996.204328062563,11642.98489315513,13288.904493557844,181800.0,182300.0,177375.0,165558.33333333337,161179.16666666663,179998.2753731797,175228.1721875597,4770.103185619955,5382.344309748232,-612.2411241282771,51.5625,191367.40865612516,6996.204328062563,163382.59134387487,34.21052631578947,51.677278299750554,65.26657301690355
20151029,175500,178000,174000,175000,39435,-9928,1126314,3885.87184554509,3708.099243547832,5870.689908349897,11613.004563850662,13337.600879552332,180000.0,182000.0,178100.0,165525.0,161341.66666666663,179229.30993115203,175211.2705440368,4018.039387115248,5109.483325221636,-1091.4439381063876,50.769230769230774,189841.3798166998,5870.689908349897,166358.6201833002,16.216216216216218,39.856924271905775,56.79669010190429
20151030,176000,176000,169500,170000,43037,-15752,1130785,4409.081537009721,5172.0402163943,5618.051263561177,11562.544294210154,13345.769590856688,176900.0,181000.0,178250.0,165441.66666666663,161470.83333333337,177809.4160955902,174825.25050373774,2984.165591852449,4684.419778547798,-1700.2541866953495,46.478873239436616,189486.1025271224,5618.051263561177,167013.89747287767,2.380952380952381,27.364933641587978,46.986104615132184
20151102,169500,173000,166500,168500,31934,-15956,1143325,3979.949748426479,6168.670845490135,5244.699705417016,11527.816599667594,13353.104481938586,173900.0,179350.0,178425.0,165366.66666666663,161570.83333333337,176377.1982347302,174356.7134293868,2020.4848053434107,4151.632783906921,-2131.14797856351,36.92307692307692,188914.39941083407,5244.699705417016,167935.60058916596,8.333333333333332,21.021066872169765,38.33109203414471
20151103,171500,173000,169000,172500,43803,-16168,1140606,3414.674215792775,6041.522986797288,5147.81507049363,11532.788402348735,13389.594192465343,172800.0,178000.0,178500.0,165375.0,161670.83333333337,175780.70619861785,174219.17910128407,1561.5270973337756,3633.6116465922914,-2072.084549258516,39.70588235294118,188795.63014098725,5147.81507049363,168204.36985901275,25.0,22.347377914779845,33.00318732768975
20151104,174000,174000,167500,167500,40771,-20278,1140507,2731.3000567495333,6289.8728127045615,5650.442460551327,11513.024025955923,13393.092643432596,170700.0,176250.0,177850.0,165316.66666666663,161758.33333333337,174506.75139883047,173721.46213081855,785.2892680118966,3063.9471708762126,-2278.657902864316,36.00000000000001,189150.88492110267,5650.442460551327,166549.11507889733,4.166666666666666,16.28714083207545,27.43117182915165
20151105,167000,169500,166500,169000,32609,-8574,1145453,1702.93863659264,6046.693311223912,5970.552738231305,11490.382451811822,13403.782633603903,169500.0,174750.0,177450.0,165266.66666666663,161783.33333333337,173659.55887593346,173371.7241952024,287.83468073105905,2508.724672847182,-2220.8899921161233,35.135135135135144,189391.10547646263,5970.552738231305,165508.8945235374,10.416666666666668,14.330316110272525,23.06421992285861
20151106,168000,168500,159500,159500,69707,-38032,1147817,4294.182110716778,6442.243398071822,7124.605252222846,11514.05843595918,13405.22027254936,167400.0,172150.0,176700.0,165175.0,161758.33333333337,171481.16520271293,172344.18906963186,-863.0238669189273,1834.3749648939602,-2697.3988318128877,19.27710843373494,190949.21050444565,7124.605252222846,162450.78949555432,0.0,9.553544073515017,18.560661306410747
20151109,160500,163500,160000,161000,39191,-1731,1156363,4913.247398615299,5999.166608788258,7865.8677207286755,11489.279423300784,13405.222215200374,165900.0,169900.0,176125.0,165225.0,161745.83333333337,169868.6782484494,171503.87876817764,-1635.2005197282415,1140.4598679695196,-2775.660387697761,20.238095238095237,191856.73544145733,7865.8677207286755,160393.26455854267,5.084745762711865,8.063944636580633,15.06175574980071
20151110,161000,161000,153500,155500,34112,-2356,1159023,5049.752469181039,6715.839485872188,9052.485846440266,11482.039114296655,13417.212721807575,162500.0,167650.0,175050.0,165233.33333333337,161691.66666666663,167658.11236407256,170318.40626683118,-2660.293902758625,380.30911382389036,-3040.603016582516,18.27956989247312,193154.9716928805,9052.485846440266,156945.02830711947,5.633802816901409,7.253897363354224,12.459136287651882
20151111,155000,161500,154500,160000,37868,-888,1164618,4415.880433163923,6082.968025561208,9556.771159759,11439.769811204658,13417.212721807575,161000.0,165850.0,174075.0,165300.0,161691.66666666663,166479.9412311383,169554.07987669556,-3074.1386455572497,-310.58043805233797,-2763.558207504913,26.0,193188.54231951802,9556.771159759,154961.45768048198,21.311475409836063,11.939756712181504,12.28600976249509
20151112,159000,160000,156000,157000,19506,-6076,1165199,2034.698994937581,5763.896251668659,10199.846812575242,11481.639933196462,13423.135086691496,158600.0,164050.0,173025.0,165216.66666666663,161666.66666666663,165021.48873404012,168624.14803397734,-3602.6592999372515,-968.9962104293206,-2633.6630895079306,22.33009708737864,193424.69362515048,10199.846812575242,152625.30637484952,13.725490196078432,12.535001206813812,12.36900691060133
20151113,155500,160500,154000,158500,29202,-11271,1177067,1984.9433241279207,5607.138307550475,10535.535107435282,11414.24548535803,13426.093349850571,158400.0,162900.0,171950.0,165300.0,161645.83333333337,164018.18277495698,167874.21114257164,-3856.028367614637,-1546.4026418663839,-2309.625725748252,25.490196078431374,193021.07021487056,10535.535107435282,150878.92978512944,20.408163265306122,15.159388559644583,13.29913412694908
20151116,154000,157500,152000,155500,16965,-290,1177813,1749.28556845359,5664.803615307419,10669.436489337257,11354.915112947276,13432.469342563254,157300.0,161600.0,170475.0,165358.33333333337,161629.16666666663,162707.69311727132,166957.60290978855,-4249.909792517225,-2087.104071996552,-2162.805720520673,26.804123711340214,191813.87297867448,10669.436489337257,149136.12702132552,14.583333333333334,14.967370150874167,13.855212801590776
20151117,158500,161000,158500,161000,26272,4472,1182643,1984.9433241279207,4350.0,10232.882047595454,11289.483183723327,13409.308929703835,158400.0,160450.0,169225.0,165458.33333333337,161695.83333333337,162444.97109922962,166516.29899054495,-4071.3278913153626,-2483.948835860315,-1587.3790554550485,34.25925925925926,189690.7640951909,10232.882047595454,148759.2359048091,40.909090909090914,23.614610403613085,17.108345335598212
20151118,161500,161500,158500,159500,17728,4657,1174198,1913.112646970899,3660.942501597096,9765.88449655234,11268.869976868655,13389.827580626334,158300.0,159650.0,167950.0,165491.66666666663,161745.83333333337,161991.89862242507,165996.5731393935,-4004.674516968458,-2788.0939720819433,-1216.5805448865144,35.238095238095234,187481.7689931047,9765.88449655234,148418.23100689528,34.090909090909086,27.106709966045088,20.44113354574717
20151119,162000,170500,160000,170000,67964,12610,1187876,4892.851929090027,3919.5025194532013,9067.110895980117,11191.328488314055,13400.24292379356,160900.0,159750.0,167250.0,165750.0,161862.5,163223.914218975,166293.1232772162,-3069.2090582411906,-2844.316989313793,-224.89206892739776,50.0,185384.22179196024,9067.110895980117,149115.77820803976,81.81818181818183,45.34386725009066,28.742044780528335
20151120,171000,171000,167000,168000,19220,2240,1182681,5409.251334519408,4630.33476111609,8051.203326211635,11129.57459005384,13396.87398757268,162800.0,160600.0,166375.0,165941.66666666663,161970.83333333337,163958.69664682494,166419.558590015,-2460.861943190015,-2767.625980089038,306.7640368990228,49.572649572649574,182477.4066524233,8051.203326211635,150272.59334757677,84.21052631578947,58.299420271990265,38.594503277682314
20151123,167500,173500,167500,173000,36331,14577,1178754,5211.525688318153,5946.427498927404,7216.474208365284,11142.748015339397,13380.878121616985,166300.0,161800.0,165850.0,166150.0,162170.83333333337,165349.66639346725,166906.99869445837,-1557.3323009910528,-2525.567244269441,968.2349432783884,50.42016806722689,180282.94841673053,7216.474208365284,151417.05158326947,97.67441860465115,71.42441971621055,49.537808757191726
20151124,173500,173500,171000,172000,17877,8480,1173686,4816.637831516919,6250.7999488065525,6818.907537135354,11157.244158941714,13342.327695471498,168500.0,163450.0,165550.0,166308.33333333337,162375.0,166372.79464062618,167284.2580504244,-911.4634097982198,-2202.746477375197,1291.2830675769776,54.05405405405406,179187.8150742707,6818.907537135354,151912.1849257293,93.02325581395348,78.62403174879152,59.23321642105833
20151125,172000,174000,168500,170500,32272,399,1178896,1720.4650534085254,6461.423991660043,6311.249876213216,11161.491338029418,13287.571861413755,170700.0,164500.0,165175.0,166433.33333333337,162570.83333333337,167007.74931129903,167522.46115780034,-514.7118465012754,-1865.1395512004126,1350.4277046991376,51.35135135135135,177797.49975242643,6311.249876213216,152552.50024757357,84.0909090909091,80.44632419616404,66.30425234609356
20151126,171500,174000,169500,174000,21309,8419,1179601,2097.617696340303,6500.769185258003,6236.735925145566,11134.169130305107,13250.549647929121,171500.0,166200.0,165125.0,166716.66666666663,162795.83333333337,168083.48018648382,168002.2788498151,81.20133666871699,-1475.8713736265865,1557.0727102953038,64.64646464646465,177598.47185029113,6236.735925145566,152651.52814970887,100.0,86.96421613077602,73.19090694098772
20151127,173500,174000,168500,172000,42256,-34,1182289,1166.1903789690598,6154.063698077881,6329.445078362031,10882.848381233018,13151.388155502022,172300.0,167550.0,165225.0,167116.66666666663,163037.5,168686.02169625554,168298.40634242134,387.61535383417504,-1103.1740281344344,1490.7893819686096,61.0,177883.89015672405,6329.445078362031,152566.10984327595,90.9090909090909,88.27917439021432,78.22032942406325
20151130,172500,174000,167000,171000,42319,9082,1181160,1200.0,4705.316142407437,6416.9696898147595,10604.244433245463,13112.133905492563,171900.0,169100.0,165350.0,167500.0,163216.66666666663,169042.0183583701,168498.5243911309,543.493967239192,-773.840429059709,1317.334396298901,67.03296703296702,178183.9393796295,6416.9696898147595,152516.0606203705,86.36363636363636,87.64066171468833,81.36044018760494
20151201,171000,173500,168000,168000,33025,-3533,1184052,1959.5917942265423,3900.0,6238.739856733997,10422.928118123675,13012.17111869631,171100.0,169800.0,165125.0,167758.33333333337,163408.33333333337,168881.7078416978,168461.59665845454,420.11118324325065,-535.0501065991169,955.1612898423678,59.09090909090908,177602.479713468,6238.739856733997,152647.520286532,72.72727272727273,82.66953205221647,81.79680414247544
20151202,170000,172000,168000,169500,26569,1879,1188595,2059.1260281974,1900.0,6291.8101528893385,10134.429765245028,12881.468170291546,170900.0,170800.0,165225.0,168100.0,163633.33333333337,168976.82971220586,168538.51542449492,438.31428771090583,-340.37722773711243,778.6915154480182,64.70588235294117,177808.62030577872,6291.8101528893385,152641.3796942213,70.96774193548387,78.76893534663894,80.78751454386327
20151203,169000,170500,167000,169500,18391,4278,1181810,1378.4048752090216,1926.7848867997693,6307.733348834694,9548.600101004697,12752.352043403635,170000.0,170750.0,165250.0,168558.33333333337,163854.16666666663,169057.31744878954,168609.73650416196,447.58094462758163,-182.78559326417357,630.3665378917552,63.414634146341456,177865.46669766938,6307.733348834694,152634.53330233062,70.96774193548387,76.16853754292059,79.24785554354905
20151204,167500,169000,164500,166000,35443,8696,1169530,1691.1534525287766,2274.313083108832,6169.0254497774085,8883.442776062315,12504.59915391181,168800.0,170550.0,165575.0,168966.66666666663,164100.0,168586.96091820655,168416.42268903885,170.53822916769425,-112.12082877780004,282.6590579454943,62.650602409638566,177913.05089955483,6169.0254497774085,153236.94910044517,42.857142857142854,65.06473931432801,74.52015013380871
20151207,166500,167000,156000,157000,76700,-26055,1167028,4679.743582719037,4513.590588434002,6375.490177233538,8712.762031769285,12137.88762397453,166000.0,168950.0,165375.0,169066.66666666663,164320.83333333337,166804.35154617476,167570.76174911007,-766.4102029352797,-242.97870360929605,-523.4314993259836,45.55555555555557,178125.98035446712,6375.490177233538,152624.01964553288,5.555555555555555,45.22834472807052,64.75621499856264
20151208,155500,159500,154500,159000,55975,4868,1168265,5259.277516921882,5258.564442887431,6145.9336150011695,8475.598143429594,12018.31284956469,164200.0,167650.0,165550.0,169208.33333333337,164437.5,165603.6820775325,166935.89050843526,-1332.2084309027705,-460.824649067991,-871.3837818347795,49.45054945054945,177841.86723000233,6145.9336150011695,153258.13276999767,23.076923076923077,37.84453751102137,55.78565583604888
20151209,157500,161000,157500,159500,18075,3996,1161742,4739.198244429113,5680.889014934194,6169.430686862553,8368.774634849908,11977.147655941875,162200.0,166550.0,165525.0,169283.33333333337,164495.83333333337,164664.65406560438,166385.08380410672,-1720.4297385023385,-712.7456669548607,-1007.6840715474775,35.211267605633815,177863.8613737251,6169.430686862553,153186.13862627491,25.64102564102564,33.77670022102279,48.44933729770685
20151210,158000,160500,156000,159000,35557,1719,1158533,3072.458299147443,5492.950027080166,6045.401144671982,8388.219252155997,11933.11146791009,160100.0,165050.0,165625.0,169266.66666666663,164554.16666666663,163793.1688247422,165838.04055935805,-2044.8717346158521,-979.170880487059,-1065.7008541287928,36.76470588235294,177715.80228934393,6045.401144671982,153534.19771065607,23.076923076923077,30.21010783965622,42.36959414502331
20151211,158000,159500,152000,155500,64033,1465,1161932,1516.57508881031,5633.82640840131,6253.948752588346,8529.019091705968,11847.37942777082,158000.0,163400.0,165475.0,169150.0,164629.16666666663,162517.29669785878,165072.25977718338,-2554.9630793246038,-1294.329320254568,-1260.6337590700352,23.076923076923073,177982.89750517672,6253.948752588346,152967.1024948233,15.909090909090908,25.44310219613445,36.72743016206035
20151214,152500,156500,152500,154500,26579,-4686,1163540,2073.6441353327727,5582.33821977852,6336.945241991706,8727.208412011529,11843.727829062123,157500.0,161750.0,165425.0,168950.0,164633.33333333337,161283.86643664973,164289.12942331794,-3005.262986668211,-1636.5160535372968,-1368.7469331309144,23.076923076923073,178098.89048398338,6336.945241991706,152751.10951601662,11.363636363636363,20.74994691863509,31.40160241425193
20151215,156000,156000,146000,146500,75288,-35083,1162405,4669.047011971501,6774.215821775979,7520.638270785354,9169.01106384472,11911.478328580122,155000.0,159600.0,164700.0,168658.33333333337,164579.16666666663,159009.4254463959,162971.4161327018,-3961.9906863058864,-2101.610980091015,-1860.379706214871,19.23076923076923,179741.2765415707,7520.638270785354,149658.7234584293,1.7857142857142856,14.428536040994821,25.743913623166225
20151216,147500,153000,145500,146500,98144,-42000,1191030,5043.808085167397,6925.3158772723145,8446.744935180732,9597.467837346823,12007.543202088083,152400.0,157300.0,164050.0,168283.33333333337,164487.5,157084.89845464268,161751.3112339831,-4666.412779340433,-2614.571339940899,-2051.8414393995345,11.26760563380282,180943.48987036143,8446.744935180732,147156.51012963857,3.571428571428571,10.80950021780607,20.765775821379506
20151217,148000,150500,145500,147000,101232,-43088,1215252,4098.780306383839,6214.700314576721,9098.90103254241,9976.834278579548,12090.97172365538,150000.0,155050.0,162900.0,167933.33333333337,164408.33333333337,155533.37561546688,160658.6215129473,-5125.245897480432,-3116.7062514488057,-2008.5396460316265,13.235294117647062,181097.8020650848,9098.90103254241,144702.1979349152,5.660377358490567,9.093125931367569,16.87489252470886
20151218,146500,152000,146000,150500,44936,-2537,1231438,3130.4951684997054,5128.352561983234,9402.758903641066,10223.461579459483,12095.67688496875,149000.0,153500.0,162025.0,167650.0,164404.16666666663,154759.0101361643,159906.13103050675,-5147.120894342457,-3522.789180027536,-1624.3317143149204,21.917808219178077,180830.5178072821,9402.758903641066,143219.48219271787,20.0,12.728750620911711,15.492845223443142
20151221,149500,152000,143500,146000,107791,-42793,1235793,1630.9506430300091,5430.469592954186,9664.72322417985,10543.886459303521,12130.539255898753,147300.0,152400.0,160675.0,167425.0,164379.16666666663,153411.47011521593,158876.04725046922,-5464.57713525329,-3911.146771072687,-1553.4303641806036,21.05263157894737,180004.4464483597,9664.72322417985,141345.5535516403,9.803921568627452,11.753807603483624,14.246499350123303
20151222,145500,146500,142500,143500,52322,-19493,1237413,2249.4443758403986,5536.4699945001075,9985.61465308978,10956.210187226421,12231.15827053598,146700.0,150850.0,159250.0,167125.0,164304.16666666663,151886.62855902888,157737.08078747152,-5850.452228442649,-4299.00786254668,-1551.44436589597,16.666666666666664,179221.22930617954,9985.61465308978,139278.77069382044,4.081632653061225,9.196415953342823,12.563138217863143
20151223,144500,148000,144000,146500,54255,7734,1243617,2249.4443758403986,4834.511350695125,10003.624343206882,11252.728064292058,12287.355176043136,146700.0,149550.0,158050.0,166866.66666666663,164258.33333333337,151057.91647302447,156904.704432844,-5846.787959819571,-4608.563882001258,-1238.224077818314,22.619047619047624,178057.24868641378,10003.624343206882,138042.75131358622,21.62162162162162,13.338151176102423,12.82147587060957
20151224,148000,148500,146000,147000,41424,11258,1239932,2249.4443758403986,3694.928957368463,9572.617196984393,11509.81163568309,12269.015145434485,146700.0,148350.0,156700.0,166641.66666666663,164270.83333333337,150433.62163102068,156171.0226230037,-5737.400991983011,-4834.331303997609,-903.069687985404,25.64102564102565,175845.23439396874,9572.617196984393,137554.76560603126,24.324324324324326,17.000208892176392,14.21438687779851
20151228,148000,149000,143500,145500,45552,-2547,1230150,1208.3045973594571,2890.069203323685,9189.49808205004,11823.481814687208,12242.116936353172,145700.0,147350.0,155375.0,166283.33333333337,164287.5,149674.60291855596,155380.57650278124,-5705.973584225258,-5008.659760043139,-697.3138241821173,31.74603174603175,173753.99616410007,9189.49808205004,136996.00383589993,16.666666666666664,16.889028150339815,15.10593396864561
20151229,145000,146500,144000,145500,20923,-4534,1224082,1200.0,1665.0825805346713,8688.4981440984,12118.612292210095,12144.097217258844,145600.0,146450.0,154100.0,165958.33333333337,164341.66666666663,149032.35631570118,154648.68194701965,-5616.325631318437,-5130.192934298198,-486.13269702024,27.118644067796605,171476.9962881968,8688.4981440984,136723.0037118032,17.647058823529413,17.141705041403014,15.784524326231411
20151230,147000,148500,146000,146500,23375,6083,1216286,600.0,1665.0825805346713,8219.603092607413,12352.361447648374,11966.260438787913,146200.0,146450.0,153025.0,165550.0,164433.33333333337,148642.76303636256,154045.07587687005,-5402.312840507482,-5184.616915540057,-217.69592496742558,28.33333333333333,169464.20618521483,8219.603092607413,136585.79381478517,28.57142857142857,20.951612884744865,17.506887179069228
20160104,145500,146500,141500,141500,48359,-9557,1210709,1939.0719429665319,2229.9103120977757,7659.756849926852,12572.72179495552,11877.298023260386,145200.0,145950.0,151625.0,164900.0,164475.0,147543.87641538368,153115.8109971019,-5571.934581718175,-5262.0804487756795,-309.8541329424943,24.63768115942029,166944.5136998537,7659.756849926852,136305.4863001463,0.0,13.967741923163244,16.327172093767235
20160105,141000,147500,140000,145500,74281,15791,1206966,1743.5595774162691,2204.5407685048604,6567.486200975327,12713.386973318691,11826.258888827326,144900.0,145800.0,150425.0,164375.0,164504.16666666663,147229.43388994006,152551.6768491684,-5322.242959228344,-5274.1129508662125,-48.13000836213087,35.714285714285715,163559.97240195065,6567.486200975327,137290.02759804935,42.30769230769231,23.4143920513396,18.689578746291357
20160106,145000,150000,144000,144000,55421,713,1205877,1743.5595774162691,1597.6545308670457,5644.189490086361,12906.673553717781,11971.284363240537,144600.0,145150.0,149325.0,163866.66666666663,164320.83333333337,146732.59790687234,151918.21930478554,-5185.621397913202,-5256.4146402756105,70.79324236241064,35.211267605633815,160613.37898017268,5644.189490086361,138036.62101982732,33.33333333333333,26.720705812004173,21.366621101528963
20160107,145000,149500,141500,142500,55089,-18012,1205948,1843.9088914585773,1749.28556845359,5542.1115109677585,13141.494925955125,12122.634362583933,144000.0,144800.0,148600.0,163366.66666666663,164091.66666666663,146081.42899812278,151220.573430357,-5139.1444322342295,-5232.960598667335,93.81616643310645,43.103448275862064,159684.22302193553,5542.1115109677585,137515.77697806447,20.833333333333336,24.758248319113893,22.497163507390606
20160108,142000,146500,139500,145500,38497,15355,1196701,1600.0,1702.93863659264,5033.078084035787,13215.360906494534,12222.758116408677,143800.0,145000.0,147925.0,162841.66666666663,163879.16666666663,145991.97838302696,150796.82725033053,-4804.8488673036045,-5147.338252394589,342.4893850909848,48.43749999999999,157991.15616807158,5033.078084035787,137858.84383192842,48.0,32.50549887940926,25.833275298063494
20160111,144000,144500,139500,139500,62188,-2453,1178277,2244.994432064365,2282.542442102665,4602.3771031936685,13366.258825865027,12378.63302451315,143400.0,144300.0,146925.0,162175.0,163583.33333333337,144993.2124779459,149960.02523178756,-4966.812753841659,-5111.2331526840035,144.42039884234418,40.0,156129.75420638733,4602.3771031936685,137720.24579361267,0.0,21.67033258627284,24.44562772746661
20160112,140500,141500,135000,138500,72996,146,1173206,2645.7513110645905,2668.8012290165034,4048.4564959995973,13542.20768150095,12529.287910953586,142000.0,143450.0,145900.0,161516.66666666663,163266.66666666663,143994.25671210804,149111.13447387738,-5116.877761769312,-5112.362074501067,-4.515687268246438,32.857142857142854,153996.91299199918,4048.4564959995973,137803.08700800082,23.333333333333332,22.22466616862634,23.705307207853185
20160113,139500,144000,138500,142000,107388,22151,1152483,2457.641145488901,2605.7628441590764,3476.6183282036204,13551.557926018557,12603.692139828225,141600.0,143100.0,145225.0,160883.33333333337,162966.66666666663,143687.44798716836,148584.38377210867,-4896.935784940317,-5069.276816588917,172.3410316485997,44.11764705882353,152178.23665640724,3476.6183282036204,138271.76334359276,46.666666666666664,30.371999667973114,25.92753802789316
20160114,141000,141000,136500,141000,63287,9626,1135720,2420.743687382041,2540.177159176108,2867.4901917881666,13416.501034174808,12674.054862855808,141300.0,142650.0,144550.0,160150.0,162650.0,143273.9944506809,148022.57756676732,-4748.583116086375,-5005.138076488409,256.5549604020344,46.153846153846146,150284.98038357633,2867.4901917881666,138815.01961642367,40.0,33.581333111982076,28.4788030559228
20160115,142500,142500,136500,137000,37737,-12989,1134811,1772.0045146669352,2694.438717061496,3264.4869428443626,13309.040369446955,12853.727707254211,139600.0,141700.0,144075.0,159333.33333333337,162354.16666666663,142308.76453519156,147206.09033959935,-4897.325804407796,-4983.575622072287,86.24981766449127,35.82089552238805,150603.97388568873,3264.4869428443626,137546.02611431127,13.333333333333334,26.831999852432492,27.929868654759364
20160118,135000,138500,135000,135500,33824,-14527,1135849,2420.743687382041,3277.1939216347882,3706.329046374773,13226.391441189404,13080.867602045158,138800.0,141100.0,143525.0,158508.33333333337,162108.33333333337,141261.26229900823,146338.9725366661,-5077.710237657855,-5002.402545189401,-75.30769246845375,33.333333333333336,150937.65809274954,3706.329046374773,136112.34190725046,3.3333333333333335,18.999111012732772,24.9529494407505
20160119,136000,137000,133000,133500,53905,-6598,1127429,3234.1923257592457,3624.913792078371,4207.4338972824435,13184.165586878624,13128.369937743026,137800.0,139900.0,142850.0,157666.66666666663,161658.33333333337,140067.22194531467,145387.93753395008,-5320.715588635417,-5066.065153878604,-254.6504347568116,32.857142857142854,151264.8677945649,4207.4338972824435,134435.1322054351,2.941176470588235,13.646466165351258,21.184121682284086
20160120,134000,135000,127500,131000,61178,-278,1127761,3367.491648096547,4205.948168962618,4565.837820159772,13112.491393917759,13189.136286058876,135600.0,138600.0,141875.0,156758.33333333337,161179.16666666663,138672.26472295856,144322.16438328713,-5649.899660328578,-5182.832055168599,-467.0676051599785,30.66666666666667,151006.67564031953,4565.837820159772,132743.32435968047,15.555555555555555,14.282829295419356,18.88369088666251
20160121,131500,134500,130500,133000,34863,13165,1117943,2073.6441353327727,4289.813515760329,4848.904515455149,12989.151456333351,13282.65825867245,134000.0,137650.0,141225.0,155916.66666666663,160762.5,137799.60861173415,143483.4855400807,-5683.876928346552,-5283.04102980419,-400.835898542362,32.467532467532465,150922.80903091028,4848.904515455149,131527.19096908972,24.444444444444443,17.670034345094383,18.479138706139803
20160122,133500,135000,131500,134000,40423,-5800,1114587,1462.8738838327793,3500.0,5063.348694293267,12963.720745047172,13352.774888473003,133400.0,136500.0,140750.0,155183.33333333337,160358.33333333337,137215.05344069813,142781.00512970437,-5565.951689006209,-5339.623161644594,-226.32852736161385,39.130434782608695,150876.69738858653,5063.348694293267,130623.30261141347,29.545454545454547,21.62850774521444,19.52892838583135
20160125,135000,136000,132500,134500,59252,-9075,1117878,1208.3045973594571,3391.1649915626344,5057.420291018073,12883.546246623999,13474.97423209294,133200.0,136000.0,140150.0,154458.33333333337,160008.33333333337,136797.35291135995,142167.59734231886,-5370.2444309588755,-5345.7474155074515,-24.49701545142489,32.25806451612904,150264.84058203615,5057.420291018073,130035.15941796385,36.84210526315789,26.699706917862255,21.91918789650832
20160126,133500,134000,126500,127500,91877,-36237,1120080,2549.509756796393,4109.744517606903,5502.896964327184,13055.22458209352,13704.211006313672,132000.0,134900.0,139175.0,153666.66666666663,159595.83333333337,135366.99092499688,141081.1086502952,-5714.1177252983325,-5419.421477465628,-294.696247832705,27.397260273972602,150180.79392865437,5502.896964327184,128169.20607134564,5.555555555555555,19.651656463760023,21.163344085592218
20160127,125000,134500,121000,128500,156246,5850,1125000,2915.4759474226507,3757.9914848227104,5766.8774046273375,13269.144973710363,13918.899521474475,131500.0,133550.0,138325.0,152975.0,159208.33333333337,134310.53078268966,140149.17467619927,-5838.643893509609,-5503.265960674425,-335.37793283518386,30.555555555555554,149858.75480925463,5766.8774046273375,126791.24519074534,32.608695652173914,23.970669526564652,22.099119232583032
20160128,128000,129500,123000,124000,119087,-15738,1096332,4007.4929819027757,3847.401720642127,6307.733348834694,13619.675310210769,14223.718454281929,129700.0,131850.0,137250.0,152233.33333333337,158800.0,132724.29527766048,138952.9395149993,-6228.644237338827,-5648.341616007306,-580.3026213315216,21.33333333333333,149865.46669766938,6307.733348834694,124634.53330233063,13.043478260869565,20.328272437999622,21.508836967721894
20160129,124000,124500,117000,118000,180408,-21992,1061236,5431.390245600108,5265.216044950103,7211.579230654082,14048.376240690908,14646.899558154975,126500.0,129950.0,135825.0,151325.0,158350.0,130459.01908109733,137400.86992129564,-6941.850840198313,-5907.043460845508,-1034.8073793528047,21.33333333333333,150248.15846130814,7211.579230654082,121401.84153869185,3.9215686274509802,14.859371167816741,19.292348367753508
20160201,119000,123000,118000,121000,109710,37752,1049168,3931.9206502675,5527.2054421741905,7767.560749682059,14412.581309397996,14988.319526292338,123800.0,128500.0,134800.0,150550.0,157933.33333333337,129003.78537631313,136185.99066786634,-7182.20529155321,-6162.075826987049,-1020.1294645661619,27.848101265822788,150335.12149936412,7767.560749682059,119264.87850063588,15.686274509803921,15.1350056151458,17.906567450217604
20160202,122000,123500,119500,120000,100495,13999,1007475,3655.133376499413,5783.813620786895,7996.053714176845,14728.788891902495,15323.321006448985,122300.0,127150.0,133525.0,149733.33333333337,157500.0,127618.5876261111,134987.02839617257,-7368.440770061439,-6403.3488156019275,-965.0919544595108,20.270270270270267,149517.1074283537,7996.053714176845,117532.89257164633,13.953488372093023,14.741166534128206,16.851433811521137
20160203,118500,121500,118500,119000,62919,17223,978376,2059.1260281974,6096.925454686158,8211.995798829987,15186.642065388582,15701.609966992868,120400.0,125950.0,132275.0,149058.33333333337,157116.66666666663,126292.65106824785,133802.80407053017,-7510.153002282283,-6624.7096529380005,-885.4433493442839,20.270270270270267,148698.99159765994,8211.995798829987,115851.00840234006,10.0,13.160777689418802,15.621215104153691
20160204,120000,128000,120000,126500,113993,55811,957463,2973.2137494637013,5640.03546088143,7952.161655801607,15375.566836886468,15946.054349135084,120900.0,125300.0,131475.0,148483.33333333337,156854.16666666663,126324.55090390205,133261.85562086126,-6937.304716959232,-6687.228665742248,-250.07605121698361,37.03703703703704,147379.32331160322,7952.161655801607,115570.67668839678,50.0,25.440518459612534,18.894316222639972
20160205,126500,129000,125500,126000,108722,15514,913000,3130.4951684997054,4863.126566315132,7345.066371381632,15613.159958474003,16190.205694081873,122500.0,124500.0,130500.0,147991.66666666663,156612.5,126274.61999560939,132723.94038968635,-6449.3203940769445,-6639.64701140919,190.3266173322436,37.97468354430379,145190.13274276324,7345.066371381632,115809.86725723676,47.368421052631575,32.74981932395222,23.512817256410717
20160211,123000,124000,120500,121000,80037,19231,899004,3130.4951684997054,3612.824379900025,7318.256281382973,15908.721839153592,16510.70307322607,122500.0,123150.0,129575.0,147341.66666666663,156320.83333333337,125463.13999628488,131855.5003608207,-6392.360364535824,-6590.189682034516,197.8293174986929,35.29411764705883,144211.51256276594,7318.256281382973,114938.48743723404,21.052631578947366,28.850756742283934,25.29213041836846
20160212,122000,123000,116500,120000,83220,33332,882763,3130.4951684997054,3404.4089061098402,7300.856114182866,16236.128694981653,16828.707594630378,122500.0,122400.0,128650.0,146725.0,155970.83333333337,124622.65691993338,130977.31514890805,-6354.6582289746875,-6543.083391422551,188.42516244786384,36.58536585365854,143251.71222836574,7300.856114182866,114048.28777163426,17.94871794871795,25.216743811095274,25.267001549277396
20160215,125000,127000,123000,125000,67077,18063,870310,2675.8176320519306,2902.154372186289,6658.4532738468115,16396.815408961636,17061.400554728898,123700.0,122050.0,127800.0,146166.66666666663,155733.33333333337,124680.70970148208,130534.55106380375,-5853.841362321691,-6405.234985602379,551.3936232806891,40.90909090909091,141116.90654769362,6658.4532738468115,114483.09345230636,47.22222222222222,32.55190328147092,27.695302126675234
20160216,126500,126500,123000,125000,56963,-8121,866640,2416.6091947189143,2983.7057495671393,5947.688626685273,16571.434173165628,17285.709817328985,123400.0,122150.0,127000.0,145658.33333333337,155508.33333333337,124729.83128586946,130124.58431833686,-5394.753032467372,-6203.1385949753785,808.3855625080079,39.53488372093023,138895.37725337053,5947.688626685273,115104.62274662945,47.22222222222222,37.442009595054685,30.94420461613505
20160217,124500,126000,122000,124000,54342,7556,865198,2097.617696340303,2676.284738214528,5513.846207503555,16677.15295113531,17521.415467935658,123000.0,122750.0,126350.0,145041.66666666663,155250.0,124617.54954958186,129670.91140586745,-5053.361856285599,-5973.183247237424,919.8213909518254,37.93103448275862,137377.6924150071,5513.846207503555,115322.30758499287,57.692307692307686,44.19210896080568,35.360172731025266
20160218,127000,129500,124000,129000,82285,6966,865739,2870.5400188814647,3181.587653986607,5144.110710317317,16693.528353493588,17681.730507787266,124600.0,123550.0,126025.0,144533.33333333337,155012.5,125291.7726958,129621.21426469207,-4329.441568892056,-5644.434911568352,1314.9933426762955,51.80722891566265,136313.22142063465,5144.110710317317,115736.77857936535,96.15384615384616,61.51268802515251,44.07767782906768
20160219,129000,130000,127000,128500,21477,-157,858304,2039.607805437114,3254.2280190545957,4889.976993811048,16482.438044442755,17845.225299004698,126300.0,124400.0,125775.0,143841.66666666663,154795.83333333337,125785.3461272154,129538.16135619635,-3752.815228980967,-5266.110975050875,1513.295746069909,50.0,135554.9539876221,4889.976993811048,115995.04601237789,88.88888888888889,70.63808831306464,52.93114799040001
20160222,129000,131500,127500,130000,39679,13335,862057,2357.9652245103193,3098.386676965933,4841.164632606635,16270.702624315081,17986.181038045528,127300.0,125500.0,125725.0,143208.33333333337,154575.0,126433.7544153361,129572.37162610775,-3138.6172107716557,-4840.612222195031,1701.9950114233752,57.89473684210528,135407.32926521328,4841.164632606635,116042.67073478672,90.0,77.09205887537642,60.98478495205882
20160223,131000,131500,126500,126500,59067,-3685,862354,2130.727575266252,3098.386676965933,4551.373419090257,15937.238015276045,18157.59521216684,127600.0,125500.0,125400.0,142433.33333333337,154291.66666666663,126443.94604374592,129344.78854269235,-2900.8424989464397,-4452.6582775453135,1551.8157785988724,61.97183098591549,134502.74683818052,4551.373419090257,116297.25316181948,66.66666666666666,73.61692813913983,65.19549934775249
20160224,126000,129000,126000,127500,26637,1662,867520,1208.3045973594571,3154.7583108694707,4139.066923836982,15575.378985936732,18303.91579234751,128300.0,125650.0,125075.0,141691.66666666663,154000.0,126606.41588316965,129208.13753952994,-2601.721656360344,-4082.470953308319,1480.7492969479754,59.70149253731344,133353.13384767398,4139.066923836982,116796.86615232605,73.33333333333333,73.52239653720433,67.97113174423644
20160225,128000,128500,126500,126500,29359,-423,869077,1326.64991614216,2749.545416973504,3554.1349158411717,15233.814270307546,18454.481821648933,127800.0,126200.0,124675.0,140958.33333333337,153695.83333333337,126590.04420883585,129007.53475882404,-2417.490549988201,-3749.474872644295,1331.9843226560945,59.70149253731344,131783.26983168235,3554.1349158411717,117566.73016831766,66.66666666666666,71.2371532470251,69.05980557849934
20160226,127500,128000,122000,123000,57281,-20500,868231,2249.4443758403986,2156.3858652847825,3510.3418636938104,14782.616949948077,18661.419928558902,126700.0,126500.0,124450.0,140108.33333333337,153412.5,126037.72971516875,128562.53218409633,-2524.802468927548,-3504.540391900946,979.737922973398,55.55555555555557,131470.68372738766,3510.3418636938104,117429.31627261238,43.333333333333336,61.935879942461185,66.68516369981995
20160229,123500,124500,121000,121500,44810,-13153,873647,2323.7900077244503,2608.160271148995,3437.2954484596366,14374.881642024919,18879.683009933487,125000.0,126150.0,124100.0,139266.66666666663,153191.66666666663,125339.61745129668,128039.38165194106,-2699.7642006443784,-3343.585153649632,643.8209530052536,41.66666666666666,130974.59089691928,3437.2954484596366,117225.40910308072,33.33333333333333,52.40169773941856,61.92400837968615
20160302,122000,124000,119000,123000,107921,-38903,877820,2293.468988235943,2760.8875384557045,3445.6494308042047,13914.880124848047,19072.770002167257,124300.0,125950.0,124050.0,138466.66666666663,152983.33333333337,124979.67630494336,127666.09412216766,-2686.417817224297,-3212.1516863645656,525.7338691402683,45.16129032258064,130941.2988616084,3445.6494308042047,117158.7011383916,32.0,45.60113182627904,56.483049528550445
20160303,123500,123500,120500,122000,75565,-39005,886725,1749.28556845359,2960.152023123137,3195.700236255168,13528.426860996638,19279.619618625897,123200.0,125750.0,124250.0,137700.0,152729.16666666663,124521.26456572127,127246.38344645152,-2725.1188807302387,-3114.7451252377,389.6262445074617,51.85185185185186,130641.40047251033,3195.700236255168,117858.59952748967,24.0,38.40075455085269,50.455617869317855
20160304,122500,128500,122500,128500,101059,-9309,913276,2517.9356624028337,2908.6079144497976,3232.162588732401,12927.028102218905,19402.339134467904,123600.0,125700.0,124625.0,137016.66666666663,152558.33333333337,125133.37770945649,127339.24393189955,-2205.8662224430736,-2932.9693446787755,727.1031222357019,63.07692307692307,131089.3251774648,3232.162588732401,118160.67482253519,76.0,50.93383636723513,50.615024035290276
20160307,129500,130500,127000,129000,70182,5829,910147,3264.9655434629017,2960.152023123137,3183.060634044117,12253.058008332324,19497.05105907085,124800.0,125750.0,125075.0,136341.66666666663,152450.0,125728.2426772324,127462.26289990699,-1734.0202226745896,-2693.1795202779385,959.1592976033487,57.14285714285714,131441.12126808823,3183.060634044117,118708.87873191175,80.0,60.62255757815675,53.9508685495791
20160308,129000,131500,127000,131000,68426,3118,915080,3544.0090293338703,3114.8836254345038,3111.571146543389,11645.275031340248,19569.42369488728,126700.0,125850.0,125675.0,135758.33333333337,152362.5,126539.28226535047,127724.31749991387,-1185.0352345633873,-2391.550663135029,1206.5154285716412,60.0,131898.14229308677,3111.571146543389,119451.85770691323,96.0,72.41503838543782,60.10559182819867
20160309,130000,132000,128000,128500,52724,-4809,905200,3043.024810940588,3212.8647652834693,3168.102744546227,11346.573148850846,19689.00391081316,127800.0,126050.0,125775.0,135283.33333333337,152175.0,126840.93114760426,127781.7754628832,-940.8443152789548,-2101.409393563814,1160.5650782848586,57.14285714285715,132111.20548909245,3168.102744546227,119438.79451090755,73.07692307692307,72.6356666159329,64.28228342411008
20160310,128500,130500,128000,130000,65389,-18622,923716,969.5359714832657,3407.345007480164,3299.526481178979,10936.254691011329,19791.464472651798,129400.0,126300.0,125975.0,134800.0,152004.16666666663,127326.94174028053,127946.08839155851,-619.1466512780171,-1804.9568451066543,1185.8101938286372,51.78571428571429,132574.05296235794,3299.526481178979,119375.94703764205,84.61538461538461,76.62890594908347,68.39782426576788
20160311,131000,133000,129000,130000,84832,-4872,925110,871.7797887081348,3585.0383540486705,3202.635633349716,10467.844280886547,19890.166732305308,129700.0,126650.0,126425.0,134308.33333333337,151795.83333333337,127738.18147254505,128098.22999218381,-360.04851963877434,-1515.9751800130787,1155.926660374304,52.72727272727274,132830.27126669942,3202.635633349716,120019.72873330055,78.57142857142857,77.27641348986516,71.35735400713365
20160314,130500,131500,126500,128500,69599,1844,921175,969.5359714832657,3400.0,2868.361901852926,9985.906735661685,19987.78098961725,129600.0,127200.0,126850.0,133800.0,151533.33333333337,127855.38432292275,128127.99073350355,-272.60641058080364,-1267.3014261266235,994.6950155458195,47.27272727272727,132586.72380370586,2868.361901852926,121113.27619629414,67.85714285714286,74.13665661229106,72.28378820885278
20160315,128500,129500,125000,125500,44495,-10400,928756,1643.1676725154985,2905.167809266789,2854.2731123705266,9631.631914340016,20101.290381465966,128500.0,127600.0,126875.0,133300.0,151225.0,127493.01750401154,127933.32475324404,-440.30724923248636,-1101.902590747796,661.5953415153098,48.148148148148145,132583.54622474106,2854.2731123705266,121166.45377525894,46.42857142857143,64.90062821771785,69.82273487847448
20160316,125500,132000,125000,131500,96761,8547,943877,2034.698994937581,2668.8012290165034,2989.147035527248,9229.556989488814,20131.436168893622,129100.0,128450.0,127200.0,132916.66666666663,150933.33333333337,128109.47634954822,128197.52291967039,-88.04657012218377,-899.1313866226735,811.0848165004898,56.25,133178.2940710545,2989.147035527248,121221.7059289455,89.28571428571429,73.02899024038334,70.89148666577744
20160317,132500,133000,130500,131500,57526,3075,938061,2244.994432064365,1729.1616465790582,3034.2832761628133,9059.831982744216,20172.398892629244,129400.0,129400.0,127575.0,132666.66666666663,150662.5,128631.09537269465,128442.15085154668,188.94452114797605,-681.5162050685436,870.4607262165198,58.064516129032256,133643.56655232562,3034.2832761628133,121506.43344767435,89.28571428571429,78.44789825549366,73.41029052901617
20160318,132500,132500,130000,130000,44495,-11798,941480,2244.994432064365,1709.532099727876,3065.432269680956,8884.486322923882,20188.5035870257,129400.0,129550.0,127625.0,132391.66666666663,150337.5,128841.69608458778,128557.54708476545,284.14899982234056,-488.3831640903669,772.5321639127072,62.06896551724138,133755.8645393619,3065.432269680956,121494.13546063806,76.0,77.63193217032911,74.81750440945382
20160321,130000,131000,128500,129000,51134,-18651,952527,2213.5943621178653,1709.532099727876,3074.4918279288586,8687.870695528412,20215.45020728823,129500.0,129550.0,127650.0,132091.66666666663,150012.5,128866.05053311275,128590.3213747828,275.7291583299229,-335.56069960630884,611.2898579362318,63.157894736842096,133798.9836558577,3074.4918279288586,121501.01634414226,61.904761904761905,72.38954208180671,74.00818363357145
20160322,129000,129500,126500,127500,53893,-17666,947489,1529.7058540778353,1734.9351572897476,3026.858932953655,8368.737293575883,20254.093807727826,129900.0,129200.0,127525.0,131708.33333333337,149679.16666666663,128655.88891263385,128509.5568285026,146.3320841312525,-239.18214285879657,385.51422699004905,57.89473684210528,133578.7178659073,3026.858932953655,121471.28213409267,31.25,58.67636138787114,68.89757621833802
20160323,128000,137000,128000,133500,172907,-2695,981090,2063.9767440550295,2135.415650406262,3282.0534730563627,8163.43473463624,20286.917223094373,130300.0,129700.0,127875.0,131500.0,149462.5,129401.13677222865,128879.21928565054,521.9174865780806,-86.96221697142109,608.8797035495016,67.16417910447761,134439.10694611273,3282.0534730563627,121310.89305388727,70.83333333333334,62.728685369691874,66.84127926878931
20160324,133500,136000,132500,132500,72853,1752,973963,2213.5943621178653,2296.192500641007,3431.016613192267,8014.032831366547,20314.793032965878,130500.0,129950.0,128125.0,131316.66666666663,149220.83333333337,129877.88496111655,129147.42526449125,730.4596966252866,76.52216574792051,653.937530877366,57.14285714285714,134987.03322638455,3431.016613192267,121262.96677361547,62.5,62.652456913127914,65.4450051502355
20160325,133500,135500,132500,133500,80116,-414,971177,2481.934729198171,2531.797780234433,3600.260407248528,7772.708665581037,20330.59407778268,131200.0,130300.0,128475.0,131100.0,148983.33333333337,130435.13342863707,129469.83820786227,965.2952207748019,254.2767767532969,711.0184440215053,57.89473684210528,135675.52081449705,3600.260407248528,121274.47918550295,70.83333333333334,65.37941571986306,65.42314200677802
20160328,134500,139500,134500,137000,119440,11701,963616,3059.4117081556706,3138.869223143901,3821.894163893257,7533.517696858975,20331.898429561774,132800.0,131150.0,129175.0,130933.33333333331,148787.5,131445.11290115444,130027.62797024286,1417.4849309115964,486.9184075849568,930.5665233266393,60.0,136818.78832778652,3821.894163893257,121531.21167221348,82.75862068965517,71.1724840431271,67.33958935222772
20160329,138000,141000,136000,138500,112857,10904,944947,2323.7900077244503,3220.6365830375835,3909.843347245684,7359.21568888655,20284.16870369641,135000.0,132450.0,130025.0,130816.66666666669,148550.0,132530.48014713067,130655.21108355818,1875.2690635724866,764.5885387824629,1110.6805247900238,67.24137931034483,137844.68669449133,3909.843347245684,122205.31330550865,84.375,75.57332269541807,70.08416713329116
20160330,138500,141500,136500,140000,83012,5983,947515,2874.021572639983,3906.4049969249213,4131.812556251957,7208.458573093025,20242.48660340191,136300.0,133300.0,130875.0,130725.0,148341.66666666663,133679.63704757212,131347.41766996132,2332.2193776108033,1078.1147065481314,1254.104671062672,67.24137931034483,139138.6251125039,4131.812556251957,122611.37488749607,90.9090909090909,80.68524543330902,73.61785989996378
20160331,141000,142500,137500,138500,78361,-5696,949361,2213.5943621178653,4141.255848169732,3919.183588453255,6985.992930301351,20154.74466816451,137500.0,134000.0,131700.0,130591.66666666669,148070.83333333337,134421.2313479456,131877.2385832975,2543.992764648109,1371.290318168127,1172.7024464799813,63.93442622950821,139538.3671769065,3919.183588453255,123861.63282309347,77.14285714285715,79.50444933649173,75.58005637880643
20160401,138500,139500,133500,133500,57523,-15447,952434,2213.5943621178653,3930.9668022001924,3866.199684444834,6851.576258221197,19976.63174742527,137500.0,134350.0,131950.0,130458.33333333331,147679.16666666663,134279.50344826168,131997.44313268288,2282.0603155787976,1553.4443176502616,728.6159979285362,57.352941176470594,139682.39936888966,3866.199684444834,124217.60063111033,43.75,67.58629955766115,72.91547077175801
20160404,135000,140000,135000,139500,58359,14576,942180,2323.7900077244503,3760.319135392633,4133.627341694137,6672.762837752216,19808.114218393068,138000.0,135400.0,132475.0,130358.33333333331,147366.66666666663,135082.65676391372,132553.18808581747,2529.468678096251,1748.6491897394596,780.8194883567917,68.91891891891892,140742.25468338828,4133.627341694137,124207.74531661172,81.25,72.1408663717741,72.6572693050967
20160405,140000,143000,138500,141500,72688,17735,929213,2727.636339397171,3108.0540535840105,4557.960070031476,6594.8001401776355,19658.011866808214,138600.0,136800.0,133000.0,130316.66666666669,147091.66666666663,136069.94033869624,133215.91489427545,2854.0254444208117,1969.7244406757306,884.3010037450812,65.15151515151516,142115.92014006295,4557.960070031476,123884.07985993705,90.9090909090909,78.39694121754637,74.57049327591325
20160406,140000,141500,138000,139500,63242,10080,924454,2683.281572999748,2989.9832775452105,4644.620544242698,6513.10644435922,19531.057887944506,138500.0,137400.0,133550.0,130266.66666666669,146816.66666666663,136597.6418250507,133681.40267988466,2916.2391451660083,2159.027381573786,757.2117635922217,61.42857142857143,142839.2410884854,4644.620544242698,124260.75891151461,78.78787878787878,78.5272537409905,75.889413430939
20160407,141500,141500,139000,141000,36379,1791,925862,2863.564212655271,2666.927070618917,4838.904834774221,6361.401618790749,19340.688256167086,139000.0,138250.0,134100.0,130191.66666666669,146516.66666666663,137274.9276981198,134223.5209998932,3051.406698226609,2337.5032449043506,713.903453322258,65.71428571428571,143777.80966954847,4838.904834774221,124422.19033045154,86.66666666666667,81.24039138288255,77.67307274825352
20160408,140000,142000,140000,140500,38689,557,926237,800.0,2207.3740054644118,4934.255262955226,6387.025694501333,19110.008648757143,140400.0,138950.0,134625.0,130208.33333333331,146191.66666666663,137771.09266763984,134688.44537027148,3082.647297368356,2486.532055397152,596.1152419712039,66.66666666666667,144493.51052591045,4934.255262955226,124756.48947408955,76.19047619047619,79.5570863187471,78.30107727175137
20160411,140000,144000,139000,142500,69884,25444,926863,1000.0,2334.5235059857505,5008.180807439097,6493.2176153273995,18888.807955300923,141000.0,139500.0,135325.0,130275.0,145895.83333333337,138498.61687261832,135267.07904654767,3231.537826070649,2635.533209531852,596.0046165387976,71.42857142857143,145341.3616148782,5008.180807439097,125308.6383851218,86.95652173913044,82.0235647922082,79.54190644523698
20160412,143500,143500,139000,141000,38845,4178,922093,969.5359714832657,2347.871376374779,4611.398920067677,6464.319806101304,18633.00117101124,140900.0,139750.0,136100.0,130258.33333333331,145570.83333333337,138883.44504606165,135691.73985791448,3191.7051881471416,2746.7676052549104,444.9375828922316,62.295081967213115,145322.79784013535,4611.398920067677,126877.20215986465,71.42857142857143,78.49190033766261,79.19190440937886
20160414,140000,143500,139500,142000,46474,-16902,931949,734.8469228349533,2443.8698819699875,4655.306112384162,6493.2176153273995,18281.441238316453,141400.0,139950.0,136625.0,130275.0,145212.5,139362.91503897525,136159.01838695788,3203.8966520173713,2838.1934146074022,365.70323740996855,65.57377049180329,145935.61222476832,4655.306112384162,127314.38777523168,80.95238095238095,79.31206054256872,79.23195645377548
20160415,140500,142000,138500,139500,60774,-28456,955231,1067.707825203131,2402.6027553467925,4540.03028624274,6544.060071715439,17901.658442725842,141100.0,140050.0,137025.0,130316.66666666669,144825.0,139384.00503297907,136406.49850644247,2977.5065265365997,2866.0560369932427,111.45048954335743,59.375,146105.06057248547,4540.03028624274,127944.93942751453,57.14285714285714,71.92232607599819,76.79541299451638
20160418,138000,140000,137500,139000,28472,-7222,959362,1363.8181696985855,1135.781669160055,4258.741011144178,6605.316671691939,17525.836087204887,140800.0,140600.0,137475.0,130375.0,144441.66666666663,139324.92733559766,136598.60972818747,2726.317607410194,2838.1083510766325,-111.79074366643864,53.44827586206896,145992.48202228837,4258.741011144178,128957.51797771164,52.38095238095239,65.40853484431625,72.99978694444967
20160419,139500,142000,139000,140500,41347,-6657,970857,1067.707825203131,1077.0329614269008,3830.469945059135,6720.2998858349865,17149.70794616942,140400.0,140700.0,138050.0,130491.66666666669,144079.16666666663,139505.70774550573,136887.6016001736,2618.106145332131,2794.107909927733,-176.0017645956018,53.44827586206896,145710.93989011823,3830.469945059135,130389.06010988171,66.66666666666666,65.82791211843305,70.60916200244412
20160420,141000,141000,136000,136000,49896,-13517,981014,1984.9433241279207,1732.7723451163456,3022.7264183186244,6756.9871244511205,16738.843714214745,139400.0,140150.0,138475.0,130575.0,143666.66666666663,138966.36809235098,136821.85333349407,2144.514758856938,2664.189279713574,-519.6745208566358,43.75,144520.45283663724,3022.7264183186244,132429.54716336276,11.11111111111111,47.58897844932574,62.935767484737994
20160421,137500,142500,133000,141500,94121,11451,1004768,1860.1075237738282,1761.3914953808535,2863.018511990681,6894.059439514129,16336.555804562151,139300.0,140350.0,138875.0,130716.66666666669,143316.66666666663,139356.1576166047,137168.38271619822,2187.7749004064826,2568.906403852156,-381.13150344567293,54.16666666666666,144601.03702398133,2863.018511990681,133148.96297601867,77.27272727272727,57.48356139045958,61.11836545331186
20160422,141000,143500,141000,143000,44720,10920,1008258,2387.4672772626645,1929.378138157473,2596.1509971496907,7059.784384494609,16024.180946307915,140000.0,140550.0,139400.0,130866.66666666669,143025.0,139916.74875251163,137600.3543668502,2316.3943856614637,2518.404000214017,-202.0096145525531,64.61538461538461,144592.30199429934,2596.1509971496907,134207.69800570066,90.9090909090909,68.62540456333669,63.620711823320136
20160425,146500,150500,145500,150000,186401,38901,1025360,4545.327270945405,3427.827300200521,3152.2809202229005,7460.241841477518,15714.057312554258,142200.0,141500.0,140225.0,131125.0,142791.66666666663,141468.01817520222,138518.84663597238,2949.1715392298065,2604.5575080171748,344.6140312126313,65.67164179104478,146529.5618404458,3152.2809202229005,133920.4381595542,97.14285714285714,78.1312220898435,68.45754857882793
20160426,151000,152000,148000,150000,66837,-1376,1037999,5351.635264103861,4279.310692155923,3711.047695732478,7825.173054529343,15449.154957113567,144100.0,142250.0,140875.0,131500.0,142583.33333333337,142780.63076363262,139369.30244071517,3411.328322917457,2765.9116709972322,645.416651920224,63.4920634920635,148297.09539146494,3711.047695732478,133452.90460853506,89.47368421052632,81.91204279673777,72.94237998479787
20160427,150000,151500,148500,149000,46693,-13128,1053844,3682.390527904394,4698.1379290097475,4063.865155243384,8128.392454162622,15255.324662411265,146700.0,143050.0,141400.0,131841.66666666663,142408.33333333337,143737.45679999684,140082.68744510665,3654.769354890217,2943.683207775829,711.0861471143878,65.57377049180329,149527.73031048678,4063.865155243384,133272.26968951322,84.21052631578947,82.67820396975499,76.18765464645024
20160428,150000,154500,148000,148500,86206,-6769,1068086,2615.339366124404,4950.7575177946255,4330.920802785631,8336.915896581053,15077.574867627312,148100.0,143700.0,141825.0,132250.0,142241.66666666663,144470.1557538435,140706.19207880244,3763.9636750410414,3107.739301228872,656.2243738121706,62.711864406779654,150486.84160557127,4330.920802785631,133163.15839442873,72.09302325581395,79.14981039844132,77.17503989711393
20160429,147500,151000,144000,150000,63841,8835,1068352,632.4555320336758,5060.879370228064,4605.974381170757,8431.274452233683,14838.12598136661,149500.0,144750.0,142400.0,132783.33333333337,142054.16666666663,145320.90102248295,141394.62229518744,3926.2787272955175,3271.4471864422017,654.8315408533157,65.57377049180329,151611.94876234152,4605.974381170757,133188.05123765848,79.06976744186046,79.12312941291437,77.82440306904742
20160502,149500,150500,145000,145500,45239,-5165,1068284,1655.2945357246854,4684.0153714521475,4168.333000133427,8443.977965916813,14657.406522718817,148600.0,145400.0,143000.0,133191.66666666663,141870.83333333337,145348.45471133172,141698.7243473958,3649.7303639359307,3347.1038219409484,302.6265419949823,54.54545454545456,151336.66600026685,4168.333000133427,134663.33399973315,58.139534883720934,72.12859790318322,75.92580134709269
20160503,146500,149000,145000,147000,48032,-14607,1078890,1581.1388300841895,4401.420225336363,4173.95196426616,8448.417833469703,14453.094031498973,148000.0,146050.0,143375.0,133641.66666666663,141687.5,145602.53860189606,142091.4114327739,3511.127169122163,3379.9084913771917,131.21867774497105,59.09090909090908,151722.90392853232,4173.95196426616,135027.09607146768,65.11627906976744,69.79115829204463,73.88092032874333
20160504,145000,147000,144500,146000,36860,-8185,1081080,1655.2945357246854,2876.1954036539314,4188.078318274545,8375.306793717418,14366.287214633823,147400.0,147050.0,143600.0,134091.66666666663,141575.0,145663.68650929668,142380.93651182766,3282.7499974690145,3360.476792595557,-77.72679512654258,56.06060606060607,151976.1566365491,4188.078318274545,135223.8433634509,60.46511627906976,66.68247762105301,71.48143942617989
20160509,147000,147500,143000,143000,39051,-794,1079838,2271.563338320109,2609.5976701399773,4084.9571601182483,8392.390733409797,14256.234016504895,146300.0,147200.0,143775.0,134366.66666666663,141425.0,145253.8885847895,142426.79306650712,2827.095518282411,3253.8005377329278,-426.70501945051734,55.22388059701493,151944.9143202365,4084.9571601182483,135605.0856797635,46.51162790697674,59.95886104969426,67.64057996735134
20160510,143000,145000,141000,143500,40817,-8928,1086058,1516.57508881031,2532.29145242012,4036.087214122279,8400.640683238955,14199.127027157383,145000.0,147250.0,143900.0,134658.33333333337,141325.0,144984.05957174493,142506.28987639546,2477.7696953495033,3098.5943692562437,-620.8246739067404,56.71641791044776,151972.17442824456,4036.087214122279,135827.82557175544,48.837209302325576,56.251643800571365,63.84426791175802
20160511,145500,145500,141500,143500,24469,-8220,1084346,1593.7377450509227,2576.8197453450252,3962.007067131675,8283.953699103446,14097.142514827296,144600.0,146600.0,144050.0,135033.33333333337,141187.5,144755.74271455346,142579.8980336995,2175.8446808539447,2914.0444315757845,-738.1997507218393,54.6875,151974.01413426336,3962.007067131675,136125.98586573664,18.51851851851852,43.67393537322042,57.12082373224549
20160512,141500,142500,140500,141000,33898,-8770,1089765,1593.7377450509227,2794.637722496424,4004.606722263915,8082.577284230355,14022.42190109256,143400.0,145700.0,143975.0,135383.33333333337,141054.16666666663,144177.93614308367,142462.86854972175,1715.0675933619204,2674.249063933012,-959.1814705710913,58.33333333333333,151984.21344452782,4004.606722263915,135965.78655547218,3.571428571428571,30.30643310595647,48.18269352348248
20160513,141000,147000,140500,145500,47762,7128,1098775,1435.2700094407323,2569.53303150592,3957.2717874820455,8069.709309097478,13937.179866777456,143300.0,145350.0,144200.0,135725.0,140945.83333333337,144381.33058260925,142687.84124974234,1693.4893328668838,2478.097117719786,-784.6077848529021,56.896551724137936,152114.5435749641,3957.2717874820455,136285.4564250359,35.714285714285715,32.109050642066215,42.82481256301039
20160516,145500,146500,143500,144500,19258,1087,1096195,1496.6629547095765,2350.0,3925.1592324390276,8023.7667795951465,13877.198899834708,143600.0,144950.0,144325.0,136050.0,140854.16666666663,144399.58741605398,142822.07523124292,1577.5121848110575,2297.980131138041,-720.4679463269832,52.631578947368425,152175.31846487804,3925.1592324390276,136474.68153512196,28.57142857142857,30.929843285187,38.85982280373593
20160517,146000,146000,137500,142500,71185,3256,1089715,1562.049935181331,1734.9351572897476,3793.003427364829,7909.430903814998,13754.756752969182,143400.0,144200.0,144475.0,136358.33333333337,140700.0,144107.34319819952,142798.2178067064,1309.1253914931149,2100.2091832090555,-791.0837917159406,34.042553191489375,152061.00685472967,3793.003427364829,136888.99314527033,29.411764705882355,30.423817092085454,36.04782089985244
20160518,143000,143000,137500,138000,47613,-4766,1091500,2657.066051117285,2474.3686063317245,3870.6427114887956,7853.6040912579665,13648.320384046294,142300.0,143450.0,144425.0,136508.33333333337,140520.83333333337,143167.75193693806,142442.7942654689,724.9576714691648,1825.1588808610773,-1100.2012093919125,28.57142857142857,152166.28542297758,3870.6427114887956,136683.71457702242,3.7037037037037033,21.517112629291535,31.204251476332136
20160519,138000,138000,132500,133500,61460,-14905,1099051,4467.661580737737,3597.2211497209887,4478.4902590048505,7794.4914665566175,13392.275966226709,140800.0,142100.0,144075.0,136591.66666666663,140216.66666666663,141680.40548510145,141780.36506061937,-99.95957551788887,1440.135189585284,-1540.094765103173,25.396825396825395,153031.98051800972,4478.4902590048505,135118.01948199028,5.555555555555555,16.196593604712877,26.20169885245905
20160520,134000,139500,133500,139000,50627,2677,1114371,3807.8865529319537,3448.187929913333,4249.926469952314,7752.683227259063,13148.170024760788,139500.0,141400.0,144225.0,136741.66666666663,139975.0,141268.03541047045,141574.41209316606,-306.3766826956125,1090.8328151291048,-1397.2094978247171,36.98630136986301,152724.85293990464,4249.926469952314,135725.14706009536,39.39393939393939,23.929042201121717,25.444146635346602
20160523,140500,141500,137500,138500,31145,442,1112773,2874.021572639983,3503.212811120672,4393.95892106439,7639.8580193323905,12795.354381572173,138300.0,140950.0,144075.0,136941.66666666663,139687.5,140842.1838088596,141346.67786404266,-504.4940551830514,771.7674410666734,-1276.2614962497248,33.80281690140845,152862.91784212878,4393.95892106439,135287.08215787122,40.0,29.286028134081146,26.72477380159145
20160524,138000,139500,136000,136500,20745,-5817,1109767,1984.9433241279207,3621.118611699981,4691.7480750783425,7540.718172399597,12450.599606266911,137100.0,140250.0,143750.0,137091.66666666663,139391.66666666663,140174.1555305735,140987.6646889284,-813.5091583548929,454.71212118236014,-1268.221279537253,36.36363636363637,153133.4961501567,4691.7480750783425,134366.5038498433,26.666666666666668,28.412907644942987,27.287485082708628
20160525,138000,141000,136500,138000,40341,15652,1097436,1984.9433241279207,3501.4282800023193,4620.876540224953,7414.1568787168435,12120.05841455562,137100.0,139700.0,143150.0,137283.33333333337,139120.83333333337,139839.67006433144,140766.35619345226,-926.6861291207896,178.4324711217301,-1105.1186002425197,36.36363636363637,152391.7530804499,4620.876540224953,133908.2469195501,37.93103448275862,31.58561659088153,28.72019558543293
20160526,138000,139000,136500,137000,28685,4828,1090308,927.3618495495704,3558.089374931439,4524.930938699654,7177.491824369505,11691.888659095457,137800.0,139300.0,142500.0,137516.66666666663,138812.5,139402.797746742,140487.3668457891,-1084.5690990471048,-74.16784291203696,-1010.401256135068,36.36363636363637,151549.86187739932,4524.930938699654,133450.13812260068,31.03448275862069,31.401905313461253,29.614098828109036
20160527,137500,139000,134500,136500,20262,-706,1087428,812.403840463596,2964.7934160747186,4446.557657334642,6869.902150362688,11290.654936225232,137300.0,138400.0,141875.0,137766.66666666663,138516.66666666663,138956.21347801245,140192.00633869358,-1235.792860681162,-306.49284646586204,-929.3000142152999,39.34426229508197,150768.1153146693,4446.557657334642,132981.8846853307,27.586206896551722,30.130005841158077,29.786067832458716
20160530,137000,138500,135500,138000,19894,2727,1090089,678.2329983125268,2159.2822881689185,4248.823366533532,6595.43192082404,10890.933410666594,137200.0,137750.0,141350.0,138016.66666666663,138241.66666666663,138809.10371216436,140029.63549879036,-1220.5317866260013,-489.3006344978898,-731.2311521281113,41.26984126984127,149847.64673306706,4248.823366533532,132852.35326693294,37.93103448275862,32.73034872169159,30.76749479553634
20160531,137500,141500,137000,141000,40380,12065,1087243,1562.049935181331,1854.7236990991407,3756.993478834018,6266.755318522088,10547.300865888576,138100.0,137600.0,140900.0,138333.33333333337,138016.66666666663,139146.16467952367,140101.5143507318,-955.3496712081253,-582.510441839937,-372.8392293681881,46.3768115942029,148413.98695766804,3756.993478834018,133386.01304233196,60.71428571428571,42.058327719222966,34.53110577009855
20160601,140500,143500,137500,137500,49072,-4600,1082496,1581.1388300841895,1850.0,3670.8309685957124,6135.936947380161,10144.785195689708,138000.0,137550.0,140500.0,138483.33333333337,137750.0,138892.90857498156,139908.80958401092,-1015.9010090293596,-669.1885552778217,-346.712453751538,45.07042253521128,147841.6619371914,3670.8309685957124,133158.3380628086,37.03703703703704,40.38456415849432,36.48225856623048
20160602,138000,139500,137000,138500,34063,990,1085374,1503.3296378372906,1273.7739202856994,3373.703454662448,6010.471186928005,9718.749776706907,138300.0,138050.0,140075.0,138641.66666666663,137491.66666666663,138832.46110190748,139804.45331852866,-971.9922166211473,-729.7492875464868,-242.24292907466042,39.0625,146822.4069093249,3373.703454662448,133327.5930906751,54.54545454545454,45.10486095414773,39.35645936220289
20160603,138000,141000,137500,138500,37030,-1799,1093553,1208.3045973594571,1244.9899597988733,3100.000000000216,5927.665832536877,9361.481920615905,138700.0,138000.0,139700.0,138766.66666666663,137262.5,138781.31324007554,139707.82714678574,-926.5139067101993,-769.1022113792294,-157.4116953309697,40.322580645161295,145900.00000000044,3100.000000000216,133499.99999999956,54.54545454545454,48.25172548458334,42.32154806966304
20160607,138500,140000,136000,137500,43151,-7100,1102106,1280.6248474865695,1240.9673645990856,3038.400072406749,5777.951386280885,9185.042188254683,138600.0,137900.0,139425.0,138916.66666666663,137100.0,138584.18812621778,139544.284395172,-960.0962689542212,-807.3010228942279,-152.79524605999325,41.66666666666666,145501.8001448135,3038.400072406749,133348.1998551865,40.0,45.50115032305556,43.38141548746054
20160608,136500,137500,133500,134000,81388,-12847,1106353,1661.3247725836152,1674.0669042783206,3106.042498099685,5697.1971666389245,8966.879644311839,137200.0,137650.0,138950.0,138983.33333333337,136891.66666666663,137878.92841449197,139133.5966621963,-1254.668247704336,-896.7744678562495,-357.8937798480864,43.103448275862064,145162.08499619938,3106.042498099685,132737.91500380062,5.0,32.00076688203704,39.587865952319376
20160609,134000,136000,129000,130500,99746,-62081,1124831,3124.099870362662,2709.2434368288127,3429.285639896644,5684.402392121671,8742.282310702309,135800.0,136900.0,138300.0,138991.66666666663,136650.0,136743.70865841626,138494.0709835151,-1750.3623250988312,-1067.492039304766,-682.8702857940652,44.64285714285715,145158.57127979328,3429.285639896644,131441.42872020672,10.344827586206897,24.782120450093657,34.65261745157747
20160610,131000,132500,129000,132000,66836,-16382,1139314,3082.207001484488,3080.584360149873,3630.0826436875145,5593.672019940902,8508.488408643367,134500.0,136400.0,137850.0,139050.0,136425.0,136013.9073263522,138013.0286884399,-1999.1213620876958,-1253.8179038613519,-745.3034582263432,35.41666666666667,145110.16528737507,3630.0826436875145,130589.83471262494,20.689655172413794,23.417965357533703,30.907733420229548
20160613,131500,131500,128500,129500,45994,2526,1125534,2839.013913315678,3709.4473981982815,3619.0468358396993,5453.872222762953,8349.546727551988,132700.0,135700.0,137050.0,139116.66666666663,136208.33333333337,135011.76773768262,137382.4339707777,-2370.6662330950785,-1477.1875697080973,-893.4786633869812,32.69230769230769,144288.09367167938,3619.0468358396993,129811.9063283206,6.666666666666667,17.83419912724469,26.54988865590126
20160614,129000,131500,128000,129000,37673,4873,1100816,1816.5902124584948,4112.177038990418,3600.260407248528,5521.0393043342,8204.545445802636,131000.0,134800.0,136275.0,139075.0,135995.83333333337,134086.88039342375,136761.51293590528,-2674.632542481529,-1716.676564262784,-957.9559782187456,34.693877551020414,143475.52081449705,3600.260407248528,129074.47918550295,6.451612903225806,14.040003719238397,22.37992701034697
20160615,129000,130500,127000,128000,30922,-3910,1100036,1363.8181696985855,4000.0,3731.286641361306,5618.397359469329,8179.4924795026745,129800.0,133500.0,135550.0,139016.66666666663,135841.66666666663,133150.43725597396,136112.51197769007,-2962.0747217161115,-1965.7561957534494,-996.3185259626621,29.16666666666667,143012.57328272262,3731.286641361306,128087.42671727738,6.0606060606060606,11.380204499694285,18.71335284012941
20160616,128000,129000,125500,126000,33226,3511,1093806,1959.5917942265423,4324.638713233742,4221.670285562497,5747.245717153247,8169.173722327991,128900.0,132350.0,134950.0,138950.0,135670.83333333337,132050.3699858241,135363.4370163797,-3313.0670305555977,-2235.21836271388,-1077.848667841718,28.0,143393.34057112498,4221.670285562497,126506.659428875,2.7777777777777777,8.512728925722117,15.313144868660311
20160617,127500,129500,121000,123500,70732,455,1074644,2204.5407685048604,4527.968639467372,4901.275344234532,5945.650838124609,8176.911091605351,127200.0,130850.0,134450.0,138858.33333333337,135475.0,130734.92844954345,134484.66390405528,-3749.735454511829,-2538.1217810734697,-1211.613673438359,25.92592592592593,144252.55068846905,4901.275344234532,124647.44931153092,11.11111111111111,9.378856320851781,13.335048686057467
20160620,125000,131000,124500,129500,55035,12597,1067266,2204.5407685048604,3744.6628686705562,4897.6397376697005,5887.197739351482,8077.592463105492,127200.0,129950.0,133975.0,138891.66666666663,135300.0,130544.939457306,134115.42954079193,-3570.490083485929,-2744.5954415559618,-825.8946419299672,36.507936507936506,143770.2794753394,4897.6397376697005,124179.7205246606,42.5,20.41923754723452,15.696444973116485
20160621,129500,130000,127000,129500,30259,-2659,1064171,2293.468988235943,2775.3378172755833,4874.61536944212,5969.942071187646,8034.602899336013,127300.0,129150.0,133525.0,138825.0,135162.5,130384.17954079738,133773.54587110362,-3389.366330306235,-2873.5496193060167,-515.8167110002182,29.824561403508767,143274.23073888425,4874.61536944212,123775.76926111574,42.5,27.779491698156345,19.72412721479644
20160622,129000,131000,127500,129500,22528,-28,1052649,2457.641145488901,2271.563338320109,4899.681112072635,6034.915768536976,8014.30903481855,127600.0,128700.0,133175.0,138775.0,135045.83333333337,130248.15191913625,133456.98691768854,-3208.8349985522805,-2940.60669515527,-268.22830339701017,34.0,142974.36222414527,4899.681112072635,123375.63777585473,44.73684210526316,33.431941833858616,24.29339875448383
20160623,130000,132000,128500,129500,28008,-515,1055060,2400.0,2211.334438749598,4830.890187118865,6114.389903243969,7960.657383171375,128300.0,128600.0,132750.0,138708.33333333337,134904.16666666663,130133.05162388453,133163.87677563753,-3030.825151753001,-2958.650386474816,-72.17476527818418,31.25,142411.78037423774,4830.890187118865,123088.21962576227,51.515151515151516,39.45967839428958,29.34882530108575
20160624,132000,132000,120000,122000,105089,-12269,1052574,3000.0,2662.705391138869,5258.326730054088,6475.139423638562,7968.504625853017,128000.0,127600.0,132000.0,138458.33333333337,134695.83333333337,128881.81291251768,132336.92294040511,-3455.1100278874364,-3057.9423147573407,-397.16771313009576,23.809523809523807,142516.65346010818,5258.326730054088,121483.34653989182,12.5,30.47311892952639,29.723589843899294
20160627,119000,124000,117500,123000,39027,12793,1049859,3443.835071544513,2902.154372186289,5498.352025834772,6770.770512529279,7976.784892564232,126700.0,126950.0,131325.0,138200.0,134508.33333333337,127976.91861828418,131645.29901889362,-3668.380400609443,-3180.029931927761,-488.3504686816818,26.984126984126984,142321.70405166954,5498.352025834772,120328.29594833044,36.666666666666664,32.53763484190648,30.661604843235022
20160628,123000,126500,122500,124500,39472,-7124,1052267,3203.1234756093927,2898.275349237889,5466.03146716165,6989.332148989019,7964.0686140256,125700.0,126500.0,130650.0,137941.66666666663,134333.33333333337,127442.00806162508,131116.01761008668,-3674.0095484616027,-3278.82585523453,-395.1836932270729,33.89830508474576,141582.0629343233,5466.03146716165,119717.9370656767,48.275862068965516,37.783710584259495,33.035640090243184
20160629,125500,128500,124500,126000,43334,1364,1043495,2626.7851073127395,2856.5713714171397,5003.9984012788545,7153.942192168688,7921.0064859220265,125000.0,126300.0,129900.0,137733.33333333337,134162.5,127220.16066752892,130737.05334267287,-3516.892675143943,-3326.4392192164128,-190.45345592753029,41.81818181818182,139907.9968025577,5003.9984012788545,119892.00319744226,58.620689655172406,44.7293702745638,36.93355015168339
20160630,127500,129500,125500,127500,53689,14171,1035552,1984.9433241279207,2876.1954036539314,4710.626285325693,7253.658080965627,7915.17420142524,124600.0,126450.0,129400.0,137633.33333333337,134045.83333333337,127263.21287252447,130497.27161358598,-3234.0587410615117,-3307.9631235854336,73.90438252392187,41.81818181818182,138821.25257065136,4710.626285325693,119978.74742934863,68.96551724137932,52.80808593016897,42.22506207784525
20160701,129000,131000,127500,128500,63071,10326,1032301,1984.9433241279207,2751.817581163403,4223.742416388733,7342.626687137851,7860.84596627961,125900.0,126950.0,128900.0,137450.0,133904.16666666663,127453.48781521301,130349.32556813516,-2895.837752922161,-3225.5380494527794,329.70029653061783,48.07692307692307,137347.48483277747,4223.742416388733,120452.51516722252,75.86206896551724,60.49274694195173,48.314290365880744
20160704,129000,129000,126000,129000,41870,7417,1019321,1655.2945357246854,2709.2434368288127,3606.5045404104712,7401.853183869412,7818.459948880026,127100.0,126900.0,128425.0,137241.66666666663,133779.16666666663,127691.4127667187,130249.3755260511,-2557.9627593323967,-3092.0229914287042,534.0602320963067,50.0,135638.00908082095,3606.5045404104712,121211.99091917904,79.3103448275862,66.76527957049656,54.46462010075268
20160705,128000,130500,127500,129500,31317,7546,1013701,1240.9673645990856,2709.2434368288127,2964.266351055744,7461.470476164118,7786.873525720987,128100.0,126900.0,128025.0,137075.0,133670.83333333337,127969.65695645427,130193.86622782508,-2224.209271370797,-2918.460247417123,694.2509760463254,52.941176470588246,133953.5327021115,2964.266351055744,122096.46729788849,82.75862068965517,72.09639327688276,60.34187782612938
20160706,129500,130000,125000,128000,45208,14841,1005701,707.1067811865477,2600.480724789169,2629.044503237124,7532.757168232462,7727.615522700747,128500.0,126750.0,127725.0,136858.33333333337,133525.0,127974.32511699975,130031.35761835655,-2057.032501356778,-2746.174698205054,689.1421968482761,54.0,132983.08900647427,2629.044503237124,122466.91099352574,72.41379310344827,72.20219321907126,64.29531629044334
20160707,128500,129500,117500,118500,327745,-154400,981790,4130.375285612677,3406.2442660502197,3228.292892536447,7874.268043585005,7827.462338886439,126700.0,125650.0,127125.0,136491.66666666663,133350.0,126516.73663746135,129177.18297995975,-2660.4463424984133,-2729.029027063726,68.58268456531277,42.1875,133581.58578507288,3228.292892536447,120668.4142149271,6.896551724137931,50.43364605409349,59.674759544993385
20160708,119500,120000,116000,119000,122436,-45356,1006725,4965.883607174054,3821.321760857099,3480.2119188350207,8145.448626891888,7920.717165552977,124800.0,125350.0,126475.0,136100.0,133187.5,125360.31561631346,128423.31757403682,-3063.001957723361,-2795.8236131956533,-267.1783445277083,30.188679245283023,133435.42383767007,3480.2119188350207,119514.57616232995,18.75,39.87243070272899,53.073983264238585
20160711,120500,120500,117500,117500,61097,-20097,1021625,5147.815070493501,4462.0623034646205,3914.316670889229,8459.359543658747,8006.230212918012,122500.0,124800.0,125875.0,135708.33333333337,132983.33333333337,124151.03629072676,127614.18293892295,-3463.146648196198,-2929.2882201957623,-533.8584280004358,28.57142857142857,133703.63334177845,3914.316670889229,118046.36665822154,9.375,29.706620468485994,45.28486233232106
20160712,117500,120500,117500,120500,62035,10332,1024040,3776.2415176998406,4646.504062195577,4012.168989462101,8638.720970143744,8051.931057207269,120700.0,124400.0,125450.0,135350.0,132812.5,123589.33839984573,127087.20642492868,-3497.8680250829493,-3043.0041811732,-454.8638439097495,35.48387096774193,133474.3379789242,4012.168989462101,117425.6620210758,30.0,29.80441364565733,40.12471277009982
20160713,120500,122000,119000,119500,48535,-10016,1017515,1000.0,4828.301978956993,4166.758332325182,8855.302868275598,8132.83809967803,119000.0,123750.0,125025.0,135016.66666666663,132666.66666666663,122960.20941525408,126525.1911341932,-3564.9817189391465,-3147.3996887263897,-417.58203021275716,34.37499999999999,133358.51666465035,4166.758332325182,116691.48333534965,23.333333333333332,27.647386874882667,35.96560413836077
20160714,120000,120500,118500,120000,40301,-1762,1017245,1029.5630140987,4769.696007084728,4299.63661255243,9044.888059008856,8209.537771195506,119300.0,123000.0,124725.0,134700.0,132537.5,122504.79258213805,126041.8436427715,-3537.051060633443,-3225.3299631078007,-311.7210975256421,46.0,133324.27322510487,4299.63661255243,116125.72677489516,26.666666666666668,27.320480138810666,33.08389613851073
20160715,121000,122000,120000,121500,63200,4156,1016595,1326.64991614216,4411.3490000225565,4349.9281603264835,9168.045350867127,8270.067134956384,119800.0,122300.0,124625.0,134383.33333333337,132437.5,122350.20910796298,125705.41078034398,-3355.2016723810084,-3251.3043049624425,-103.89736741856586,47.058823529411754,133324.85632065294,4349.9281603264835,115925.14367934705,36.666666666666664,30.435875648095998,32.20122264170582
20160718,122500,126000,121500,122000,75424,-18889,1016640,927.3618495495704,3806.573262134856,4235.268586524511,9301.120004243256,8323.401373037688,120700.0,121600.0,124250.0,134150.0,132362.5,122296.33078366099,125430.93590772591,-3134.605124064925,-3227.9644687829395,93.35934471801464,44.89795918367345,132720.53717304903,4235.268586524511,115779.46282695096,40.0,33.623917098730665,32.67545412738077
20160719,122000,123000,120500,122000,40861,8566,1012667,1048.8088481701516,2775.3378172755833,4083.120742765432,9378.976934257484,8376.279960235406,121000.0,120850.0,123875.0,133825.0,132270.83333333337,122250.74143232852,125176.79250715366,-2926.0510748250963,-3167.5817899913714,241.53071516627503,41.30434782608695,132041.24148553086,4083.120742765432,115708.75851446914,41.37931034482759,36.20904818076297,33.8533188118415
20160720,123000,123500,121000,121500,35032,-1894,1010095,734.8469228349533,1486.606874731851,3900.2403772077096,9432.155403488428,8431.669796403,121400.0,120200.0,123475.0,133466.66666666663,132166.66666666663,122135.24275043182,124904.43750662373,-2769.194756191893,-3087.904383231476,318.7096270395828,36.36363636363636,131275.48075441542,3900.2403772077096,115674.51924558457,37.93103448275862,36.78304361476152,34.82989374614817
20160721,122000,122500,121000,122000,33799,-5919,1013035,244.94897427831782,1456.8802284333465,3655.8172820863647,9294.263463735762,8479.279278532604,121800.0,120550.0,123100.0,133000.0,132062.5,122114.4361734423,124689.29398761455,-2574.857814172239,-2985.295069419629,410.43725524738966,34.883720930232556,130411.63456417274,3655.8172820863647,115788.36543582726,42.857142857142854,38.80774336222196,36.155843618172774
20160722,122500,125000,120500,122500,63642,-10292,1015777,316.227766016838,1462.8738838327793,3649.9143825576703,9121.079827642236,8513.81128748506,122000.0,120900.0,123125.0,132541.66666666663,132020.83333333337,122173.75368522039,124527.12406260606,-2353.370377385654,-2858.910131012834,505.5397536271798,34.883720930232556,130424.82876511535,3649.9143825576703,115825.17123488465,48.148148148148145,41.921211624197355,38.0776329535143
20160725,122000,123000,118000,121000,109599,1953,1019274,509.9019513592785,928.7087810503357,3679.2492440715855,8982.309001587493,8566.792314254773,121800.0,121250.0,123025.0,132075.0,131958.33333333337,121993.1761951865,124265.85561352412,-2272.679418337619,-2741.663988477791,468.98457014017237,31.11111111111111,130383.49848814314,3679.2492440715855,115666.50151185686,50.0,44.614141082798234,40.25646899660895
20160726,121000,122000,119500,120000,53273,-12022,1019357,860.2325267042627,979.7958971132712,3719.5429826796376,8853.812738024195,8605.388331351029,121400.0,121200.0,122800.0,131600.0,131925.0,121686.53370361935,123949.86630881866,-2263.332605199292,-2645.9977118220913,382.6651066227996,31.818181818181817,130239.08596535928,3719.5429826796376,115360.91403464072,29.411764705882355,39.546682290492946,40.01987342790361
20160727,120000,125000,119500,124000,87800,2808,1046414,1356.4659966250535,1119.1514642799696,3658.5516259855267,8574.51002811365,8541.528454167463,121900.0,121650.0,122700.0,131166.66666666663,131975.0,122042.45159537019,123953.57991557279,-1911.1283202025952,-2499.0238334981923,587.8955132955972,66.66666666666667,130017.10325197106,3658.5516259855267,115382.89674802894,76.47058823529412,51.854650938759995,43.96479926485574
20160728,124000,129500,123500,129000,101759,28355,1056313,3155.9467676119,2360.614326822575,3769.864055904581,8372.619893969153,8486.652101324053,123300.0,122550.0,122775.0,130891.66666666669,132041.66666666663,123112.84365762096,124327.38881071555,-1214.5451530946154,-2242.128097417477,1027.582944322861,73.8095238095238,130314.72811180913,3769.864055904581,115235.27188819087,95.65217391304348,66.45382526352115,51.46114126441088
20160729,130000,130000,126000,126500,61409,-11961,1053074,3352.610922848042,2602.402735934621,3640.9991760506255,8122.858692192813,8430.177892878337,124100.0,123050.0,122675.0,130550.0,132095.83333333337,123633.94463337158,124488.32297288475,-854.378339513205,-1964.5781458366225,1110.1998063234178,70.45454545454545,129956.99835210125,3640.9991760506255,115393.00164789875,70.83333333333334,67.91366128679188,56.945314605204544
20160801,126000,130000,126000,128000,48666,11999,1050387,3224.90309931942,2958.462438497403,3559.757716474723,7875.330680887767,8353.017377305918,125500.0,123650.0,122625.0,130250.0,132170.83333333337,124305.64545900672,124748.44719711554,-442.8017381088284,-1660.2228642910638,1217.4211261822356,68.29268292682927,129744.51543294945,3559.757716474723,115505.48456705055,83.33333333333334,73.05355196897237,62.314727059793825
20160802,128000,129500,124000,124500,57931,-16582,1052687,1933.9079605813715,2913.760456866693,3228.292892536447,7730.939823563125,8366.300415291573,126400.0,123900.0,122375.0,129941.66666666669,132154.16666666663,124335.54615762108,124730.04370103293,-394.49754341185326,-1407.0778001152219,1012.5802567033687,60.86956521739131,128831.5857850729,3228.292892536447,115918.4142149271,54.166666666666664,66.75792353487047,63.795792551486045
20160803,123000,125000,122000,123000,28604,-5237,1045225,2204.5407685048604,2823.5615806990995,2965.952629426393,7575.618786607371,8389.104002945804,126200.0,124050.0,122125.0,129600.0,132129.16666666663,124130.07751798705,124601.8923157712,-471.8147977841726,-1220.0251996490124,748.2104018648395,56.25,128056.90525885277,2965.952629426393,116193.09474114723,41.66666666666667,58.3941712454692,61.9952521161471
20160804,123500,126000,122500,124500,46906,-18753,1063967,1749.28556845359,2740.4379212089443,2886.498744153779,7382.61847555147,8356.380629329979,125300.0,124300.0,122425.0,129283.33333333331,132158.33333333337,124186.98866906596,124594.3447368252,-407.3560677592614,-1057.491373271062,650.1353055118008,56.25,128197.99748830756,2886.498744153779,116652.00251169244,54.166666666666664,56.98500305253503,60.32516909494308
20160805,125000,125500,119500,121000,118302,-29897,1071287,2293.468988235943,2872.7164844446447,2799.4419086670355,7297.088460475054,8344.742190280134,124200.0,124150.0,122525.0,128950.0,132166.66666666663,123696.68271997887,124328.09697854186,-631.4142585629743,-972.2759503294444,340.86169176647013,48.148148148148145,128123.88381733408,2799.4419086670355,116926.11618266592,25.0,46.32333536835669,55.657891186080946
20160808,120500,123000,120500,121000,66401,-31473,1093872,1568.4387141358125,2872.7164844446447,2580.6975801130466,7040.532453033663,8381.21245538146,122800.0,124150.0,122700.0,128541.66666666669,132133.33333333337,123281.80845536676,124081.57127642765,-799.7628210608963,-937.773324475735,138.01050341483858,48.148148148148145,127861.3951602261,2580.6975801130466,117538.6048397739,25.0,39.215556912237794,50.17711309479989
20160809,121000,123500,120500,123500,31802,-3755,1105968,1392.838827718412,2539.685019840059,2535.2514668177073,6754.6845884087525,8392.952359305671,122600.0,124500.0,122850.0,128191.66666666669,132120.83333333337,123315.37638531033,124038.49192261818,-723.1155373078655,-894.8417670421611,171.72622973429566,53.44827586206896,127920.50293363543,2535.2514668177073,117779.49706636457,45.83333333333333,41.42148238593631,47.2585695251787
20160810,123000,127500,123000,126500,98076,21967,1119497,2111.871208194288,2600.480724789169,2531.7977802346963,6495.399012634329,8375.85401947614,123300.0,124750.0,123200.0,127925.0,132141.66666666663,123805.31847987795,124220.82585427607,-415.5073743981193,-798.9748885133528,383.4675141152336,57.14285714285715,128263.59556046939,2531.7977802346963,118136.40443953061,66.66666666666666,49.83654381284642,48.11789428773461
20160811,126000,126500,124000,125000,40746,3765,1104687,2177.1541057077247,2191.4607000811125,2448.979379251964,6371.349717463309,8396.225176961449,123400.0,124350.0,123450.0,127708.33333333331,132108.33333333337,123989.11563681984,124278.54245766305,-289.4268208432186,-697.065274979326,407.6384541361074,53.84615384615386,128347.95875850393,2448.979379251964,118552.04124149607,52.38095238095239,50.68468000221508,48.97348952589476
20160812,125000,126000,123500,126000,49010,-4022,1103041,1984.9433241279207,2147.091055358389,2466.1457783353635,6329.9332978755065,8408.24558097699,124400.0,124300.0,123675.0,127583.33333333331,132087.5,124298.48246192445,124406.05783116947,-107.57536924502348,-579.1672938324655,471.591924587442,57.81249999999999,128607.29155667072,2466.1457783353635,118742.70844332928,61.904761904761905,54.424707303064025,50.79056211828452
20160816,126500,126500,121500,121500,86880,-30726,1110289,1816.5902124584948,1898.0252896102304,2485.457704327582,6198.986252247452,8461.169475250332,124500.0,123650.0,123650.0,127291.66666666669,132016.66666666663,123867.94669855149,124190.7942881199,-322.8475895684242,-527.9033529796573,205.0557634112331,52.112676056338046,128620.91540865516,2485.457704327582,118679.08459134484,19.047619047619047,42.632344551249034,48.071156262606024
20160817,121500,123500,121500,122500,49091,-3290,1114403,1964.6882704388504,1903.286631067428,2471.2092181766675,6053.52858532365,8490.664808418005,124300.0,123450.0,123675.0,127025.0,131983.33333333337,123657.49336031276,124065.55026677767,-408.05690646490257,-503.93406367670633,95.87715721180376,47.69230769230769,128617.41843635331,2471.2092181766675,118732.58156364669,28.57142857142857,37.945372557975546,44.69589502772919
20160818,122500,122500,116500,117500,144647,-22434,1066278,2983.2867780352594,2615.339366124404,2781.523862921427,6046.549750798877,8582.831700553092,122500.0,122900.0,123475.0,126708.33333333331,131900.0,122710.18668949544,123579.21320997935,-869.0265204839087,-576.9525550381469,-292.07396544576187,32.30769230769231,129038.04772584286,2781.523862921427,117911.95227415714,7.6923076923076925,27.861017602752927,39.08426921940377
20160819,118000,118500,116000,116500,70682,-34125,1074646,3458.3232931581165,3168.5959035509723,3159.905061865204,6003.679427373146,8682.821482036123,120800.0,122100.0,123200.0,126350.0,131816.66666666663,121754.77335264998,123054.82704627715,-1300.053693627182,-721.572782755954,-578.4809108712277,33.87096774193549,129519.81012373039,3159.905061865204,116880.18987626961,4.3478260869565215,20.023287097487458,32.730608512098335
20160822,117000,117500,112500,113500,128222,-65017,1090637,3310.5890714493707,4092.9817981515625,3802.959373961459,6062.378292019744,8805.292560917691,118300.0,121350.0,122750.0,125958.33333333331,131737.5,120484.80822147307,122347.06207988627,-1862.253858413198,-949.7089978874028,-912.5448605257953,27.69230769230769,130355.91874792293,3802.959373961459,115144.08125207707,6.666666666666667,15.57108028721386,27.010765770470176
20160823,113000,113500,110500,111500,102299,-34405,1090397,3762.9775444453558,5053.711507397311,4517.9503095985165,6181.485572973971,8947.950378284479,116300.0,120400.0,122275.0,125541.66666666669,131654.16666666663,119102.53003355413,121543.57599989467,-2441.045966340564,-1247.9763915780352,-1193.0695747625286,29.032258064516128,131310.90061919705,4517.9503095985165,113239.09938080295,5.88235294117647,12.341504505201398,22.121012015380582
20160824,112500,114000,109500,112000,106847,-37205,1097283,2400.0,5505.6788863863085,5027.113983191683,6204.226829795294,9091.333441801544,114200.0,119250.0,121875.0,125108.33333333331,131562.5,118009.83310531506,120836.64444434695,-2826.811339031905,-1563.7433810688094,-1263.0679579630955,31.66666666666667,131929.22796638336,5027.113983191683,111820.77203361664,13.88888888888889,12.857299299763895,19.033107776841685
20160825,112000,116000,111000,113500,75606,-11674,1098879,1743.5595774162691,5164.542574129871,5317.65925948639,6026.53853108587,9198.04855511436,113400.0,117950.0,121350.0,124650.0,131491.66666666663,117316.01262757425,120293.18930032125,-2977.1766727469953,-1846.4300394044467,-1130.7466333425482,31.66666666666667,131985.31851897278,5317.65925948639,110714.68148102723,22.22222222222222,15.97894027391667,18.015051942533347
20160826,113000,113500,111000,111500,68494,-35894,1104248,916.5151389911681,4903.060268852505,5425.576006287382,6021.743010863604,9372.299611089004,112400.0,116600.0,120475.0,124216.66666666669,131350.0,116421.24145410127,119641.84194474187,-3220.600490640601,-2121.2641296516776,-1099.3363609889238,33.33333333333333,131326.15201257478,5425.576006287382,109623.84798742524,11.11111111111111,14.356330552981484,16.79547814601606
20160829,111500,112000,109000,109500,69448,-26131,1120122,1280.6248474865695,4185.988533190219,5737.758708764366,6019.736059182139,9578.418123574433,111600.0,114950.0,119625.0,123733.33333333331,131187.5,115356.43507654725,118890.59439327953,-3534.1593167322717,-2403.8431670677965,-1130.3161496644752,31.147540983606557,131100.51741752872,5737.758708764366,108149.48258247128,2.857142857142857,10.523267987701942,14.70474142657802
20160830,109500,112000,109000,110500,48624,-15535,1134680,1356.4659966250535,3741.991448413532,5728.219618694917,5941.707573491323,9761.30398848303,111400.0,113850.0,118750.0,123266.66666666669,131016.66666666669,114609.2912186169,118269.06888266625,-3659.777664049325,-2655.0300664641018,-1004.7475975852226,27.58620689655172,130206.43923738984,5728.219618694917,107293.56076261016,8.571428571428571,9.872654848944151,13.094045900700062
20160831,110000,111500,107500,109000,70257,-30811,1143124,1600.0,2655.183609470351,5942.379573874538,5924.027111873917,9962.093955200451,110800.0,112500.0,117975.0,122791.66666666669,130854.16666666669,113746.32333882972,117582.47118765392,-3836.1478488242133,-2891.253622936125,-944.8942258880887,18.181818181818183,129859.75914774908,5942.379573874538,106090.24085225092,7.894736842105263,9.213348846664521,11.800480216021548
20160901,109500,110000,108500,109500,40015,-8346,1145345,894.427190999916,2193.171219946131,6097.950475364762,5981.476034855473,10149.288426070802,110000.0,111700.0,117300.0,122383.33333333331,130683.33333333331,113093.04282516359,116983.76961819804,-3890.726793034468,-3091.148256955794,-799.578536078674,20.754716981132074,129495.90095072953,6097.950475364762,105104.09904927047,12.5,10.308899231109681,11.303286554384258
20160902,110000,112500,109500,110000,55502,-13089,1142796,509.9019513592785,1540.2921800749366,6060.682717318349,6092.544396409176,10321.888823704123,109700.0,111050.0,116575.0,122041.66666666669,130516.66666666669,112617.19008283073,116466.4533501834,-3849.2632673526678,-3242.771259035169,-606.4920083174989,19.230769230769234,128696.3654346367,6060.682717318349,104453.6345653633,16.666666666666664,12.42815504296201,11.678242717243508
20160905,111000,112500,110000,110500,37761,-6479,1144273,583.0951894845299,1308.62523283024,6109.214352107915,6128.462739998506,10479.68935078269,109900.0,110750.0,116050.0,121683.33333333331,130366.66666666669,112291.468531626,116024.4938427624,-3733.0253111364,-3340.822069455415,-392.2032416809848,25.0,128268.42870421582,6109.214352107915,103831.57129578418,27.27272727272727,17.376345786217097,13.577610406901371
20160906,110500,111000,106500,107000,108122,-50708,1151255,1208.3045973594571,1691.1534525287766,6300.991985394152,6323.956874896429,10684.229519094295,109200.0,110300.0,115350.0,121308.33333333331,130212.5,111477.39644983738,115356.0128173726,-3878.616367535215,-3448.3809290713757,-430.2354384638388,18.367346938775512,127951.98397078832,6300.991985394152,102748.01602921168,4.545454545454546,13.099382039296247,13.418200951032995
20160907,107000,107500,103500,104500,159531,-64692,1170461,2249.4443758403986,2317.865397299852,6431.562796086293,6599.116102428216,10936.07609779147,108300.0,109550.0,114400.0,120900.0,129987.5,110403.95084217007,114551.86371978946,-4147.912877619354,-3588.2873187809723,-559.6255588383823,20.454545454545453,127263.12559217258,6431.562796086293,101536.87440782742,8.0,11.399588026197497,12.74532997608783
20160908,104500,106000,102000,104000,127163,-22031,1183860,2694.438717061496,2447.447650104084,6179.552977360201,6878.105359277884,11187.229202185923,107200.0,108600.0,113275.0,120500.0,129758.33333333331,109418.7276356824,113770.24418499025,-4351.516549307838,-3740.9331648863454,-610.5833844214935,20.930232558139533,125634.10595472039,6179.552977360201,100915.89404527961,14.285714285714285,12.361630112703091,12.61743002162625
20160909,103500,105000,103000,103500,85987,-9711,1184340,2596.150997149434,2666.4583251946765,5910.583727518064,7174.970963936161,11438.998080398153,105900.0,107800.0,112200.0,120125.0,129537.5,108508.1541532697,113009.48535647245,-4501.331203202732,-3893.0127725496227,-608.3184306531089,23.684210526315788,124021.16745503613,5910.583727518064,100378.83254496387,10.714285714285714,11.812515313230632,12.34912511882771
20160912,101500,106000,101500,104000,81672,23056,1169220,1240.9673645990856,2821.790211904493,5250.238089839482,7451.0625640459375,11672.170576728286,104600.0,107250.0,111100.0,119800.0,129329.16666666669,107814.59197584359,112342.1160708078,-4527.524094964218,-4019.915037032542,-507.6090579316757,28.571428571428577,121600.47617967894,5250.238089839482,100599.52382032103,20.833333333333336,14.819454653264865,13.172568296973429
20160913,105000,105500,101000,101000,82672,-28859,1150942,1240.9673645990856,3148.0152477394386,5119.265083974587,7721.08854588047,11952.019238978333,103400.0,106300.0,110075.0,119325.0,129108.33333333331,106766.1932103292,111501.95932482203,-4735.766114492842,-4163.085252524604,-572.6808619682397,22.500000000000004,120313.53016794914,5119.265083974587,99836.46983205085,0.0,9.87963643550991,12.074924343152256
20160919,101000,104000,99500,103500,65787,2163,1152243,1122.4972160321822,3108.4562084739105,4443.745604779973,7866.114917091026,12169.323340086534,103200.0,105750.0,109125.0,118891.66666666669,128858.33333333331,106263.70194720164,110909.22159705745,-4645.5196498558225,-4259.572131990846,-385.94751786497545,26.190476190476183,118012.49120955994,4443.745604779973,100237.50879044006,30.76923076923077,16.842834546750197,13.66422774435157
20160920,103000,106000,102500,105000,58652,17303,1136239,1319.090595827292,2847.8061731796283,4086.563348340673,7940.38552100684,12356.08754038166,103400.0,105300.0,108500.0,118483.33333333331,128629.16666666669,106069.28626301675,110471.5014787569,-4402.215215740129,-4288.100748740702,-114.11446699942644,34.14634146341464,116673.12669668134,4086.563348340673,100326.87330331867,42.30769230769231,25.331120467064235,17.55319198525579
20160921,105500,107000,104000,106000,34876,14775,1125205,1685.2299546352715,2406.2418831031932,3679.2492440715855,7966.854077293092,12517.587627015813,103900.0,104900.0,107975.0,118091.66666666669,128400.0,106058.62683793726,110140.27914699713,-4081.652309059864,-4246.8110608045345,165.15875174467055,41.02564102564102,115333.49848814314,3679.2492440715855,100616.50151185684,50.0,33.55408031137616,22.886821427295914
20160922,107000,109500,105500,105500,88444,-1323,1116737,1805.5470085267789,1562.049935181331,3486.6710484359332,8110.675406866438,12663.918972814829,104200.0,104400.0,107575.0,117816.66666666669,128137.5,105972.68424748538,109796.55476573807,-3823.870518252705,-4162.222952294169,338.3524340414642,36.8421052631579,114548.34209687187,3486.6710484359332,100601.65790312813,46.15384615384615,37.75400225886616,27.842548371152663
20160923,106500,107000,104500,104500,58836,-21821,1123068,860.2325267042627,1304.7988350699886,3425.9122872603343,8258.072649770118,12808.427537064868,104900.0,104150.0,107225.0,117508.33333333331,127854.16666666669,105746.11744017994,109404.2173756834,-3658.099935503473,-4061.39834893603,403.29841343255686,37.83783783783783,114076.82457452068,3425.9122872603343,100373.17542547932,38.46153846153847,37.989847659756926,31.224981467354084
20160926,105000,106000,103500,104500,34329,-6473,1127830,583.0951894845299,1304.7988350699886,3290.516676754782,8371.989508672688,12933.835363968477,105100.0,104150.0,106850.0,117175.0,127558.33333333331,105554.40706476764,109040.94201452169,-3486.5349497540446,-3946.425669099634,459.89071934558893,36.111111111111114,113431.03335350956,3290.516676754782,100268.96664649043,43.47826086956522,39.81931872969302,34.0897605548004
20160927,104500,108000,104500,108000,49361,3777,1133004,1288.4098726725126,1738.5338650713709,2933.7476033226403,8372.885305157679,13015.743005001355,105700.0,104550.0,106575.0,116875.0,127304.16666666669,105930.65213172649,108963.83519863118,-3033.1830669047195,-3763.7771486606507,730.5940817559313,45.23809523809525,112442.49520664527,2933.7476033226403,100707.50479335473,85.0,54.87954581979535,41.01968897646538
20160928,108500,108500,106500,106500,28736,4714,1129086,1326.64991614216,1789.553016817328,2707.7435255210817,8360.335419905427,13139.475483147784,105800.0,104850.0,106325.0,116525.0,127079.16666666669,106018.24411146084,108781.32888762146,-2763.084776160613,-3563.6386741606425,800.5538980000299,40.90909090909091,111740.48705104218,2707.7435255210817,100909.51294895782,70.0,59.91969721319689,47.319691722042556
20160929,107500,109000,106500,107000,47875,-5980,1127689,1392.838827718412,1871.49672722129,2614.3832924805297,8299.933065325326,13215.392435423235,106100.0,105150.0,106200.0,116166.66666666669,126808.33333333331,106169.2834789284,108649.3785996495,-2480.0951207210887,-3346.929963472733,866.8348427516437,50.0,111428.76658496105,2614.3832924805297,100971.23341503895,75.0,64.94646480879793,53.19528275096101
20160930,106500,107000,104500,105000,56124,-9691,1127406,1288.4098726725126,1273.7739202856994,2430.406344626621,8249.983164965477,13293.559818156624,106200.0,105550.0,105925.0,115766.66666666669,126504.16666666669,105989.39371293943,108379.05425893473,-2389.660545995299,-3155.476079977246,765.8155339819472,51.35135135135135,110785.81268925325,2430.406344626621,101064.18731074675,55.00000000000001,61.63097653919862,56.00718068037355
20161004,105000,105500,103000,104000,47128,-19552,1135440,1428.2856857085699,1200.0,2357.302483772784,8188.147769116057,13395.674571377202,106100.0,105600.0,105675.0,115341.66666666669,126208.33333333331,105683.33314171797,108054.67986938401,-2371.3467276660376,-2998.650209515005,627.3034818489673,50.0,110389.60496754557,2357.302483772784,100960.39503245443,45.0,56.08731769279908,56.033893017848726
20161005,103000,106000,102500,106000,35386,-5402,1136583,1077.0329614269008,1187.4342087037915,2190.8902300209693,8105.258067040465,13451.3526787795,105700.0,105700.0,105500.0,114975.0,125916.66666666669,105732.0511199152,107902.48136054074,-2170.4302406255447,-2833.006215737113,662.5759751115684,56.09756097560976,109881.78046004193,2190.8902300209693,101118.21953995807,65.0,59.058211795199384,57.04199927696561
20161006,105500,106500,103500,104500,63749,-36374,1142918,1077.0329614269008,1233.8962679253066,1939.555361416976,8201.367602756669,13524.011567907966,105300.0,105550.0,105225.0,114741.66666666669,125616.66666666669,105542.5047937744,107650.4457042044,-2107.9409104299993,-2687.993154675691,580.0522442456912,51.16279069767441,109104.11072283397,1939.555361416976,101345.88927716603,28.57142857142857,48.89595072060911,54.32664975818011
20161007,104000,104500,98500,98600,172733,-43642,1150982,2595.6887332652195,2424.1287094541826,2052.096488959848,8437.24859707712,13655.481169561248,103620.0,104860.0,104630.0,114401.66666666669,125250.83333333331,104474.42713319368,106980.04231870775,-2505.615185514078,-2651.517560843369,145.9023753292904,45.08196721311475,108734.19297791971,2052.096488959848,100525.80702208029,0.9090909090909091,32.900330783436374,47.18454343326553
20161010,99100,99600,96700,97000,111097,-46805,1158654,3544.2347552045703,3388.052537963365,2567.313771240543,8715.354267038763,13817.440644788088,102020.0,104110.0,104130.0,114060.0,124884.16666666669,103324.51526654852,106240.77992472943,-2916.264658180895,-2704.466980310874,-211.79767787002083,36.17021276595745,109264.62754248107,2567.313771240543,98995.37245751893,2.34375,22.71480385562425,39.027963574051775
20161011,97900,101000,97800,100000,84582,-57,1176851,3457.397865447366,3598.666419661595,2717.807020375313,8856.87099877149,13911.077695092805,101220.0,103660.0,103905.0,113718.33333333331,124534.16666666669,102813.05137938722,105778.499930305,-2965.448550917791,-2756.6632944322578,-208.7852564855325,40.0,109340.61404075065,2717.807020375313,98469.38595924935,26.82926829268293,24.08629200131048,34.04740638313801
20161012,100500,103000,99900,102500,50051,2244,1187714,2687.303481187043,3301.3482094441356,2734.7943249906994,8938.919118103178,13985.793362274517,100520.0,103110.0,103830.0,113435.0,124225.83333333331,102764.88962871226,105535.64808361576,-2770.75845490348,-2759.482326526503,-11.276128376977338,43.39622641509435,109299.58864998141,2734.7943249906994,98360.41135001859,47.15447154471545,31.77568518244547,33.29016598290716
20161013,103000,103000,99200,99500,63470,-15096,1178287,1805.9900331950887,3250.0615378789366,2893.285329863153,9072.244607714925,14098.575184118501,99520.0,102410.0,103630.0,113093.33333333331,123896.66666666669,102262.5989166027,105088.56304038496,-2825.9641237822652,-2772.778685977656,-53.18543780460959,39.65517241379309,109416.5706597263,2893.285329863153,97843.4293402737,22.76422764227642,28.77186600238912,31.784065989401146
20161014,99600,102000,99500,100000,42547,-12399,1178087,1749.28556845359,2923.508166569746,2997.182009822116,9157.32539191021,14181.587216254817,99800.0,101710.0,103430.0,112735.0,123559.16666666669,101914.50677558694,104711.6324448009,-2797.125669213987,-2777.6480826249212,-19.477586589064693,42.105263157894726,109424.36401964424,2997.182009822116,97435.63598035576,26.82926829268293,28.12433343248706,30.56415513709645
20161017,101000,101000,97500,97600,57504,-25514,1166169,1563.8414241859693,2933.615516730167,3218.446830382838,9277.842631176647,14329.720256826673,99920.0,100970.0,103260.0,112328.33333333331,123239.16666666669,101250.73650241966,104184.84485629713,-2934.1083538774396,-2808.940136875426,-125.168217002014,38.834951456310684,109696.89366076568,3218.446830382838,96823.10633923432,7.317073170731707,21.188580011901944,27.438963428698283
20161018,97600,98200,96600,97000,61549,-33089,1175499,1946.689497583012,2962.1107339193113,3494.1772994513794,9394.76967371803,14427.820251938338,99320.0,100270.0,102935.0,111911.66666666669,122868.33333333331,100596.77704050897,103652.63412620104,-3055.8570856920696,-2858.323526638755,-197.53355905331543,30.357142857142854,109923.35459890275,3494.1772994513794,95946.64540109725,3.8461538461538463,15.407771289985911,23.428566049127493
20161019,97300,97800,95600,97100,63151,-27018,1184543,1259.523719506703,2388.221095292477,3680.0000000001814,9498.445925518005,14497.300299443414,98240.0,99380.0,102540.0,111505.0,122485.83333333331,100058.81134196912,103167.25382055652,-3108.4424785874,-2908.3473170284838,-200.0951615589156,32.330827067669176,109900.00000000038,3680.0000000001814,95179.99999999962,13.761467889908257,14.859003489960026,20.57204519607167
20161020,97200,98900,96800,97900,40084,-3966,1192663,1090.6878563548785,1692.808317559906,3722.401778422278,9555.538824274201,14446.862308320637,97920.0,98720.0,102135.0,111103.33333333331,122051.66666666669,99726.68652012774,102777.08687088569,-3050.400350757962,-2936.75792377438,-113.64242698358204,33.08550185873605,109579.80355684458,3722.401778422278,94690.19644315542,21.100917431192663,16.939641470370905,19.361243954171414
20161021,97800,98200,96500,96900,35923,-12773,1189960,384.7076812334269,1779.4662120984485,3804.664899830383,9608.526884433328,14397.169836658015,97300.0,98550.0,101705.0,110676.66666666669,121609.16666666669,99291.8116708773,102341.74710267193,-3049.935431794613,-2959.3934253784278,-90.5420064161858,34.36293436293436,109314.32979966076,3804.664899830383,94095.67020033924,11.926605504587156,15.268629481776323,17.997039130039717
20161024,97000,97800,96600,96900,34103,-14439,1202709,377.35924528226417,1788.4071124886527,3885.212349409146,9672.101202254637,14350.11178818316,97160.0,98540.0,101325.0,110275.0,121175.0,98923.84064458848,101938.65472469619,-3014.814080107725,-2970.4775563242865,-44.33652378343778,35.742971887550205,109095.42469881829,3885.212349409146,93554.57530118171,14.606741573033707,15.048000178862118,17.01402614631385
20161025,97500,101500,97500,100500,88554,19704,1196835,1370.5473359209452,1834.911442004764,3819.014925344144,9667.479850853346,14251.516001231355,97860.0,98590.0,101125.0,109950.0,120775.0,99166.32669926721,101832.08770805207,-2665.761008784873,-2909.534246816404,243.77323803153058,39.62264150943396,108763.02985068828,3819.014925344144,93486.97014931172,66.21621621621621,32.104072191313485,22.04404149464706
20161026,98300,105000,97100,101500,208779,33206,1194797,1907.4590428106185,1635.512152201872,3481.809874189189,9550.89219218054,14103.932051225132,98740.0,98490.0,100800.0,109575.0,120370.83333333331,99525.3533609184,101807.48861856671,-2282.135257648319,-2784.0544489827867,501.91919133446856,44.230769230769226,107763.61974837838,3481.809874189189,93836.38025162162,62.76595744680851,42.32470060981183,28.804261199701983
20161027,102000,104000,100500,102000,54115,7982,1172915,2224.9494376277407,1934.528366295,3243.4356784128363,9256.594496177036,14012.123223203624,99560.0,98740.0,100575.0,109125.0,120008.33333333331,99906.06822846943,101821.74872089508,-1915.680492425672,-2610.3796576713644,694.6991652456923,58.25242718446602,107061.87135682568,3243.4356784128363,94088.12864317432,68.08510638297872,50.91150253420079,36.17334164453492
20161028,101000,103000,99000,99500,47063,3737,1157340,1807.0971196922428,1907.590102721232,2893.613657695397,9055.083747081237,13914.617987929816,100080.0,98690.0,100200.0,108675.0,119612.5,99843.59619332028,101649.76733416213,-1806.1711408418341,-2449.537954305459,643.3668134636247,55.8139534883721,105987.2273153908,2893.613657695397,94412.7726846092,41.48936170212766,47.77078892350975,40.0391574041932
20161031,98600,99300,94600,94700,103308,-21499,1131860,2615.0334605889843,2242.320226907834,2910.030068573405,8872.275168560456,13885.361896616887,99640.0,98400.0,99685.0,108120.0,119185.0,99052.27370204023,101134.96975385383,-2082.6960518135893,-2376.169573807085,293.47352199349547,38.626609442060094,105505.0601371468,2910.030068573405,93864.9398628532,0.9615384615384616,32.16770543618599,37.41534008152413
20161101,95000,95000,91400,93000,92628,-15505,1135365,3641.208590564401,2754.6324618721833,3077.2187117592625,8819.305055765686,13914.638474962581,98140.0,98000.0,99135.0,107595.0,118768.33333333331,98121.15467095713,100532.3794017165,-2411.224730759379,-2383.180605197544,-28.04412556183525,28.88888888888889,105289.43742351851,3077.2187117592625,92980.56257648149,11.76470588235294,25.366705584908306,33.39912858265219
20161102,92300,92300,90600,90800,72506,3402,1123148,4146.80599980274,3506.2943401830944,3163.6806096699042,8845.230196111885,13958.71529328215,96000.0,97370.0,98375.0,107058.33333333331,118329.16666666669,96994.82318311757,99811.46240899675,-2816.639225879204,-2469.872329333876,-346.7668965453282,29.95391705069124,104702.3612193398,3163.6806096699042,92047.6387806602,1.3888888888888888,17.3741000195685,28.057452394957625
20161103,90300,92000,90300,91000,40666,-6466,1126140,3186.8479725270868,3980.904419852353,3224.4379355170313,8783.734968678584,13985.656839142106,93800.0,96680.0,97700.0,106500.0,117891.66666666669,96072.54269340717,99158.76148981183,-3086.218796404661,-2593.141622748033,-493.0771736566277,28.971962616822427,104148.87587103406,3224.4379355170313,91251.12412896594,4.761904761904762,13.170034933680585,23.09497990786528
20161104,91100,91500,89400,89800,64544,6163,1120863,1759.0906741836816,4480.1897281253605,3644.639899907992,8833.323270433766,14054.991106365747,91860.0,95970.0,97260.0,105980.0,117465.0,95107.53612519069,98465.51989797392,-3357.983772783234,-2746.110052755074,-611.8737200281607,30.69306930693069,104549.27979981598,3644.639899907992,89970.72020018402,2.564102564102564,9.634724143821245,18.608227986517267
20161107,90900,92800,90900,92400,43852,2286,1124783,1152.3888232710347,4588.856066603092,3795.800310870072,8781.45710510934,14001.16937080686,91400.0,95520.0,97030.0,105503.33333333331,117022.5,94690.99210593056,98016.22212775363,-3325.2300218230516,-2861.9340465686696,-463.2959752543825,39.63963963963963,104621.60062174013,3795.800310870072,89438.39937825987,19.230769230769234,12.833405839470574,16.683287270835034
20161108,92500,93700,92500,93500,33568,-5108,1132972,1299.2305415129374,4300.651113494329,3805.847474610791,8594.610068072223,13934.53421360112,91500.0,94820.0,96705.0,105003.33333333331,116597.5,94507.76255117203,97681.68715532744,-3173.9246041554143,-2924.3321580860193,-249.59244606939544,42.24137931034483,104316.69494922158,3805.847474610791,89093.30505077842,26.282051282051285,17.316287653664144,16.894287398444735
20161109,94000,94100,87700,92000,104147,16526,1125271,1257.934815481311,3731.769017503629,3692.776733029136,8285.712435001678,13908.449070819353,91740.0,93870.0,96180.0,104428.33333333331,116176.66666666669,94121.95292791481,97260.821440118,-3138.8685122031893,-2967.239428909453,-171.62908329373613,37.65690376569039,103565.55346605828,3692.776733029136,88794.44653394172,24.85549132947977,19.829355545602684,17.872643447497385
20161110,92400,94600,92000,94000,62647,-4682,1130521,1460.958589419974,2584.202004488039,3639.7080926911344,7946.405721385896,13908.273317226942,92340.0,93070.0,95905.0,103911.66666666669,115810.0,94103.19093900482,97019.27911122037,-2916.0881722155323,-2957.0091775706687,40.92100535513737,44.176706827309246,103184.41618538226,3639.7080926911344,88625.58381461774,36.41618497109826,25.35829868743454,20.36786186080977
20161111,93900,94800,91800,92800,44816,-7354,1139917,725.5342858886821,1449.8275759551548,3572.320674295819,7534.283678993037,13968.87251375628,92940.0,92400.0,95545.0,103358.33333333331,115470.83333333331,93902.7000253118,96706.73991779664,-2804.0398924848405,-2926.415320553504,122.37542806866259,42.1455938697318,102689.64134859164,3572.320674295819,88400.35865140836,31.28834355828221,27.33498031105043,22.690234677556656
20161114,93200,95300,93200,95100,51056,-1166,1151743,1053.3755265810953,1516.7069591717443,3541.835682241814,7226.559616364758,13922.648514800869,93480.0,92440.0,95420.0,102918.33333333331,115105.0,94086.90002141768,96587.722146108,-2500.8221246903117,-2841.296681380865,340.4745566905535,39.11290322580645,102503.67136448363,3541.835682241814,88336.32863551637,48.36601307189542,34.345324564665425,26.575264639926246
20161115,95500,96200,93700,94400,34552,-540,1152181,1116.422858956229,1622.8370220080633,3529.1500393156048,6842.696836773116,13882.237226639187,93660.0,92580.0,95290.0,102450.0,114737.5,94135.06924889187,96425.66865380367,-2290.5994049118162,-2731.157226087056,440.55782117524,35.51020408163265,102348.30007863119,3529.1500393156048,88231.69992136881,57.758620689655174,42.14975660632867,31.76676196206039
20161116,95700,98200,95000,97900,60776,27264,1156147,1702.4687956024334,2154.738963308549,3553.885197920908,6579.1936351557215,13821.318049987458,94840.0,93290.0,95330.0,102123.33333333331,114415.83333333331,94714.28936444696,96534.87838315156,-1820.5890187046023,-2549.0435846105656,728.4545659059631,42.54545454545454,102437.7703958418,3553.885197920908,88222.22960415819,97.14285714285714,60.48079011850482,41.3381046808752
20161117,97500,98700,96200,97600,22899,5200,1154075,1939.690696992693,2353.8266716136936,3543.6245568628365,6331.0949991982725,13734.511857807049,95560.0,93950.0,95315.0,101808.33333333331,114079.16666666669,95158.24484683976,96613.77628069588,-1455.5314338561438,-2330.341154459681,874.8097206035377,46.24505928853755,102402.24911372569,3543.6245568628365,88227.75088627431,90.0,70.32052674566988,50.99891203580676
20161118,98200,98200,94200,94600,44312,148,1149539,1514.4636014114042,1905.282131339084,3527.6054201116854,6210.578788556925,13685.609813678104,95920.0,94430.0,95200.0,101493.33333333331,113725.83333333331,95072.36102424902,96464.60766731102,-1392.246643061997,-2142.7222521801446,750.4756091181474,49.787234042553216,102255.21084022336,3527.6054201116854,88144.78915977663,62.727272727272734,67.78944207287083,56.59575538149479
20161121,95200,95200,93000,94400,15670,1266,1146423,1612.9476122924762,1782.7226368675524,3509.398096540393,6136.755159599661,13636.826671432285,95780.0,94630.0,95075.0,101208.33333333331,113375.0,94968.92086667224,96311.67376602873,-1342.752899356492,-1982.728381615414,639.9754822589219,53.18181818181819,102093.79619308078,3509.398096540393,88056.20380691922,60.909090909090914,65.49599168494419,59.56250081597792
20161122,93900,94600,92500,94400,41218,-2040,1142129,1612.9476122924762,1745.7376664321591,3282.3924201718073,6033.678397129233,13556.481742039208,95780.0,94720.0,94770.0,100915.0,113011.66666666669,94881.3945794919,96170.06830187846,-1288.6737223865641,-1843.9174497696438,555.2437273830801,59.09090909090909,101334.7848403436,3282.3924201718073,88205.21515965639,60.909090909090914,63.96702475965976,61.030675463871866
20161123,93500,94300,92500,92600,28943,-2353,1132484,1612.9476122924762,1659.3974810153231,2923.503890881853,5898.860530266789,13437.246638439085,94720.0,94780.0,94325.0,100566.66666666669,112608.33333333331,94530.4107980316,95905.61879803562,-1375.2080000040148,-1750.1755598165182,374.9675598125032,53.73831775700936,100172.00778176369,2923.503890881853,88477.99221823631,44.54545454545455,57.49316802159135,59.85150631644503
20161124,92600,92900,90900,91200,29245,2143,1132198,1335.0655414622909,1973.8287666360525,2407.960755494436,5843.973866774149,13381.582258836968,93440.0,94500.0,93785.0,100228.33333333331,112222.5,94018.03990602674,95557.05444262557,-1539.0145365988285,-1707.94335517298,168.92881857415182,53.24074074074075,98600.92151098886,2407.960755494436,88969.07848901114,31.818181818181817,48.93483928712151,56.21261730667052
20161125,91200,91900,89800,90200,47012,-10711,1132515,1684.755175092215,2321.292743279055,2142.8019040502404,5855.933363311015,13311.352297945552,92560.0,94240.0,93320.0,99906.66666666669,111820.0,93430.6491512534,95160.23559502367,-1729.5864437702842,-1712.271972892441,-17.314470877842947,44.5,97605.60380810047,2142.8019040502404,89034.39619189953,4.49438202247191,34.12135353223831,48.84886271519312
20161128,90200,90400,89200,90300,25062,-6422,1132025,1584.4241856270687,2576.121115165201,2214.497685706927,5817.768759010334,13227.175204438368,91740.0,93760.0,93100.0,99570.0,111418.33333333331,92949.01082029133,94800.21814354043,-1851.2073232491089,-1740.0590429637748,-111.14828028533451,41.57894736842105,97528.99537141382,2214.497685706927,88671.00462858615,11.578947368421053,26.607218144299225,41.434981191561825
20161129,90300,91500,90100,90100,27694,-5542,1129145,945.304183847718,2783.900141887277,2309.215234663355,5810.319124911855,13149.928601412352,90880.0,93330.0,92955.0,99255.0,111023.33333333331,92510.70146332344,94452.05383661152,-1941.3523732880856,-1780.3177090286374,-161.03466425944862,44.632768361581924,97573.4304693267,2309.215234663355,88336.5695306733,9.473684210526317,20.89604016637492,34.58866751649952
20161130,91000,91000,89200,90000,35101,-5452,1129812,431.7406628984581,2479.1934172226256,2352.716515010114,5773.424749082325,13117.54380802961,90360.0,92540.0,92915.0,98930.0,110656.66666666669,92124.4396997352,94122.27207093658,-1997.8323712013805,-1823.8206414631861,-174.01172973819484,37.341772151898745,97620.43303002023,2352.716515010114,88209.56696997977,8.421052631578947,16.737710988109594,28.63834867370288
20161201,90400,91200,89500,90600,30828,7801,1137007,205.91260281974,1863.4376834227648,2370.5431866982167,5686.998817965268,13116.033418641067,90240.0,91840.0,92895.0,98606.66666666669,110324.16666666669,91889.91051516056,93861.363028645,-1971.4525134844448,-1853.3470158674368,-118.10549761700693,42.76315789473684,97636.08637339645,2370.5431866982167,88153.91362660355,14.736842105263156,16.07075469382745,24.44915068041107
20161202,91300,92300,89900,90500,37503,-6779,1136337,228.03508501982756,1649.878783426225,2329.3990641367864,5564.945841803391,13087.030369373691,90300.0,91430.0,92930.0,98273.33333333331,109978.33333333331,91676.07812821276,93612.3731746713,-1936.29504645853,-1869.936621985656,-66.35842447287405,32.30769230769231,97588.79812827356,2329.3990641367864,88271.20187172643,13.684210526315791,15.275239971323563,21.39118044404857
20161205,91000,91000,87900,87900,51777,-9253,1131929,986.7117106835208,1632.0539206778678,2574.194048629849,5602.809563065879,13116.268418351412,89820.0,90780.0,92705.0,97955.0,109631.66666666669,91095.14303156463,93189.23442099194,-2094.0913894272962,-1914.7675754739844,-179.32381395331188,28.187919463087248,97853.38809725971,2574.194048629849,87556.6119027403,0.0,10.183493314215708,17.65528473410428
20161206,89000,89200,87900,88600,34881,-12106,1143732,1079.6295661012623,1221.4745187681974,2716.13696267352,5662.676045826949,13133.28373510171,89520.0,90200.0,92460.0,97690.0,109295.0,90711.27487286237,92849.29113054812,-2138.0162576857256,-1959.4173119163327,-178.5989457693927,11.570247933884295,97892.27392534704,2716.13696267352,87027.72607465296,9.58904109589041,9.985342574773943,15.098637347660835
20161207,88900,91300,88400,91200,38547,13488,1147711,1275.3038853543887,998.1983770774224,2728.4794300125,5662.048117851978,13122.577130867854,89760.0,90060.0,92420.0,97476.66666666669,108988.33333333331,90786.46335396043,92727.12141717416,-1940.6580632137047,-1955.6654621758075,15.007398962102798,27.777777777777768,97876.958860025,2728.4794300125,86963.041139975,49.25373134328358,23.074805497610487,17.75736006431072
20161208,91500,93600,90800,93300,50587,13435,1155778,1923.5384061671343,1368.2470537150812,2712.4297225921514,5631.692068600493,13105.997328408192,90300.0,90270.0,92385.0,97306.66666666669,108715.83333333331,91173.161299505,92769.55686775382,-1596.395568248845,-1883.811483390416,287.41591514157034,45.185185185185176,97809.85944518431,2712.4297225921514,86960.14055481569,84.375,43.50820366507366,26.340974597898366
20161209,92500,97700,92500,97000,95475,25924,1190266,3313.608305156178,2436.9037732335682,2893.0044936019954,5563.922477292025,13078.257083164937,91600.0,90950.0,92595.0,97190.0,108495.0,92069.59802265807,93082.92302569801,-1013.3250030399213,-1709.7141873203166,696.3891842803952,57.647058823529434,98381.008987204,2893.0044936019954,86808.991012796,92.85714285714286,59.957850062430055,37.54659975274226
20161212,98000,99700,97000,98400,71705,6417,1212006,3616.628264005025,3284.874426823649,3116.6327983901692,5544.1701112253295,12967.117360420141,93700.0,91760.0,92760.0,97146.66666666669,108235.83333333331,93043.50601917224,93476.78057935002,-433.27456017778604,-1454.4262618918106,1021.1517017140244,60.86956521739131,98993.26559678033,3116.6327983901692,86526.73440321966,88.98305084745762,69.63291699077257,48.24203883208569
20161213,98400,99600,98000,99200,36200,-196,1219667,3071.416611272395,3901.550973651376,3405.1431687964805,5489.0990456827585,12845.027139801721,95820.0,92670.0,93000.0,97075.0,107983.33333333331,93990.65893929957,93900.72275865744,89.93618064213659,-1145.553773385021,1235.4899540271574,68.9655172413793,99810.28633759297,3405.1431687964805,86189.71366240704,95.76271186440678,78.34284861531731,58.2756420931629
20161214,98700,99200,96400,97600,56022,922,1213657,2039.607805437114,4045.0092706939504,3384.1210084749237,5391.922714165841,12726.525203291765,97100.0,93430.0,92985.0,96951.66666666669,107717.5,94545.94217940733,94174.74329505318,371.1988843541328,-842.2032418371901,1213.4021261913228,68.18181818181817,99753.24201694985,3384.1210084749237,86216.75798305015,82.20338983050848,79.6296956870477,65.39365995779117
20161215,96800,98500,96800,98500,19719,4709,1213948,763.1513611335565,4184.208407811447,3450.5216996856193,5266.177192442743,12595.70360502247,98140.0,94220.0,93030.0,96826.66666666669,107459.16666666669,95154.2587671908,94495.1326806048,659.126086586024,-541.9373761525474,1201.0634627385714,73.71428571428572,99931.04339937124,3450.5216996856193,86128.95660062876,89.83050847457628,83.02996661622389,71.27242884393542
20161216,97700,99500,97400,99500,41497,8360,1213757,665.1315659326357,4254.597513279016,3716.9712132328027,5156.350992275197,12545.219430347805,98640.0,95120.0,93275.0,96726.66666666669,107271.66666666669,95822.83434146916,94865.86359315258,956.9707483165694,-242.1557512587239,1199.1264995752933,75.0,100708.94242646561,3716.9712132328027,85841.05757353439,98.30508474576271,88.1216726594035,76.88884344909144
20161219,99200,100500,98000,98300,35635,-1046,1210305,673.4983296193094,3580.279318712437,3870.025839707189,5060.776181134408,12487.970850872558,98620.0,96160.0,93470.0,96623.33333333331,107065.83333333331,96203.93675047386,95120.24406773386,1083.6926827400166,23.01393554102427,1060.6787471989924,71.13402061855669,101210.05167941438,3870.025839707189,85729.94832058562,82.53968253968253,86.26100928616317,80.01289872811536
20161220,98400,98500,95200,97500,58081,-24273,1227208,722.2188034107115,2547.6459722653767,3965.08196636606,4957.481439421026,12414.846594792976,98280.0,97050.0,93625.0,96506.66666666669,106840.83333333331,96403.33109655484,95296.52228493876,1106.8088116160652,239.77291075603253,867.0359008600328,68.65671641791045,101555.16393273213,3965.08196636606,85694.83606726787,76.19047619047619,82.90416492093418,80.97665412572162
20161221,97900,98000,96000,97700,42839,1033,1224739,704.2726744663603,1639.5121225535358,4053.961025959837,4729.616792085979,12317.067088665515,98300.0,97700.0,93880.0,96335.0,106605.0,96602.81862016178,95474.55767123961,1128.260948922194,417.4705183892649,710.7904305329291,68.02030456852792,101987.92205191967,4053.961025959837,85772.07794808032,77.77777777777779,81.19536920654872,81.04955915266399
20161222,97700,97700,95900,96000,36476,-9220,1220983,1138.4199576606165,983.9207285142436,4030.210912595188,4540.748836919036,12204.102196257094,97800.0,97970.0,94120.0,96160.0,106342.5,96510.07729398305,95513.47932522184,996.597968761198,533.2960084636517,463.3019602975464,62.91079812206573,102180.42182519037,4030.210912595188,86059.57817480963,62.8099173553719,75.06688525615645,79.05533452049481
20161223,96300,97000,95200,96800,26444,-7729,1226076,791.4543574963751,1005.236290630218,3965.412967144952,4317.163420578551,12063.907488409775,97260.0,97950.0,94450.0,95990.0,106078.33333333331,96554.6807872164,95608.77715298318,945.9036342332256,615.8175336175664,330.08610061565923,72.8205128205128,102380.8259342899,3965.412967144952,86519.1740657101,61.855670103092784,70.6631468718019,76.25793863759718
20161226,96000,96800,95500,96200,23263,3381,1214023,677.0524351924303,1117.1839597846006,3863.867880764213,4155.01169940635,11912.093644696577,96840.0,97730.0,94745.0,95843.33333333331,105805.0,96500.11451226004,95652.57143794741,847.543074312649,662.1626417565831,185.380432556066,69.58762886597938,102472.73576152844,3863.867880764213,87017.26423847157,46.25,62.525431247867935,71.6804361743541
20161227,96200,97500,96100,97000,29848,-2615,1215654,605.3098380168623,1018.2828683622247,3739.7727203670192,4020.442208953752,11738.480138938039,96740.0,97510.0,95090.0,95726.66666666669,105534.16666666669,96577.01997191232,95752.3809610624,824.6390108499472,694.6579155752559,129.98109527469134,66.47727272727273,102569.54544073404,3739.7727203670192,87610.45455926597,33.9622641509434,53.00437554889309,65.45508263253376
20161228,96000,96900,95400,96100,23725,-2231,1209808,401.99502484483565,1101.0903686800643,3556.4694572006847,3792.1010740138286,11586.9321747494,96420.0,97360.0,95395.0,95561.66666666669,105268.33333333331,96503.63228392582,95778.13051950221,725.5017644236067,700.8266853449261,24.67507907868071,58.536585365853654,102507.93891440137,3556.4694572006847,88282.06108559863,16.9811320754717,40.99662772441929,57.30226432982894
20161229,96800,96900,95600,95700,16155,-253,1206586,475.81509013481275,1131.1940593903414,3382.0851556401317,3609.3316555812926,11555.295923900416,96360.0,97080.0,95650.0,95415.0,105078.33333333331,96379.99654793725,95772.34307361317,607.6534743240773,682.1920431407564,-74.53856881667913,45.038167938931295,102414.17031128025,3382.0851556401317,88885.82968871975,9.433962264150944,30.475739237663177,48.36008929910702
20170102,95700,96200,94000,95500,28900,-10086,1218898,517.6871642217914,885.211839053229,3170.3312129809615,3585.478427704834,11516.767938532956,96100.0,96680.0,95900.0,95363.33333333331,104882.5,96244.6124636392,95752.16951260477,492.44295103441976,644.2422247194892,-151.79927368506927,37.81512605042017,102240.66242596193,3170.3312129809615,89559.33757403807,23.076923076923077,28.009467184083146,41.57654859409906
20170103,95000,97700,94500,97700,32188,8616,1217223,829.4576541331088,788.416133777081,2602.4795868558385,3591.9180113111133,11476.582407233464,96400.0,96620.0,96390.0,95375.0,104717.5,96468.51823846392,95896.4532524118,572.064986052108,629.8067769860129,-57.741790933904895,44.360902255639104,101594.95917371169,2602.4795868558385,91185.04082628831,56.92307692307692,37.64733709708107,40.266811428426394
20170104,97800,99800,97100,99300,62165,16939,1212971,1444.437606821423,1109.0536506409417,1968.724206180575,3577.986708872751,11395.156104192236,96860.0,96800.0,96925.0,95363.33333333331,104540.83333333331,96904.13081716176,96148.56782630725,755.5629908545378,654.9580197597179,100.60497109482004,56.390977443609025,100862.44841236118,1968.724206180575,92987.55158763882,81.53846153846153,52.27771191087456,44.270444922575784
20170105,99500,101000,99000,99400,40579,-799,1215811,1680.9521111560557,1340.186554178186,1541.192719941713,3496.002081740899,11321.52620257429,97520.0,96970.0,97335.0,95311.66666666669,104373.33333333331,97288.11069144457,96389.41465398818,898.6960374563932,703.7056232990532,194.99041415734013,53.6,100417.38543988342,1541.192719941713,94252.61456011658,77.14285714285715,60.56609365486876,49.702327833340114
20170106,99200,101500,98300,100500,43395,10294,1222481,1737.1240600486774,1656.9852141766382,1390.1348855421675,3518.2425379067768,11235.685677292222,98480.0,97420.0,97695.0,95328.33333333331,104210.83333333331,97782.24750814539,96693.90245739649,1088.345050748947,780.6335087890317,307.71154195991505,53.96825396825397,100475.26977108432,1390.1348855421675,94914.73022891568,86.66666666666667,69.2662846588014,56.223646775160546
20170109,100000,100500,98500,98600,45801,-12774,1215659,927.3618495495704,1677.4981371077586,1393.8705104855815,3491.7247409622387,11134.433079417231,99100.0,97600.0,97775.0,95305.0,104020.0,97908.05558381537,96835.09486795966,1072.9607158556757,839.0989502023607,233.86176565331482,51.127819548872175,100562.74102097117,1393.8705104855815,94987.25897902883,61.33333333333333,66.62196755031204,59.68975370021104
20170110,98200,98700,97000,98100,29780,-4929,1216077,813.3879763065103,1614.5897311701199,1388.6684269476764,3497.7834250951037,11024.245218558484,99180.0,97790.0,97760.0,95313.33333333331,103820.83333333331,97937.5854939976,96928.79154440713,1008.7939495904866,873.0379500799858,135.75599951050071,52.30769230769232,100537.33685389537,1388.6684269476764,94982.66314610463,54.666666666666664,62.636867255763576,60.67212488539522
20170111,97700,99500,97700,98600,22480,3442,1213545,840.4760555780279,1607.638018958248,1363.4881737665844,3516.5892566492835,10907.294927657804,99040.0,97950.0,97730.0,95340.0,103625.83333333331,98039.49541799797,97052.58476333992,986.9106546580445,895.8124909955975,91.09816366244672,53.383458646616546,100456.97634753317,1363.4881737665844,95003.02365246683,61.33333333333333,62.20235594828682,61.18220190635909
20170112,98600,102000,98600,101500,51048,7998,1225345,1309.3509842666326,1791.898434621784,1590.8724021747735,3597.474422730955,10785.016580372496,99460.0,98490.0,97925.0,95413.33333333331,103459.16666666669,98571.88073830598,97382.02292901844,1189.8578092875396,954.6215546539861,235.23625463355347,68.96551724137932,101106.74480434957,1590.8724021747735,94743.25519565043,93.75,72.71823729885789,65.02754703719202
20170113,101000,102500,100500,101000,43683,170,1224538,1400.8568806269968,1667.8129391511509,1723.8039331668015,3654.623783644661,10652.308011517644,99560.0,99020.0,98050.0,95465.0,103284.16666666669,98945.43754779737,97650.02123057262,1295.4163172247502,1022.7805071681387,272.63581005661104,64.7887323943662,101497.6078663336,1723.8039331668015,94602.3921336664,82.35294117647058,75.92980525806212,68.66163311081539
20170116,101000,102000,100500,101000,24992,-208,1220767,1400.8568806269968,1277.5366922323599,1815.454488551375,3718.5869478701375,10507.424755858154,100040.0,99570.0,98125.0,95533.33333333331,103105.0,99261.52407890547,97898.16780608577,1363.3562728197141,1090.8956602984542,272.4606125212597,67.64705882352942,101755.90897710275,1815.454488551375,94494.09102289725,82.35294117647058,78.07085056419827,71.79803892860969
20170117,102000,102000,99900,100500,32053,-366,1219002,1010.7423014794624,1136.001760562016,1887.9287592494945,3768.857769785188,10380.980170753452,100520.0,99850.0,98235.0,95593.33333333331,102934.16666666669,99452.05883599694,98090.89611674608,1361.1627192508604,1144.9490720889355,216.21364716192485,63.157894736842096,102010.857518499,1887.9287592494945,94459.142481501,76.47058823529412,77.53742978789688,73.71116921503875
20170118,100000,101500,99900,100500,27944,11711,1216027,374.165738677394,1134.9449325848368,1941.977085344041,3768.857769785188,10264.53589901867,100900.0,99970.0,98385.0,95593.33333333331,102771.66666666669,99613.28055353586,98269.34825624636,1343.932297289517,1184.745717129052,159.18658016046516,67.74193548387096,102268.95417068807,1941.977085344041,94501.04582931193,75.0,76.69161985859792,74.7046527628918
20170119,100500,101500,97800,98200,43009,1824,1200635,1044.2221985765289,1246.795893480565,1936.207633494232,3705.810377709148,10086.292127878794,100240.0,99850.0,98410.0,95538.33333333331,102556.66666666669,99395.85277606883,98264.21134837624,1131.6414276925498,1174.1248592417517,-42.48343154920167,58.741258741258754,102282.41526698846,1936.207633494232,94537.58473301154,21.818181818181817,58.40047384512588,69.26992645696983
20170120,98200,99000,95800,96100,60025,-15357,1194321,1855.3705829294586,1650.7271125173902,1930.097147814413,3610.087718229925,9807.060912935172,99260.0,99410.0,98415.0,95440.0,102282.5,98888.79850282744,98103.89939664467,784.8991061827693,1096.279708629955,-311.38060244718577,51.85185185185186,102275.19429562883,1930.097147814413,94554.80570437117,4.477611940298507,40.426186543516756,59.655346485818804
20170123,95800,96400,95000,95500,35329,-3431,1190444,2110.544953323667,2022.8692493584451,2003.871253349709,3571.221390813429,9571.189370827591,98160.0,99100.0,98350.0,95373.33333333331,102024.16666666669,98367.44488700783,97911.01795985617,456.42692715166777,968.3091523342972,-511.8822251826297,42.46575342465753,102357.74250669943,2003.871253349709,94342.25749330057,6.666666666666667,29.173013251233396,49.494568740957
20170124,95500,95800,92500,93400,70044,-8673,1177256,2423.716154998353,2649.547131115052,2233.808407182974,3579.175494747832,9301.691565099496,96740.0,98630.0,98210.0,95351.66666666669,101735.83333333331,97603.22259669896,97576.86848134833,26.354115350637585,779.9181449375653,-753.564029586928,30.463576158940395,102677.61681436596,2233.808407182974,93742.38318563404,9.0,22.448675500822265,40.47927099424542
20170125,93100,94500,91400,92000,58582,-26895,1186126,2156.4786110694445,3313.623394412829,2604.304129705541,3592.391264879308,9106.020444373831,95040.0,97970.0,97960.0,95335.0,101465.0,96741.18835105297,97163.76711235956,-422.5787613065913,539.4187636887341,-961.9975249953253,27.439024390243894,103168.60825941108,2604.304129705541,92751.39174058892,5.405405405405405,16.767585469016645,32.57537581916916
20170126,93400,99800,93300,98100,93052,5670,1217259,2127.3457640919587,3101.6286044592766,2569.124364448194,3560.2137888339576,8894.170960992049,95020.0,97630.0,98060.0,95456.66666666669,101257.5,96950.23629704484,97233.1176966292,-282.8813995843957,374.9587310341081,-657.8401306185037,44.39252336448599,103198.2487288964,2569.124364448194,92921.7512711036,60.36036036036037,31.298510432797883,32.14975402371207
20170131,98700,98700,97200,97500,26143,5361,1212711,2333.238093294381,2891.9889349719165,2515.849757040618,3521.6390596777446,8641.26883526686,95300.0,97280.0,98150.0,95565.0,101032.5,97034.8153282687,97252.88675613816,-218.0714278694649,256.3526992533935,-474.4241271228585,47.263681592039795,103181.69951408124,2515.849757040618,93118.30048591876,54.95495495495496,39.183991940183574,34.49449999586924
20170201,98600,101500,97600,100500,55353,9082,1212419,3137.514940203473,2830.9185788362047,2488.372962399595,3496.0151919297496,8445.247019610686,96300.0,97230.0,98400.0,95743.33333333331,100861.66666666669,97567.92066238119,97493.41366309088,74.50699929031543,219.9835592607779,-145.47655997046243,55.30973451327434,103376.7459247992,2488.372962399595,93423.2540752008,81.98198198198197,53.44998862078304,40.812996204173835
20170202,101000,101500,99700,100500,40320,6140,1213216,3110.241148207,2830.9185788362047,2523.568901377836,3520.6103479657727,8241.025379500812,97720.0,97230.0,98540.0,95878.33333333331,100690.83333333331,98019.00979124564,97716.12376212119,302.8860291244491,236.56405323351208,66.32197589093697,54.29864253393665,103587.13780275568,2523.568901377836,93492.86219724432,85.84905660377359,64.24967794844656,48.62522345226474
20170203,100500,101500,98300,98700,44170,6520,1203638,1235.47561691844,2669.925092582187,2517.9158047880264,3524.9976359303905,7973.037855103277,99060.0,97050.0,98510.0,95965.0,100484.16666666669,98123.7775156694,97789.00348344554,334.7740322238533,256.2060490315804,78.56798319227289,43.33333333333334,103545.83160957604,2517.9158047880264,93474.16839042396,68.86792452830188,65.789093475065,54.34651345986483
20170206,98800,101500,98800,101000,56796,9939,1210138,1326.0467563400618,2911.7177060972112,2569.805440106573,3544.518067849976,7608.297918867479,99640.0,97330.0,98590.0,96115.0,100271.66666666669,98566.27328248948,98026.8550772644,539.4182052250981,312.848480270284,226.56972495481412,50.0,103729.61088021316,2569.805440106573,93450.38911978684,95.04950495049505,75.54256396687502,61.411863628868225
20170207,102000,106500,101000,106000,138588,40815,1229966,2458.129370069851,3855.333967375589,3015.174124325383,3752.013903667607,7282.775722363228,101340.0,98320.0,98865.0,96315.0,100113.33333333331,99709.92354672187,98617.45840487443,1092.4651418474386,468.7718125857151,623.6933292617236,58.99280575539567,104895.34824865076,3015.174124325383,92834.65175134924,96.68874172185431,82.59128988520145,68.4716723809793
20170208,107000,107000,104000,105500,76246,14278,1223746,2891.7814578560387,4268.910868125498,3342.1400329730845,3902.941910346268,6904.137195673889,102340.0,99320.0,99210.0,96526.66666666669,99942.5,100600.70453953392,99127.27630080967,1473.428238724242,669.7030978134204,803.7251409108217,58.99280575539567,105894.28006594618,3342.1400329730845,92525.71993405382,90.38461538461539,85.18906505167276,74.04413660454378
20170209,106500,106500,104000,105500,50990,-800,1225600,2946.59125092029,4132.081799771152,3598.555265658892,4063.3729831239857,6635.811879911652,103340.0,100530.0,99580.0,96700.0,99809.16666666669,101354.44230268254,99599.3299081571,1755.1123945254367,886.7849571558238,868.3274373696128,58.99280575539567,106777.11053131777,3598.555265658892,92382.88946868223,90.38461538461539,86.92091516265363,78.33639612391373
20170210,105500,108000,105000,108000,85899,14092,1237249,2293.468988235943,3580.2374222947838,4028.0888768746568,4301.118717520393,6347.272161244542,105200.0,102130.0,100050.0,96926.66666666669,99688.33333333331,102376.83579457752,100221.60176681213,2155.2340277654002,1140.4747712777396,1014.7592564876607,67.5,108106.17775374932,4028.0888768746568,91993.82224625068,100.0,91.28061010843574,82.6511341187544
20170213,109000,109000,105500,106000,70320,-2432,1236546,927.3618495495704,3473.845131838781,4223.727619058944,4453.952988324455,6161.725441521047,106200.0,102920.0,100275.0,97061.66666666669,99592.5,102934.24567233484,100649.6312655668,2284.6144067680434,1369.3026983758002,915.3117083922432,67.74193548387096,108722.4552381179,4223.727619058944,91827.5447618821,82.95454545454545,88.50525522380565,84.60250782043815
20170214,106000,106500,103500,104500,51839,-1022,1238498,1157.5836902790224,2981.543224573476,4321.51593772386,4554.315413854323,5981.2507401619405,105900.0,103620.0,100450.0,97176.66666666669,99492.5,103175.13095351408,100934.84376441367,2240.2871891004033,1543.499596520721,696.7875925796823,65.62500000000001,109093.03187544773,4321.51593772386,91806.96812455227,71.3375796178344,82.78269668848189,83.99590410978607
20170215,104000,110500,104000,110000,140333,48662,1259318,1964.6882704388504,3329.279201268647,4797.70778601629,4827.617309695458,5921.105377284717,106800.0,104570.0,100900.0,97433.33333333331,99463.33333333331,104225.11080681963,101606.33681890156,2618.773987918059,1758.5544748001892,860.2195131178697,75.77639751552796,110495.41557203258,4797.70778601629,91304.58442796742,96.2406015037594,87.26866496024105,85.08682439327106
20170216,110000,110500,107000,108000,71896,-9580,1244055,1886.7962264113207,3168.848371254137,5038.836671296395,4996.205226634422,5870.143323540746,107300.0,105320.0,101275.0,97660.0,99434.16666666669,104805.86299038582,102079.94149898292,2725.9214914029003,1952.0278781207314,773.8936132821684,74.39024390243901,111352.6733425928,5038.836671296395,91197.3266574072,80.62015503875969,85.05249498641393,85.07538125765201
20170217,108000,109500,106500,108000,44843,-1512,1244955,1886.7962264113207,2347.871376374779,5242.184659090267,5149.319264608814,5809.740324567872,107300.0,106250.0,101650.0,97886.66666666669,99400.83333333331,105297.2686841726,102518.46435091012,2778.804333262495,2117.3831691490836,661.4211641134107,68.53932584269663,112134.36931818053,5242.184659090267,91165.63068181947,79.50819672131148,83.20439556471312,84.45171936000571
20170220,109500,110500,106500,107000,41173,-4840,1229785,1788.8543819998315,1566.0459763365827,5303.1028653045505,5232.23555364928,5707.4356958482995,107500.0,106850.0,102090.0,98126.66666666669,99346.66666666669,105559.22734814606,102850.4299545464,2708.797393599656,2235.6660140391987,473.1313795604574,67.52767527675276,112696.2057306091,5303.1028653045505,91483.7942693909,71.31147540983606,79.24008884642076,82.71450918881072
20170221,107000,108500,106000,106500,55214,-446,1241788,1200.0,1545.9624833740304,5199.124926369948,5261.194150463535,5636.36777248325,107900.0,106900.0,102610.0,98381.66666666669,99305.0,105703.96160227744,103120.76847643184,2583.193125845573,2305.171436400474,278.0216894450996,62.19512195121951,113008.2498527399,5199.124926369948,92211.7501472601,65.8119658119658,74.76404783493577,80.06435540418573
20170222,107000,109000,105500,108500,41699,2296,1243292,734.8469228349533,1536.2291495737215,5080.885749552072,5308.278649638243,5622.009328426094,107600.0,107200.0,103260.0,98686.66666666669,99296.66666666669,106134.1213557732,103519.23007077024,2614.8912850029737,2367.115406120974,247.77587888199972,65.0375939849624,113421.77149910414,5080.885749552072,93098.22850089586,78.94736842105263,76.15848803030805,78.76239961289316
20170223,109000,109000,106500,106500,41166,-4391,1242292,812.403840463596,1452.5839046333954,4588.057867987427,5286.787514380103,5567.074835337076,107300.0,107300.0,103915.0,98956.66666666669,99263.33333333331,106190.41037796195,103740.02784330577,2450.382534656179,2383.768831828015,66.6137028281637,64.55223880597015,113091.11573597485,4588.057867987427,94738.88426402514,42.857142857142854,65.05803963925298,74.19427962167977
20170224,106500,108500,105500,106000,45729,-13506,1252229,860.2325267042627,1479.8648586948739,3698.550391707721,5234.440169576127,5529.906318276108,106900.0,107100.0,104615.0,99221.66666666669,99238.33333333331,106161.11647366012,103907.43318824607,2253.683285414037,2357.75172254522,-104.06843713118224,60.0,112012.10078341543,3698.550391707721,97217.89921658457,35.714285714285715,55.276788330930565,67.88844919143004
20170227,106000,108000,105000,106500,31284,-2304,1253811,871.7797887081348,1450.0,3399.746314065409,5175.840243110836,5490.096133545996,106800.0,107150.0,105035.0,99496.66666666669,99213.33333333331,106213.25240078932,104099.47517430193,2113.7772264874075,2308.9568233336568,-195.1795968462497,51.219512195121965,111834.4926281308,3399.746314065409,98235.5073718692,42.857142857142854,51.13690650633466,62.304601629731586
20170228,106500,106500,103500,105000,47217,-7095,1251447,1140.175425099138,1363.8181696985855,2928.975930252985,5090.9058351344265,5426.680743226934,106500.0,107200.0,105410.0,99736.66666666669,99171.66666666669,106026.59818528326,104166.1807169462,1860.417468337051,2219.248952334336,-358.831483997285,48.83720930232558,111267.95186050596,2928.975930252985,99552.04813949404,21.428571428571427,41.23412814708025,55.28111046884781
20170302,106500,109000,105000,105000,55977,157,1247730,678.2329983125268,1144.5523142259594,2707.6327298954957,4989.859439123099,5353.542376057499,105800.0,106700.0,105635.0,99978.33333333331,99125.83333333331,105868.660002932,104227.94510828351,1640.7148946484667,2103.5421407971617,-462.8272461486954,48.83720930232558,111050.265459791,2707.6327298954957,100219.734540209,21.428571428571427,34.63227590757731,48.39816561509097
20170303,104500,105500,102000,104000,57163,-12206,1253190,871.7797887081348,1307.669683062202,2473.03457315124,4760.7585763411735,5323.634344966797,105300.0,106300.0,105810.0,100246.66666666669,99100.83333333331,105581.17384863476,104211.06028544773,1370.1135631870563,1956.856425275141,-586.7428620880844,40.0,110756.06914630249,2473.03457315124,100863.93085369751,23.52941176470588,30.931321193286834,42.57588414115626
20170306,103500,104500,101500,102500,47510,-19603,1264241,1319.090595827292,1600.781059358212,2024.8456731319889,4520.512200574121,5309.817885035548,104600.0,105750.0,106000.0,100478.33333333331,99084.16666666669,105107.14710269096,104084.31507911826,1022.8320235727153,1770.0515449346558,-747.2195213619408,41.02564102564102,110049.69134626398,2024.8456731319889,101950.30865373602,11.11111111111111,24.324584499228262,36.49211759384693
20170307,103500,109000,103500,108000,138613,-9193,1301932,1800.0,1703.672503740082,1710.9938632272574,4456.990451961162,5352.953429340463,104900.0,105850.0,106350.0,100758.33333333331,99117.5,105552.20139458467,104374.36581399836,1177.8355805862955,1651.6083520649836,-473.7727714786879,57.446808510638284,109771.98772645454,1710.9938632272574,102928.01227354546,72.22222222222221,40.290463740226244,37.758232975973364
20170308,108000,109000,105000,107500,103900,-27879,1285716,2083.266665599966,1767.0597047072292,1726.8106439332992,4431.607120069519,5392.448359101522,105400.0,105950.0,106425.0,100995.0,99150.83333333331,105851.86271849473,104605.89427222073,1245.9684462740115,1570.4803709067896,-324.51192463277783,43.24324324324325,109878.6212878666,1726.8106439332992,102971.3787121334,66.66666666666666,49.08253138237305,41.53299911143993
20170309,107000,107000,103000,104000,99882,-44838,1274836,2158.7033144922907,1627.8820596099704,1796.5244223225393,4417.016023917029,5392.448359101522,105200.0,105500.0,106350.0,101111.66666666669,99150.83333333331,105566.96076180325,104561.01321501918,1005.9475467840532,1457.5738060822425,-451.6262592981893,40.0,109943.04884464508,1796.5244223225393,102756.95115535492,33.33333333333333,43.832798699359806,42.299598974079885
20170310,103500,106000,102500,104500,53741,-2461,1268274,2111.871208194288,1615.5494421403512,1833.0302779827,4423.628475456905,5411.801918032583,105300.0,105300.0,106300.0,101213.33333333331,99180.0,105402.81295229503,104556.49371761037,846.3192346846918,1335.3228918027326,-489.00365711804056,41.46341463414634,109966.06055596539,1833.0302779827,102633.93944403461,40.0,42.55519913290654,42.384799027022105
20170313,106000,106000,103500,104000,46144,-19604,1272801,1772.0045146669352,1640.1219466856726,1854.7236990995007,4429.893402277293,5415.317716648153,105600.0,105100.0,106100.0,101293.33333333331,99184.16666666669,105186.99557501887,104515.27196075034,671.7236142685579,1202.6030362958975,-530.8794220273396,42.5,109809.447398199,1854.7236990995007,102390.552601801,33.33333333333333,39.48124386638214,41.41694730680879
20170314,104000,104000,101500,101500,88010,-35568,1278580,1913.112646970899,1881.4887722226777,2108.761484853452,4403.759441909445,5393.295992868166,104300.0,104600.0,105875.0,101358.33333333331,99155.0,104619.76548655443,104291.91848217623,327.8470043782145,1027.6518299123607,-699.8048255341464,38.63636363636363,110092.5229697069,2108.761484853452,101657.4770302931,0.0,26.320829244254757,36.38490795262411
20170315,101500,104000,100000,101000,72916,-20978,1289829,1449.1376746189444,2158.7033144922907,2347.338918861385,4388.317825011963,5359.461001093615,103000.0,104200.0,105700.0,101400.0,99113.33333333331,104062.87848862297,104048.07266868168,14.805819941291704,825.082627918147,-810.2768079768554,31.707317073170728,110394.67783772276,2347.338918861385,101005.32216227724,11.11111111111111,21.25092319987354,31.340246368373922
20170316,101000,104000,101000,102000,55440,-9627,1292216,1392.838827718412,2233.8307903688683,2260.5309110917583,4381.943696071408,5334.08842311193,102600.0,103900.0,105300.0,101441.66666666669,99084.16666666669,103745.51256729636,103896.36358211268,-150.85101481631864,629.8958993712539,-780.7469141875722,38.46153846153847,109821.06182218352,2260.5309110917583,100778.93817781648,22.22222222222222,21.574689540656436,28.085060759134763
20170317,102500,105000,102000,104000,71052,-5722,1306379,1264.9110640673516,2233.8307903688683,2188.606862824234,4374.584424705201,5330.050031036715,102500.0,103900.0,105100.0,101536.66666666669,99080.0,103784.66448002,103904.04035380804,-119.37587378802708,480.04154473939764,-599.4174185274247,45.23809523809525,109477.21372564847,2188.606862824234,100722.78627435153,44.44444444444444,29.19794117525244,28.456020897840656
20170320,104000,104000,102500,104000,34497,10019,1298903,1264.9110640673516,2184.605227495348,2095.232683976015,4353.712017728989,5326.005317206325,102500.0,104050.0,104900.0,101645.0,99075.83333333331,103817.7930215554,103911.14847574817,-93.35545419277331,365.3621449529635,-458.71759914573687,43.90243902439025,109090.46536795203,2095.232683976015,100709.53463204797,44.44444444444444,34.28010893164977,30.397383575777027
20170321,104500,105000,102000,102000,58184,-10194,1293338,1200.0,1809.0052515125547,2127.792283095635,4323.469542956607,5269.8591985216635,102600.0,103450.0,104650.0,101716.66666666669,99025.83333333331,103538.13255670073,103769.58192198904,-231.44936528832488,245.99984290470584,-477.4492081930305,42.85714285714286,108905.58456619128,2127.792283095635,100394.41543380872,22.22222222222222,30.260813361840587,30.35186017113155
20170322,102000,102500,100500,101000,55852,-13715,1293463,1200.0,1345.362404707371,2224.157143729133,4260.203438020055,5228.409573349034,102600.0,102800.0,104375.0,101800.0,98980.0,103147.6506249006,103564.42770554539,-416.7770806448097,113.44445819480268,-530.2215388396123,40.90909090909091,108823.31428745828,2224.157143729133,99926.68571254172,11.11111111111111,23.877579278264093,28.19376654017573
20170323,101000,104000,101000,104000,60410,3950,1297268,1264.9110640673516,1345.362404707371,2013.0822139200711,4218.878207926599,5197.080109704663,103000.0,102800.0,104150.0,101920.0,98955.0,103278.7812979928,103596.69231994943,-317.9110219566355,27.173362164515037,-345.0843841211505,50.0,108176.16442784014,2013.0822139200711,100123.83557215986,44.44444444444444,30.73320100032421,29.04024469355856
20170324,104000,104500,103000,104000,37035,2799,1299947,1264.9110640673516,1289.3796958227624,1939.555361416976,4160.388603642455,5188.174588000748,103000.0,102750.0,104025.0,102050.0,98946.66666666669,103389.73802137854,103626.56696291617,-236.82894153762027,-25.62709857591205,-211.20184296170825,53.33333333333334,107904.11072283397,1939.555361416976,100145.88927716603,57.14285714285714,39.536419714501854,32.53896970053966
20170327,104000,104000,102000,102500,39614,-759,1298904,1166.1903789690598,1220.6555615733705,1911.1514853619885,4108.377281710336,5177.780989211826,102700.0,102600.0,103850.0,102141.66666666669,98934.16666666669,103252.85524885877,103543.1175582557,-290.26230939694506,-78.55414074011867,-211.7081686568264,35.135135135135144,107672.30297072399,1911.1514853619885,100027.69702927601,41.66666666666667,40.246502031890124,35.10814714432315
20170328,103500,106000,102500,105500,62574,8635,1301003,1529.7058540778353,1431.7821063276351,1853.3752992854238,4053.866124521178,5172.291561776189,103400.0,103000.0,103800.0,102298.33333333331,98930.0,103598.5698259574,103688.07181319973,-89.50198724231448,-80.74371004055784,-8.758277201756655,45.23809523809525,107506.75059857084,1853.3752992854238,100093.24940142916,91.66666666666666,57.386556910148975,42.534283732931755
20170329,106500,107000,102500,103000,67838,-9003,1285938,1029.5630140987,1268.857754044952,1839.836949297773,3962.524447872196,5160.614667849283,103800.0,103200.0,103700.0,102420.0,98917.5,103506.48216042553,103637.10353074047,-130.62137031498423,-90.71924209544314,-39.90212821954111,47.5,107379.67389859556,1839.836949297773,100020.32610140444,42.857142857142854,52.54341889248027,45.87066211944793
20170330,102500,103000,100500,100500,65724,-16793,1270207,1655.2945357246854,1473.9402972983676,1939.555361416976,3867.5559322230592,5162.530602547881,103100.0,103050.0,103475.0,102503.33333333331,98933.33333333331,103043.94644343696,103404.72549142636,-360.7790479894175,-144.73120327423803,-216.04784471517945,40.90909090909091,107354.11072283397,1939.555361416976,99595.88927716603,7.142857142857142,37.409898309272556,43.05040751605614
20170331,101000,102000,100500,101500,34276,2411,1262520,1685.2299546352715,1503.3296378372906,1981.7921182609784,3819.1913047407215,5164.694179933927,102600.0,102800.0,103350.0,102566.66666666669,98970.83333333331,102806.41622136973,103263.63471428367,-457.2184929139621,-207.22866120218285,-249.9898317117793,44.444444444444436,107313.58423652196,1981.7921182609784,99386.41576347804,15.384615384615385,30.068137334386833,38.72298412216637
20170403,101500,102000,99900,100500,72999,-14820,1257614,1886.7962264113207,1588.2380174268592,2070.627924085188,3805.148558931764,5165.724376440781,102200.0,102450.0,103250.0,102586.66666666669,98975.0,102451.5829565436,103058.92103174416,-607.3380752005469,-287.25054400185576,-320.0875311986911,47.61904761904761,107391.25584817037,2070.627924085188,99108.74415182963,8.450704225352112,22.862326298041925,33.436098180791554
20170404,100500,101500,99800,101500,35842,-2809,1261319,916.5151389911681,1609.3476939431082,1790.7749719049948,3785.28253752264,5160.835419023106,101400.0,102400.0,102925.0,102621.66666666669,98966.66666666669,102305.18557861383,102943.4453997631,-638.2598211492732,-357.45239943133936,-280.80742171793395,51.16279069767441,106506.54994381,1790.7749719049948,99343.45005619,23.61111111111111,23.111921235731653,29.99470586577159
20170405,101500,101500,100000,100000,47623,-8049,1262957,600.0,1720.4650534085254,1564.4487847166283,3790.491026530357,5161.466132690406,100800.0,102300.0,102550.0,102613.33333333331,98970.83333333331,101950.54164344248,102725.41240718807,-774.8707637455956,-440.9360722941906,-333.9346914514048,45.45454545454545,105678.89756943326,1564.4487847166283,99421.10243056674,2.7777777777777777,16.333873416413695,25.44109504931896
20170406,100000,101000,98600,99200,62511,-21948,1272926,886.7919710958148,1844.3427013437606,1686.9795493725865,3780.668665135904,5160.649116688396,100540.0,101820.0,102310.0,102623.33333333331,98964.16666666669,101527.38139060515,102464.27074739637,-936.8893567911873,-540.12672919359,-396.76262759759726,38.46153846153847,105683.95909874515,1686.9795493725865,98936.04090125485,7.142857142857142,13.270201325228177,21.38413047462203
20170407,99300,99700,98800,99200,32401,-5651,1268053,865.7944328765344,1839.130229211624,1737.6636613572073,3761.307027555781,5159.1740698831345,100080.0,101340.0,102045.0,102641.66666666669,98977.5,101169.32271512745,102222.47291425588,-1053.1501991284313,-642.7314231805583,-410.418775947873,38.46153846153847,105520.3273227144,1737.6636613572073,98569.6726772856,7.142857142857142,11.227753264437832,17.99867140456063
20170410,99000,99100,97100,97300,43988,-905,1266595,1360.294085850556,2146.9979040511425,1960.0765291185282,3788.1745823881456,5158.287829634412,99440.0,100820.0,101710.0,102620.0,98980.0,100574.04229741557,101857.84529097764,-1283.8029935621162,-770.94573725687,-512.8572563052462,38.6473429951691,105630.15305823708,1960.0765291185282,97789.84694176292,2.0202020202020203,8.158569516359227,14.718637441826829
20170411,96500,97700,96100,96800,52279,-27066,1284816,1229.6340919151519,1810.6628620480399,2233.802811351381,3858.4665203774653,5159.2709837102475,98500.0,99950.0,101475.0,102541.66666666669,98977.5,99993.42040550547,101483.19008423855,-1489.7696787331079,-914.7105255521176,-575.0591531809902,39.603960396039604,105942.60562270276,2233.802811351381,97007.39437729724,6.422018348623854,7.579719127114103,12.338998003589253
20170412,96800,97100,95700,96200,37278,-12594,1286434,1241.933975700802,1814.4145061148513,2512.424128207921,3938.531522730321,5164.541498420751,97740.0,99270.0,101235.0,102461.66666666669,98963.33333333331,99409.81726619693,101091.84267059127,-1682.0254043943426,-1068.1735013205628,-613.8519030737796,28.089887640449433,106259.84825641583,2512.424128207921,96210.15174358417,4.424778761061947,6.528072338430051,10.402022781869519
20170413,96700,99200,96700,99000,49365,5953,1287096,1196.6620241321273,1767.9366504487655,2551.524054364633,3959.1704377988585,5161.077016693646,97700.0,99120.0,101085.0,102428.33333333331,98980.83333333331,99346.76845601275,100936.89136165859,-1590.1229056458105,-1172.5633821856125,-417.55952346019814,37.864077669902905,106188.04810872927,2551.524054364633,95981.95189127073,29.20353982300885,14.086561499956318,11.63020235456512
20170414,98400,98900,97700,97900,26078,5311,1277994,960.4165762834376,1605.7397049335239,2549.431309135693,3994.1133767898345,5158.5171615084055,97440.0,98760.0,100780.0,102385.0,98989.16666666669,99124.18869354928,100711.93644598016,-1587.7477524308927,-1255.6002562346684,-332.147496196224,38.613861386138616,105878.8626182714,2549.431309135693,95681.1373817286,30.136986301369863,19.436703100427497,14.232369269852578
20170417,98900,98900,97800,98400,19227,3578,1275544,1026.839812239475,1498.1655449248592,2487.1670631466104,4019.5978239932756,5156.923878525848,97660.0,98550.0,100500.0,102350.0,98971.66666666669,99012.77504838783,100540.68189442607,-1527.9068460382402,-1310.061574195383,-217.84527184285758,29.94350282485876,105474.33412629322,2487.1670631466104,95525.66587370678,42.857142857142854,27.24351635266595,18.569418297457034
20170418,98600,99200,98000,98800,26556,-5156,1278739,1003.1948963187564,1143.5033887138245,2488.453334905305,4009.995843719976,5151.7310332460165,98060.0,98280.0,100340.0,102360.0,98949.16666666669,98980.04042555897,100411.74249483898,-1431.7020692800284,-1334.3896732123121,-97.31239606771669,36.53846153846154,105316.9066698106,2488.453334905305,95363.0933301894,49.2063492063492,34.564460637227036,23.901099077380366
20170419,98100,102500,98100,101500,81867,25963,1278486,1248.0384609458154,1423.411395205195,2497.4537032748644,3928.2523679941332,5149.463564296884,99120.0,98430.0,100365.0,102450.0,98945.0,99367.72651393453,100492.35416188792,-1124.627647953428,-1292.4372681605355,167.8096202071074,53.164556962025316,105359.90740654973,2497.4537032748644,95370.09259345027,85.29411764705883,51.47434630717097,33.09218148731057
20170420,102500,102500,100000,101000,51080,-7565,1275848,1449.6896219536097,1610.8693305169104,2360.990258345285,3827.8928784481136,5152.615234036127,99520.0,98610.0,100215.0,102541.66666666669,98957.5,99618.84551179074,100529.95755730367,-911.112045512913,-1216.172223631011,305.06017811809807,48.366013071895416,104936.98051669057,2360.990258345285,95493.01948330943,77.94117647058823,60.29662302831006,42.16032866764373
20170421,101500,103000,99900,100500,63250,-16755,1267914,1224.0914998479484,1703.0560765870275,2198.044585535365,3649.0272676406453,5139.638376278049,100040.0,98740.0,100040.0,102660.0,99005.83333333331,99754.40774074603,100527.73847898489,-773.3307382388448,-1127.6039265525778,354.27318831373304,50.0,104436.08917107074,2198.044585535365,95643.91082892926,65.75342465753424,62.11555690471812,48.8120714133352
20170424,101000,102000,100000,101000,38884,-3902,1270078,935.0935782048767,1751.2566916360377,2137.5862555698973,3383.031185192506,5113.119766837187,100560.0,99110.0,99965.0,102810.0,99072.5,99946.0373190928,100562.72081387488,-616.6834947820753,-1025.4198401984772,408.736345416402,48.251748251748246,104240.17251113981,2137.5862555698973,95689.82748886019,72.6027397260274,65.61128451182121,54.41180911283053
20170425,98400,100500,98400,100000,69254,1761,1275938,509.9019513592785,1584.3295111813075,1721.017141112004,3347.50114098172,5057.173054738855,100800.0,99430.0,99690.0,102841.66666666669,99149.16666666669,99954.3392700016,100521.03779062488,-566.6985206232785,-933.6755762834372,366.97705566015884,50.0,103132.034282224,1721.017141112004,96247.965717776,58.9041095890411,63.37555953756117,57.39972592107407
20170426,100500,102000,99800,100500,42049,2243,1271095,374.165738677394,1181.6936997377961,1559.2546296231849,3289.2396115526867,5003.052124011573,100600.0,99860.0,99565.0,102891.66666666669,99228.33333333331,100038.28707461676,100519.4794357638,-481.19236114702653,-843.1789332561552,361.9865721091287,54.814814814814824,102683.50925924636,1559.2546296231849,96446.49074075364,65.75342465753424,64.16818124421887,59.65587769545567
20170427,100500,102500,100000,102000,68602,2024,1271887,678.2329983125268,1300.1538370516007,1636.5818036387107,3276.6429297184563,4933.9064982379305,100800.0,100160.0,99640.0,102916.66666666669,99330.0,100340.08906313726,100629.1476257072,-289.05856256994593,-732.3548591189134,443.29629654896746,59.33333333333334,102913.16360727744,1636.5818036387107,96366.83639272256,86.3013698630137,71.54591078381715,63.619222058242826
20170428,101500,101500,99600,100000,63635,-8748,1247067,748.3314773547883,1066.8176976409793,1583.1219157100104,3283.4073595693158,4893.153947667773,100700.0,100370.0,99565.0,102908.33333333331,99393.33333333331,100287.76766880846,100582.54409787703,-294.7764290685882,-644.8391731088484,350.06274404026016,58.940397350993386,102731.24383142004,1583.1219157100104,96398.75616857996,52.38095238095239,65.15759131619556,64.13201181089374
20170502,99900,101000,99600,100000,39962,-441,1253551,774.5966692414833,859.127464349732,1572.0687007892925,3259.769930529617,4863.502895721129,100500.0,100530.0,99540.0,102930.0,99447.5,100243.49571976099,100539.39268321947,-295.8969634584792,-575.0507311787745,279.15376772029543,60.95890410958904,102684.13740157857,1572.0687007892925,96395.86259842143,43.39622641509434,57.90380301582849,62.05594221253866
20170504,100000,103500,100000,103000,96939,5659,1286028,1200.0,934.0770846134703,1694.7787466219104,3250.075212802616,4825.78656513561,101100.0,100950.0,99615.0,102963.33333333331,99539.16666666669,100667.57330133623,100721.6598918699,-54.08659053366864,-470.85790304975336,416.77131251608466,70.0,103004.55749324383,1694.7787466219104,96225.44250675617,91.22807017543859,69.01189206903184,64.37459216470306
20170508,103500,107000,103500,105000,140306,7400,1300406,1897.366596101028,1536.2291495737215,2062.1045075362535,3236.9979233142285,4824.171704957237,102000.0,101300.0,99865.0,102946.66666666669,99630.83333333331,101334.10048574604,101038.5739739536,295.52651179242815,-317.58102008131704,613.1075318737453,68.51851851851852,103989.20901507251,2062.1045075362535,95740.79098492749,77.77777777777779,71.93385397194716,66.8943461004511
20170510,106500,107000,104000,104000,58254,5077,1299336,2059.1260281974,1729.1616465790582,2242.203157611133,3222.943357999633,4799.39225030038,102400.0,101600.0,100105.0,102921.66666666669,99724.16666666669,101744.23887255434,101257.93886477186,486.3000077824836,-156.8048145085569,643.1048222910405,68.944099378882,104589.40631522227,2242.203157611133,95620.59368477773,66.29213483146067,70.05328092511833,67.94732437534019
20170511,105500,106000,103500,105000,42064,5017,1289636,1854.7236990991407,1955.1214796017155,2469.9139661132604,3216.906726791118,4804.281655174198,103400.0,102050.0,100395.0,102913.33333333331,99806.66666666669,102245.12519985368,101535.12857849248,709.996621361206,16.55547266539575,693.4411486958103,69.87951807228914,105334.82793222653,2469.9139661132604,95455.17206777347,76.74418604651163,72.28358263224943,69.39274379430994
20170512,105500,105500,103500,103500,39324,-16536,1291224,800.0,1964.6882704388504,2451.015095833017,3149.184638739672,4790.140264128087,104100.0,102300.0,100705.0,102838.33333333331,99882.5,102438.18286141464,101680.67460971524,757.5082516994008,164.7460284721968,592.7622232272039,63.2768361581921,105607.03019166604,2451.015095833017,95802.96980833396,59.30232558139535,67.95649694863141,68.91399484575042
20170515,104000,104500,102000,103000,46687,-11721,1296180,800.0,1813.8357147217048,2326.429667967922,3122.2903808273877,4794.984358683676,104100.0,102600.0,101015.0,102788.33333333331,99925.0,102524.61626735088,101778.40241640301,746.2138509478682,281.0395929673311,465.1742579805371,54.838709677419345,105667.85933593583,2326.429667967922,96362.14066406417,53.48837209302325,63.133788663428696,66.98725945164318
20170516,103000,105000,102500,103500,66633,-10550,1302407,678.2329983125268,1685.2299546352715,2104.423911668306,3115.771261748936,4801.136945791415,103800.0,102900.0,101380.0,102771.66666666669,99974.16666666669,102674.67530314304,101905.9281633361,768.7471398069466,378.5811023352543,390.1660374716923,58.064516129032256,105588.84782333662,2104.423911668306,97171.15217666338,59.30232558139535,61.85663430275091,65.27705106867909
20170517,103000,103500,101500,102500,42469,-6714,1295223,836.6600265340753,1665.0825805346713,2043.887227809141,2970.3235888042855,4781.115629922346,103500.0,102950.0,101555.0,102646.66666666669,100040.0,102647.80217958256,101949.93348457047,697.8686950121048,442.4386208706244,255.4300741414802,56.25,105642.77445561829,2043.887227809141,97467.22554438171,39.189189189189186,54.300819264897,61.61830713408506
20170518,101000,102500,100500,102000,39826,-2713,1289329,583.0951894845299,1397.318861248212,1864.778807258741,2888.278995447022,4756.257866107553,102900.0,103150.0,101760.0,102546.66666666669,100103.33333333331,102548.14030580064,101953.64211534301,594.4981904576271,472.8505347880249,121.64765566960216,53.12500000000002,105489.55761451749,1864.778807258741,98030.44238548251,32.432432432432435,47.01135698740882,56.74932375185964
20170519,101500,104000,101500,104000,46632,502,1299677,707.1067811865477,934.0770846134703,1756.5306715230836,2806.646872453238,4740.364496067432,103000.0,103550.0,102040.0,102480.0,100183.33333333331,102771.50333567748,102105.22418087316,666.2791548043024,511.5362587912806,154.74289601302192,61.764705882352935,105553.06134304617,1756.5306715230836,98526.93865695383,59.45945945945946,51.16072447809236,54.886457327270556
20170522,104500,105500,104000,105500,68483,3087,1298707,1224.744871391589,1077.0329614269008,1745.5300054714999,2772.7498384548744,4713.367441533702,103500.0,103800.0,102375.0,102455.0,100290.83333333331,103191.27205326557,102356.68905636405,834.5829969015176,576.145606413328,258.43739048818964,63.88888888888889,105866.06001094301,1745.5300054714999,98883.93998905699,79.72972972972973,60.68372622863816,56.81888029439309
20170523,105000,108000,105000,106500,107460,29989,1312787,1714.6428199482248,1312.4404748406687,1948.5571585153293,2772.7498384548744,4672.490116512816,104100.0,103950.0,102625.0,102455.0,100418.33333333331,103700.30712199393,102663.60097811485,1036.7061438790843,668.2577139064792,368.4484299726049,62.85714285714285,106522.11431703066,1948.5571585153293,98727.88568296934,81.25,67.53915081909211,60.392303802626095
20170524,107500,109000,106000,108500,88226,25722,1318486,2204.5407685048604,1894.729532149641,2291.2878474782115,2772.7498384548744,4634.98284487044,105300.0,104400.0,103000.0,102455.0,100570.83333333331,104438.72141091796,103095.9268315878,1342.7945793301333,803.1650869912102,539.6294923389231,74.28571428571429,107582.57569495642,2291.2878474782115,98417.42430504358,94.11764705882352,76.39864956566925,65.72775239030715
20170525,109000,113000,108500,112500,165782,26056,1342313,2939.387691339813,3090.7118921051183,3014.9626863364892,3014.4886244024165,4664.293369730289,107400.0,105150.0,103600.0,102555.0,100755.83333333331,105678.91811693057,103792.52484406279,1886.3932728677896,1019.8107241665264,866.5825487012637,79.06976744186046,109629.92537267297,3014.9626863364892,97570.07462732703,96.0,82.9324330437795,71.4626459414646
20170526,112500,115000,111500,114500,128990,30965,1345370,3464.1016151377544,4100.304866714181,3773.178368431757,3353.702762948319,4726.7588584120285,109500.0,106250.0,104275.0,102696.66666666669,100959.16666666669,107036.0076374028,104585.67115191,2450.3364854928077,1305.9158764317826,1144.4206090610248,78.04878048780488,111821.35673686351,3773.178368431757,96728.64326313649,96.55172413793103,87.47219674183002,76.79916287491973
20170529,115500,115500,112500,113000,91518,-11181,1349353,3000.0,4394.598957811736,4087.4044331337377,3572.647244455901,4744.768976347522,111000.0,107250.0,104925.0,102805.0,101150.83333333331,107953.54492395619,105208.95477028703,2744.5901536691817,1593.6507318792624,1150.939421789919,70.0,113099.80886626749,4087.4044331337377,96750.19113373251,83.33333333333334,86.09257560566446,79.89696711850131
20170530,114000,115000,111500,112000,77886,-1730,1361239,1984.9433241279207,4409.081537009721,4230.839160261394,3752.2034267268373,4747.023555756797,112100.0,108100.0,105500.0,102921.66666666669,101329.16666666669,108576.0764741168,105711.99515767317,2864.0813164436267,1847.736848792136,1016.34446765149,70.0,113961.67832052277,4230.839160261394,97038.32167947723,76.66666666666667,82.95060595933187,80.91484673211149
20170531,112500,115000,111000,114000,68102,20549,1355519,927.3618495495704,4296.801135728764,4532.107677450011,4003.7520596985883,4780.851562921364,113200.0,109250.0,106100.0,103071.66666666669,101525.0,109410.5262473296,106325.92144228997,3084.6048050396203,2095.1104400416325,989.494364997988,71.42857142857143,115164.21535490002,4532.107677450011,97035.78464509998,90.0,85.3004039728879,82.37669914570363
20170601,114000,114000,111000,112000,59299,-14042,1349235,1019.803902718557,3600.347205478938,4478.839135311887,4162.508258248286,4709.945078120325,113100.0,110250.0,106700.0,103205.0,101725.83333333331,109808.9068246635,106746.2235576759,3062.683266987602,2288.6250054308266,774.0582615567755,69.76744186046511,115657.67827062376,4478.839135311887,97742.32172937623,76.66666666666667,82.42249153748082,82.39196327629602
20170602,112500,113500,111500,111500,36299,174,1348849,894.427190999916,2941.0882339705486,4317.044706741098,4294.470281651191,4637.623912692417,112500.0,111000.0,107275.0,103355.0,101916.66666666669,110069.0750054845,107098.35514599619,2970.719859488309,2425.043976242323,545.6758832459855,69.76744186046511,115909.0894134822,4317.044706741098,98640.9105865178,73.33333333333333,79.39277213609832,81.39223289623011
20170605,112500,113000,110000,110000,49419,-4739,1347531,1280.6248474865695,2350.0,4239.324828318931,4337.936977666629,4590.256589296128,111900.0,111450.0,107625.0,103388.33333333331,102073.33333333331,110058.44808156381,107313.29180184832,2745.156279715477,2489.066436936955,256.0898427785228,64.44444444444444,116103.64965663785,4239.324828318931,99146.35034336212,60.71428571428571,73.16660999549411,78.65035859598477
20170607,110000,112500,109000,112000,63224,12086,1348909,1280.6248474865695,1673.3200530681506,4296.728406590453,4445.933222868684,4607.157399696314,111900.0,112000.0,107975.0,103463.33333333331,102229.16666666669,110357.14837670783,107660.4553720818,2696.6930046260386,2530.5917504747713,166.10125415126777,70.21276595744679,116568.45681318089,4296.728406590453,99381.54318681911,69.56521739130434,71.96614579409753,76.42228766202236
20170608,111500,113000,110000,111500,71088,-4561,1345709,734.8469228349533,1228.8205727444506,4260.575078554693,4563.15284522382,4658.290101173136,111400.0,112300.0,108350.0,103588.33333333331,102350.0,110532.97170336817,107944.86608526092,2588.1056181072345,2542.094524001264,46.01109410597064,70.21276595744679,116871.15015710937,4260.575078554693,99828.84984289063,61.904761904761905,68.61235116431898,73.81897549612124
20170609,112000,114000,111000,113500,72844,12430,1342836,1122.4972160321822,1280.6248474865695,4328.6112091525765,4735.331444458171,4752.876249063282,111700.0,112400.0,108775.0,103738.33333333331,102475.83333333331,110989.43759515768,108356.35748635267,2633.080108804963,2560.2916409620043,72.78846784295911,70.21276595744679,117432.22241830516,4328.6112091525765,100117.77758169484,78.94736842105263,72.05735691656353,73.23176930293533
20170612,114000,114000,111500,112500,52157,14222,1332017,1157.5836902790224,1077.0329614269008,4223.372467590484,4866.374420447473,4829.646870000935,111900.0,112200.0,109225.0,103880.0,102586.66666666669,111221.83181128725,108663.29396884507,2558.537842442165,2559.9408812580364,-1.4030388158712412,65.21739130434783,117671.74493518096,4223.372467590484,100778.25506481904,57.14285714285714,67.08585699199473,71.18313186595513
20170613,112000,113500,111500,113500,52440,11748,1331391,800.0,1123.6102527122116,4066.6325135179522,5008.9519861928775,4908.484080879062,112600.0,112250.0,109750.0,104080.0,102719.16666666669,111572.31922493537,109021.56848967136,2550.750735263995,2558.102852059228,-7.352116795233088,65.21739130434783,117883.2650270359,4066.6325135179522,101616.7349729641,69.23076923076923,67.80082773825289,70.05569715672105
20170614,113500,113500,110500,110500,58913,-3733,1320553,1166.1903789690598,1240.9673645990856,3806.5732621350317,5058.988425453702,4943.620397938118,112300.0,112100.0,110100.0,104238.33333333331,102819.16666666669,111407.34703648377,109131.08193488092,2276.2651016028685,2501.7353019679567,-225.4702003650877,54.16666666666666,117713.14652427008,3806.5732621350317,102486.85347572992,23.076923076923077,52.89285951780962,64.33475127708391
20170615,110500,114500,110500,114000,96608,33785,1327494,1248.9995996796795,1240.9673645990856,3468.699323954346,5201.733418346357,5037.333950946104,112800.0,112100.0,110675.0,104438.33333333331,102940.0,111806.2167231786,109491.74253229712,2314.474190881461,2464.283079750657,-149.80888886919638,53.19148936170214,117612.39864790867,3468.699323954346,103737.60135209133,83.33333333333334,63.03968412298419,63.90306222571734
20170616,114000,116000,112000,112000,106083,-16675,1318499,1224.744871391589,1240.9673645990856,2847.2574523568,5290.560514306716,5085.893822352485,112500.0,112100.0,111175.0,104571.66666666669,103054.16666666669,111836.02953499726,109677.53938175661,2158.49015324068,2403.124494448662,-244.63434120798183,44.680851063829785,116869.5149047136,2847.2574523568,105480.4850952864,42.857142857142854,56.31217036770374,61.372764939712816
20170619,112500,114500,111000,113500,35973,7023,1318833,1288.4098726725126,1288.4098726725126,2361.6731357241915,5411.84811316669,5147.888928161487,112700.0,112300.0,111650.0,104730.0,103187.5,112092.02499115154,109960.6846127376,2131.3403784139373,2348.767671241717,-217.42729282778006,51.06382978723405,116373.3462714484,2361.6731357241915,106926.6537285516,64.28571428571429,58.97001834037392,60.57184940659985
20170620,113000,113500,110000,111500,69733,-243,1308641,1288.4098726725126,1082.8203913853858,1896.707673839417,5468.335873207511,5178.070144048612,112300.0,112450.0,111950.0,104888.33333333331,103302.5,112000.94422328207,110074.70797475702,1926.2362485250487,2264.2613866983843,-338.0251381733351,48.979591836734684,115743.41534767885,1896.707673839417,108156.58465232117,35.714285714285715,51.21810746501118,57.453935426070295
20170621,111000,112000,108000,111500,53440,2752,1319146,1048.8088481701516,1113.5528725660042,1435.2700094411975,5508.96138628159,5187.613184844886,112500.0,112400.0,112200.0,105063.33333333331,103431.66666666669,111923.8758812387,110180.28516181208,1743.5907194266324,2160.127253244033,-416.5365338174006,44.444444444444436,115070.5400188824,1435.2700094411975,109329.4599811176,43.75,48.72873831000745,54.545536387382676
20170622,110500,111000,107000,107500,78199,-22855,1326088,1989.9748742132401,1843.9088914585773,1574.007623870143,5515.91913364173,5164.766787788502,111200.0,112000.0,112150.0,105121.66666666669,103520.83333333331,111243.27959181737,109981.74552019636,1261.5340716210048,1980.4086169194281,-718.8745452984227,40.81632653061224,115298.01524774027,1574.007623870143,109001.98475225973,5.555555555555555,34.33767739185682,47.80958338887405
20170623,107500,111000,107500,110500,43947,-1015,1342798,1959.5917942265423,1819.3405398660248,1611.6761461290341,5556.506696356332,5159.4476448570485,110900.0,111700.0,112050.0,105230.0,103640.0,111128.92888538392,110020.13474092254,1108.7941444613825,1806.0857224278186,-697.2915779664363,48.148148148148145,115273.35229225806,1611.6761461290341,108826.64770774194,38.88888888888889,35.854747890867515,43.824638222871876
20170626,110500,111000,109000,109500,25396,-8138,1348051,1496.6629547095765,1907.8784028338912,1600.0000000004172,5571.429100527833,5150.514469990013,110100.0,111400.0,111800.0,105346.66666666669,103744.16666666669,110878.32444147867,109981.60624159494,896.7181998837622,1624.2122179190076,-727.4940180352452,49.0566037735849,115000.00000000086,1600.0000000004172,108599.99999999916,27.77777777777778,33.1624245198376,40.270566988527115
20170627,109500,110000,107500,108500,30870,-686,1348177,1414.213562373095,1946.7922333931783,1726.8106439332992,5586.023232635334,5120.416039413946,109500.0,110900.0,111575.0,105396.66666666669,103847.5,110512.42837355893,109871.85763110642,640.5707424524735,1427.4839228257003,-786.9131803732272,43.13725490196078,115028.6212878666,1726.8106439332992,108121.3787121334,16.666666666666664,27.66383856878062,36.06832418194495
20170628,108500,109500,107500,109000,20468,2587,1349371,1000.0,2027.929979067325,1811.5946014495998,5595.920140799764,5086.69151370284,109000.0,110750.0,111425.0,105496.66666666669,103958.33333333331,110279.74708531908,109807.27558435779,472.47150096127007,1236.4814384528147,-764.0099374915446,45.09803921568627,115048.1892028992,1811.5946014495998,107801.8107971008,22.22222222222222,25.849966453261157,32.662204939050355
20170629,109000,111000,108500,109500,26759,4917,1346748,663.32495807108,1734.9351572897476,1756.4168070254095,5580.575438268756,5051.785987815359,109400.0,110300.0,111200.0,105646.66666666669,104075.0,110159.78599527,109784.51442996094,375.2715653090563,1064.239463824063,-688.9678985150067,41.66666666666667,114712.83361405082,1756.4168070254095,107687.16638594918,27.77777777777778,26.492570228100032,30.60566003540025
20170630,109500,109500,108000,109500,27756,1527,1350388,400.0,1650.0,1783.7810964356963,5575.476063379674,5041.572726399621,109200.0,110050.0,111075.0,105780.0,104173.33333333331,110058.28045753614,109763.43928700087,294.8411705352628,910.359805166303,-615.5186346310403,43.47826086956522,114642.56219287141,1783.7810964356963,107507.43780712859,27.77777777777778,26.92097274465928,29.377430938486594
20170703,110000,111500,109000,110000,31437,2920,1344433,509.9019513592785,1187.4342087037915,1795.8284996071689,5558.149922010201,5049.20889018147,109300.0,109700.0,111000.0,105938.33333333331,104262.5,110049.31423329981,109780.9623027786,268.3519305212103,781.9582302372844,-513.6062997160741,42.22222222222222,114591.65699921432,1795.8284996071689,107408.34300078568,33.33333333333333,29.058426274217297,29.271096050396824
20170704,110000,111500,109000,109000,26412,2402,1341101,374.165738677394,1035.615758860399,1836.4367672210592,5541.2383293095,5047.584612137532,109400.0,109450.0,110950.0,106063.33333333331,104342.5,109887.8812743306,109723.11324331348,164.7680310170981,658.5201903932473,-493.75215937614905,46.34146341463415,114622.87353444213,1836.4367672210592,107277.12646555787,26.666666666666668,28.261173071700423,28.934455057498024
20170705,109000,110000,108000,108500,24514,3109,1336736,509.9019513592785,807.7747210701756,1893.9046966522199,5492.856724873368,5049.22429411124,109300.0,109150.0,110775.0,106205.0,104409.16666666669,109674.36107827976,109632.51226232732,41.848815952427685,535.1859155050831,-493.3370995526556,34.285714285714285,114562.80939330446,1893.9046966522199,106987.19060669557,23.076923076923077,26.53308974010797,28.13399995170134
20170706,109000,111000,108500,110500,30968,5162,1338635,707.1067811865477,687.386354243376,1887.2930350110805,5442.94242319436,5051.016124396141,109500.0,109450.0,110725.0,106393.33333333331,104508.33333333331,109801.38245085208,109696.77061326604,104.6118375860533,449.07109992127715,-344.45926233522385,45.714285714285715,114499.58607002215,1887.2930350110805,106950.41392997783,70.0,41.02205982673865,32.430019910047115
20170707,110000,111000,110000,111000,27059,942,1340956,927.3618495495704,774.5966692414833,1779.0446874660947,5392.4236974963405,5050.758950122559,109800.0,109500.0,110600.0,106590.0,104615.83333333331,109985.785150721,109793.30612339448,192.47902732650985,397.75268540232366,-205.2736580758139,42.42424242424243,114158.08937493217,1779.0446874660947,107041.91062506783,88.88888888888889,56.977669514122056,40.61256977807209
20170710,111500,112000,110000,110500,28887,-1593,1334827,969.5359714832657,830.6623862918076,1724.8188310664211,5276.953034973896,5048.492349208911,109900.0,109600.0,110500.0,106810.0,104715.0,110064.89512753316,109845.65381795783,219.2413095753,362.0504102369191,-142.80910066161903,46.66666666666666,113949.63766213285,1724.8188310664211,107050.36233786716,66.66666666666666,60.207335231636925,47.1441582625937
20170711,111000,111000,110000,111000,28669,-10147,1338142,927.3618495495704,838.1527307120105,1588.041246316145,5139.340640802983,5071.888140089099,110300.0,109850.0,110375.0,107046.66666666669,104794.16666666669,110208.75741560497,109931.16094255356,277.5964730514097,345.1596227998172,-67.56314974840745,48.38709677419354,113551.08249263231,1588.041246316145,107198.91750736769,77.77777777777779,66.06414941368388,53.450821979623754
20170712,111000,112000,108000,109000,47466,-10081,1337882,734.8469228349533,838.1527307120105,1615.5494421407645,4946.722820883921,5074.155033655993,110400.0,109850.0,110300.0,107260.0,104860.83333333331,110022.79473628114,109862.18605791996,160.6086783611536,308.24943391208444,-147.6407555509309,55.55555555555557,113531.09888428153,1615.5494421407645,107068.90111571847,33.33333333333333,55.153877386900355,54.01850711538262
20170713,109500,109500,106000,106500,91818,-36558,1351358,1714.6428199482248,1312.4404748406687,1583.311403357323,4829.797269726115,5063.90385199434,109600.0,109550.0,109925.0,107385.0,104906.66666666669,109480.8263153148,109613.13523881481,-132.3089234999934,220.1377624296689,-352.4466859296624,34.61538461538462,113091.62280671464,1583.311403357323,106758.37719328537,8.333333333333332,39.54702936904468,49.19468119993664
20170714,106500,107500,105000,105500,74114,-29017,1364657,2167.94833886788,1789.553016817328,1779.0446874660947,4676.611724551169,5048.0191384584805,108500.0,109150.0,109600.0,107511.66666666669,104948.33333333331,108868.39149757406,109308.45855445816,-440.0670568840868,88.09679856691767,-528.1638554510047,34.61538461538462,113158.08937493217,1779.0446874660947,106041.91062506783,7.142857142857142,28.745638626982167,42.378333675618485
20170717,106500,108500,105500,108000,44420,-8824,1384826,1923.5384061671343,1795.1323071016245,1567.4421839421493,4523.866033480235,5038.978002092927,108000.0,108950.0,109325.0,107671.66666666669,105010.83333333331,108734.7928056396,109211.53569857236,-476.7428929327725,-24.871139733020396,-451.8717531997521,48.27586206896552,112459.8843678843,1567.4421839421493,106190.1156321157,42.857142857142854,33.44947337036906,39.40204690720201
20170718,108500,108500,106000,107000,46712,-17539,1393029,1208.3045973594571,1887.4586088176875,1562.0499351817582,4375.206344338851,5003.232219166903,107200.0,108750.0,109100.0,107808.33333333331,105084.16666666669,108467.90160477195,109047.71823941887,-579.8166346468934,-135.86023871579502,-443.9563959310983,43.33333333333334,112224.09987036351,1562.0499351817582,105975.90012963649,28.57142857142857,31.823458437388897,36.87585075059764
20170719,106500,113000,106500,113000,165214,60235,1414335,2626.7851073127395,2271.563338320109,1704.9560111631424,4346.45449379769,4986.185081471358,108000.0,109200.0,109175.0,108000.0,105225.0,109165.14751173012,109340.47985131376,-175.33233958364872,-143.75465888936574,-31.57768069428295,58.536585365853654,112584.91202232627,1704.9560111631424,105765.08797767373,100.0,54.5489722915926,42.766891264262625
20170720,113500,114000,112000,112500,63907,6731,1413414,3009.9833886584825,2457.641145488901,1804.6814123277645,4286.6961507525175,4949.231141188472,109200.0,109400.0,109425.0,108191.66666666669,105366.66666666669,109678.20174069473,109574.51838084607,103.68335984862642,-94.26705514176732,197.95041499039368,57.14285714285714,113034.36282465553,1804.6814123277645,105815.63717534447,83.33333333333334,64.14375930550618,49.89251394467715
20170721,112500,113000,111000,111500,24937,4078,1410953,2437.2115213907878,2494.4939366532844,1847.1261462069488,4187.9042093455655,4857.188186940482,110400.0,109450.0,109475.0,108375.0,105517.5,109958.47839597244,109717.14664893156,241.3317470408801,-27.147294705237808,268.479041746118,53.48837209302325,113169.2522924139,1847.1261462069488,105780.7477075861,72.22222222222221,66.83658027774486,55.540536055699725
20170724,111500,112000,108500,109500,48074,-7564,1407430,2204.5407685048604,2470.323865407125,1847.1261462069488,4078.364323542376,4709.616639272217,110700.0,109350.0,109475.0,108516.66666666669,105663.33333333331,109887.94325813054,109701.06171197367,186.8815461568738,15.658473467184525,171.22307268968927,51.111111111111114,113169.2522924139,1847.1261462069488,105780.7477075861,50.0,61.224386851829905,57.435152987743116
20170725,110000,112000,109000,112000,41321,18214,1408231,1208.3045973594571,2553.918557824427,1911.1514853619885,3947.960092107909,4693.078162454757,111700.0,109450.0,109650.0,108716.66666666669,105779.16666666669,110212.875064572,109871.35343701267,341.52162755932665,80.83110428561297,260.6905232737136,57.14285714285714,113472.30297072399,1911.1514853619885,105827.69702927601,77.77777777777779,66.74218382714587,60.53749660087737
20170726,113000,113500,111000,111500,41181,11199,1405489,1019.803902718557,2619.160170741759,1945.9894655422306,3815.319995315537,4659.710216910102,111400.0,109700.0,109775.0,108900.0,105895.83333333331,110410.89428540708,109991.99392315988,418.9003622471792,148.44495587792622,270.45540636925296,52.17391304347827,113666.97893108445,1945.9894655422306,105883.02106891555,72.22222222222221,68.56886329217132,63.214618831308684
20170727,112000,113000,110500,112500,33895,2682,1405919,1019.803902718557,2501.999200639361,2032.7014045356823,3734.7746473722655,4671.587807042666,111400.0,110300.0,109925.0,109075.0,105995.83333333331,110732.29516457519,110177.77215107396,554.5230135012389,229.6605674025888,324.86244609865014,53.19148936170214,113990.40280907135,2032.7014045356823,105859.59719092863,83.33333333333334,73.49035330589199,66.63986365616978
20170728,112000,113000,109500,110000,40351,-1220,1404050,1157.5836902790224,1939.7164741270826,2030.394050425024,3544.3519232073436,4658.258794873983,111100.0,110750.0,109950.0,109241.66666666669,106075.0,110619.63437002516,110164.60384358699,455.03052643817495,274.7345592097061,180.2959672284689,49.01960784313725,114010.78810085006,2030.394050425024,105889.21189914996,55.55555555555556,67.51208738911318,66.93060490048424
20170731,110000,111500,109500,110000,33242,-1826,1406524,1029.5630140987,1738.5338650713709,2030.394050425024,3334.780935665341,4622.297333459814,111200.0,110950.0,109950.0,109408.33333333331,106169.16666666669,110524.30600540592,110152.41096628428,371.89503912164946,294.1666551920948,77.7283839295547,48.0,114010.78810085006,2030.394050425024,105889.21189914996,55.55555555555556,63.52657677792731,65.79592885963193
20170801,110000,112500,109500,112000,36092,9211,1411387,1029.5630140987,1150.0,2065.187642806661,3244.34336790622,4627.945833618809,111200.0,111450.0,110100.0,109558.33333333331,106260.83333333331,110751.33585072806,110289.26941322617,462.06643750189687,327.7466116540552,134.31982584784168,55.99999999999999,114230.37528561332,2065.187642806661,105969.62471438668,76.47058823529412,67.84124726371624,66.47770166099336
20170802,112000,112500,110500,111500,22031,3593,1409382,1029.5630140987,1029.5630140987,2052.4375751777047,3198.5239651351353,4652.306476961332,111200.0,111300.0,110250.0,109666.66666666669,106306.66666666669,110866.51495061608,110378.95316039461,487.56179022145807,359.7096473675358,127.85214285392227,60.86956521739131,114354.8751503554,2052.4375751777047,106145.1248496446,68.75,68.1441648424775,67.03318938815474
20170803,110500,111500,105000,105500,90853,-31981,1406565,2293.468988235943,1946.7922333931783,2296.7368155714607,3159.762209757321,4652.306476961332,109800.0,110600.0,110000.0,109691.66666666669,106306.66666666669,110040.89726590588,110017.5492225876,23.348043318284912,292.43732655768565,-269.08928323940074,50.0,114593.47363114293,2296.7368155714607,105406.52636885707,5.555555555555555,47.281295080170175,60.44922461882655
20170804,105000,107000,105000,106000,44285,-7198,1411899,2738.612787525831,2350.0,2441.823089415229,3137.5304336707995,4651.806026219962,109000.0,110050.0,109750.0,109708.33333333331,106310.83333333331,109419.22076345883,109719.95298387742,-300.73222041859117,173.80341716243026,-474.53563758102143,46.153846153846146,114633.64617883044,2441.823089415229,104866.35382116953,11.11111111111111,35.22456709048382,52.041005442712304
20170807,106000,107000,101500,101500,88588,-45528,1417629,3957.2717874818763,3487.4775984943617,3022.416251941704,3213.0268698930768,4669.631201238099,107300.0,109250.0,109300.0,109675.0,106256.66666666669,108200.87910754207,109111.06757766427,-910.1884701222008,-42.994960294495975,-867.1935098277048,40.67796610169492,115344.8325038834,3022.416251941704,103255.1674961166,0.0,23.483044726989217,42.521685204137945
20170808,102000,103500,101000,102000,63023,-14466,1428639,3586.0842154082216,3957.5876490609776,3384.1542518037404,3249.989316219945,4685.5937605504905,105300.0,108250.0,108850.0,109658.33333333331,106223.33333333331,107246.89770638176,108584.32183117064,-1337.4241247888713,-301.8807931933711,-1035.5433315955,27.08333333333333,115618.30850360748,3384.1542518037404,102081.69149639252,8.0,18.32202981799281,34.45513340875623
20170809,102000,102500,101000,101500,34582,-6013,1436818,2014.9441679609884,4261.748467472007,3743.2439140405127,3322.4300845397606,4702.693967884405,103300.0,107250.0,108475.0,109625.0,106198.33333333331,106362.75959770764,108059.55725108393,-1696.7976533762849,-580.864165229954,-1115.933488146331,27.08333333333333,115961.48782808102,3743.2439140405127,100988.51217191898,4.0,13.548019878661874,27.486095565391448
20170810,101000,102500,99700,100500,58788,-7236,1437232,1913.112646970899,4303.777410601064,4111.797052384922,3402.807256106408,4717.967355995909,102300.0,106050.0,108175.0,109591.66666666669,106119.16666666669,105460.79658267568,107499.59004729992,-2038.7934646242504,-872.4500251088133,-1166.3434395154368,27.08333333333333,116398.59410476984,4111.797052384922,99951.40589523016,5.797101449275362,10.964380402199703,21.978857177660867
20170811,100000,101000,98600,99300,41173,-3558,1434089,962.4967532412774,4513.7124409957705,4515.669939222898,3518.7813547036994,4755.206503287707,100960.0,104980.0,107865.0,109546.66666666669,106046.66666666669,104512.9817238025,106892.2130067592,-2379.2312829566945,-1173.8062766783894,-1205.4250062783044,28.01724137931034,116896.3398784458,4515.669939222898,98833.6601215542,4.861111111111112,8.929957305170172,17.629223886830633
20170814,99200,100000,98500,99100,24164,-8596,1437830,1153.082824431966,4485.855548276159,4902.407571795855,3698.820758023852,4793.414970911047,100480.0,103890.0,107420.0,109465.0,105972.5,103680.21530475596,106315.01204329554,-2634.7967385395896,-1466.0043690506295,-1168.7923694889598,19.138755980861248,117224.81514359172,4902.407571795855,97615.18485640828,4.137931034482759,7.3326152149410335,14.197020996200768
20170816,99300,101500,99200,101000,43979,4068,1432901,938.9355675444403,3629.173459618594,5098.588039840181,3822.028257350816,4813.686433841964,100280.0,102790.0,107120.0,109390.0,105922.5,103267.87448863963,105921.30744749588,-2653.432958856225,-1703.4900870117488,-949.9428718444764,26.45739910313901,117317.17607968036,5098.588039840181,96922.82392031963,17.857142857142858,10.840791095674975,13.078277696025504
20170817,100500,100500,97800,98200,74969,-35086,1425886,1006.7770358922577,2433.598159105155,5262.8509384174395,4066.509218262057,4864.256252389436,99620.0,101460.0,106380.0,109251.66666666669,105853.33333333331,102488.20149038741,105349.35874768137,-2861.1572572939617,-1935.0235210681915,-926.1337362257707,20.33195020746888,116905.70187683488,5262.8509384174395,95854.29812316512,2.7210884353741496,8.134223542241367,11.430259644764126
20170818,98200,98800,97600,98500,41401,-10004,1430521,974.4742172063866,2162.498554912812,5332.87914732758,4292.544893959135,4903.699283876154,99220.0,100760.0,105680.0,109085.0,105770.0,101874.63203032779,104841.9988404457,-2967.3668101179064,-2141.4921788781353,-825.8746312397716,23.744292237442927,116345.75829465516,5332.87914732758,95014.24170534484,6.0402684563758395,7.436238513619524,10.098919267715926
20170821,98700,99200,98100,98400,30223,-6959,1433417,1024.8902380255163,1382.0274961085254,5382.0883493307065,4480.978315798297,4948.7281615267075,99040.0,100000.0,105025.0,108850.0,105702.5,101340.07325643119,104364.81374115344,-3024.740484722221,-2318.141840046952,-706.5986446752686,23.63636363636364,115789.17669866141,5382.0883493307065,94260.82330133859,5.755395683453238,6.875957570230763,9.02459870188754
20170822,98500,100500,98400,99600,33577,5558,1430756,1049.952379872535,1290.310040261642,5402.971404699579,4572.909054662031,4979.6250835020755,99140.0,99810.0,104530.0,108601.66666666669,105649.16666666669,101072.36967851868,104011.86457514207,-2939.4948966233496,-2442.412451362232,-497.08244526111775,20.754716981132077,115335.94280939914,5402.971404699579,93724.05719060084,21.27659574468085,11.676170295047458,9.908455899607512
20170823,99900,100500,99200,99300,18023,2363,1425083,547.7225575051662,1066.9582934679313,5231.29764016552,4688.171877773171,5012.281513666512,98800.0,99540.0,103895.0,108373.33333333331,105589.16666666669,100799.69742028504,103662.83756957598,-2863.140149290921,-2526.557990947969,-336.58215834295106,20.952380952380953,114357.59528033105,5231.29764016552,93432.40471966896,18.085106382978726,13.81248232435788,11.20979804119097
20170824,98900,99800,98900,98900,16061,-526,1422164,458.6937976471887,852.994724485445,5032.422378934556,4817.448321811135,5048.798261854969,98940.0,99280.0,103265.0,108155.0,105538.33333333331,100507.43627870273,103310.03478664444,-2802.598507941686,-2581.766094346713,-220.83241359497288,28.57142857142857,113329.84475786913,5032.422378934556,93200.15524213087,22.033898305084744,16.5529543179335,12.99085013343848
20170825,98900,99800,98600,99600,18225,123,1419498,458.6937976471887,762.1679604916493,4616.99036169682,4878.586714748526,5077.380120584802,99160.0,99190.0,102620.0,107915.0,105493.33333333331,100367.83069736382,103035.21739504114,-2667.386697677284,-2598.8902150128274,-68.49648266445682,29.48717948717949,111853.98072339363,4616.99036169682,93386.01927660637,40.816326530612244,24.640745055493085,16.874148440790012
20170828,99600,100500,99600,99900,14524,-2149,1421852,338.2306905057552,791.5175298121958,4325.306347532083,4955.046809958135,5101.053744627321,99460.0,99250.0,102115.0,107713.33333333331,105459.16666666669,100295.85674392329,102802.97906948254,-2507.122325559263,-2580.536637122115,73.41431156285171,42.982456140350884,110765.61269506416,4325.306347532083,93464.38730493584,46.93877551020408,32.073421873730084,21.940572918436704
20170829,99900,100500,98500,99800,23276,-150,1419866,363.318042491699,805.9776671843955,3950.629696643478,5031.815168393629,5119.976128418609,99500.0,99320.0,101605.0,107518.33333333331,105436.66666666669,100219.571091012,102580.5361754468,-2360.9650844347925,-2536.6223265846506,175.65724214985812,40.0,109506.25939328695,3950.629696643478,93703.74060671305,56.41025641025641,40.185700052572194,28.022281963148533
20170830,99900,99900,98600,99400,22806,-1578,1418411,354.400902933387,585.1495535331118,3170.311498891132,5126.7693422735665,5143.728381892606,99520.0,99160.0,100975.0,107341.66666666669,105365.0,100093.4832308563,102344.94090319148,-2251.457672335164,-2479.589395734753,228.1317233995896,40.366972477064216,107315.62299778227,3170.311498891132,94634.37700221773,46.15384615384615,42.17508208633018,32.73988200420908
20170831,99100,99900,98800,99200,15002,-2275,1420981,256.12496949731394,490.30602688525045,2071.569453337574,5194.358852531855,5170.290060100731,99580.0,99260.0,100360.0,107128.33333333331,105295.83333333331,99956.02427226302,102111.98231776989,-2155.95804550685,-2414.863125689173,258.9050801823228,43.56435643564357,104503.13890667514,2071.569453337574,96216.86109332486,41.02564102564102,41.79193506610046,35.757233024839536
20170901,99100,99800,98700,98900,24167,-2558,1425565,372.0215047547655,440.45431091090484,1722.8174598608334,5267.557677792998,5201.633290506911,99440.0,99300.0,100030.0,106918.33333333331,105253.33333333331,99793.55899960716,101874.05770163877,-2080.498702031604,-2347.990240957659,267.491538926055,47.82608695652174,103475.63491972166,1722.8174598608334,96584.36508027834,44.827586206896555,42.80381877969916,38.106094943126074
20170904,97800,98900,97700,97700,28058,-6280,1427246,712.7411872482187,603.4069936618235,1133.6996956872376,5326.550634946939,5246.378645209452,99000.0,99230.0,99615.0,106655.0,105196.66666666669,99471.4729996676,101564.86824225812,-2093.39524259053,-2297.071241284233,203.67599869370315,43.137254901960794,101882.39939137448,1133.6996956872376,97347.60060862552,3.4482758620689653,29.685304473822427,35.29916478669153
20170905,97900,97900,95600,96400,35167,-7674,1425580,1126.765281680262,1024.1581909060726,1248.7593843496572,5429.870061877701,5305.976713943415,98320.0,98910.0,99360.0,106386.66666666669,105133.33333333331,98998.93869202642,101182.28540949826,-2183.346717471839,-2274.3263365217545,90.97961904991553,26.04166666666667,101857.51876869932,1248.7593843496572,96862.48123130068,16.3265306122449,25.23237985329658,31.943569808893212
20170906,96700,96700,93900,94600,46502,-7803,1427748,1697.7632343763364,1634.1358572652398,1485.5638660122745,5554.850483035129,5381.883125100646,97360.0,98440.0,98990.0,106071.66666666669,105075.83333333331,98322.17889325312,100694.7087124984,-2372.529819245276,-2293.967033066459,-78.56278617881662,29.06976744186047,101961.12773202453,1485.5638660122745,96018.87226797547,10.606060606060606,20.356940104217923,28.081359907334782
20170907,94600,96300,94200,96000,35497,1001,1432728,1471.5977711317726,1777.7795138880415,1504.4184923090168,5671.134513186344,5432.395049353749,96720.0,98150.0,98715.0,105830.0,105034.16666666669,97964.9206019834,100346.95251157258,-2382.0319095891755,-2311.5800083710024,-70.45190121817312,37.11340206185567,101723.83698461804,1504.4184923090168,95706.16301538196,31.818181818181817,24.177354008872555,26.780024607847377
20170908,95500,95500,94400,94500,29476,-4080,1430900,1194.3198901466892,2005.5921818754682,1703.6064686427246,5751.7946474690125,5509.539958615096,95840.0,97640.0,98415.0,105505.0,104971.66666666669,97431.85589398595,99913.84491812275,-2481.989024136797,-2345.6618115241613,-136.32721261263623,32.432432432432435,101822.21293728543,1703.6064686427246,95007.78706271457,9.090909090909092,19.148539036218068,24.236196083970942
20170911,95000,95500,94100,94300,25987,-6982,1435457,863.9444426582071,2076.920797719547,1909.784019202521,5863.92075889955,5593.7166510508105,95160.0,97080.0,98165.0,105210.0,104890.83333333331,96950.03191029582,99498.00455381736,-2547.972643521556,-2386.1239779236403,-161.8486655979159,23.762376237623762,101984.56803840504,1909.784019202521,94345.43196159496,6.0606060606060606,14.785894711014066,21.08609562631865
20170912,94100,95200,93100,93400,33963,-11195,1438189,835.703296631047,2125.6528408938275,2158.147353634903,5954.203697107861,5689.954049318343,94560.0,96440.0,97880.0,104875.0,104802.5,96403.87315486572,99046.30051279387,-2642.427357928173,-2437.384653924547,-205.0427040036257,22.42990654205607,102196.2947072698,2158.147353634903,93563.7052927302,4.054054054054054,11.208614492027396,17.79360191488823
20170913,93000,94100,91600,91900,49808,-13525,1447379,1349.6666255042392,2267.3552875542027,2398.3066943160825,6117.2022926232385,5804.337219319399,94020.0,95690.0,97425.0,104548.33333333331,104718.33333333331,95710.96959257867,98516.94491925355,-2805.9753266749176,-2511.102788474621,-294.8725382002964,20.338983050847453,102221.61338863216,2398.3066943160825,92628.38661136784,3.3707865168539324,8.596005166969574,14.72773633224868
20170914,91700,91800,90100,90200,77755,-22328,1452253,1615.6732342896564,2472.4279564832627,2858.649156507552,6318.224082409671,5943.360207456423,92860.0,94790.0,97025.0,104193.33333333331,104628.33333333331,94863.12811679736,97900.8749252348,-3037.746808437456,-2616.4315924671882,-421.31521597026773,13.28125,102742.29831301511,2858.649156507552,91307.70168698489,1.0204081632653061,6.070806165734818,11.842092943410726
20170915,90400,92400,90400,92300,29021,3294,1458103,1393.4130758680285,2146.6485506481963,3013.847209133425,6483.137100713861,6047.916939374784,92420.0,94130.0,96715.0,103940.0,104530.83333333331,94468.80071421312,97485.99530114332,-3017.1945869302003,-2696.584191359791,-320.6103955704088,23.972602739726025,102742.69441826684,3013.847209133425,90687.30558173316,22.448979591836736,11.53019730776879,11.73812773153008
20170918,92400,93200,91500,92500,33394,-10315,1461728,1051.8555033843768,1824.527336051724,3121.313825939541,6588.25217084565,6145.888191847261,92060.0,93610.0,96420.0,103640.0,104435.0,94165.90829664188,97116.66231587346,-2950.754019231579,-2747.418156934149,-203.33586229743008,25.17006802721089,102662.62765187908,3121.313825939541,90177.37234812092,24.742268041237114,15.934220885591564,13.136825449550576
20170919,92500,94900,92500,92900,47475,-13914,1464291,937.2299611087984,1574.2934923323542,3121.582130907553,6684.209418887263,6232.4266274612155,91960.0,93260.0,96085.0,103363.33333333331,104355.0,93971.15317408158,96804.31695914207,-2833.163785060505,-2764.56728255942,-68.5965025010837,27.89115646258503,102328.16426181512,3121.582130907553,89841.83573818488,31.818181818181817,21.228874529788314,15.834175142963156
20170920,93900,94300,91700,91800,30343,-10059,1464804,939.3614852653903,1560.0,3163.052323310719,6811.016199265143,6335.041381520446,91940.0,92980.0,95710.0,103085.0,104240.83333333331,93637.12960883828,96433.62681402046,-2796.4972051821974,-2770.953267083976,-25.54393809822113,26.282051282051288,102036.10464662145,3163.052323310719,89383.89535337857,21.794871794871796,21.41754028481614,17.69529685691415
20170921,91900,92900,91100,91500,18780,-5346,1468425,497.9959839195494,1240.2015965156634,3200.8436387929564,6925.216402554337,6439.213849533259,92200.0,92530.0,95340.0,102793.33333333331,104145.0,93308.34043824776,96068.17297594488,-2759.8325376971043,-2768.7291212066016,8.896583509497304,26.282051282051288,101741.68727758592,3200.8436387929564,88938.31272241408,21.21212121212121,21.3490672605845,18.913220324804268
20170922,91000,91300,89800,90400,41012,-3966,1472784,865.7944328765344,1198.1652640600128,3216.613125634063,7047.520249467322,6551.33950467967,91820.0,92120.0,94880.0,102475.0,104060.83333333331,92860.90344774812,95648.30831106007,-2787.404863311939,-2772.464269627669,-14.94059368426906,26.451612903225808,101313.22625126812,3216.613125634063,88446.77374873188,9.230769230769232,17.309634583979413,18.378691744529316
20170925,90100,90500,88200,89000,42548,-8442,1473859,1325.745073534124,1285.6515857727552,3243.189017001836,7194.0639109991735,6689.154572059898,91120.0,91590.0,94335.0,102133.33333333331,103956.66666666669,92266.91830194072,95155.84102875931,-2888.9227268186078,-2795.755961065857,-93.16676575275049,26.282051282051288,100821.37803400368,3243.189017001836,87848.62196599632,10.95890410958904,15.19272442584929,17.31670263830264
20170926,89000,90500,88700,88900,34777,-11278,1476129,1212.2705968553391,1358.8230201170422,3194.5109171829945,7315.610971673786,6820.928578037423,90320.0,91140.0,93790.0,101781.66666666669,103860.0,91748.93087087294,94692.44539699939,-2943.5145261264697,-2825.30767407798,-118.20685204848951,29.49640287769784,100179.021834366,3194.5109171829945,87400.978165634,9.58904109589041,13.324829982529664,15.986078419711648
20170927,89000,89700,88000,88300,38497,-25185,1478112,1165.1609330903607,1570.2229141112418,3135.3269367007542,7453.857316106456,6963.0572787165565,89620.0,90780.0,93235.0,101436.66666666669,103750.0,91218.32612150784,94218.93092314758,-3000.604801639725,-2860.367099590329,-140.23770204939592,20.610687022900766,99505.6538734015,3135.3269367007542,86964.3461265985,4.166666666666666,10.272108877241998,14.081421905555098
20170928,88200,88900,87600,88800,30731,-14229,1485215,702.5667228100117,1674.6342884343435,2960.451823624451,7568.493722148874,7086.662746943009,89080.0,90640.0,92715.0,101108.33333333331,103656.66666666669,90846.27594896818,93817.52863254404,-2971.2526835758763,-2882.544216387439,-88.70846718843724,26.44628099173553,98635.90364724891,2960.451823624451,86794.0963527511,16.43835616438356,12.327524639622519,13.496789483577572
20170929,88900,89800,88500,89200,31446,-13486,1488237,300.66592756745814,1624.8384535085327,2689.628227097815,7619.021517811421,7196.523852220356,88840.0,90330.0,92230.0,100753.33333333331,103573.33333333331,90593.00272605,93475.48947457783,-2882.486748527837,-2882.532722815519,0.04597428768147438,29.268292682926827,97609.25645419562,2689.628227097815,86850.74354580438,21.91780821917808,15.524285832807706,14.172621599987616
20171010,89200,89600,88200,88500,31028,-13601,1489509,313.68774282716237,1531.0453944935794,2494.4137587820787,7659.070693555013,7315.4630274218825,88740.0,89930.0,91770.0,100378.33333333331,103484.16666666669,90271.00230665767,93106.93469868318,-2835.932392025497,-2873.2126566575153,37.280264632017406,29.752066115702487,96758.82751756416,2494.4137587820787,86781.17248243584,12.32876712328767,14.45911292963436,14.268118709869865
20171011,88700,89400,88300,88800,44736,-21738,1494163,305.94117081556715,1192.3086848631106,2333.859464492525,7684.880538360578,7415.467318758577,88720.0,89520.0,91390.0,100016.66666666669,103413.33333333331,90044.69425947957,92787.90249878072,-2743.2082393011515,-2847.211773186242,104.00353388509077,35.77981651376147,96057.71892898504,2333.859464492525,86722.28107101495,16.43835616438356,15.11886067455076,14.551699364763499
20171012,88900,89300,88300,88500,42294,-16092,1495861,257.6819745345025,947.0480452437456,2292.6567558187453,7688.742672821933,7514.8718755263235,88760.0,89190.0,91085.0,99641.66666666669,103344.16666666669,89807.0489887904,92470.28009146363,-2663.231102673235,-2810.4156390836406,147.18453641040603,41.05263157894737,95670.31351163748,2292.6567558187453,86499.68648836251,12.32876712328767,14.188829490796396,14.430742740107798
20171013,89200,89500,88300,88900,39192,-13801,1493338,263.8181191654584,551.4526271584896,2039.877447299552,7711.546897707328,7601.505698801379,88780.0,88930.0,90730.0,99306.66666666669,103283.33333333331,89667.50299051496,92205.81489950336,-2538.3119089883985,-2755.994893064593,217.68298407619432,28.205128205128197,94809.7548945991,2039.877447299552,86650.2451054009,19.402985074626866,15.926881352073218,14.929455610762938
20171016,89000,94400,89000,94400,102816,18768,1503611,2295.560933628206,1708.8300090997934,2030.7326264186856,7678.941441803716,7634.536113392065,89820.0,89330.0,90725.0,99105.0,103245.0,90395.57945351266,92368.34712916976,-1972.767675657101,-2599.3494495830946,626.5817739259927,57.25190839694656,94786.46525283737,2030.7326264186856,86663.53474716263,100.0,43.951254234715485,24.603388485413788
20171017,94900,94900,92300,92600,60506,-17920,1485668,2407.155998268496,1961.861361054853,1911.3869310009773,7677.471371919953,7680.521855462895,90640.0,89690.0,90640.0,98890.0,103200.83333333331,90734.72107604916,92385.5066010831,-1650.785525033949,-2409.636664673265,758.8511396393164,48.96551724137931,94462.77386200195,1911.3869310009773,86817.22613799805,68.4931506849315,52.13188638478749,33.77955445187169
20171018,92800,93500,91700,92600,30943,914,1481635,2303.909720453473,2120.471645648675,1860.9137540470101,7625.869713604642,7728.679948737751,91400.0,90060.0,90600.0,98633.33333333331,103152.5,91021.68706434927,92401.39500100286,-1379.7079366535907,-2203.6509190693305,823.9429824157396,52.98507462686568,94321.82750809402,1860.9137540470101,86878.17249190598,68.4931506849315,57.58564115150216,41.714916685081846
20171019,92300,94100,92100,93300,37413,4831,1474238,1851.053753946654,2233.024854317569,1933.4166648711123,7576.882054423852,7770.550531048399,92360.0,90560.0,90670.0,98405.0,103106.66666666669,91372.19674675706,92467.95833426193,-1095.761587504836,-1982.0730527564315,886.3114652515956,56.52173913043478,94536.83332974222,1933.4166648711123,86803.16667025778,78.08219178082192,64.41782469460874,49.282552688257475
20171020,93300,93300,92100,92100,30948,-4618,1469077,797.4960814950755,2192.0082116634508,1954.5523784235959,7375.643851366851,7833.477126341142,93000.0,90890.0,90765.0,98056.66666666669,103028.33333333331,91484.16647802523,92440.70216135363,-956.5356833283876,-1776.965578870823,820.4298955424352,56.115107913669064,94674.10475684721,1954.5523784235959,86855.8952431528,61.64383561643836,63.49316166855195,54.019422348355626
20171023,92100,95200,91200,94300,85638,5832,1457290,762.6270385975047,2328.518842526296,2077.805332556766,7146.082065640736,7871.519998282056,92980.0,91400.0,90865.0,97753.33333333331,102972.5,91917.37163525213,92578.42792717928,-661.0562919271615,-1553.7837214820904,892.7274295549292,68.02721088435375,95020.61066511352,2077.805332556766,86709.38933488648,88.1578947368421,71.714739357982,59.91786135156442
20171024,94000,95500,92500,94900,76035,12050,1443015,1038.4603988597735,2323.015281912713,2232.3250211385744,6926.479785735709,7902.5786491231165,93440.0,92040.0,90985.0,97476.66666666669,102925.83333333331,92376.237537521,92750.39622886972,-374.15869134869723,-1317.858715455412,943.7000241067147,69.73684210526315,95449.65004227716,2232.3250211385744,86520.34995772285,91.78082191780823,78.40343354459074,66.07971874923986
20171025,94300,94900,92700,92900,46488,-11595,1431945,995.9919678390988,2062.159062730128,2232.3250211385744,6770.475118728105,7953.171100609905,93500.0,92450.0,90985.0,97200.0,102858.33333333331,92456.8163779024,92761.47798969418,-304.6616117917729,-1115.2192947226843,810.5576829309114,63.85542168674698,95449.65004227716,2232.3250211385744,86520.34995772285,64.38356164383562,73.7301429110057,68.62986013649514
20171026,92900,93900,92100,92700,32347,2041,1433994,1047.6640682967036,1588.1120867243594,2257.232819183997,6513.2708543561375,8002.566905896779,93380.0,92870.0,91030.0,96878.33333333331,102797.5,92494.22924284046,92756.92406453165,-262.6948216911551,-944.7144001163783,682.0195784252234,61.96319018404909,95544.46563836801,2257.232819183997,86515.534361632,61.111111111111114,69.5237989777075,68.9278397502326
20171027,92900,93600,91700,92800,54315,-7127,1430445,904.2123644365853,891.2911982062877,2288.334547220169,6248.164174822739,8051.4525949613535,93520.0,93260.0,91095.0,96566.66666666669,102733.33333333331,92541.27089778813,92760.11487456632,-218.8439767782256,-799.5403154487477,580.6963386705222,61.24999999999999,95671.66909444034,2288.334547220169,86518.33090555966,62.5,67.182532651805,68.3460707174234
20171030,93400,93400,91700,91800,35296,-7833,1426055,1018.6265262597476,900.0,2287.416665148992,5921.826623225149,8112.3566585534545,93020.0,93000.0,91165.0,96221.66666666669,102648.33333333331,92427.22922120533,92688.99525422807,-261.76603302273725,-691.9854589635457,430.2194259408085,60.122699386503065,95739.833330298,2287.416665148992,86590.16666970201,48.61111111111111,60.99205880490704,65.89473341325127
20171031,91600,92600,90500,90900,71166,-23405,1419499,767.8541528180988,1098.2258419833329,2234.3679195695,5681.078731679224,8179.017488876911,92220.0,92830.0,91260.0,95903.33333333331,102572.5,92192.27087948144,92556.47708724822,-364.2062077667652,-626.4296087241896,262.22340095742453,56.21301775147929,95728.735839139,2234.3679195695,86791.264160861,29.230769230769234,50.40496228019444,60.731476368898996
20171101,90500,91900,90200,91300,51393,-11188,1417103,750.9993342207435,1190.7980517283356,2167.8560837844693,5405.438362322821,8239.832118032162,91900.0,92700.0,91380.0,95591.66666666669,102500.0,92054.99843648431,92463.404710415,-408.4062739306974,-582.8249417654913,174.4186678347939,58.235294117647065,95715.71216756894,2167.8560837844693,87044.28783243106,20.754716981132077,40.521547180506985,53.99483330610166
20171102,90800,92000,90700,91400,28422,-1793,1420061,646.8384651518492,1230.8127396155762,2049.7011977362304,4990.6409630632015,8301.214101297268,91640.0,92510.0,91535.0,95248.33333333331,102403.33333333331,91954.22944625595,92384.633991125,-430.40454486904486,-552.3408623862018,121.93631751715702,57.48502994011977,95634.40239547244,2049.7011977362304,87435.59760452755,22.641509433962266,34.561534598325416,47.517067070176246
20171103,91400,95000,91000,94400,77706,2281,1440535,1253.1560158256434,1342.5349157470728,2039.4300674456413,4520.5444608149,8329.462267558916,91960.0,92740.0,91815.0,94963.33333333331,102315.0,92330.50183913967,92533.92036215276,-203.4185230131261,-482.55639451158686,279.13787149846064,50.0,95893.86013489126,2039.4300674456413,87736.13986510872,79.24528301886792,49.456117405172925,48.1634171818418
20171106,95100,95200,92200,92800,76127,-14528,1421347,1290.891165048394,1239.7177098033244,1957.9261988137687,4314.877042149735,8372.695537016536,92160.0,92590.0,91995.0,94751.66666666669,102221.66666666669,92402.73232542588,92553.62996495627,-150.89763953039073,-416.2246435153476,265.3270039849569,50.71428571428571,95910.85239762752,1957.9261988137687,88079.14760237248,49.056603773584904,49.322946194643585,48.549926852775734
20171107,93100,97000,92900,96400,105965,12221,1445617,1932.4595726689856,1559.6153371905523,2009.2038224135786,4065.599245154902,8385.403985498913,93260.0,92740.0,92390.0,94591.66666666669,102150.0,93017.69658305268,92838.5462638484,179.1503192042728,-297.1496509714236,476.2999701756964,60.79545454545456,96408.40764482717,2009.2038224135786,88371.59235517285,91.17647058823529,63.274120992507484,53.45799156601965
20171108,96400,96900,95300,96200,39003,5984,1431200,1932.4595726689856,1875.6598838808704,1995.344581770611,3971.0186210682427,8401.852928902646,94240.0,93070.0,92760.0,94503.33333333331,102089.16666666669,93507.28172412152,93087.54283689668,419.73888722482667,-153.7719433321735,573.5108305570001,58.479532163742675,96750.68916354123,1995.344581770611,88769.31083645877,88.23529411764706,71.59451203422067,59.50349838875332
20171109,97000,97000,95000,95100,34184,181,1422794,1312.097557348538,1964.4083078627011,1799.6944185059124,3850.328629550645,8425.375692251155,94980.0,93310.0,93090.0,94388.33333333331,102023.33333333331,93752.3153050259,93236.61373786727,515.7015671586123,-19.877241234016296,535.5788083926286,58.82352941176471,96689.38883701182,1799.6944185059124,89490.61116298818,72.05882352941177,71.7492825326177,63.58542643670811
20171110,95000,95800,93600,94300,43658,-1351,1414596,1321.5142829345434,1976.9673745411176,1536.6847432057543,3737.356091615742,8453.401024966814,94960.0,93460.0,93360.0,94268.33333333331,101946.66666666669,93836.57448886806,93315.38309061788,521.1913982502156,88.33648666283013,432.85491158738546,50.0,96433.36948641152,1536.6847432057543,90286.63051358848,60.29411764705882,67.9308942374314,65.03391570361588
20171113,93700,95000,92700,92700,47191,-2117,1403864,1354.400236266961,1918.9841062395487,1523.7699957675159,3653.039449855956,8494.896997611042,94940.0,93550.0,93275.0,94138.33333333331,101865.0,93661.71687519607,93269.79915797948,391.91771721658006,149.05273277358015,242.8649844429999,43.373493975903614,96322.53999153504,1523.7699957675159,90227.46000846496,36.76470588235294,57.54216478573858,62.536665397656776
20171114,92500,92800,91800,92300,40317,-3274,1399388,1459.314907756376,1765.4744404833511,1531.7963311097644,3597.688687042074,8539.26222255627,94120.0,93690.0,93260.0,94021.66666666669,101784.16666666669,93452.22197131977,93197.96218331436,254.25978800540906,170.09414381994594,84.16564418546312,48.0,96323.59266221953,1531.7963311097644,90196.40733778047,30.88235294117647,48.65556083755121,57.909630544288255
20171115,92200,92200,91200,91400,46417,-2406,1395602,1349.9629624548966,1752.1415467935233,1579.240323700397,3551.2845876110523,8588.693108126326,93160.0,93700.0,93200.0,93893.33333333331,101679.16666666669,93136.49551419367,93064.77979936516,71.71571482851868,150.41845802166046,-78.7027431931418,45.859872611464965,96358.48064740081,1579.240323700397,90041.51935259919,17.647058823529413,38.31939349954394,51.37955152937349
20171116,91200,93300,91000,92400,28417,-2200,1398320,945.304183847718,1643.1676725154985,1588.544931691054,3433.147244145161,8622.621411149925,92620.0,93800.0,93155.0,93750.0,101570.0,93023.18851201003,93015.53685126404,7.65166074600711,121.8650985665298,-114.21343782052273,48.79518072289157,96332.0898633821,1588.544931691054,89977.9101366179,32.35294117647059,36.33057605851949,46.363226372422154
20171117,92400,93000,91500,92000,30060,-1543,1391384,440.908153700972,1711.8411141224524,1592.0113064929328,3390.696421416062,8654.228213552225,92160.0,93560.0,93150.0,93646.66666666669,101449.16666666669,92865.77489477773,92940.31189931852,-74.53700454080536,82.58467794506277,-157.12168248586812,50.625,96334.02261298586,1592.0113064929328,89965.97738701414,20.634920634920633,31.09869091731987,41.27504788738806
20171120,92000,93100,91200,91600,25447,-4156,1390261,387.81438859330626,1800.66654325558,1603.2077220377075,3340.78292553362,8675.824488518467,91940.0,93440.0,93015.0,93531.66666666669,101308.33333333331,92671.04029558117,92841.02953640603,-169.9892408248852,32.06989419107316,-202.05913501595842,52.25806451612904,96221.41544407544,1603.2077220377075,89808.58455592456,10.0,24.065793944879914,35.53862990655201
20171121,92000,92000,90700,91000,36514,514,1382255,483.3218389437829,1634.0134638368193,1599.2498241367216,3295.061540477949,8664.846563687286,91680.0,92900.0,92820.0,93408.33333333331,101129.16666666669,92413.95717318408,92704.65697815377,-290.69980496968486,-32.48404564107848,-258.21575932860645,49.044585987261144,96018.49964827344,1599.2498241367216,89621.50035172656,4.761904761904762,17.631164217221528,29.569474676775183
20171122,91000,91500,90300,90500,51028,-6776,1367694,681.1754546370561,1353.5508856337835,1676.9019053007648,3215.035856026625,8630.830356281489,91500.0,92330.0,92700.0,93256.66666666669,100929.16666666669,92119.50222346344,92541.34905384608,-421.8468303826376,-110.35660258939032,-311.49022779324724,47.20496894409938,96053.80381060153,1676.9019053007648,89346.19618939847,2.9850746268656714,12.749134353769577,23.962694569106645
20171123,90500,91000,90200,90900,35286,-30,1358532,532.9165037789692,1045.4185764563401,1722.1788525009054,3130.61051908465,8607.04992046372,91200.0,91910.0,92610.0,93116.66666666669,100745.0,91931.88649677676,92419.76764245008,-487.88114567330916,-185.86151120617413,-302.0196344671351,37.03703703703704,96054.35770500179,1722.1788525009054,89165.64229499821,10.294117647058822,11.93079545153266,19.952061529915316
20171124,91000,91000,90300,90900,27594,-1769,1354897,354.400902933387,712.8113354878694,1761.043724613712,3050.801351918881,8590.83616257716,90980.0,91570.0,92515.0,92983.33333333331,100569.16666666669,91773.13472804187,92307.19226152783,-534.057533485975,-255.5007156621344,-278.5568178238406,42.01680672268908,96037.08744922745,1761.043724613712,88992.91255077258,10.294117647058822,11.385236183374715,17.09645308106845
20171127,90900,91300,90200,90200,37801,1458,1339224,303.3150177620621,711.0555533852472,1826.8210092949269,2946.5723966788946,8553.122196343087,90700.0,91320.0,92435.0,92826.66666666669,100370.83333333331,91531.1140006508,92151.10394585913,-619.9899452083046,-328.3985615713685,-291.5913836369361,15.555555555555555,96088.64201858986,1826.8210092949269,88781.35798141014,0.0,7.590157455583143,13.92768787257335
20171128,90200,94000,90200,92500,88202,8427,1347649,794.9842765740716,740.5403432629448,1792.5610170929565,2799.1050156916144,8515.794965175603,91000.0,91340.0,92515.0,92703.33333333331,100208.33333333331,91680.17338516607,92176.94809801767,-496.77471285163483,-362.0737918274217,-134.70092102421307,33.33333333333333,96100.12203418592,1792.5610170929565,88929.87796581408,47.91666666666667,21.032327192610985,16.29590097925256
20171129,93000,93800,91700,92500,37940,1791,1343473,933.8094023943004,818.8406438373709,1770.8401960655106,2642.252301012005,8480.939413376009,91400.0,91450.0,92575.0,92581.66666666669,100050.0,91806.30055667897,92200.87786853492,-394.5773118559446,-368.5744958331264,-26.002816022818195,37.0,96116.68039213102,1770.8401960655106,89033.31960786898,60.526315789473685,34.19699005823188,22.26293067224567
20171130,93400,95200,92100,94600,111322,10934,1366278,1523.9422561238991,1234.5444503945575,1801.7422124158984,2503.6301421875132,8445.848914639082,92140.0,91670.0,92735.0,92501.66666666669,99921.66666666669,92236.10047103603,92378.5906190138,-142.4901479777618,-323.3576262620535,180.86747828429168,51.32743362831861,96338.4844248318,1801.7422124158984,89131.5155751682,88.0,52.131326705487915,32.21906268332642
20171201,95000,95400,93400,93400,65592,-3351,1348481,1443.0523206037958,1338.9921583041478,1768.4103030692102,2350.420175198668,8393.274423940686,92640.0,91810.0,92685.0,92405.0,99766.66666666669,92415.16193703053,92454.25057316091,-39.08863613042922,-266.50382823572863,227.4151921052994,53.21100917431193,96221.82060613844,1768.4103030692102,89148.17939386159,61.53846153846154,55.26703831647912,39.90172122771065
20171204,94000,95200,93400,94000,38753,-2124,1348981,827.0429251254133,1486.7750334196494,1791.5007675134652,2203.8879785967174,8340.002955969312,93400.0,92050.0,92745.0,92323.33333333331,99620.83333333331,92658.98317748736,92568.75053070456,90.23264678278065,-195.15653323202682,285.3891800148074,57.65765765765765,96328.00153502694,1791.5007675134652,89161.99846497306,73.07692307692307,61.20366656996043,47.00236967512725
20171205,94000,94700,93100,93700,34251,-8353,1345278,694.5502141674135,1516.4432069813888,1602.7788368958884,2098.202934784057,8259.255372343012,93640.0,92320.0,92610.0,92256.66666666669,99455.83333333331,92819.13961172008,92652.5467876894,166.59282403066754,-122.80666177948791,289.39948581015545,60.95238095238096,95815.55767379176,1602.7788368958884,89404.44232620823,67.3076923076923,63.23834181587106,52.41436038870852
20171206,94300,94500,93000,93000,27633,682,1342288,542.5863986500215,1397.1757226634022,1380.7606599267428,2030.3530070690122,8192.575229371425,93740.0,92570.0,92450.0,92200.0,99293.33333333331,92846.96428684006,92678.28406267538,168.6802241646801,-64.50928459065429,233.1895087553344,52.941176470588246,95211.52131985348,1380.7606599267428,89688.47868014651,53.84615384615385,60.10761249263199,54.97877775668301
20171207,93500,93900,91200,92000,36080,-849,1337465,693.9740629158989,1301.3838787997952,1241.5615168010545,2006.270725052591,8114.6502885569225,93220.0,92680.0,92295.0,92156.66666666669,99114.16666666669,92716.66208886467,92628.0407987735,88.62129009116327,-33.883169654290775,122.504459745454,50.0,94778.12303360213,1241.5615168010545,89811.87696639789,34.61538461538461,51.6102032002162,53.85591957119407
20171208,91700,92500,90600,90800,31244,-1002,1327422,1173.0302638892144,1315.3326575433305,1192.3086848636706,1949.8974331950865,8081.8520979633595,92700.0,92670.0,92120.0,92070.0,98950.0,92421.7909982701,92492.63036923473,-70.83937096461888,-41.27440991635639,-29.564961048262475,46.55172413793104,94504.61736972736,1192.3086848636706,89735.38263027265,11.538461538461538,38.25295597963131,48.65493170733981
20171211,90800,92300,90300,92100,20606,6909,1321108,982.6494797230597,1056.5983153497834,1184.8628612634184,1924.0841977368787,7986.646798460212,92320.0,92860.0,92090.0,92030.0,98767.5,92372.28469084394,92463.5466381803,-91.26194733635927,-51.271917400356976,-39.99002993600232,54.47154471544715,94459.72572252684,1184.8628612634184,89720.27427747316,36.53846153846153,37.681457832574715,44.99710708241812
20171212,92400,93300,91700,92800,28134,10797,1315694,773.5631842325487,1050.1904589168576,1194.2675579623415,1904.0680134860613,7911.9230964004455,92140.0,92890.0,92115.0,92005.0,98607.5,92438.08704609874,92488.4691094262,-50.38206332748813,-51.093946585783215,0.7118832582950745,59.2,94503.53511592466,1194.2675579623415,89726.46488407534,50.0,41.78763855504981,43.92728423996201
20171213,92400,93800,92400,93800,27382,13914,1313564,987.9271228182776,1074.057726567804,1236.2342011129347,1909.6327453735653,7804.86742716217,92300.0,93020.0,92235.0,92011.66666666669,98443.33333333331,92647.61211592967,92585.619545765,61.992570164686185,-28.47664323568933,90.46921340037552,61.06870229007634,94707.46840222587,1236.2342011129347,89762.53159777413,69.23076923076923,50.935348780289615,46.26330575340455
20171214,93800,94600,92600,92600,59692,13122,1315853,980.6120537705008,938.9355675444403,1238.3355764902078,1911.052647679542,7730.139022396495,92420.0,92820.0,92245.0,92023.33333333331,98285.83333333331,92640.28717501742,92586.68476459724,53.60241042019335,-12.060832504512794,65.66324292470614,55.94405594405596,94721.67115298043,1238.3355764902078,89768.32884701957,45.09803921568628,48.98957892542183,47.17206347741031
20171215,93900,96800,93300,96800,107913,18853,1335106,1683.330033000065,1521.9724044804486,1584.3847386292684,1991.202874864764,7635.661217094674,93620.0,93160.0,92485.0,92133.33333333331,98163.33333333331,93280.2429942455,92898.78218944187,381.4608048036171,66.6434949571132,314.8173098465038,68.53932584269661,95653.76947725854,1584.3847386292684,89316.23052274146,100.0,65.99305261694788,53.445726523922836
20171218,96800,98700,96000,97500,78213,34152,1330608,2053.290042833696,2001.7242567346786,1908.2976707006,2106.4029370740495,7587.726932357375,94700.0,93510.0,92780.0,92220.0,98080.0,93929.43637974617,93239.61313837212,689.823241374077,191.279444240506,498.5437971335711,65.4320987654321,96596.59534140119,1908.2976707006,88963.40465859881,85.71428571428571,72.56679698272715,59.81941667685761
20171219,97100,98100,95000,96200,39103,6577,1322804,1865.904606350496,2159.7222043587,2000.0999975004584,2166.9865148487734,7503.557998637074,95380.0,93760.0,93040.0,92281.66666666669,97960.83333333331,94278.75385978524,93458.90105404826,819.8528057369839,316.99411653980167,502.8586891971823,60.57142857142857,97040.19999500092,2000.0999975004584,89039.80000499908,70.23809523809523,71.79056306784985,63.80979880718835
20171220,95600,96800,95500,96600,23094,5360,1322479,1722.3240113288794,2298.608274587038,2053.8926456855856,2235.2752751141097,7429.51247092143,95940.0,94120.0,93345.0,92343.33333333331,97853.33333333331,94635.86865058752,93691.57505004467,944.29360054282,442.45401334040537,501.8395872024146,56.32911392405064,97452.78529137117,2053.8926456855856,89237.21470862883,75.0,72.86037537856656,66.82665766431442
20171221,96000,96700,94900,95500,29962,6129,1320396,661.5134163416491,2214.0686529554587,2024.5678551239853,2270.200064600973,7368.0034609127015,96520.0,94470.0,93575.0,92405.0,97745.0,94768.8119351125,93825.53245374508,943.2794813674263,542.6191069458097,400.6603744216167,56.68789808917197,97624.13571024797,2024.5678551239853,89525.86428975203,61.904761904761905,69.20850422063167,67.62060651642018
20171222,96200,96400,95100,96400,27913,9188,1316521,646.8384651518492,1901.0786411929407,2016.0605149650974,2323.6800315167857,7296.293579621201,96440.0,95030.0,93850.0,92486.66666666669,97640.0,95019.7639450952,94016.23375346768,1003.5301916275348,634.8013238821547,368.7288677453801,57.49999999999999,97882.12102993019,2016.0605149650974,89817.87897006981,72.61904761904762,70.34535202010365,68.52885501764801
20171226,96400,96900,95700,96600,33157,8174,1316470,407.9215610874228,1673.200525938239,1916.7941986560104,2366.058607328723,7215.344326504563,96260.0,95480.0,94170.0,92590.0,97532.5,95262.87718431132,94207.62384580339,1055.253338507915,718.8917268073068,336.36161170060814,59.11949685534591,98003.58839731204,1916.7941986560104,90336.41160268796,75.0,71.89690134673576,69.65153712734393
20171227,96200,96500,94200,96000,37658,-52,1310538,421.4261501141095,1416.333294108417,1916.1093392605069,2358.733181647147,7132.6432688044615,96220.0,95800.0,94345.0,92706.66666666669,97420.0,95376.28069441726,94340.39244981797,1035.888244599293,782.2910303657042,253.59721423358883,59.493670886075954,98177.21867852099,1916.1093392605069,90512.78132147901,67.85714285714286,70.55031518353813,69.951129812742
20171228,96000,97500,95000,97100,22599,1685,1314799,541.8486873657627,1290.7749610214787,1956.4955916130593,2371.734011689196,7038.827583484454,96320.0,96130.0,94575.0,92843.33333333331,97312.5,95641.46827989152,94544.80782390553,1096.6604559860134,845.1649154897663,251.49554049624714,66.0377358490566,98487.99118322613,1956.4955916130593,90662.00881677387,77.14285714285715,72.7478291699778,70.8833629318206
20180102,97500,98700,96600,96700,52129,-2692,1311594,361.10940170535576,533.2916650389353,2010.6217943714166,2347.208744204496,6956.967730270251,96560.0,96540.0,94680.0,92983.33333333331,97210.0,95804.31931375436,94704.4516888014,1099.8676249529672,896.1054573824065,203.76216757056068,69.53642384105962,98701.24358874283,2010.6217943714166,90658.75641125717,68.25396825396825,71.24987553130795,71.00553379831638
20180103,96600,97600,96400,97600,55888,1816,1304955,532.9165037789692,619.3545026880809,2083.9625716411842,2356.1479862934216,6879.69592149565,96800.0,96620.0,94890.0,93130.0,97119.16666666669,96080.57788086908,94918.93674889019,1161.6411319788895,949.2125923017032,212.42853967718625,68.70748299319727,99057.92514328237,2083.9625716411842,90722.07485671763,81.9672131147541,74.82232139245667,72.27779632969647
20180104,97600,97700,95400,95600,40854,-5035,1298910,723.8784428341542,611.6371473349211,2078.9660891898493,2320.4142350458624,6770.670203164651,96600.0,96430.0,94970.0,93236.66666666669,96995.0,96006.64282227383,94969.38587860203,1037.256943671804,966.8214625757234,70.4354810960806,58.75,99127.9321783797,2078.9660891898493,90812.0678216203,42.592592592592595,64.07907845916866,69.54489037285386
20180105,95400,96300,94400,95900,30297,-2318,1298418,741.3501197140256,629.285308902091,2067.0268503339125,2261.2828217587685,6648.430840349514,96580.0,96400.0,95080.0,93360.0,96869.16666666669,95990.2362342317,95038.32025796485,951.9159762668567,963.8403653139503,-11.924389047093428,56.862745098039206,99214.05370066784,2067.0268503339125,90945.94629933216,37.77777777777778,55.31197823203836,64.80058632591536
20180108,95600,96100,94200,94600,32943,-6104,1301486,1014.6920715172656,822.1921916437786,2015.291542184737,2187.0350299443207,6532.890291102189,96080.0,96200.0,95160.0,93456.66666666669,96736.66666666669,95776.35373665759,95005.8520907082,770.5016459494072,925.1726214410415,-154.6709754916344,56.4935064935065,99190.58308436947,2015.291542184737,91129.41691563053,8.88888888888889,39.837615117655204,56.47959592316198
20180109,94600,95600,94000,95000,27746,-2165,1304507,1034.601372510205,876.6413177577248,1881.7279293248887,2098.0010327248906,6402.394517333125,95740.0,96150.0,95310.0,93565.0,96603.33333333331,95656.91470024873,95005.41860250759,651.4960977411537,870.4373167010643,-218.94121895991043,42.24137931034483,99073.45585864976,1881.7279293248887,91546.54414135024,21.27659574468085,33.65060865999708,48.86993350210702
20180110,94900,97400,94800,97400,58858,9582,1320570,963.3275663033836,953.1526635329726,1622.7754003562338,2064.934758179295,6301.266186694327,95700.0,96250.0,95640.0,93706.66666666669,96506.66666666669,95925.08166944124,95182.79500232183,742.2866671194058,844.8071867847328,-102.52051966532669,49.62406015037594,98885.55080071247,1622.7754003562338,92394.44919928753,72.3404255319149,46.54721428396969,48.095693762727905
20180111,97400,97600,95400,95400,68136,-16998,1317634,970.7728879609276,976.7804256842987,1408.0039062450555,2074.477176431929,6235.012641439519,95660.0,96130.0,95805.0,93723.33333333331,96414.16666666669,95844.2998741426,95198.88426140913,645.4156127334718,804.9288719744808,-159.51325924100888,47.14285714285714,98621.0078124901,1408.0039062450555,92988.9921875099,29.78723404255319,40.96055420349752,45.717313909651104
20180112,95600,96900,94700,94900,40781,-2829,1320106,1003.1948963187564,1044.796630928718,1249.3598360765945,2074.61576093912,6180.513676514055,95460.0,96020.0,95910.0,93761.66666666669,96325.83333333331,95699.02297042836,95176.74468648992,522.2782839384308,748.3987543672708,-226.12047042883998,43.97163120567376,98408.71967215321,1249.3598360765945,93411.28032784679,19.148936170212767,33.69001485906927,41.70821422612383
20180115,95000,95500,93300,93400,52297,-19768,1319632,1284.3675486401858,1234.706442843804,1285.6515857732745,2069.671874150132,6092.582865439251,95220.0,95650.0,95890.0,93775.0,96204.16666666669,95345.327128824,95045.13396897216,300.1931598518277,658.7576354641823,-358.56447561235467,42.75862068965517,98461.30317154656,1285.6515857732745,93318.69682845344,1.8518518518518516,23.077293856663463,35.497907436303706
20180116,92900,93100,91400,92200,91039,-30180,1313364,1774.9366185867032,1549.8387012847495,1338.6933928279975,2078.650737586845,6022.185315335621,94660.0,95200.0,95870.0,93756.66666666669,96080.83333333331,94861.43064746646,94834.38330460383,27.047342862613732,532.4155769438686,-505.36823408125485,35.810810810810814,98547.386785656,1338.6933928279975,93192.613214344,10.95890410958904,19.037830607638657,30.01121516008202
20180117,92000,92300,91700,92300,45913,-17663,1312404,1312.4023773218335,1544.7006182429004,1528.2260958383524,2076.150283573289,5828.43008212709,93640.0,94670.0,95645.0,93760.0,95908.33333333331,94467.36439401007,94646.65120796653,-179.28681395643795,390.0750987638072,-569.3619127202453,35.374149659863946,98701.45219167671,1528.2260958383524,92588.54780832329,12.32876712328767,16.801476112854996,25.607968811006344
20180118,92200,92300,91100,91600,79406,-43644,1312477,1165.1609330903607,1755.5910685578233,1701.3230145981495,2093.1495407594343,5639.230086833132,92880.0,94270.0,95350.0,93715.0,95734.16666666669,94026.23141031624,94420.97334070977,-394.74193039351684,233.11169293234246,-627.8536233258592,35.135135135135144,98752.64602919632,1701.3230145981495,91947.35397080368,7.575757575757576,13.72623660048919,21.647391407500624
20180119,91400,93200,91400,92500,56197,-10647,1334384,583.0951894845299,1736.1163555476346,1797.296580979705,2093.053988788014,5458.174234324518,92400.0,93930.0,95165.0,93675.0,95575.83333333331,93791.42657795992,94278.6790191757,-487.2524412158091,89.03886610271209,-576.2913073185211,34.24657534246576,98759.59316195939,1797.296580979705,91570.40683804061,21.21212121212121,16.2215314710332,19.838771428678147
20180122,92600,93400,92300,93300,39040,4055,1339652,549.1812087098392,1729.7398648351725,1809.419796509736,2091.211105763908,5310.453462016596,92380.0,93800.0,95000.0,93681.66666666669,95440.83333333331,93715.82248904297,94206.18427701453,-490.3617879715457,-26.841264712139502,-463.5205232594062,38.66666666666667,98618.83959301947,1809.419796509736,91381.16040698053,33.84615384615385,22.096405596073414,20.591316151143236
20180123,93400,94900,93000,94100,48807,4241,1351773,861.6263691415207,1687.8684782885184,1815.7918382902085,2087.935583293084,5090.048842815172,92760.0,93710.0,94930.0,93705.0,95291.66666666669,93774.92672149788,94198.31877501344,-423.39205351554847,-106.15142247282131,-317.2406310427272,38.255033557046985,98561.5836765804,1815.7918382902085,91298.4163234196,46.15384615384615,30.115552448664328,23.766061583650266
20180124,91300,92000,90500,90600,234132,-26156,1256993,1231.9090875547595,1411.4177269681713,2010.5720578982825,2122.537134862498,4885.9434861674235,92420.0,93030.0,94640.0,93668.33333333331,95117.5,93286.47645665208,93931.77664353096,-645.3001868788998,-213.98117535403702,-431.3190115248626,34.756097560975604,98661.14411579656,2010.5720578982825,90618.85588420344,1.4084507042253522,20.546518533851337,22.692880567050622
20180125,90600,91200,90300,90800,74142,-1572,1238976,1372.0058308913995,1310.0,2122.145141125209,2140.9882193830413,4634.34521325046,92260.0,92570.0,94350.0,93651.66666666669,94936.66666666669,92903.94161716713,93699.79318845461,-795.8515712874796,-330.35525454072564,-465.496316746754,34.355828220858896,98594.2902822504,2122.145141125209,90105.7097177496,6.8493150684931505,15.980784045398607,20.455515059833285
20180126,90800,90800,89900,90200,119046,-22441,1236834,1583.6666315863324,1230.447073221762,2268.126980572589,2157.792081422135,4443.650588826429,91800.0,92100.0,94060.0,93640.0,94771.66666666669,92487.95059914142,93440.54924856908,-952.5986494276584,-454.80393351811216,-497.79471590954626,35.8974358974359,98596.25396114518,2268.126980572589,89523.74603885482,3.896103896103896,11.952557328967037,17.621195816211202
20180129,90600,91600,90500,91200,88935,-13510,1244361,1397.7124167724921,1173.7120600896967,2237.0236923200737,2159.636672113381,4230.280723548017,91380.0,91880.0,93765.0,93638.33333333331,94615.0,92289.80435311967,93274.58263756396,-984.7782844442993,-560.7988037033496,-423.9794807409495,38.2716049382716,98239.04738464014,2237.0236923200737,89290.95261535986,18.571428571428573,14.158847743120882,16.467079791847762
20180130,91200,92400,91000,91300,90379,-2830,1233524,401.99502484483565,1180.211845390479,2191.9112664524846,2161.4012944238184,3929.178508291772,90820.0,91790.0,93495.0,93636.66666666669,94442.5,92137.52676033202,93128.31725700367,-990.7904966716452,-646.7971422970087,-343.9933543746364,28.057553956834532,97878.82253290496,2191.9112664524846,89111.17746709503,25.0,17.772565162080586,16.90224158192537
20180131,91300,91500,89900,91500,70379,1744,1232142,460.4345773288536,1170.0,2016.9035673530193,2176.1657157035634,3613.608442020828,91000.0,91710.0,93190.0,93588.33333333331,94275.83333333331,92039.44572028096,93007.7011638923,-968.2554436113423,-711.0888025598755,-257.16664105146685,33.88429752066116,97223.80713470603,2016.9035673530193,89156.19286529398,32.0,22.515043441387053,18.773175535079265
20180201,91500,91700,91100,91200,43746,668,1219022,453.4313619501854,1179.8728745080969,1981.6911969328962,2195.380883173485,3474.6158860480605,91080.0,91670.0,92970.0,93561.66666666669,94156.66666666669,91910.30022485313,92873.79737397436,-963.4971491212492,-761.5704718721503,-201.92667724909882,34.45378151260504,96933.3823938658,1981.6911969328962,89006.61760613421,26.0,23.676695627591368,20.407682232583298
20180202,91300,91400,90300,90900,56885,4239,1209012,193.9071942966532,1164.8605066702196,1910.392629801878,2189.7716775913723,3313.100155279174,91220.0,91510.0,92720.0,93470.0,94030.83333333331,91754.86942102957,92727.59016108737,-972.7207400578192,-803.8005255092842,-168.92021454853491,38.31775700934579,96540.78525960377,1910.392629801878,88899.21474039623,20.0,22.451130418394246,21.08883162785361
20180205,90500,90500,89600,89800,54948,-2414,1192956,601.9966777316964,1098.3624174196784,1960.0000000003408,2209.9748615923613,3263.6465631117135,90940.0,91160.0,92480.0,93363.33333333331,93933.33333333331,91454.1202793327,92510.73163063645,-1056.6113513037562,-854.3626906681787,-202.2486606355775,38.679245283018865,96400.00000000068,1960.0000000003408,88559.99999999932,3.7735849056603774,16.225281914149623,19.467648389952284
20180206,88300,88600,87000,88000,110252,-542,1164945,1276.5578717786361,984.1239759298622,2098.833009079411,2301.986461004473,3223.179934305702,90280.0,90550.0,92130.0,93245.0,93816.66666666669,90922.71715943537,92176.60336170043,-1253.8862022650576,-934.2673929875548,-319.6188092775028,32.52032520325203,96327.66601815882,2098.833009079411,87932.33398184118,12.658227848101266,15.036263892133505,17.99052022401269
20180207,88200,89000,87100,87300,55609,-9680,1168107,1549.967741599805,1384.0520221436764,1981.886727338708,2419.923667295466,3199.5047359829905,89440.0,90220.0,91625.0,93128.33333333331,93698.33333333331,90365.37605798377,91815.37348305594,-1449.9974250721716,-1037.413399404478,-412.5840256676937,32.52032520325203,95588.77345467742,1981.886727338708,87661.22654532258,3.79746835443038,11.289998712899129,15.757013053641503
20180208,87300,88000,86500,87000,65052,-1124,1159475,1505.988047761336,1665.6530250925616,2026.9373448632632,2543.5976271552922,3195.707950607752,88600.0,89840.0,91205.0,93033.33333333331,93585.83333333331,89847.62589521703,91458.67915097774,-1611.053255760693,-1152.141370675721,-458.911885084972,26.49572649572649,95258.87468972652,2026.9373448632632,87151.12531027348,8.47457627118644,10.351524565661565,13.95518355764819
20180209,86000,86400,84900,86300,62293,4897,1144035,1192.3086848631106,1965.3244007033545,2108.050046844556,2684.502850722393,3220.415669343848,87680.0,89450.0,90775.0,92933.33333333331,93477.5,89301.83729595286,91076.55476942383,-1774.7174734709695,-1276.6565912347708,-498.06088223619895,19.827586206896544,94991.1000936891,2108.050046844556,86558.8999063109,18.666666666666668,13.123238599329932,13.677868571542104
20180212,86600,86600,84900,85300,40698,-2208,1136068,919.565114605812,2220.4504047602595,2331.115612748826,2850.9934915516633,3263.690715027297,86780.0,88860.0,90370.0,92831.66666666669,93362.5,88686.17001965242,90648.66182354056,-1962.491803888144,-1413.8236337654455,-548.6681701226987,12.711864406779661,95032.23122549766,2331.115612748826,85707.76877450233,5.333333333333334,10.5266035106644,12.627446884582868
20180213,85300,86700,85000,85000,40522,-6931,1129632,906.4215354899727,2329.828319855349,2564.9366463913557,3021.936005643273,3275.7542600513093,86180.0,88230.0,90010.0,92708.33333333331,93229.16666666669,88119.06693970592,90230.24242920424,-2111.1754894983314,-1553.294004912023,-557.8814845863085,17.441860465116278,95139.87329278274,2564.9366463913557,84880.12670721729,1.3333333333333335,7.462180118220711,10.905691295795483
20180214,84800,85600,83600,84200,68837,-29907,1125228,985.0888284819804,2334.5235059857505,2800.084820144085,3211.442649164052,3345.2095724117835,85560.0,87500.0,89605.0,92578.33333333331,93112.5,87516.13356436652,89783.55780481875,-2267.424240452223,-1696.1200520200632,-571.3041884321598,14.130434782608695,95205.16964028816,2800.084820144085,84004.83035971184,6.8181818181818175,7.247514018207746,9.686298869932903
20180219,84000,86400,84000,86100,44334,10666,1131926,762.6270385975047,2004.220546746291,2860.087411251854,3314.8889708208612,3368.6296876095366,85380.0,86990.0,89330.0,92486.66666666669,93009.16666666669,87298.26686215629,89510.70167112848,-2212.4348089721607,-1799.383003410483,-413.0518055616776,30.47619047619048,95050.17482250369,2860.087411251854,83609.8251774963,30.864197530864196,15.119741855759896,11.497446531875234
20180220,86100,86300,85500,85900,29258,9560,1124029,678.2329983125268,1535.2198539622916,2856.046218113659,3415.771834037379,3393.4950027008226,85300.0,86490.0,89000.0,92401.66666666669,92905.0,87083.14888336301,89243.24228808189,-2160.093404718893,-1871.525083672165,-288.568321046728,22.680412371134015,94712.09243622732,2856.046218113659,83287.90756377268,28.39506172839506,19.544848479971616,14.179913847907363
20180221,85500,86300,84800,85100,48280,-18604,1120873,682.9348431585547,1110.6754701531856,2797.30227183287,3533.793602094361,3411.060339382906,85260.0,86020.0,88590.0,92311.66666666669,92784.16666666669,86778.04905515331,88936.33545192769,-2158.2863967743615,-1928.8773462926044,-229.40905048175705,20.19230769230769,94184.60454366574,2797.30227183287,82995.39545633426,19.230769230769234,19.440155396904157,15.933327697572961
20180222,85100,85400,84600,85100,21734,-1102,1120522,676.4613810115104,917.660067781093,2591.022964005016,3648.5533662874436,3429.224786874001,85280.0,85730.0,88140.0,92215.0,92665.83333333331,86519.88766205282,88652.16245548861,-2132.2747934357903,-1969.5568357212408,-162.71795771454867,18.627450980392155,93322.04592801003,2591.022964005016,82957.95407198997,21.73913043478261,20.206480409530307,17.357711934892077
20180223,85100,85600,84200,85200,46400,-12443,1130656,430.81318457076037,761.3146524269713,2601.941582741883,3754.233166260108,3447.7766587920173,85480.0,85520.0,87870.0,92120.0,92551.66666666669,86316.82802173699,88396.44671804502,-2079.6186963080254,-1991.5692078385987,-88.0494884694267,20.0,93073.88316548377,2601.941582741883,82666.11683451622,29.629629629629626,23.347530149563415,19.35431800644919
20180226,85900,86800,85300,86800,40640,7694,1131686,661.5134163416491,723.8784428341542,2521.5273149425398,3808.0601652551295,3425.999854060444,85620.0,85500.0,87670.0,92063.33333333331,92445.0,86391.16217223897,88278.19140559723,-1887.0292333582474,-1970.6612129425287,83.63197958428124,31.85840707964602,92713.05462988508,2521.5273149425398,82626.94537011492,59.25925925925925,35.31810651946203,24.675580844120134
20180227,86500,86900,85600,85800,34111,-11745,1129950,654.2170893518451,683.0080526611674,2482.8411145301543,3890.95068359943,3410.0577341186163,85600.0,85450.0,87450.0,91951.66666666669,92327.5,86300.21414574067,88094.6216718493,-1794.4075261086255,-1935.410475575749,141.00294946712282,32.142857142857146,92415.68222906029,2482.8411145301543,82484.3177709397,50.0,40.21207101297468,29.854410900404986
20180228,85300,85800,83700,84100,66008,-35936,1134158,887.6936408468857,795.0471684120382,2428.2658421188844,4017.756076327864,3422.010455211638,85400.0,85330.0,87095.0,91811.66666666669,92196.66666666669,85961.71966178056,87798.72377023082,-1837.004108450259,-1915.7292021506507,78.72509370039144,32.432432432432435,91951.53168423775,2428.2658421188844,82238.46831576222,15.151515151515152,31.858552392488175,30.522458064432715
20180302,83600,83800,82200,82300,36486,-4379,1132231,1542.2062118925598,1210.9500402576484,2441.2035965894643,4180.744218701104,3474.715715792844,84840.0,85060.0,86645.0,91606.66666666669,92054.16666666669,85398.37817535277,87391.41089836188,-1993.0327230091061,-1931.1899063223416,-61.84281668676408,29.508196721311478,91527.40719317892,2441.2035965894643,81762.59280682108,2.127659574468085,21.94825478648148,27.664390305115635
20180305,82300,82600,80900,80900,28926,-2543,1132246,2172.0036832381293,1736.1163555476346,2479.9747982593162,4392.28458650726,3558.323185000364,83980.0,84730.0,86115.0,91398.33333333331,91901.66666666669,84706.31999452927,86910.56564663138,-2204.245652102094,-1985.801055478293,-218.44459662380126,27.06766917293233,91074.94959651864,2479.9747982593162,81155.05040348136,0.0,14.63216985765432,23.32031682262853
20180306,81100,82100,81100,81200,36444,5324,1120274,1848.8915598271303,1957.6516544063709,2411.4881297657957,4568.071256009507,3631.27378554383,82860.0,84240.0,85615.0,91185.0,91754.16666666669,84166.88614921707,86487.56078391793,-2320.674634700845,-2052.775771322804,-267.89886337804137,30.232558139534877,90437.9762595316,2411.4881297657957,80792.0237404684,5.0,11.421446571769545,19.35402673900887
20180307,81200,81500,79100,79100,71431,-11197,1127668,1649.7272501841026,2395.0782868207048,2488.548773884357,4810.069010821888,3768.5429508292073,81520.0,83560.0,85025.0,90941.66666666669,91599.16666666669,83387.36520318367,85940.33405918327,-2552.968855999585,-2152.8143882581603,-400.15446774142487,27.857142857142854,90002.09754776873,2488.548773884357,80047.90245223128,0.0,7.61429771451303,15.44078373084359
20180308,79100,79700,78400,79500,62317,-14005,1124616,1166.1903789690598,2614.192035792321,2512.747500247754,5019.700079573376,3899.991096858793,80600.0,83000.0,84510.0,90716.66666666669,91458.33333333331,82789.30901807852,85463.27227702152,-2673.9632589430257,-2257.044162395133,-416.91909654789237,30.496453900709227,89535.4950004955,2512.747500247754,79484.5049995045,12.941176470588237,9.389923966538099,13.423830476075091
20180309,79500,81200,79500,80100,59354,-11344,1121521,798.9993742175271,2642.7258654654293,2553.678719025033,5197.034143515786,4023.453377803159,80160.0,82500.0,84115.0,90518.33333333331,91337.5,82375.56916914336,85065.99284909402,-2690.4236799506616,-2343.720065906239,-346.7036140444225,35.25179856115108,89222.35743805006,2553.678719025033,79007.64256194994,20.0,12.926615977692066,13.258092309947415
20180312,80300,81600,80100,81600,38694,-4992,1114869,961.2491872558332,2491.2647390432035,2499.8199935198004,5320.708756044308,4096.67878693896,80300.0,82140.0,83830.0,90365.0,91217.5,82256.250835429,84809.25263805003,-2553.0018026210164,-2385.5764132491945,-167.4253893718219,33.33333333333333,88829.63998703961,2499.8199935198004,78830.3600129604,37.64705882352941,21.166763592971183,15.894316070955336
20180313,80800,81900,80800,81600,44103,15316,1104795,1045.7533169921096,1947.716611830376,2433.598159105429,5432.270857260938,4177.587022834557,80380.0,81620.0,83560.0,90190.0,91110.0,82155.28916843992,84571.53022041668,-2416.241051976758,-2391.7093409947074,-24.531710982050754,33.834586466165426,88427.19631821086,2433.598159105429,78692.80368178914,37.64705882352941,26.66019533649059,19.482942492800422
20180314,81000,81600,80600,81000,18372,-5487,1102466,835.703296631047,1361.763562443936,2409.247807927058,5546.616586310551,4266.956289000929,80760.0,81140.0,83295.0,89993.33333333331,90999.16666666669,81977.55237329532,84306.97242631175,-2329.4200530164235,-2379.251483399051,49.831430382627325,34.35114503816794,88113.49561585412,2409.247807927058,78476.50438414588,30.58823529411765,27.969541989032944,22.311808991544595
20180315,81100,81100,79900,80200,38585,-10117,1104569,651.1528238439882,956.2949335848224,2453.038931611428,5663.087104710221,4372.485864918407,80900.0,80750.0,83040.0,89766.66666666669,90889.16666666669,81704.08277740375,84002.75224658496,-2298.6694691812154,-2363.135080555484,64.46561137426852,32.37410071942446,87946.07786322286,2453.038931611428,78133.92213677714,21.176470588235293,25.70518485543373,23.44293427950764
20180316,80200,80300,79500,79900,35884,-12571,1104600,703.1358332498778,830.0,2500.6549142177405,5789.168765892005,4484.023413436265,80860.0,80510.0,82785.0,89555.0,90789.16666666669,81426.53158088012,83698.84467276385,-2272.313091883741,-2344.970682821136,72.65759093739415,31.205673758865252,87786.30982843548,2500.6549142177405,77783.69017156452,20.27027027027027,23.893546660379243,23.593138406464842
20180319,80100,80300,79000,79200,22263,-1635,1105095,840.0,903.5485598461214,2594.855487305861,5860.093618893951,4605.910378707892,80380.0,80340.0,82535.0,89261.66666666669,90697.5,81083.98826074469,83365.59691922579,-2281.608658481084,-2332.298277953125,50.689619472041606,21.21212121212121,87724.71097461173,2594.855487305861,77345.28902538827,14.814814814814813,20.867302711857764,22.684526508262483
20180320,78700,79500,78400,79200,41414,-6727,1099519,675.2777206453652,912.3595782365636,2556.3450471329834,5899.473611168047,4720.455192271679,79900.0,80140.0,82190.0,88956.66666666669,90588.33333333331,80794.14391293783,83057.03418446831,-2262.8902715304866,-2318.4166766685976,55.52640513811093,22.950819672131143,87302.69009426597,2556.3450471329834,77077.30990573403,19.047619047619047,20.260741490444858,21.876598168989943
20180321,79000,80400,78800,79300,30565,-4609,1088135,412.7953488110058,891.2911982062877,2481.0078597217976,5950.143555689431,4827.217682638519,79560.0,80160.0,81860.0,88675.0,90478.33333333331,80564.2756186397,82778.73535598918,-2214.459737349476,-2297.625288804773,83.16555145529719,27.35849056603773,86822.01571944359,2481.0078597217976,76897.98428055641,24.324324324324326,21.61526910173801,21.789488479905966
20180322,79300,80100,78400,78600,48250,-3196,1090822,412.7953488110058,993.0256794262674,2460.9500198096944,5996.599730956897,4941.128343362274,79240.0,80070.0,81535.0,88375.0,90359.16666666669,80262.07936961821,82469.1994036937,-2207.120034075488,-2279.5242378589164,72.40420378342878,30.52631578947368,86456.90003961939,2460.9500198096944,76613.09996038061,5.714285714285714,16.31494130592058,19.964639421910835
20180323,78000,78000,76600,76700,53663,-6491,1090685,981.8350166906862,1416.3685960935452,2532.444471257235,6106.283421378432,5092.7781111011855,78600.0,79730.0,81115.0,88061.66666666669,90233.33333333331,79714.06715890771,82041.85129971639,-2327.7841408086824,-2289.17621844887,-38.60792235981262,29.0,86179.88894251447,2532.444471257235,76050.11105748553,1.8867924528301887,11.505558354890448,17.144945732904038
20180326,75700,76700,75400,76300,24375,-67,1092928,1270.2755606560333,1597.4980438172684,2557.361921981583,6190.419120614337,5246.407236281928,78020.0,79200.0,80670.0,87726.66666666669,90106.66666666669,79188.8260575373,81616.52898121887,-2427.7029236815724,-2316.8815594954103,-110.82136418616207,25.74257425742575,85784.72384396316,2557.361921981583,75555.27615603684,13.846153846153847,12.285756851978249,15.525216105928775
20180327,76700,78400,76600,78100,30680,3379,1096891,1134.9008767288885,1405.1690289783646,2191.4093638572726,6201.491532059104,5358.628491095278,77800.0,78850.0,80235.0,87418.33333333331,90004.16666666669,79021.31435637771,81356.04535298044,-2334.730996602724,-2320.451446916873,-14.27954968585118,44.89795918367345,84617.81872771455,2191.4093638572726,75852.18127228545,41.53846153846154,22.03665841413935,17.6956968753323
20180328,77500,77900,77300,77800,17231,1293,1097820,864.869932417586,1232.923355282071,1841.2699421870043,6219.400426620325,5471.651119382954,77500.0,78530.0,79835.0,87115.0,89910.83333333331,78833.4198400119,81092.63458609299,-2259.214746081081,-2308.204106749715,48.98936066863371,41.23711340206185,83517.53988437401,1841.2699421870043,76152.46011562599,36.92307692307693,26.99879791711854,20.796730555927713
20180329,78000,78000,76700,77200,24406,-12,1094926,667.5327707311454,1152.432210587677,1645.8736281991198,6208.681198306167,5591.719075762368,77220.0,78230.0,79490.0,86783.33333333331,89813.33333333331,78582.12448001008,80804.29128341941,-2222.166803409331,-2290.9966460816377,68.82984267230721,35.051546391752574,82781.74725639824,1645.8736281991198,76198.25274360176,29.03225806451613,27.676617966251072,23.090026359368835
20180330,77600,78700,77300,78300,24450,2288,1097991,722.772439983706,1011.9782606360671,1531.3066316062686,6165.559360041905,5687.348532783609,77540.0,78070.0,79290.0,86476.66666666669,89730.0,78538.72071385468,80618.78822538836,-2080.067511533678,-2248.8108191720457,168.74330763836815,32.25806451612904,82352.61326321254,1531.3066316062686,76227.38673678746,50.877192982456144,35.41014297165276,27.19673189679681
20180402,78500,78800,77700,78000,19943,-347,1091849,376.2977544445356,939.4147114027968,1509.130544386845,6086.282390204327,5785.951376684381,77880.0,77950.0,79145.0,86150.0,89640.0,78455.84060403088,80424.80391239662,-1968.963308365753,-2192.841317010788,223.87800864503424,31.25,82163.2610887737,1509.130544386845,76126.7389112263,52.0,40.940095314435176,31.7778530360096
20180403,77900,78200,77200,77900,16335,3210,1088596,361.10940170535576,842.3775875461075,1454.853944559843,6049.9428371936865,5883.478220597471,77840.0,77820.0,78980.0,85855.0,89545.83333333331,78370.3266649492,80237.78140036724,-1867.4547354180536,-2127.764000692241,260.30926527418706,32.967032967032964,81889.70788911969,1454.853944559843,76070.29211088031,50.0,43.96006354295679,35.83858987165866
20180404,77900,79000,77200,77300,35364,-1968,1090048,422.37424163885765,691.0861017268397,1499.6332885080053,6003.6495844870105,5987.2498208016395,77740.0,77620.0,78890.0,85545.0,89452.5,78205.66102418781,80020.16796330301,-1814.506939115221,-2065.1125883768373,250.60564926161624,33.70786516853932,81889.26657701601,1499.6332885080053,75890.73342298399,38.0,41.973375695304526,37.88351847954062
20180405,77500,78200,77400,77600,21248,-4441,1092701,342.92856398964494,609.5900261651267,1518.0497356810595,5970.680912218734,6083.221403081715,77820.0,77520.0,78795.0,85261.66666666669,89359.16666666669,78112.48240508197,79840.89626231763,-1728.413857235646,-1997.772842148599,269.358984912953,37.078651685393254,81831.09947136213,1518.0497356810595,75758.90052863787,44.0,42.64891713020302,39.47198469642809
20180406,77400,78100,76600,77100,31508,-11834,1093386,342.92856398964494,566.0388679233962,1529.8611048070131,5923.652214262161,6184.076269385602,77580.0,77560.0,78645.0,84963.33333333331,89264.16666666669,77956.71588122321,79637.86690955336,-1681.1510283301468,-1934.4484793849085,253.2974510547617,37.93103448275862,81704.72220961402,1529.8611048070131,75585.27779038598,36.17021276595745,40.489349008787826,39.81110613388133
20180409,76800,78100,76500,78100,19914,4087,1090861,368.78177829171545,397.994974842648,1374.0815114109262,5761.374016285773,6266.757479396993,77600.0,77740.0,78470.0,84641.66666666669,89174.16666666669,77978.75959180425,79523.95084217904,-1545.1912503747876,-1856.5970335828845,311.4057832080964,44.3298969072165,81218.16302282187,1374.0815114109262,75721.83697717813,75.0,51.99289933919189,43.871703868984845
20180410,77500,78100,76900,77700,30011,7920,1083359,344.0930106817051,379.4733192202056,1178.929599255755,5655.1294316634385,6334.227787717245,77560.0,77700.0,78275.0,84346.66666666669,89035.0,77935.87350075744,79388.843372388,-1452.9698716305575,-1775.8716011924191,322.9017295618617,42.00000000000001,80632.8591985115,1178.929599255755,75917.1408014885,63.888888888888886,55.95822918909088,47.90054564235353
20180411,77800,80700,77300,80200,85904,4933,1088428,1078.1465577554843,842.8523002282193,1096.4830140049298,5509.158788375281,6376.2316892956605,78140.0,77940.0,78235.0,84101.66666666669,88931.66666666669,78284.20065448707,79448.9290485074,-1164.7283940203342,-1653.6429597580022,488.914565737668,56.77966101694915,80427.96602800986,1096.4830140049298,76042.03397199014,88.09523809523809,66.67056549113995,54.157218925282336
20180412,80700,81600,79600,80500,57913,9781,1095146,1371.7142559585798,1096.4032105024137,1124.944443073228,5392.5710215257395,6412.991967268077,78720.0,78270.0,78250.0,83886.66666666669,88830.83333333331,78625.09286148906,79526.78615602537,-901.6932945363077,-1503.2530267136635,601.5597321773557,68.62745098039215,80499.88888614645,1124.944443073228,76000.11111385355,78.43137254901961,70.59083451043317,59.635090786999285
20180413,80200,80800,79600,80000,22187,-1273,1090232,1161.0340218959993,1213.424904969401,1132.4641274677688,5304.563025251537,6449.6201438551925,79300.0,78440.0,78255.0,83683.33333333331,88720.0,78836.61703664459,79561.83903335682,-725.2219967122362,-1347.6468207133782,622.4248240011417,67.96116504854368,80519.92825493554,1132.4641274677688,75990.07174506446,68.62745098039215,69.93637333375283,63.068851635917135
20180416,80000,80200,78700,78900,20465,-1024,1088289,1032.6664514740469,1210.826164236634,1121.7842929910078,5218.467207904707,6503.376046333374,79460.0,78530.0,78240.0,83460.0,88610.0,78846.3682617762,79512.81391977484,-666.4456579986437,-1211.4065881704314,544.9609301717878,54.16666666666666,80483.56858598202,1121.7842929910078,75996.43141401798,47.05882352941176,62.31052339897247,62.81607555693558
20180417,78700,79600,78600,79200,23766,-1224,1091170,608.6049621881176,1205.9850745345068,1121.7842929910078,5136.907846379851,6538.05521330655,79760.0,78660.0,78240.0,83253.33333333331,88484.16666666669,78900.77314457986,79489.64251831004,-588.8693737301801,-1086.8991452823814,498.02977155220105,57.29166666666666,80483.56858598202,1121.7842929910078,75996.43141401798,52.94117647058824,59.18740775617773,61.606519623349634
20180418,79200,80900,79000,80100,51498,-3005,1091093,595.3150426454887,1182.5396399275587,1172.0068259192585,5008.5748693813875,6555.434079620127,79740.0,78940.0,78280.0,83046.66666666669,88360.83333333331,79085.26958387527,79534.85418362041,-449.5845997451397,-959.4362361749327,509.8516364297931,64.64646464646465,80624.01365183851,1172.0068259192585,75935.98634816149,70.58823529411765,62.98768360215771,62.066907616285654
20180419,80000,83200,79700,82300,135970,-23140,1095555,1191.6375287812984,1458.3895227270389,1463.6512562770324,4827.972889546782,6565.083935743404,80100.0,79410.0,78465.0,82863.33333333331,88272.5,79579.8434940483,79739.67979964853,-159.83630560022718,-799.5162500599916,639.6799444597644,68.18181818181817,81392.30251255406,1463.6512562770324,75537.69748744594,86.56716417910447,70.84751046113996,64.99377523123708
20180420,82000,82300,81000,81400,34089,-5637,1093139,1295.2219886953742,1343.2795688165586,1536.8799562754846,4603.8929782882615,6581.922000619958,80380.0,79840.0,78700.0,82651.66666666669,88178.33333333331,79859.86757188702,79862.66648115602,-2.7989092690113453,-640.1727819017957,637.3738726327842,64.65517241379311,81773.75991255097,1536.8799562754846,75626.24008744903,73.13432835820896,71.60978309349629,67.19911118532349
20180423,82900,82900,81200,81200,53251,-15913,1091129,1078.1465577554843,1261.1502686040233,1525.278663064994,4489.262188820822,6598.497093195669,80840.0,80150.0,78945.0,82495.0,88081.66666666669,80066.04179159671,79961.72822329264,104.31356830407458,-491.27551186062146,595.5890801646959,64.1025641025641,81995.55732612999,1525.278663064994,75894.44267387001,70.1492537313433,71.12293997277862,68.5070541144752
20180424,81200,82000,80500,81300,47539,-834,1085376,700.2856560004639,996.4436762808023,1594.5140325507753,4359.203546008353,6618.198342870844,81260.0,80510.0,79105.0,82336.66666666669,87994.16666666669,80255.88151596645,80060.8594660117,195.02204995475768,-354.0159994975457,549.0380494523033,67.85714285714286,82294.02806510155,1594.5140325507753,75915.97193489845,71.64179104477611,71.29589033011112,69.43666618635383
20180425,81300,81300,78700,78800,90279,3568,1064798,1167.9041056525145,1120.7586716149021,1568.27134131863,4259.634830459655,6665.167331401244,81000.0,80370.0,79155.0,82146.66666666669,87893.33333333331,80031.89974427929,79967.46246852935,64.43727574995137,-270.3253444480463,334.76262019799765,54.47761194029851,82291.54268263727,1568.27134131863,76018.45731736273,30.158730158730158,57.583503606317464,65.48561199300838
20180426,78600,78800,77100,77200,129671,-4688,1026934,1695.1696080333672,1466.4242223858691,1568.27134131863,4139.060548264337,6728.063067399989,79980.0,80040.0,79155.0,81913.33333333331,87775.83333333331,79596.22286054402,79762.4652486383,-166.24238809426606,-249.50875317729026,83.26636508302417,50.3448275862069,82291.54268263727,1568.27134131863,76018.45731736273,1.639344262295082,38.93545049164334,56.63555815922003
20180427,77200,78400,77200,78000,35630,456,1035835,1670.9278859364338,1589.4653189044425,1577.7832550769879,3983.6453852635414,6778.0011290629345,79300.0,79840.0,79140.0,81691.66666666669,87664.16666666669,79350.65011276802,79631.91226725769,-281.2621544896683,-255.8594334397659,-25.40272104990245,49.650349650349646,82295.56651015398,1577.7832550769879,75984.43348984602,14.754098360655737,30.874999781314134,48.048705366584734
20180430,76900,81500,76900,81400,114030,-5462,1093367,1717.672844286711,1618.3015788165073,1628.158468946231,3773.4761457041295,6773.364449979427,79340.0,80090.0,79310.0,81523.33333333331,87555.83333333331,79665.93471080372,79762.88172894233,-96.94701813859864,-224.07695037953243,127.12993224093378,60.693641618497104,82566.31693789246,1628.158468946231,76053.68306210754,71.42857142857143,44.392856997066566,46.83008924341201
20180502,81800,83200,80700,82600,98793,10988,1084984,2059.1260281974,1747.598352024858,1742.8353335875809,3560.514944027406,6771.021535847587,79600.0,80430.0,79545.0,81380.0,87470.83333333331,80117.32937068006,79973.03863790954,144.2907327705179,-150.40341374952234,294.69414652004025,57.49999999999999,83030.67066717516,1742.8353335875809,76059.32933282484,90.47619047619048,59.75396815677453,51.138048881199516
20180503,82400,82700,81300,81800,51062,-6434,1100634,2172.556098240043,1789.4133116750863,1728.9013852737046,3338.6669828238287,6740.585976425085,80200.0,80600.0,79770.0,81228.33333333331,87349.16666666669,80376.20177519081,80108.3691091755,267.8326660153107,-66.75619779655571,334.58886381186636,53.93939393939394,83227.80277054741,1728.9013852737046,76312.19722945259,77.77777777777779,65.76190469710895,56.012667486502664
20180504,81300,82600,80800,81500,35853,-3371,1107574,1586.9467539901898,1728.4675293449975,1692.712320508519,3147.0991934333783,6712.137430722934,81060.0,80520.0,79965.0,81090.0,87226.66666666669,80549.09380977684,80211.4528788662,337.6409309106384,14.123227944883142,323.5177029657553,54.60122699386503,83350.42464101705,1692.712320508519,76579.57535898295,73.01587301587301,68.17989413669697,60.0684097032341
20180508,81900,81900,77500,77500,117951,-13261,1086804,1780.5617091243987,1915.7505056765613,1660.8055274478506,3048.377983995579,6730.757758233689,80960.0,80130.0,79985.0,80915.0,87080.0,80080.00245442656,80010.60451746869,69.39793695787375,25.17816974748127,44.219767210392476,46.35416666666667,83306.61105489571,1660.8055274478506,76663.38894510429,9.523809523809524,48.62786593240116,56.254895112956454
20180509,77500,78400,76700,77100,40467,203,1087280,2317.7575369309016,2074.99397589487,1730.3973532114915,2970.994502403004,6758.561648426282,80100.0,79720.0,79935.0,80745.0,86936.66666666669,79621.54053836093,79795.00418284138,-173.46364448044915,-14.550193098104826,-158.9134513823443,44.55958549222797,83395.79470642298,1730.3973532114915,76474.20529357702,6.153846153846154,34.469859339549494,48.993216521820806
20180510,77200,77300,76200,76300,56001,-5985,1076712,2328.6047324524616,2230.6052990163903,1843.9834597960294,2910.708199424615,6806.2838612581445,78840.0,79220.0,79865.0,80566.66666666669,86800.0,79110.53430169003,79536.11498411237,-425.58068242236914,-96.7562909629577,-328.82439145941146,40.10416666666666,83552.96691959206,1843.9834597960294,76177.03308040794,1.4285714285714286,23.456096702556806,40.4808432487328
20180511,76400,77300,76000,77000,53034,-6002,1072800,1850.8376482014842,2327.745690577044,1944.0871894031231,2848.221179765413,6845.25337369064,77880.0,79040.0,79705.0,80411.66666666669,86672.5,78785.83671681464,79348.25461491887,-562.4178981042496,-189.88861239121613,-372.5292857130335,35.02824858757062,83593.17437880624,1944.0871894031231,75816.82562119376,13.88888888888889,20.267027431334167,33.74290464293326
20180514,77300,79300,77200,78800,50597,3502,1083751,826.0750571225352,2249.4443758403986,1944.6336415894214,2783.101786771533,6868.529227572894,77340.0,79200.0,79620.0,80303.33333333331,86567.5,78788.01568345852,79307.64316196191,-519.6274785033893,-255.8363856136508,-263.7910928897385,43.01075268817205,83509.26728317884,1944.6336415894214,75730.73271682116,38.88888888888889,26.474314583852408,31.32004128990631
20180515,79100,80800,78500,78800,47354,-2406,1083812,1017.8408519999576,2219.3692797729723,1950.4871186453229,2721.2129648330183,6883.541915727592,77600.0,79280.0,79560.0,80200.0,86454.16666666669,78789.8594244649,79270.03996477956,-480.18054031465726,-300.7052165538521,-179.47532376080517,43.47826086956522,83460.97423729065,1950.4871186453229,75659.02576270935,38.88888888888889,30.61250601886457,31.084196199559063
20180516,78400,78800,77200,77200,35870,-3084,1076246,1008.7616170334793,2175.4080077079793,2013.423701062778,2697.169298022925,6915.583800777682,77620.0,78860.0,79475.0,80083.33333333331,86330.83333333331,78545.26566685492,79116.70367109218,-571.438004237265,-354.8517740905346,-216.58623014673023,39.69849246231156,83501.84740212555,2013.423701062778,75448.15259787445,16.666666666666664,25.963892901465268,29.377428433527797
20180517,76900,78200,76900,77300,26579,129,1078029,805.9776671843955,1815.51645544732,2068.235963327525,2603.6491485728425,6946.895989498623,77820.0,78330.0,79380.0,79936.66666666669,86211.66666666669,78353.68633349263,78982.13302878906,-628.4466952964431,-409.5707583317164,-218.87593696472663,45.714285714285715,83516.47192665505,2068.235963327525,75243.52807334495,18.055555555555554,23.327780452828694,27.360879106628094
20180518,77200,77800,76100,76800,66505,-32738,1080077,849.4704232638121,1440.867794074113,2134.777505971368,2515.4075216503447,6985.159665718365,77780.0,77830.0,79215.0,79785.0,86093.33333333331,78114.65766680145,78820.49354517506,-705.8358783736185,-468.8237823400969,-237.01209603352157,48.780487804878035,83484.55501194274,2134.777505971368,74945.44498805726,11.11111111111111,19.25555733892283,24.659105184059673
20180521,77000,77000,76100,76200,32725,-11644,1078298,861.6263691415207,844.9852069711043,2107.8187777893368,2459.401462862585,7030.79530628734,77260.0,77300.0,78910.0,79636.66666666669,85974.16666666669,77820.09494883199,78626.38291219914,-806.2879633671547,-536.3166185455085,-269.9713448216461,44.444444444444436,83125.63755557867,2107.8187777893368,74694.36244442133,2.9850746268656714,13.832063101570446,21.050091156563266
20180523,76400,76400,75500,75500,47459,-3322,1074423,672.3094525588646,996.9954864491614,2151.110178489548,2410.5577962089787,7080.088227245392,76600.0,77100.0,78615.0,79476.66666666669,85845.83333333331,77463.1572643963,78394.798992777,-931.641728380695,-615.3816405125458,-316.2600878681492,28.14814814814815,82917.2203569791,2151.110178489548,74312.7796430209,0.0,9.221375401046965,17.1071859047245
20180524,75900,75900,73900,73900,69824,-11621,1063207,1184.229707446997,1384.0520221436764,2295.9747385372807,2397.435551208236,7147.300141002813,75940.0,76780.0,78250.0,79288.33333333331,85704.16666666669,76914.97922371994,78061.85091923796,-1146.8716955180134,-721.6796515136392,-425.192044004374,18.705035971223023,82841.94947707457,2295.9747385372807,73658.05052292543,0.0,6.147583600697977,13.453985136715659
20180525,73300,73600,71100,71300,106557,-18125,1056531,1974.4366285095093,2155.365398256175,2640.359823963646,2409.169981544435,7253.9406914847905,74740.0,76280.0,77750.0,79030.0,85546.66666666669,76051.13626622457,77560.97307336847,-1509.8368071439181,-879.3110826396954,-630.5257245042227,16.560509554140133,83030.71964792731,2640.359823963646,72469.28035207269,2.0618556701030926,4.785674290499682,10.564548187977
20180528,71800,74900,71800,73400,65666,-2566,1059538,1716.508083290027,2300.782475593901,2790.9854890345337,2350.699659434105,7308.962107122778,74060.0,75920.0,77480.0,78823.33333333331,85387.5,75643.26914834388,77252.75284571155,-1609.4836973676865,-1025.3456055852935,-584.1380917823927,26.857142857142854,83061.97097806906,2790.9854890345337,71898.02902193094,23.711340206185564,11.09422959572831,10.741108657227436
20180529,73500,73700,72500,72500,29005,-4169,1053276,1403.4243834279066,2288.427407631713,2995.0751242667247,2385.53278465028,7372.628385154029,73320.0,75290.0,77245.0,78630.0,85220.83333333331,75159.68927936789,76900.69707936255,-1741.0077999946661,-1168.4780444671685,-572.5297555274979,32.638888888888886,83235.15024853345,2995.0751242667247,71254.84975146655,14.432989690721648,12.207149627392758,11.229788980615877
20180530,72300,72700,70200,70800,63355,-668,1047137,1185.5800268223145,2319.6767016116705,3299.8901496870067,2539.95352100456,7437.489075623801,72380.0,74490.0,76885.0,78438.33333333331,85022.5,74488.96785177282,76448.79359200236,-1959.8257402295278,-1326.7475836196402,-633.0781566098874,29.93630573248408,83484.78029937402,3299.8901496870067,70285.21970062598,5.660377358490567,10.024892204425361,10.828156721885705
20180531,71000,71700,70700,71300,39246,8496,1039861,952.0504188329525,2305.645245912736,3342.8431013138106,2678.4380813321154,7501.113065555381,71860.0,73900.0,76380.0,78278.33333333331,84838.33333333331,73998.35741303855,76067.40147407628,-2069.0440610377123,-1475.2068791032548,-593.837181934457,33.76623376623377,83065.68620262762,3342.8431013138106,69694.31379737238,10.377358490566039,10.142380966472254,10.599564803414554
20180601,71900,72000,70800,71500,33320,1355,1035658,931.6651759081692,2097.52234791432,3181.6465862822247,2787.7210923733624,7550.80565054125,71900.0,73320.0,75825.0,78116.66666666669,84650.83333333331,73613.99473410954,75729.07543895951,-2115.0807048499696,-1603.181644252598,-511.899060597372,31.54362416107383,82188.29317256443,3181.6465862822247,69461.70682743557,15.11627906976744,11.800347000903983,10.999825535911029
20180604,71200,72600,71100,72200,24946,-618,1034508,615.142259969188,1761.3631085043198,2960.485602059455,2885.393772467913,7588.941332990988,71660.0,72860.0,75345.0,78001.66666666669,84471.66666666669,73396.45708270808,75467.66244348104,-2071.2053607729613,-1696.7863875566711,-374.4189732162902,26.08695652173913,81265.97120411889,2960.485602059455,69424.02879588111,25.0,16.20023133393599,12.733294135252683
20180605,72600,74100,72300,73100,37540,1815,1031524,798.4985911070853,1377.1347065556079,2635.5027983292553,2945.6988418100404,7618.1394910817335,71780.0,72550.0,74925.0,77895.0,84305.83333333331,73350.84830075299,75292.28004026023,-1941.4317395072285,-1745.715457946783,-195.7162815604454,30.612244897959183,80196.00559665849,2635.5027983292553,69653.99440334151,38.15789473684211,23.51945246823803,16.3286802462478
20180607,72700,74500,72700,73800,30183,4343,1034892,949.5261976375377,1074.057726567804,2577.479388860624,2977.3422152384446,7644.572103061911,72380.0,72380.0,74740.0,77790.0,84154.16666666669,73419.94856217559,75181.74077801872,-1761.7922158431174,-1748.93080952605,-12.861406317067347,37.68115942028986,79894.95877772124,2577.479388860624,69585.04122227876,52.94117647058824,33.32669380235476,21.99468476495012
20180608,74300,74400,72600,72800,28468,-3620,1040351,783.3262411026456,963.3794683301072,2550.857698892931,3002.685834748028,7689.163325025191,72680.0,72270.0,74525.0,77643.33333333331,84004.16666666669,73324.57186030243,75005.31553520254,-1680.7436749000915,-1735.2933826008584,54.5497077007667,34.693877551020414,79626.71539778585,2550.857698892931,69423.28460221415,41.935483870967744,36.19629049189242,26.728553340597554
20180611,73100,74500,73100,74500,31798,8990,1047903,798.4985911070853,1108.5576214162256,2518.188833269129,2984.2712678264,7701.186732144397,73280.0,72590.0,74435.0,77525.0,83857.5,73505.40695871745,74967.88475481715,-1462.4777960997014,-1680.730265300627,218.25246920092536,42.76729559748427,79471.37766653826,2518.188833269129,69398.62233346174,75.43859649122807,49.277059158337636,34.244721946510914
20180612,74500,76000,74200,75600,70128,845,1059271,1009.1580649234293,1421.5836239912164,2464.8072946989864,2959.438291293493,7693.474462528562,73960.0,72810.0,74365.0,77435.0,83714.16666666669,73827.65204199168,75014.70810631217,-1187.0560643204954,-1581.9954251046008,394.93936078410553,48.17073170731707,79294.61458939798,2464.8072946989864,69435.38541060202,93.10344827586206,63.88585553084578,44.12509980795587
20180614,75100,75300,73800,74500,61587,-1246,1053680,922.1713506718803,1502.298239365273,2246.441630668675,2960.6418223037567,7682.67459215295,74240.0,73010.0,74150.0,77340.0,83553.33333333331,73931.09018937757,74976.58157991867,-1045.4913905411086,-1474.6946181919025,429.20322765079385,47.023809523809526,78642.88326133735,2246.441630668675,69657.11673866265,74.13793103448276,67.30321403205811,51.851137882656616
20180615,74800,75000,74000,74500,28333,1359,1053042,897.552226892675,1361.4697940094004,1981.2306781395584,2963.5283025431127,7681.259255488232,74380.0,73380.0,73935.0,77250.0,83402.5,74018.61477562718,74941.27924066545,-922.6644650382804,-1364.2885875611782,441.6241225228978,51.97368421052632,77897.46135627912,1981.2306781395584,69972.53864372088,74.13793103448276,69.58145303286632,57.76124293272651
20180618,74000,74400,71200,72000,41055,-331,1052431,1188.9491158161482,1267.4778104566565,1873.9997331913723,3027.226453368498,7651.58366868667,74220.0,73450.0,73675.0,77130.0,83195.83333333331,73708.05865629991,74723.40670431986,-1015.3480480199504,-1294.5004796529327,279.1524316329824,52.317880794702,77422.99946638274,1873.9997331913723,69927.00053361726,31.03448275862069,56.73246294145111,57.41831626896805
20180619,71200,72100,70400,70600,39855,-290,1047624,1846.7268341582087,1424.9210504445498,1793.1536465125725,3127.750345247551,7623.223108080942,73440.0,73360.0,73340.0,76986.66666666669,82971.66666666669,73229.89578609992,74417.96917066652,-1188.073384566611,-1273.2150606356686,85.14167606905768,40.27777777777777,76926.30729302515,1793.1536465125725,69753.69270697485,3.571428571428571,39.012118151443595,51.2829168964599
20180620,70700,71400,70300,70500,31568,-1848,1041267,1779.2133093027378,1638.566446623389,1709.0567573961184,3220.7763039326233,7609.573602817071,72420.0,73190.0,73025.0,76840.0,82757.5,72809.91181900763,74127.74923209862,-1317.8374130910088,-1282.1395311267368,-35.697881964272035,42.647058823529406,76443.11351479223,1709.0567573961184,69606.88648520777,3.508771929824561,27.177669410903917,43.24783440127457
20180621,70200,70600,69700,69900,31194,-6195,1043261,1650.4544828622204,1914.1838992113587,1675.0820875411853,3332.1877197981844,7591.899740294942,71500.0,72870.0,72710.0,76695.0,82535.0,72362.23307762183,73814.58262231355,-1452.3495446917225,-1316.1815338397341,-136.16801085198836,46.4,76060.16417508238,1675.0820875411853,69359.83582491762,3.1746031746031744,19.176647332137005,35.224105378228714
20180622,69500,71500,68800,71400,29243,1437,1052755,735.9347797189639,1932.8993765843065,1568.5901312966794,3400.434612741339,7564.990590801331,70880.0,72630.0,72505.0,76606.66666666669,82334.16666666669,72214.19721952616,73635.72465029033,-1421.5274307641666,-1337.2507132246205,-84.27671753954608,50.37037037037037,75642.18026259336,1568.5901312966794,69367.81973740664,36.11111111111111,24.82146859179504,31.756559782750823
20180625,71400,72500,70600,72400,22624,-1721,1057737,863.9444426582071,1933.1063085097,1535.6106277313058,3442.687499933153,7507.512857503435,70960.0,72590.0,72430.0,76541.66666666669,82134.16666666669,72242.78226267599,73544.18949100956,-1301.40722833357,-1330.0820162464106,28.674787912840657,53.146853146853154,75501.22125546263,1535.6106277313058,69358.77874453737,50.0,33.214312394530026,32.24247732001056
20180626,72000,72200,70600,71300,17910,-1284,1057158,850.8818954473061,1853.672031401456,1535.6106277313058,3500.956615297587,7453.363148421396,71100.0,72270.0,72430.0,76428.33333333331,81923.33333333331,72097.73883764891,73377.95323241626,-1280.214394767347,-1320.108491950598,39.894097183251226,46.938775510204074,75501.22125546263,1535.6106277313058,69358.77874453737,34.72222222222222,33.71694900376076,32.733967881260625
20180627,70600,71000,69000,69300,50223,-25745,1055030,1114.629983447422,1677.0211686201221,1660.9861528626104,3612.776709890774,7428.307297465518,70860.0,71640.0,72225.0,76286.66666666669,81700.83333333331,71667.31747801059,73075.88262260765,-1408.5651445970434,-1337.7998224798869,-70.7653221171563,37.9746835443038,75546.97230572523,1660.9861528626104,68903.02769427477,6.944444444444445,24.792780817321987,30.086905526614412
20180628,68500,70200,68400,69600,17022,-861,1049965,1171.3240371477054,1473.2616875490924,1754.5939701256627,3710.444717277647,7373.694046332057,70800.0,71150.0,72080.0,76160.0,81471.66666666669,71349.26863523974,72818.40983574782,-1469.1412005080786,-1364.0680980855254,-105.07310242255288,36.36363636363637,75589.18794025133,1754.5939701256627,68570.81205974867,15.789473684210526,21.791678439618167,27.321829830948996
20180629,69900,70100,68300,69400,24919,-3304,1048676,1237.739875741264,1046.1357464497617,1830.546366525944,3798.775753080952,7321.302204679588,70400.0,70640.0,72010.0,76011.66666666669,81244.16666666669,71049.38115289516,72565.1942923591,-1515.813139463935,-1394.4171063612075,-121.39603310272742,38.35616438356164,75671.09273305189,1830.546366525944,68348.90726694811,15.714285714285714,19.76588086450735,24.803180175468444
20180702,69300,69400,67700,68000,27341,-1129,1042802,1053.3755265810953,1202.6637102698326,2025.4567386151043,3925.150740201808,7264.508041385689,69520.0,70240.0,71845.0,75845.0,80997.5,70580.24559091129,72227.03175218434,-1646.786161273063,-1444.8909173435788,-201.89524392948414,27.27272727272727,75895.91347723019,2025.4567386151043,67794.08652276981,4.10958904109589,14.547116923370195,21.384492424769025
20180703,68000,68300,66900,67100,40684,1091,1047382,970.3607576566562,1515.552704461313,2274.615352098314,4071.683722160492,7249.0849997332325,68680.0,69890.0,71625.0,75665.0,80760.0,70044.82319230956,71847.25162239293,-1802.4284300833679,-1516.3984198915368,-286.030010191831,19.8581560283688,76174.23070419663,2274.615352098314,67075.76929580337,2.666666666666667,10.586966837802352,17.785317229113467
20180704,66300,67700,66300,67000,18853,-82,1050351,1103.4491379306978,1724.0649639732258,2481.788669488467,4213.781621718057,7222.110677559086,68220.0,69540.0,71365.0,75493.33333333331,80519.16666666669,69576.38885503117,71488.19594666011,-1911.8070916289435,-1595.4801542390182,-316.3269373899252,21.37404580152672,76328.57733897693,2481.788669488467,66401.42266102307,11.29032258064516,10.82141875208329,15.464017736770074
20180705,66600,67500,66500,67200,15283,879,1050165,902.4411338142784,1853.1324831214847,2605.5901442861914,4335.696791363517,7206.443827500008,67740.0,69270.0,71070.0,75320.0,80290.83333333331,69210.79056964176,71170.55180246307,-1959.7612328213145,-1668.3363699554775,-291.4248628658368,22.55639097744361,76281.18028857239,2605.5901442861914,65858.81971142761,14.516129032258066,12.05298884547488,14.327008106338342
20180706,66800,68100,66800,67900,21360,-692,1053490,422.37424163885765,1745.1647486698785,2613.7855688639293,4431.653817202864,7166.468795719698,67440.0,68920.0,70775.0,75166.66666666669,80065.0,69009.13048200456,70928.28870598432,-1919.1582239797567,-1718.5007407603339,-200.65748321942303,32.173913043478265,76002.57113772786,2613.7855688639293,65547.42886227214,25.806451612903224,16.637476434617664,15.097164215764783
20180709,67800,68100,67000,68000,17845,-1052,1052860,422.37424163885765,1313.6209498938424,2637.0959406137154,4508.195931359755,7071.569839860467,67440.0,68480.0,70535.0,74998.33333333331,79820.0,68853.87963861924,70711.37843146696,-1857.4987928477206,-1746.3003511778115,-111.19844166990879,37.25490196078431,75809.19188122742,2637.0959406137154,65260.80811877258,27.419354838709676,20.231435902648332,16.808588111392634
20180710,68000,68500,67600,68200,20818,-2963,1055607,471.5930449020639,917.660067781093,2518.253362948481,4576.832966142967,7004.150356913138,67660.0,68170.0,70220.0,74840.0,79593.33333333331,68753.28277113935,70525.35039950644,-1772.0676283671055,-1751.45380661567,-20.61382175143536,38.83495145631068,75256.50672589696,2518.253362948481,65183.493274103035,30.64516129032258,23.70267769853975,19.106617973775005
20180711,68300,68600,66800,67000,37304,-6432,1048841,471.5930449020639,893.532316147547,2286.460146165101,4630.831458817406,6955.0856193325535,67660.0,67940.0,69790.0,74620.0,79360.83333333331,68483.54696019483,70264.21333287634,-1780.6663726815168,-1757.2963198288394,-23.37005285267741,36.697247706422026,74362.92029233022,2286.460146165101,65217.07970766981,11.864406779661017,19.75658739224684,19.323274446598948
20180712,67500,68600,66700,68600,31588,10228,1043460,527.6362383309166,745.9222479588608,2025.4567386151043,4629.582114568055,6903.113981306784,67940.0,67840.0,69495.0,74421.66666666669,79154.16666666669,68501.46281247254,70140.9382711818,-1639.4754587092611,-1733.732147604924,94.2566888956628,37.27272727272727,73545.91347723019,2025.4567386151043,65444.086522769794,48.93617021276596,29.483114999086542,22.709887964094815
20180713,68100,68700,68000,68300,18341,-5046,1043696,545.5272678794342,567.5385449465084,1680.8554369728934,4636.912286805557,6868.5375687520045,68020.0,67730.0,69185.0,74226.66666666669,78955.0,68470.46853363061,70004.57247331647,-1534.1039396858691,-1693.806506021113,159.70256633524426,30.097087378640776,72546.71087394579,1680.8554369728934,65823.28912605421,51.28205128205128,36.74942709340812,27.389734340532584
20180716,67800,68200,67200,67600,19734,-5879,1044930,571.314274283428,561.1595138639278,1583.1219157100104,4672.618525929716,6835.556498114346,67940.0,67690.0,68965.0,74038.33333333331,78749.16666666669,68336.55029768744,69826.45599381156,-1489.905696124115,-1653.0263440417136,163.12064791759872,31.31313131313132,72131.24383142003,1583.1219157100104,65798.75616857997,34.21052631578947,35.903126834201906,30.22753183842236
20180717,67300,68400,67300,68400,17295,-1505,1049084,594.6427498927402,560.0,1541.5819796563967,4678.3291770525875,6797.3376630545545,67980.0,67820.0,68855.0,73858.33333333331,78555.83333333331,68346.31179035091,69720.79258686255,-1374.4807965116345,-1597.317234535698,222.83643802406368,44.82758620689656,71938.16395931278,1541.5819796563967,65771.83604068722,67.74193548387096,46.516063050758255,35.657042242534324
20180718,68300,68600,67300,67700,20362,-6753,1048697,396.9886648255842,492.8488612140644,1512.7045316258343,4671.91936526393,6747.06103714153,68120.0,67890.0,68715.0,73651.66666666669,78349.16666666669,68246.87920722,69571.10424709495,-1324.2250398749454,-1542.6987956035478,218.4737557286021,39.56043956043956,71740.40906325167,1512.7045316258343,65689.59093674833,58.333333333333336,50.455153144949946,40.589745876672865
20180719,68300,68300,66600,67100,24215,-6166,1050248,479.16594202843766,507.5431016179808,1526.0652017529706,4607.764883562821,6683.33494389191,67820.0,67880.0,68575.0,73398.33333333331,78130.83333333331,68070.43625226307,69388.05948805087,-1317.6232357877886,-1497.683683640396,180.06044785260724,37.89473684210526,71627.13040350594,1526.0652017529706,65522.869596494056,33.33333333333333,44.74787987441107,41.9757905425856
20180720,66900,67600,66100,67400,32756,-7983,1055174,431.7406628984581,527.3518749374084,1399.5981566154392,4550.781068487662,6591.807836669698,67640.0,67830.0,68375.0,73165.0,77908.33333333331,67967.29221345337,69240.79582226933,-1273.503608815954,-1452.8476686755075,179.34405985955368,46.42857142857142,71174.19631323087,1399.5981566154392,65575.80368676913,50.0,46.49858658294071,43.48338922270397
20180723,67500,67600,65900,66200,32964,392,1057459,722.772439983706,713.0918594402827,1135.4624608507913,4514.377956408349,6573.480179227073,67360.0,67650.0,68065.0,72915.0,77705.0,67695.40110369131,69015.55168728641,-1320.1505835950954,-1426.3082516594254,106.15766806432975,44.82758620689656,70335.92492170159,1135.4624608507913,65794.07507829841,10.714285714285714,34.570486293389045,40.51242157959899
20180724,66300,67400,66300,67200,26240,-4052,1065601,503.5871324805669,698.9277502002623,872.5823743357042,4438.1227262554985,6531.6611380449585,67120.0,67550.0,67860.0,72680.0,77508.33333333331,67619.18554927727,68881.06637711704,-1261.8808278397628,-1393.422766895493,131.54193905573015,51.04166666666666,69605.16474867139,872.5823743357042,66114.83525132861,46.42857142857143,38.52318133844984,39.84934149921594
20180725,66900,68000,66900,67100,17603,1202,1066812,414.7288270665544,691.6646586316232,821.2794895778993,4421.946215560006,6495.075003845616,67000.0,67560.0,67750.0,72485.0,77315.83333333331,67539.31084938846,68749.13553436763,-1209.8246849791612,-1356.7031505122268,146.87846553306554,49.47368421052632,69392.5589791558,821.2794895778993,66107.4410208442,42.857142857142854,39.96783517801418,39.88883939214869
20180726,67800,68900,67300,68900,33997,1349,1075562,873.1551981177229,740.8778576796582,753.840168736938,4402.062647842216,6413.678091913507,67360.0,67590.0,67715.0,72346.66666666669,77130.0,67748.64764179023,68760.31067997003,-1011.6630381797876,-1287.695128045739,276.0320898659513,54.716981132075475,69222.68033747388,753.840168736938,66207.31966252612,100.0,59.97855678534279,46.58541185654673
20180727,68400,68400,66500,67000,55442,-10987,1066204,884.0814442120137,718.6097689288672,661.4189292735242,4391.847244861122,6346.350164991791,67280.0,67460.0,67595.0,72163.33333333331,76927.5,67633.47108151483,68629.91729626857,-996.446214753727,-1229.4453453873364,232.99913063360958,45.96774193548386,68917.83785854705,661.4189292735242,66272.16214145295,36.666666666666664,52.20792674578408,48.45958348629251
20180730,66400,67000,66300,66400,21383,-3836,1073202,837.6156636548767,782.5599018605542,703.0469401123477,4284.564025529412,6275.852974343827,67320.0,67340.0,67515.0,71913.33333333331,76718.33333333331,67443.70629974332,68464.73823728571,-1021.0319375423717,-1187.7626638183435,166.7307262759721,42.96875,68921.0938802247,703.0469401123477,66108.9061197753,16.666666666666664,40.36084005274494,45.76000234177665
20180731,66300,67300,66300,67300,22317,1587,1079234,835.703296631047,698.6415389883427,698.4804936441211,4091.914452778883,6191.7861697774215,67340.0,67230.0,67525.0,71658.33333333331,76519.16666666669,67421.59763824435,68378.46133082008,-956.8636925757312,-1141.582869569821,184.71917699409005,51.2,68921.96098728824,698.4804936441211,66128.03901271176,46.666666666666664,42.46278225738552,44.66092898031294
20180801,67000,69600,67000,68700,47748,4262,1087436,976.933979345585,819.8170527623831,732.0519107285597,3889.4386912901796,6090.162776060559,67660.0,67330.0,67610.0,71440.0,76334.16666666669,67618.2749246683,68402.27901001861,-784.0040853503015,-1070.067112725917,286.0630273756156,50.406504065040636,69074.10382145713,732.0519107285597,66145.89617854287,75.67567567567568,53.53374673014891,47.61853489692493
20180802,69300,69300,67600,67600,23915,-155,1088618,761.5773105863907,819.5120499419153,726.0165287383858,3692.3024283221807,6015.022801750661,67400.0,67380.0,67630.0,71208.33333333331,76149.16666666669,67615.46339779625,68342.8509352024,-727.3875374061463,-1001.5311976619628,274.1436602558166,47.32824427480916,69082.03305747677,726.0165287383858,66177.96694252323,45.94594594594595,51.004479802081256,48.747183198643704
20180803,67700,69000,67300,68900,23516,3149,1094518,923.9047569960878,938.1364506296512,775.6287771874735,3611.31670354525,5951.700037246345,67780.0,67530.0,67680.0,71065.0,75990.0,67813.08441351991,68384.12123629852,-571.0368227786092,-915.4323226852922,344.3954999066829,54.74452554744526,69231.25755437494,775.6287771874735,66128.74244562506,81.08108108108108,61.030013561747865,52.84145998634509
20180806,69000,69800,68600,68600,28340,5671,1099241,643.1174076325411,871.8371407550841,798.6864215706532,3537.7660873580157,5898.099917678042,68220.0,67770.0,67710.0,70923.33333333331,75834.16666666669,67934.14834990147,68400.11225583196,-465.96390593049006,-825.5386393343318,359.5747334038418,50.75757575757576,69307.3728431413,798.6864215706532,66112.6271568587,69.23076923076923,63.76359878475498,56.48217291914839
20180807,68600,69700,68300,69700,17488,1522,1094283,672.3094525588646,1018.6265262597476,904.5855404555921,3470.853241235321,5834.5008355492455,68700.0,68020.0,67785.0,70813.33333333331,75690.0,68205.81783453202,68496.40023688144,-290.58240234942065,-718.5473919373497,427.96498958792887,57.352941176470594,69594.17108091117,904.5855404555921,65975.82891908883,97.43589743589743,74.9876983351358,62.65068139114419
20180808,69500,70000,69200,69500,23809,-1288,1101782,744.5804187594514,1055.6514576317318,958.5927185209241,3379.6494722865896,5779.53285309677,68860.0,68260.0,67910.0,70688.33333333331,75550.0,68404.92278306557,68570.7409600754,-165.8181770098454,-608.0015489518488,442.1833719420034,59.09090909090908,69827.18543704183,958.5927185209241,65992.81456295817,86.48648648648648,78.82062771891937,68.04066350040257
20180809,69700,70700,69000,70700,46605,11755,1108583,727.7362159464101,1279.2185114357906,1128.3948776919076,3210.475907949937,5726.432620365009,69480.0,68440.0,68015.0,70553.33333333331,75428.33333333331,68758.01158567086,68728.46385192168,29.54773374919023,-480.491692411641,510.0394261608312,61.70212765957447,70271.78975538381,1128.3948776919076,65758.21024461619,100.0,85.88041847927957,73.98724849336158
20180810,70800,70800,70000,70200,24198,-6849,1112676,705.9745037889114,1279.2185114357906,1224.2957159123505,3025.761612107718,5678.1283594765255,69740.0,68760.0,68110.0,70410.0,75305.0,68979.8559571061,68837.4665295571,142.389427549002,-355.9154684195124,498.3048959685144,64.92537313432835,70558.5914318247,1224.2957159123505,65661.4085681753,86.66666666666667,86.1425012084086,78.03899939837726
20180813,69800,70700,68400,70400,39996,1432,1126070,442.71887242357315,1090.1376059929314,1314.7243057011365,2893.784527026885,5636.405473942733,70100.0,69160.0,68250.0,70296.66666666669,75190.0,69198.33965601286,68953.2097495899,245.1299064229533,-235.70639345101918,480.83629987397256,62.69841269841272,70879.44861140227,1314.7243057011365,65620.55138859773,91.11111111111111,87.79870450930945,81.29223443535466
20180814,70400,71200,69400,71000,28277,7960,1126529,508.3306010855534,1021.8121158021177,1445.198948242537,2748.4111571706617,5559.46334090925,70360.0,69530.0,68380.0,70191.66666666669,75064.16666666669,69475.51817047242,69104.82384221288,370.69432825954567,-114.4262491089062,485.12057736845185,64.8854961832061,71270.39789648508,1445.198948242537,65489.60210351493,95.91836734693877,90.50525878851921,84.36324255307618
20180816,70800,70800,67500,67800,68609,1928,1094828,1142.628548566856,1125.3443917308161,1443.0090089813489,2626.549807039669,5508.7344785876685,70020.0,69440.0,68385.0,70041.66666666669,74913.33333333331,69217.7461442459,69008.17022427118,209.5759199747263,-49.62581529217968,259.20173526690604,46.206896551724135,71271.01801796269,1443.0090089813489,65498.9819820373,30.612244897959183,70.5409208249992,79.75580197705052
20180817,67700,68300,66900,67700,35926,2986,1096153,1389.100428334827,1109.2790451459905,1422.0671573457196,2517.5384803357397,5467.540326531413,69420.0,69450.0,68415.0,69900.0,74768.33333333331,68984.24673743884,68911.26872617702,72.97801126181729,-25.10504998138029,98.08306124319759,52.75590551181103,71259.13431469143,1422.0671573457196,65570.86568530857,18.6046511627907,53.22883093759637,70.91347829723247
20180820,67800,68500,67600,68400,18298,1922,1099937,1373.4627770711513,1143.6782764396635,1402.9522443765984,2416.367222821627,5415.077651543626,69060.0,69400.0,68465.0,69781.66666666669,74629.16666666669,68894.36262398673,68873.39696868243,20.9656553042878,-15.890908924246668,36.85656422853446,57.8125,71270.90448875318,1402.9522443765984,65659.09551124682,34.883720930232556,47.1137942684751,62.980250287646676
20180821,68300,68400,66800,66800,73183,-5750,1068667,1424.9210504445498,1373.8995596476475,1359.954043341662,2385.4396287043883,5373.933938210189,68340.0,69220.0,68495.0,69663.33333333331,74475.83333333331,68572.15298952723,68719.81200803928,-147.65901851205854,-42.24453084180905,-105.41448767024949,48.148148148148145,71214.90808668332,1359.954043341662,65775.09191331668,0.0,31.409196178983397,52.45656558475892
20180822,66700,67100,66500,66600,31319,-5973,1071227,668.1317235396027,1566.8120499919573,1394.3726187792608,2407.476202714733,5301.134509079958,67460.0,68910.0,68465.0,69585.0,74307.5,68268.74483729228,68562.78889633267,-294.04405904040317,-92.60443648152793,-201.4396225588753,41.463414634146325,71253.74523755853,1394.3726187792608,65676.25476244147,2.127659574468085,21.648683977478296,42.18727171566538
20180823,66600,67200,66300,66500,30915,-2775,1062396,734.8469228349533,1706.1359852016485,1429.4317052595886,2387.208970039638,5242.469731807137,67200.0,68610.0,68435.0,69470.0,74146.66666666669,67996.63024693963,68409.98971882655,-413.3594718869281,-156.75544356260798,-256.6040283243201,45.13274336283186,71293.86341051917,1429.4317052595886,65576.13658948083,4.081632653061225,15.793000202672607,33.38918121133445
20180824,66400,66500,66100,66300,20890,124,1079508,757.3638491504595,1677.5279431353745,1497.8234208348242,2388.0024194976363,5210.46996174504,66920.0,68170.0,68305.0,69366.66666666669,73998.33333333331,67735.6102089489,68253.69418409865,-518.0839751497551,-229.02114988003743,-289.0628252697177,37.25490196078431,71300.64684166964,1497.8234208348242,65309.35315833035,3.9215686274509802,11.835856344265396,26.2047395889781
20180827,66500,67300,66300,67100,37402,1326,1081395,272.7636339397171,1555.7634781675522,1493.6197641974798,2397.945301010358,5191.839483482456,66660.0,67860.0,68310.0,69305.0,73871.66666666669,67637.82402295676,68168.2353556469,-530.4113326901423,-289.29918644205844,-241.112146248084,42.99065420560749,71297.23952839496,1493.6197641974798,65322.76047160504,19.607843137254903,14.42651860859523,22.278665928850476
20180828,67100,67300,66700,67300,21307,2113,1081588,377.35924528226417,1307.8608488673406,1448.2662048122695,2397.15746017233,5185.614449826308,66760.0,67550.0,68355.0,69238.33333333331,73758.33333333331,67585.85109634804,68103.92162559899,-518.070529250952,-335.0534550038372,-183.01707424711483,37.755102040816325,71251.53240962455,1448.2662048122695,65458.46759037546,23.52941176470588,17.460816327298783,20.672716061666577
20180829,68300,68300,67300,67800,32719,2413,1079520,544.0588203494177,651.2296062065975,1434.0850741853967,2385.7470295192315,5168.412608230315,67000.0,67230.0,68380.0,69176.66666666669,73646.66666666669,67618.79708152526,68081.40891259165,-462.61183106638777,-360.56513021634726,-102.04670085004051,41.58415841584159,71248.17014837079,1434.0850741853967,65511.82985162921,33.33333333333333,22.751655329310296,21.365695817547817
20180830,68000,68000,66900,67400,36121,-3080,1074507,495.5804677345546,626.8173577685927,1447.5064766699093,2363.399152814961,5174.971752474993,67180.0,67190.0,68315.0,69096.66666666669,73549.16666666669,67585.13599205982,68030.9341783256,-445.7981862657616,-377.6117414262301,-68.18644483953142,32.25806451612904,71210.01295333981,1447.5064766699093,65419.98704666018,25.49019607843137,23.664502245683988,22.131964626926543
20180831,67400,67500,66700,67100,29735,-5470,1072369,257.6819745345025,603.4069936618235,1463.8647478511582,2318.40222758256,5178.913911775401,67340.0,67130.0,68290.0,68996.66666666669,73445.83333333331,67510.49968558911,67961.97609104223,-451.47640545312606,-392.38467423160944,-59.091731221516625,32.967032967032964,71217.72949570231,1463.8647478511582,65362.270504297674,21.27659574468085,22.868533412016276,22.377487555289786
20180903,66800,67000,66200,66500,33197,-7864,1067862,426.14551505325034,454.3126676640219,1506.6851031324813,2253.7838553502665,5180.864832891505,67220.0,66940.0,68170.0,68875.0,73332.5,67355.03819549846,67853.68156577983,-498.6433702813665,-413.6364134415609,-85.00695683980557,29.47368421052632,71183.37020626497,1506.6851031324813,65156.62979373504,16.666666666666664,20.801244496899738,21.852073202493102
20180904,66700,66800,66100,66400,18931,-522,1063530,531.4132102234569,481.6637831516918,1550.935201741625,2216.640977288165,5162.965811648137,67040.0,66900.0,68060.0,68768.33333333331,73205.83333333331,67208.10924234483,67746.00144979614,-537.8922074512957,-438.4875722435078,-99.4046352077878,24.44444444444445,71161.87040348325,1550.935201741625,64958.129596516745,12.5,18.03416299793316,20.579436467639788
20180905,66400,67300,66300,66800,27084,5480,1075512,372.0215047547655,472.8636167014756,1526.1962521253076,2100.9680308461216,5137.682073012949,66840.0,66920.0,67915.0,68640.0,73082.5,67145.32320506102,67675.92726832976,-530.6040632687364,-456.9108704485536,-73.6931928201828,41.935483870967744,70967.39250425063,1526.1962521253076,64862.60749574938,30.434782608695656,22.167702868187323,21.10885860115563
20180906,66800,67700,66600,67400,25717,9470,1073678,372.0215047547655,470.0,1485.227255338837,1900.9617448876431,5111.715234528839,66840.0,67010.0,67810.0,68503.33333333331,72969.16666666669,67184.50425043625,67655.48821141644,-470.9839609801857,-459.72548855488,-11.258472425305627,47.76119402985075,70780.45451067768,1485.227255338837,64839.54548932232,59.09090909090909,34.47543827576124,25.5643851593575
20180907,67100,68100,66900,68100,41167,9647,1079595,634.3500610861482,506.85303589896745,1332.5164164096948,1733.6826570991107,5087.369708953824,67040.0,67190.0,67680.0,68396.66666666669,72868.33333333331,67325.34975036912,67688.41501057077,-363.06526020164887,-440.39344288423376,77.32818268258485,47.76119402985075,70345.03283281939,1332.5164164096948,65014.96716718061,90.9090909090909,53.286655820204466,34.805142046306486
20180910,67900,73700,67900,73000,198852,15255,1135346,2399.666643515303,1812.0706387997132,1689.2601931026893,1654.498077623409,5046.397986575598,68340.0,67780.0,67820.0,68371.66666666669,72810.83333333331,68198.37286569696,68081.86575052852,116.50711516845331,-329.01333127369634,445.52044644214965,81.0,71198.52038620537,1689.2601931026893,64441.47961379463,90.78947368421053,65.78759510820649,45.13262640027315
20180911,73000,73900,72600,73000,60050,5232,1143896,2757.970268150112,2379.1805311913595,1960.994645582016,1695.4932091261514,5012.3430288552945,69660.0,68350.0,67950.0,68388.33333333331,72759.16666666669,68937.08473251281,68446.17199123009,490.9127412827074,-165.02811676241555,655.9408580451229,82.65306122448979,71871.98929116402,1960.994645582016,64028.010708835965,88.46153846153845,73.3455762259838,54.536943008843366
20180912,73200,73900,71700,72300,66420,3693,1132596,2480.806320533709,2643.4825514839317,2079.0081769924177,1745.6772006472365,4977.582802483646,70760.0,68800.0,68015.0,68416.66666666669,72701.66666666669,69454.45631212622,68731.64073262046,722.8155795057538,12.54062249121835,710.2749570145354,77.88461538461537,72173.01635398483,2079.0081769924177,63856.983646015164,79.48717948717949,75.39277731304902,61.488887776911916
20180913,71700,72400,71400,71900,45460,7735,1133383,1829.31681236466,2747.81731561616,2243.345715666967,1782.33928680934,4941.160457492963,71660.0,69250.0,68220.0,68440.0,72640.0,69830.69380256832,68966.33401168561,864.3597908827214,182.90445616951905,681.4553347132023,76.41509433962264,72706.69143133394,2243.345715666967,63733.30856866606,74.35897435897436,75.04817632835747,66.00865062739376
20180914,71700,73300,71700,72800,37390,2743,1128109,433.58966777357597,2832.5959824867364,2450.076529417262,1858.950570131689,4910.899159581773,72600.0,69820.0,68475.0,68488.33333333331,72591.66666666669,70287.51014063474,69250.30927007926,1037.2008705554763,353.7637390467105,683.4371315087657,76.63551401869158,73375.15305883452,2450.076529417262,63574.84694116548,85.8974358974359,78.66459618471696,70.2272991465015
20180917,72800,72800,70900,70900,40482,-56,1127230,746.7261881037787,2616.180421912831,2506.192331007605,1846.9614686390653,4898.753809788191,72180.0,70260.0,68600.0,68480.0,72543.33333333331,70381.73934976786,69372.50858340673,1009.2307663611282,484.8571445095942,524.3736218515339,64.51612903225806,73612.38466201519,2506.192331007605,63587.61533798478,61.53846153846154,72.95588463596515,71.13682764298937
20180918,70900,71800,70000,71200,43497,6299,1117437,696.8500556073739,2283.068111117143,2531.521281759515,1810.54319656764,4888.089194383389,71820.0,70740.0,68820.0,68460.0,72500.83333333331,70507.62560364972,69507.8783179692,999.7472856805252,587.8351727437805,411.91211293674485,63.93442622950821,73883.04256351902,2531.521281759515,63756.957436480974,65.38461538461539,70.43212821884856,70.90192783494244
20180919,71300,71400,70000,70100,33393,4819,1114411,915.204895091804,1895.2836199366045,2492.684296095544,1785.5157984843936,4865.773248475622,71380.0,71070.0,68995.0,68440.0,72434.16666666669,70444.913972319,69551.7391833048,893.1747890141996,648.9030959978644,244.2716930163353,60.465116279069775,73980.36859219111,2492.684296095544,64009.63140780891,51.28205128205128,64.04876923991613,68.61754163660034
20180920,69800,71400,69400,70000,39920,3961,1108505,1009.9504938362078,1513.968295572929,2433.5365211973567,1793.3666353703545,4845.7162496629635,71000.0,71330.0,69170.0,68451.66666666669,72369.16666666669,70376.46566888531,69584.94368824517,791.5219806401292,677.4268729263174,114.0951077138118,61.41732283464568,74037.07304239471,2433.5365211973567,64302.92695760528,48.68421052631579,58.92724966871601,65.38744431397222
20180921,70900,72000,70200,72000,124435,-248,1101168,739.1887445030533,1068.4568311354462,2414.430574690715,1844.5678506160373,4825.530986905071,70840.0,71720.0,69455.0,68491.66666666669,72325.83333333331,70626.2401813645,69763.83674837518,862.4034329893184,714.4221849389177,147.98124805040072,69.50354609929079,74283.86114938142,2414.430574690715,64626.138850618576,73.97260273972603,63.942367359052675,64.90575199566571
20180927,71100,71200,69700,70600,57114,-6120,1096142,744.043009509531,1022.5458424931372,2363.704719291589,1860.7428325428552,4796.772931417647,70780.0,71480.0,69630.0,68511.66666666669,72261.66666666669,70622.20323038535,69825.77476701405,796.428463371296,730.8234406253932,65.6050227459026,63.63636363636363,74357.40943858317,2363.704719291589,64902.59056141683,52.85714285714286,60.24729252508274,63.352932172138054
20180928,70800,70800,69700,70300,39582,2554,1089801,729.3833011524188,938.562730988185,2305.5585006677525,1873.4549189409568,4771.014261491872,70600.0,71210.0,69780.0,68550.0,72197.5,70572.63350263376,69860.90256205005,711.7309405837151,727.0049406170579,-15.274000033342759,61.437908496732035,74391.1170013355,2305.5585006677525,65168.88299866449,40.0,53.49819501672183,60.068019786999315
20181001,70300,70800,70100,70600,25056,2290,1078737,687.0225614927067,877.7243302996678,2265.7449106202,1881.868899664988,4744.381472392484,70700.0,71040.0,69920.0,68608.33333333331,72136.66666666669,70576.84373299779,69915.65052041673,661.1932125810708,713.8425950098607,-52.64938242878964,60.66666666666666,74451.4898212404,2265.7449106202,65388.5101787596,26.666666666666668,44.55435223337011,54.896797269122914
20181002,70000,70700,69800,70500,33038,8648,1069952,609.9180272790762,840.2380615040001,2192.9147270245912,1885.3528994663925,4722.933410500887,70800.0,70900.0,70075.0,68666.66666666669,72080.0,70565.0216202289,69958.93566705253,606.0859531763854,692.2912666431654,-86.20531346678013,58.33333333333334,74460.82945404918,2192.9147270245912,65689.17054595082,24.444444444444443,37.85104963706156,49.214881391769126
20181004,70700,70700,67000,68000,79240,9018,1054681,1005.9821071967433,977.547952787995,2140.000000000312,1877.7468767925336,4710.0424626563145,70000.0,70420.0,70120.0,68680.0,72000.0,70170.40290942445,69813.82932134492,356.5735880795255,625.1477309304374,-268.57414285091204,29.16666666666667,74400.00000000063,2140.000000000312,65839.99999999937,15.873015873015872,30.525038382379662,42.98493372197263
20181005,68200,68500,67300,67800,32015,-1923,1059156,1262.6955294131678,1234.0583454602136,2046.7718485462256,1878.4826914808145,4701.993593150204,69440.0,70110.0,70185.0,68678.33333333331,71922.5,69805.72553874376,69664.65677902308,141.0687597206852,528.3319366884871,-387.2631769678019,28.688524590163933,74278.54369709245,2046.7718485462256,66091.45630290755,12.698412698412698,24.58282982105734,36.8508990883342
20181008,66900,67800,66100,66200,42131,-7130,1047936,1695.1696080333672,1637.9560433662436,2065.6415468326873,1903.285901327752,4696.146174142631,68620.0,69610.0,70175.0,68648.33333333331,71823.33333333331,69250.99853278317,69408.01553613247,-157.01700334929046,391.2621486809316,-548.279152030222,26.7175572519084,74306.28309366538,2065.6415468326873,66043.71690633462,1.4925373134328357,16.886065651849172,30.19595460950586
20181010,66200,66900,64300,64500,55230,2090,1033033,1998.999749874922,2226.3198332674488,2300.956322923435,1975.3874444083874,4711.774848424724,67400.0,69050.0,70060.0,68586.66666666669,71713.33333333331,68520.07568158576,69044.45882975229,-524.3831481665256,208.13308931144007,-732.5162374779657,24.305555555555557,74661.91264584688,2300.956322923435,65458.087354153125,2.5974025974025974,12.123177967033648,24.171695728681794
20181011,62300,64000,61400,62400,74300,-5786,1029420,2109.4074997496336,2951.4233854193126,2794.977638551217,2119.488932102276,4722.440223728861,65780.0,68290.0,69810.0,68510.0,71565.0,67578.5255767264,68552.27669421508,-973.7511174886748,-28.24375204858296,-945.507365440092,16.666666666666668,75399.95527710242,2794.977638551217,64220.044722897575,9.433962264150944,11.226772732739413,19.856721396701
20181012,62400,62900,61000,61300,47069,-3116,1023704,2383.7785132012577,3328.0024038452857,3342.319553843009,2311.6438354973457,4742.219065658223,64440.0,67220.0,69470.0,68388.33333333331,71405.0,66612.59856492233,68015.0710131621,-1402.4724482397578,-303.08949128681803,-1099.3829569529398,17.567567567567572,76154.63910768603,3342.319553843009,62785.360892313984,2.727272727272727,8.393606064250518,16.03568295255084
20181015,61200,62100,61100,61600,23067,-938,1025712,1870.8286933869706,3504.511378209521,3649.657518179115,2469.640099729681,4759.271361134453,63200.0,66320.0,68900.0,68276.66666666669,71251.66666666669,65841.4295549343,67539.88056774269,-1698.451012808393,-582.1617955911332,-1116.2892172172596,17.567567567567572,76199.31503635822,3649.657518179115,61600.684963641776,5.454545454545454,7.413919194348829,13.161761699816836
20181016,61600,61800,59200,59300,72374,-6679,1010204,1684.5177351396453,3796.788116289873,4076.5518517493847,2723.1165764357997,4829.789217855644,61820.0,65220.0,68215.0,68138.33333333331,71088.33333333331,64835.0557772521,66929.5190442062,-2094.4632669541024,-884.6220898637271,-1209.8411770903756,16.25,76368.10370349878,4076.5518517493847,60061.89629650122,0.8333333333333334,5.220390574010331,10.514637991214668
20181017,60000,60400,59400,59800,26368,-419,1005367,1154.816002660164,3645.8743807213104,4351.310147530435,2924.4614888848305,4879.988615654207,60880.0,64140.0,67590.0,67995.0,70926.66666666669,64060.43181152103,66401.40652241315,-2340.9747108921365,-1175.892614069409,-1165.0820968227274,18.902439024390247,76292.62029506089,4351.310147530435,58887.37970493912,5.172413793103448,5.204398313708037,8.744558098712458
20181018,59500,60200,59200,59200,26580,6670,996592,1013.1140113531152,3226.5926300046003,4595.810592267846,3133.7127429817133,4922.261717614422,60240.0,63010.0,66955.0,67853.33333333331,70752.5,63312.67307128701,65867.9690022344,-2555.295930947396,-1451.7732774450064,-1103.5226535023892,7.333333333333332,76146.62118453569,4595.810592267846,57763.37881546432,0.0,3.469598875805358,6.986238357743424
20181019,58700,59300,58000,59300,50441,4564,986227,904.6546302318914,2922.396277030205,4678.418536215131,3318.6024501576835,4916.6773304995395,59840.0,62140.0,66280.0,67723.33333333331,70560.83333333331,62695.33875262746,65381.45277984666,-2686.114027219206,-1698.6414273998464,-987.4725998193594,8.759124087591237,75636.83707243028,4678.418536215131,56923.16292756973,10.236220472440944,5.72513940801722,6.565872041168023
20181022,59300,59300,58500,58800,19161,3748,985786,318.74754901018457,2375.37365481728,4822.019805019608,3509.6913444494844,4930.702493900765,59280.0,61240.0,65675.0,67580.0,70372.5,62096.05586760784,64893.937759117274,-2797.881891509438,-1918.489520221765,-879.3923712876729,8.633093525179858,75319.03961003921,4822.019805019608,56030.96038996078,6.299212598425196,5.916497138153212,6.349413740163087
20181023,58600,59300,56400,56800,52608,-1306,978216,1040.0,2066.3978319771827,5014.526398375158,3768.083804206825,4982.833796035628,58780.0,60300.0,64955.0,67423.33333333331,70169.16666666669,61281.27804182202,64294.38681399747,-3013.10877217546,-2137.413370612504,-875.6954015629553,5.76923076923077,74984.05279675031,5014.526398375158,54925.947203249685,3.3057851239669422,5.046259800091122,5.915029093472431
20181024,56600,57900,56600,57500,36774,12149,982546,994.7864092356708,1673.3200530681506,5118.972064780324,3976.5182285753917,5009.431036113935,58320.0,59600.0,64325.0,67261.66666666669,69970.83333333331,60699.54295846479,63791.098901849524,-3091.55594338473,-2328.241885166949,-763.3140582177807,9.876543209876543,74562.94412956065,5118.972064780324,54087.05587043935,9.649122807017543,6.5805474690665955,6.136868552003819
20181025,55700,56700,50700,53700,169123,-6138,940932,1973.220717507294,2177.1770713472065,5438.1890368027225,4339.089446207842,5158.216476869524,57220.0,58730.0,63510.0,67038.33333333331,69761.66666666669,59622.690195624054,63043.610094305106,-3420.9198986810525,-2546.77748786977,-874.1424108112815,9.142857142857142,74386.37807360545,5438.1890368027225,52633.62192639455,18.51851851851852,10.559871152217235,7.611202752074958
20181026,53700,53700,49950,49950,103674,3979,961427,3178.364359226299,3240.4050672716826,5826.4971252032165,4851.498265137954,5418.985897725541,55350.0,57595.0,62407.5,66722.5,69534.58333333331,58134.58401168189,62073.71305028251,-3939.1290386006153,-2825.2477980159388,-1113.8812405846757,7.600950118764848,74060.49425040644,5826.4971252032165,50754.50574959356,0.0,7.039914101478157,7.420773201876024
20181029,49500,51200,48500,48550,90516,15047,955444,3573.0938974507794,3921.020275387517,6243.254359707072,5380.0735744631265,5690.1310153851755,53300.0,56290.0,61305.0,66415.0,69289.16666666669,56660.03262526929,61071.956528039365,-4411.923902770068,-3142.583018966765,-1269.3408838033024,7.673860911270983,73791.50871941414,6243.254359707072,48818.49128058586,0.3472222222222222,4.809016808392845,6.550187737381631
20181030,47600,49150,47600,48650,69554,11184,945161,3461.8781029955408,4378.484326796203,6462.845251899611,5841.026534111266,5884.779670544982,51670.0,55225.0,60222.5,66119.16666666669,69016.25,55427.719913689405,60151.81160003644,-4724.091686347041,-3458.884752442821,-1265.2069339042196,8.831168831168831,73148.19050379923,6462.845251899611,47296.809496200774,7.241379310344828,5.619804309043506,6.240059927935589
20181031,48650,48650,47650,48000,63115,488,934951,2066.5430070530833,4572.277878694601,6525.053160703086,6281.927948485999,6057.271098419523,49770.0,54045.0,59092.5,65797.5,68727.91666666669,54284.993773121794,59251.67740744112,-4966.68363431935,-3760.444528818127,-1206.2391055012226,9.550561797752811,72142.60632140617,6525.053160703086,46042.39367859383,2.8169014084507045,4.6855033421792385,5.721874399350139
20181101,48000,49250,47950,48750,61606,-5212,942139,640.0,4467.661580737737,6343.143936566577,6637.414782878147,6206.179212421517,48780.0,53000.0,58005.0,65465.0,68452.5,53433.4562695646,58473.775377260325,-5040.319107695724,-4016.419444593647,-1023.8996631020759,14.04011461318052,70691.28787313316,6343.143936566577,45318.712126866834,8.984375,6.118460561452825,5.854069786717702
20181102,48500,50400,48350,50400,59938,505,947894,807.8366171448282,3984.3318134914416,6112.108883192554,6905.048676308623,6304.492225568097,48870.0,52110.0,57125.0,65178.33333333334,68193.33333333331,52966.7706896316,57875.717941907686,-4908.947252276113,-4194.925006130141,-714.0222461459724,20.212765957446813,69349.2177663851,6112.108883192554,44900.782233614904,22.22222222222222,11.486381115042624,7.731506896159343
20181105,49850,50000,49000,49600,37085,-2196,948447,833.4266614405851,3344.0843290802336,5802.006118576689,7168.690411936571,6469.290221674137,49080.0,51190.0,56215.0,64856.66666666666,67960.83333333331,52448.805968149805,57262.701798062684,-4813.895829912885,-4318.71917088669,-495.1766590261959,21.96531791907515,67819.01223715338,5802.006118576689,44610.98776284662,17.094017094017094,13.355593108034114,9.6062023001176
20181106,49700,51600,49650,51000,39325,9579,938135,1083.512805646523,2775.409879639402,5427.750454838665,7366.861988358714,6595.879184934231,49550.0,50610.0,55455.0,64563.33333333334,67743.33333333331,52225.912742280605,56798.79796116915,-4572.885218888543,-4369.552380487061,-203.3328384014821,25.82417582417583,66310.50090967733,5427.750454838665,44599.499090322664,29.059829059829063,18.590338425299098,12.600914341844765
20181107,51100,51700,48700,48900,77921,-20828,937431,863.4813257969162,1583.8244852255566,5187.472891495563,7602.612854946057,6767.7378052068825,49730.0,49750.0,54675.0,64216.66666666666,67515.0,51714.23385885282,56213.701815897366,-4499.467957044537,-4395.5354957985555,-103.93246124598043,23.85786802030457,65049.94578299113,5187.472891495563,44300.054217008874,11.11111111111111,16.0972626539031,13.766363779197542
20181108,49550,50800,49500,49500,65711,-12883,967728,735.9347797189639,882.0997676000148,4984.887160207474,7799.554830599259,6906.848000758528,49880.0,49330.0,54030.0,63883.33333333334,67285.83333333331,51373.58249595238,55716.39057027533,-4342.808074322944,-4384.990011503434,42.18193718049042,25.74257425742575,63999.77432041495,4984.887160207474,44060.225679585055,18.446601941747574,16.880375749851257,14.804367769415448
20181109,49600,51300,49550,50700,37249,2380,969752,786.3841300535,960.0651019592367,4741.307836452021,7927.431277950959,6988.371094581492,49940.0,49405.0,53500.0,63550.0,67051.66666666669,51269.95441965202,55344.80608358825,-4074.8516639362415,-4322.962341989995,248.1106780537539,30.62200956937799,62982.61567290403,4741.307836452021,44017.38432709597,34.065934065934066,22.608895188545528,17.405876909125475
20181112,50600,51500,50200,51000,28775,4940,973563,861.1620056644394,1021.2737145349428,4385.327809867962,8039.264062501931,7055.536832872932,50220.0,49650.0,52970.0,63230.0,66820.0,51228.422970474785,55022.96859591506,-3794.5456254402666,-4217.278998680052,422.73337323978376,34.89583333333333,61740.65561973592,4385.327809867962,44199.34438026408,55.73770491803278,33.65183176504128,22.821195194430743
20181113,50400,50900,49650,50100,37498,-5217,969857,768.3749084919417,970.682749408889,4174.673639938976,8156.700551623624,7152.718548839704,50040.0,49795.0,52510.0,62891.66666666666,66594.16666666669,51054.8194365556,54658.304255476905,-3603.484818921308,-4094.520162728303,491.03534380699415,30.927835051546392,60859.34727987796,4174.673639938976,44160.65272012205,60.97560975609756,42.75975776206004,29.467382716973844
20181114,50500,51300,49600,50400,26104,-5135,977943,516.1395160225576,773.9670535623593,3843.4879992009,8241.288161175027,7234.737958859328,50340.0,50035.0,52040.0,62548.33333333334,66370.0,50954.07798477781,54342.87431062676,-3388.796325848947,-3953.375395352431,564.5790695034839,39.62264150943396,59726.975998401795,3843.4879992009,44353.024001598205,68.29268292682927,51.27073281698312,36.735166083643605
20181115,51100,51200,49900,51200,19079,-2812,984522,396.9886648255842,713.8627319029898,3476.2623606398492,8338.406955499564,7301.172660761346,50680.0,50280.0,51640.0,62271.66666666666,66156.66666666669,50991.91214096584,54110.06880613589,-3118.1566651700487,-3786.331649315955,668.1749841459064,54.82625482625482,58592.5247212797,3476.2623606398492,44687.4752787203,87.65432098765432,63.398595540540185,45.622975902609134
20181116,51000,53000,50700,52700,43158,7789,983117,901.9977827023744,1020.2450685987168,3016.272534105852,8396.568578226272,7344.196073924565,51080.0,50510.0,51310.0,62021.66666666666,65960.83333333331,51254.69488850956,54005.61926494064,-2750.924376431081,-3579.2501947389806,828.3258183078993,65.90038314176246,57342.54506821171,3016.272534105852,45277.45493178829,94.05940594059405,73.61886567389148,54.95493915970325
20181119,52400,53300,52300,52900,21006,1143,982650,1153.4296684236972,1191.8053532351664,2516.401200127145,8434.709373901982,7386.812150720148,51460.0,50840.0,51015.0,61763.33333333334,65772.5,51507.81875181578,53923.721541611696,-2415.902789795924,-3346.5807137503693,930.6779239544452,66.1596958174905,56047.80240025429,2516.401200127145,45982.19759974571,91.91919191919192,79.71897442232496,63.20961758057715
20181120,52800,53100,52000,52300,22845,2061,985314,952.8903399657277,1270.4723531033646,2165.848563496843,8494.450966495118,7449.476072182983,51900.0,50970.0,50790.0,61521.66666666666,65592.5,51629.69278999797,53803.445871862685,-2173.7530818647133,-3112.0151873732384,938.2621055085248,66.41221374045801,55121.697126993684,2165.848563496843,46458.302873006316,78.26086956521739,79.23293946995578,68.5507248770367
20181121,52200,53800,51400,53500,25572,6280,984583,765.2450587883596,1270.4723531033646,1663.4001322596241,8529.399483874764,7511.3114238182425,52520.0,51430.0,50590.0,61303.33333333334,65444.16666666666,51917.43236076752,53780.96839987286,-1863.53603910534,-2862.319357719659,998.7833186143187,67.52767527675276,53916.80026451925,1663.4001322596241,47263.19973548075,94.11764705882352,84.19450866624503,73.76531947343948
20181122,53100,53100,52200,52500,22776,-4168,986849,411.82520563948,1125.2110913068711,1569.1080268742926,8575.416413599642,7566.919232203657,52780.0,51730.0,50530.0,61070.0,65270.0,52007.05815141867,53686.08185173413,-1679.0237003154543,-2625.6602262388183,946.6365259233639,58.139534883720934,53668.21605374858,1569.1080268742926,47391.78394625142,74.50980392156863,80.9662737513529,76.16563756607728
20181123,53000,53200,52100,52700,20605,-2254,993876,411.82520563948,1101.8620603324175,1631.5081213409067,8613.833189828414,7623.132011627085,52780.0,51930.0,50667.5,60843.33333333334,65105.0,52113.66458966196,53613.038751605665,-1499.3741619437135,-2400.403013379797,901.028851436084,62.601626016260155,53930.51624268181,1631.5081213409067,47404.48375731819,74.4186046511628,78.78371738462288,77.0383308389258
20181126,53000,53600,52200,53000,17035,-577,997978,419.52353926806063,1096.4032105024137,1630.9966278326071,8632.25138007786,7683.811264963664,52800.0,52130.0,50890.0,60608.33333333334,64956.66666666666,52250.02388356012,53567.628473708966,-1317.6045901488396,-2183.843328733606,866.2387385847667,58.92857142857143,54151.99325566521,1630.9966278326071,47628.00674433479,81.17647058823529,79.58130178582701,77.88598782122621
20181127,52700,55300,52700,53900,40597,-3682,1008887,515.363949069005,979.2343948207699,1671.3374135707413,8629.577529247908,7726.7951887516665,53120.0,52510.0,51152.5,60385.0,64811.66666666666,52503.866363012414,53592.24858676755,-1088.382223755143,-1964.7511077379127,876.3688839827703,75.0,54495.17482714148,1671.3374135707413,47809.82517285852,75.43859649122807,78.20040002096069,77.99079188780438
20181128,54800,54800,53100,54000,15530,121,1008012,617.73780845922,778.5242449660768,1616.1277022566424,8612.770073170439,7764.239561750349,53220.0,52870.0,51452.5,60155.0,64665.83333333334,52734.04076870281,53622.45239515514,-888.4116264523327,-1749.483211480797,861.0715850284648,73.6842105263158,54684.75540451329,1616.1277022566424,48220.24459548672,77.19298245614034,77.86459416602058,77.9487259805431
20181129,54100,54700,53400,53500,18810,-2089,1008204,503.5871324805669,560.3570290448761,1549.1610632859756,8601.712361822061,7799.042676296478,53420.0,53100.0,51690.0,59923.33333333334,64510.0,52851.88065044084,53613.38184736587,-761.5011969250336,-1551.8868085696445,790.3856116446109,65.9090909090909,54788.322126571955,1549.1610632859756,48591.677873428045,68.42105263157895,74.71674698787336,76.87139964965318
20181130,53800,53900,52100,52700,33216,-4617,1005172,503.5871324805669,560.3570290448761,1534.4298615451064,8599.014801448033,7832.213395119783,53420.0,53100.0,51805.0,59683.33333333334,64340.0,52828.51439652687,53545.72393274618,-717.2095362193138,-1384.9513540995786,667.7418178802645,59.13978494623656,54873.859723090216,1534.4298615451064,48736.14027690978,51.85185185185185,67.09511527586619,73.61263819172419
20181203,52800,54800,52800,54200,36745,-696,1015904,531.4132102234569,643.5060217278467,1531.4290711624012,8580.658321025778,7837.598838648395,53660.0,53230.0,52035.0,59478.33333333334,64176.66666666666,53039.51218167658,53594.18882661684,-554.6766449402567,-1218.8964122677146,664.2197673274577,70.7070707070707,55097.8581423248,1531.4290711624012,48972.1418576752,76.08695652173914,70.09239569115717,72.43922402486851
20181204,54200,54800,53400,54500,23956,-1157,1019047,630.5553108173779,663.7017402418047,1601.5305179737707,8555.871278443823,7846.357921922504,53780.0,53450.0,52210.0,59280.0,64024.16666666666,53264.2026152648,53661.28595057115,-397.0833353063572,-1054.533796875443,657.4504615690857,70.7070707070707,55413.06103594754,1601.5305179737707,49006.93896405246,79.48717948717949,73.22399028983126,72.7008127798561
20181205,53700,54600,53400,54100,22732,2855,1018095,638.7487769068525,692.0260110718382,1458.8008774337006,8524.249559669288,7838.536171096153,53800.0,53510.0,52470.0,59068.33333333334,63854.16666666666,53392.786828300974,53693.78328756588,-300.9964592648976,-903.8263293533338,602.8298700884362,65.26315789473685,55387.6017548674,1458.8008774337006,49552.3982451326,69.23076923076923,71.89291660347725,72.43151405439647
20181206,54600,54600,52800,53600,21068,2912,1013207,630.5553108173779,604.6486583132389,1307.2394577893276,8482.41497975991,7818.9235814304675,53820.0,53620.0,52675.0,58838.33333333334,63670.83333333334,53424.66577779313,53686.83637737581,-262.1705995826705,-775.4951833992011,513.3245838165305,55.29411764705882,55289.478915578664,1307.2394577893276,50060.521084421336,56.41025641025641,66.73202987240363,70.5316859937322
20181207,53100,53900,52800,53300,12205,42,994081,431.7406628984581,536.2835071116768,1231.4523945331118,8424.493885224709,7811.746452549272,53940.0,53680.0,52805.0,58591.66666666666,63494.16666666666,53405.486427363416,53658.18183090354,-252.6954035401068,-670.9352274273823,418.23982388727546,52.32558139534884,55267.90478906623,1231.4523945331118,50342.09521093378,37.5,56.988019914935755,66.01713063413338
20181210,52900,53400,52300,53200,16669,3042,961707,492.34134500364684,513.8093031466052,1161.5829716388473,8239.39908137653,7801.638004648949,53740.0,53700.0,52915.0,58261.66666666666,63316.66666666666,53373.873130845976,53624.242436021785,-250.3693051758164,-586.8220429770691,336.45273780125274,55.555555555555536,55238.165943277694,1161.5829716388473,50591.83405672231,34.375,49.45034660995717,60.494869292741306
20181211,52600,53900,52600,53300,16544,4634,888429,328.63353450309967,521.9195340279955,966.8893421696896,8035.539116254421,7813.389104964815,53500.0,53640.0,53075.0,57933.33333333334,63160.83333333334,53362.508033792765,53600.22447779795,-237.7164440052001,-517.0009231826954,279.2844791774952,48.57142857142857,55008.778684339384,966.8893421696896,51141.221315660616,37.5,45.466897739971444,55.48554544181801
20181212,53800,55600,53300,55200,29613,6268,899168,752.0638270785266,698.8562083862462,863.2931136070385,7821.327501700383,7816.618647686521,53720.0,53760.0,53315.0,57648.33333333334,63032.5,53645.199105516935,53718.72636833144,-73.52726281449577,-428.3061911090554,354.77892829455965,67.08860759493672,55041.58622721408,863.2931136070385,51588.41377278592,88.57142857142857,59.83507468379048,56.9353885224755
20181213,55000,55400,54200,54200,46539,-14121,902826,770.9734106958554,704.3436661176132,733.6722701597322,7609.149463344855,7827.291286832004,53840.0,53830.0,53465.0,57353.33333333334,62896.66666666666,53730.55308928357,53754.37626697355,-23.82317768999201,-347.4095884252427,323.5864107352507,58.620689655172406,54932.34454031946,733.6722701597322,51997.655459680536,60.0,59.890049789193654,57.920275611381555
20181214,54200,55900,54200,55100,36198,10408,906761,850.8818954473061,687.0953354520752,792.6380006038918,7343.030520308888,7832.5680477254455,54200.0,54070.0,53585.0,57058.33333333334,62773.33333333334,53941.23722939378,53854.05209904958,87.18513034420175,-260.49064467135383,347.67577501555564,61.29032258064516,55170.276001207785,792.6380006038918,51999.723998792215,78.94736842105263,66.24248933314665,60.69434685196992
20181217,55500,55800,55000,55500,18068,4183,906768,806.4738061462381,811.17199162693,878.22263692149,7120.49838299172,7819.990364801159,54660.0,54200.0,53715.0,56801.66666666666,62640.83333333334,54181.04688641012,53975.97416578665,205.07272062347332,-167.3779716123884,372.45069223586165,59.09090909090908,55471.445273842975,878.22263692149,51958.554726157025,89.47368421052632,73.98622095893988,65.12497155429324
20181218,55800,55800,54300,55700,25905,7598,901624,516.1395160225576,927.1461589199408,916.1195336861534,6870.210250702248,7793.629699242601,55140.0,54320.0,53885.0,56543.33333333334,62501.66666666666,54414.73198080857,54103.67978313578,311.0521976727832,-71.69193775535403,382.74413542813727,59.5505617977528,55717.23906737231,916.1195336861534,52052.760932627694,94.44444444444444,80.80562878744139,70.35185729867595
20181219,56200,56400,55300,55800,23232,7073,901493,581.7215828899594,1022.2035022440492,1000.9995005000427,6639.96548685548,7775.163047595473,55260.0,54490.0,54000.0,56305.0,62372.5,54627.850137607245,54229.33313253314,398.5170050741217,22.349850810541138,376.16715426358047,63.529411764705884,56001.99900100008,1000.9995005000427,51998.00099899992,85.36585365853658,82.32570374447312,74.34313944727501
20181220,56000,59400,54900,57400,78796,12536,905605,787.4007874011812,1291.5494570476194,1186.3705154804445,6398.370235195197,7762.052277302891,55900.0,54870.0,54245.0,56095.0,62273.33333333334,55054.334731821524,54464.19734493809,590.1373868834344,135.90735802511983,454.2300288583146,75.26881720430109,56617.74103096089,1186.3705154804445,51872.25896903911,71.83098591549296,78.8274644681464,75.83791445423213
20181221,57900,58700,57200,58100,35982,1405,901757,1048.8088481701516,1494.8244044034068,1399.3837929607928,6061.049597403679,7741.968553498576,56500.0,55350.0,54515.0,55863.33333333334,62177.5,55522.8986192336,54733.51606012786,789.3825591057392,266.6023982412438,522.7801608644954,72.94117647058823,57313.76758592159,1399.3837929607928,51716.23241407841,81.69014084507043,79.78168992712108,77.15250627852845
20181224,58000,58500,57300,57300,23151,1395,898340,947.8396488858227,1408.6873322352267,1478.2083750274635,5753.442206382819,7726.024563485614,56860.0,55760.0,54730.0,55641.66666666666,62076.66666666666,55796.2988316592,54923.62598159987,872.6728500593307,387.8164886048612,484.8563614544696,65.55555555555556,57686.41675005492,1478.2083750274635,51773.58324994507,70.4225352112676,76.66197168850324,76.98899474852004
20181226,56000,57500,55900,57100,22837,1590,894480,749.933330370107,1189.2854997854804,1551.096386431654,5432.129467853323,7719.923313884002,57140.0,56140.0,54890.0,55421.66666666666,61985.83333333334,55996.868242173165,55084.83887185174,912.0293703214336,492.6590649481759,419.3703053732579,67.04545454545455,57992.19277286331,1551.096386431654,51787.80722713669,67.6056338028169,73.64319239327446,75.87372729677152
20181227,56600,58300,56000,56800,23051,-3104,898743,431.7406628984581,1159.3101396951552,1590.314434318363,5064.296320535262,7719.844558022366,57340.0,56300.0,55030.0,55191.66666666666,61900.0,56120.42697414653,55211.887844307166,908.539129839366,575.835077926414,332.70405191295214,68.6046511627907,58210.628868636726,1590.314434318363,51849.37113136328,61.76470588235294,69.68369688963395,73.81038382772566
20181228,56800,57700,56600,56600,11882,-1924,898403,519.2301994298867,924.3376006633074,1584.700287120986,4660.5507542883815,7720.480698910514,57180.0,56540.0,55185.0,54960.0,61813.33333333334,56194.20743966245,55314.71096695108,879.4964727113693,636.5673568834052,242.92911582796418,69.41176470588236,58354.400574241976,1584.700287120986,52015.599425758024,54.09836065573771,64.48858481166853,70.70311748903994
20190102,56600,57100,55600,56100,12996,-1622,903940,416.6533331199932,810.1851640211638,1488.447177430672,4343.849739058677,7721.883360872299,56780.0,56640.0,55355.0,54761.66666666666,61720.83333333334,56179.71398740668,55372.8805249547,806.8334624519775,670.6205779971198,136.21288445485789,66.29213483146067,58331.894354861346,1488.447177430672,52378.105645138654,36.53846153846153,55.17187705393286,65.52603734400425
20190103,56100,56300,53800,54400,41566,-11547,959598,957.078889120432,1008.0178569846864,1481.3085431473535,3998.503539515758,7729.376681784662,56200.0,56530.0,55365.0,54538.33333333334,61608.33333333334,55905.91183549796,55300.81530088399,605.096534613971,657.51576932049,-52.419234706518964,55.23809523809525,58327.617086294704,1481.3085431473535,52402.382913705296,10.714285714285714,40.352679940717145,57.13491820957521
20190104,54900,56400,54000,55900,21292,3569,990719,845.2218643646173,993.2270636667126,1471.8270958238727,3704.4417783052418,7724.260077834484,55960.0,56550.0,55435.0,54366.66666666666,61507.5,55905.00232234444,55345.19935267036,559.8029696740705,637.9732093912063,-78.1702397171357,53.46534653465347,58378.654191647736,1471.8270958238727,52491.345808352264,37.5,39.401786627144766,51.223874348765065
20190107,56100,57300,55800,56100,20041,364,994307,746.7261881037787,974.4742172063866,1445.4324612382745,3470.152094003937,7715.209365635074,55820.0,56580.0,55535.0,54226.66666666666,61406.66666666666,55935.001965060685,55401.110511731815,533.8914533288626,617.1568581787375,-83.26540484987494,60.21505376344086,58425.864922476554,1445.4324612382745,52644.135077523446,41.07142857142857,39.958333941906034,47.46869421314539
20190108,57300,57300,56100,56300,9841,2408,991771,691.6646586316232,937.0699013414101,1383.1485820407493,3315.098037760619,7711.881120498052,55760.0,56470.0,55670.0,54125.0,61317.5,55991.15550889749,55467.694918270194,523.4605906272918,598.4176046684482,-74.95701404115653,56.976744186046496,58436.2971640815,1383.1485820407493,52903.7028359185,44.642857142857146,41.5198416755564,45.485743367282396
20190109,56100,58200,56100,56500,34593,-6899,1000427,747.2616676907762,766.0939890117922,1281.0542533403238,3196.7913600928473,7695.088621251644,55840.0,56310.0,55830.0,54045.0,61216.66666666666,56069.43927675941,55544.1619613613,525.2773153981179,583.7895468143822,-58.5122314162644,55.95238095238096,58392.108506680655,1281.0542533403238,53267.891493319345,48.214285714285715,43.7513230217995,44.907603252121426
20190110,56700,57800,56100,57800,23865,-758,1003654,670.5221845696084,841.6650165000325,1198.4990613268476,3082.071363361519,7673.714830874497,56520.0,56360.0,56060.0,53981.66666666666,61129.16666666666,56335.679388027194,55711.26107533453,624.4183126926582,591.9152999900375,32.50301270262071,61.05263157894736,58456.9981226537,1198.4990613268476,53663.0018773463,81.63265306122449,56.37843303494117,48.731213179728
20190111,57300,59500,56400,59000,31725,2394,1004630,1103.8115781237302,1146.5164630305142,1185.9489870990806,3073.6713480005956,7653.07849278278,57140.0,56550.0,56345.0,53976.66666666666,61057.5,56745.57486679224,55954.871366050495,790.7035007417363,631.6729401403772,159.03056060135896,65.09433962264151,58716.89797419817,1185.9489870990806,53973.10202580183,91.22807017543859,67.9949787484403,55.15246836929877
20190114,58400,60300,58300,59800,37554,9133,1021828,1367.3331708109768,1508.1445554057473,1372.9074987053336,3073.6713480005956,7624.19717996043,57880.0,56850.0,56575.0,53976.66666666666,60985.83333333334,57215.48642574727,56239.695709306034,975.7907164412536,700.4964954005528,275.29422104070096,62.24489795918368,59320.81499741066,1372.9074987053336,53829.18500258934,92.3076923076923,76.0992166015243,62.13471778004061
20190115,59300,60500,58600,59100,30292,1358,1028454,1163.7869220780924,1646.815108019112,1364.4046320653324,3070.8644276974487,7601.132545367824,58440.0,57100.0,56820.0,53975.0,60914.16666666666,57505.41159101692,56451.57010120929,1053.8414898076371,771.1654942819696,282.6759955256676,55.10204081632654,59548.809264130665,1364.4046320653324,54091.190735869335,79.1044776119403,77.10097027166297,67.1234686105814
20190116,58900,60300,58900,59100,27279,-1201,1025696,646.8384651518492,1709.385854627328,1390.5394636619758,3065.185783741849,7581.644088412555,58960.0,57400.0,57020.0,53971.66666666666,60847.5,57750.732884706624,56647.75009371231,1102.9827909943197,837.5289536244397,265.4538373698799,60.0,59801.07892732394,1390.5394636619758,54238.92107267606,79.1044776119403,77.76880605175542,70.67191442430607
20190117,58800,59700,58300,59100,22495,338,1024877,292.5747767665559,1445.7178147895945,1414.9204924663916,3073.2917567628474,7559.378097585141,59220.0,57870.0,57200.0,53976.66666666666,60778.33333333334,57958.312440905625,56829.39823491881,1128.914205986803,895.8060040969125,233.10820188989018,61.36363636363637,60029.84098493277,1414.9204924663916,54370.15901506722,79.1044776119403,78.21402990515038,73.18595291792083
20190118,58800,60800,58800,60500,22988,2889,1024918,560.0,1477.193284577208,1541.5576538038833,3165.074599782205,7543.0519445988575,59520.0,58330.0,57440.0,54038.33333333334,60730.83333333334,58349.3412961509,57101.294661961874,1248.0466341890426,966.2541301153384,281.79250407370387,68.68686868686869,60523.115307607775,1541.5576538038833,54356.884692392225,95.71428571428572,84.0474485081955,76.8064514480124
20190121,60600,60700,59200,59800,22137,-4535,1024759,560.0,1328.1566172707194,1574.9285698092265,3220.215658749143,7520.126282555586,59520.0,58700.0,57640.0,54076.66666666666,60669.16666666666,58572.519558281536,57301.1987610758,1271.3207972057353,1027.2674635334179,244.0533336723172,65.38461538461539,60789.857139618456,1574.9285698092265,54490.14286038154,85.29411764705883,84.46300488781661,79.35863592794713
20190122,60400,61000,60100,60500,20202,1458,1024534,626.0990336999411,1155.6816170554935,1691.885043376569,3322.985605340124,7496.9915725520605,59800.0,59120.0,57795.0,54190.0,60614.16666666666,58869.05501085361,57538.14700099611,1330.9080098574996,1087.9955727982344,242.9124370592652,70.75471698113208,61178.77008675313,1691.885043376569,54411.22991324687,90.38461538461539,86.4368750534162,81.71804896977015
20190123,60100,63800,60100,63600,65172,22745,1035866,1540.1298646542764,1467.00374914313,2113.551513448711,3488.0728322811387,7463.584929511271,60700.0,59830.0,58070.0,54417.5,60570.0,59596.892701491524,57987.17314907048,1609.7195524210474,1192.3403687227972,417.3791836982503,88.33333333333331,62297.10302689742,2113.551513448711,53842.89697310258,97.40259740259741,90.0921158364766,84.50940459200564
20190124,63000,64100,62600,63600,30273,8294,1027374,1652.8762809115506,1680.7438829280325,2422.2458587024844,3596.5604710871703,7445.553296358616,61600.0,60410.0,58385.0,54668.33333333334,60541.66666666666,60212.755362800526,58402.938100991174,1809.8172618093367,1315.8357473401054,493.98151446923225,86.66666666666669,63229.49171740497,2422.2458587024844,53540.50828259503,93.75,91.31141055765106,86.77673991388745
20190125,62900,64800,62600,64500,29884,14067,1043564,1879.361593733361,1999.0997974088239,2741.801415128626,3724.6233030958533,7435.0912999718175,62400.0,60960.0,58755.0,54932.5,60525.83333333334,60872.33146083122,58854.57231573258,2017.759145098644,1456.2204268918133,561.5387182068305,87.5,64238.602830257245,2741.801415128626,53271.397169742755,96.55172413793103,93.05818175107771,88.87055385961753
20190128,63800,65000,63700,64800,25826,5039,1054581,1527.088733505686,2255.304857441672,2998.9123028193626,3823.1163662599615,7419.567035887455,63400.0,61460.0,59155.0,55212.5,60505.0,61476.58815916487,59294.974366419054,2181.613792745833,1601.2991000626175,580.3146926832155,87.61061946902655,65152.82460563872,2998.9123028193626,53157.17539436127,97.67441860465115,94.59692736893551,90.77934502939019
20190129,64400,66300,64300,66000,37806,7451,1058687,889.9438184514795,2472.75150389197,3284.642294071203,3972.027190234843,7398.746093090894,64500.0,62150.0,59625.0,55500.0,60482.5,62172.49767313952,59791.64293186949,2380.854741270021,1757.2102283040986,623.6445129659222,88.6178861788618,66194.2845881424,3284.642294071203,53055.715411857585,96.25,95.14795157929034,92.23554721269024
20190130,65600,69000,65400,68700,91325,30719,1079428,1765.6726763474594,2924.534150937547,3726.72443306469,4260.806848469552,7408.233970089183,65520.0,63110.0,60255.0,55805.0,60491.66666666666,63176.72880034883,60451.5212332125,2725.207567136328,1950.8096960705445,774.397871065783,89.7810218978102,67708.44886612939,3726.72443306469,52801.55113387061,97.19626168224299,95.83072161360788,93.43393867966279
20190131,68700,70200,67800,70000,79196,15664,1094862,2180.8255317654366,3240.987503832744,4039.0933388572907,4555.817709255407,7419.304727460427,66800.0,64200.0,61035.0,56145.0,60500.83333333334,64226.462831064375,61158.81595667824,3067.646874386149,2174.1771317336647,893.4697426524826,89.8550724637681,69113.18667771458,4039.0933388572907,52956.81332228542,98.31932773109243,96.66025698610274,94.50937811514278
20190201,70200,71000,69300,70800,56777,1772,1112255,2304.430515333452,3525.6346946330104,4382.761686425733,4876.973959328196,7441.97885683528,68060.0,65230.0,61780.0,56475.0,60519.16666666666,65237.776241669875,61872.97773766504,3364.7985040048297,2412.301406187898,952.4970978169316,89.8550724637681,70545.52337285147,4382.761686425733,53014.476627148535,98.4251968503937,97.24857027419972,95.42244216816175
20190207,71000,71000,68500,69100,76026,-8913,1121347,1631.4410807626487,3180.314449861837,4455.569548329521,5037.03258101312,7436.0080669839235,68920.0,66160.0,62430.0,56811.66666666666,60514.16666666666,65831.9645121822,62408.312720060225,3423.651792121979,2614.5714833747143,809.0803087472641,83.7837837837838,71341.13909665903,4455.569548329521,53518.86090334097,84.42622950819673,92.97445668553206,94.60644700728518
20190208,68500,70500,67800,69400,45128,-2444,1132082,734.8469228349533,2677.405460515833,4469.1470103366855,5197.286685267083,7435.006538144399,69600.0,67050.0,63085.0,57143.33333333334,60513.33333333334,66380.89304876955,62926.215481537234,3454.6775672323133,2782.592700146234,672.0848670860787,84.10596026490067,72023.29402067338,4469.1470103366855,54146.70597932663,86.4406779661017,90.79653044572194,93.33647482009742
20190211,69800,69900,68400,69300,29071,-618,1127984,617.73780845922,2481.854145593572,4396.234183935307,5356.0080491153085,7420.096397998029,69720.0,67620.0,63725.0,57453.33333333334,60501.66666666666,66829.98642588193,63398.34766809004,3431.638757791894,2912.401911675366,519.2368461165274,83.55263157894737,72517.46836787059,4396.234183935307,54932.53163212939,84.40366972477065,88.66557687207153,91.77950883742211
20190212,69600,70500,68400,69200,28076,-3511,1133499,628.0127387243033,2116.5065556241493,4329.60448540064,5495.494113864689,7409.754081991069,69560.0,68180.0,64295.0,57756.66666666666,60493.33333333334,67194.60389882317,63828.09969267595,3366.504206147219,3003.222370569737,363.28183557748207,81.29496402877697,72954.20897080128,4329.60448540064,55635.79102919872,83.4862385321101,86.93913075875105,90.16604947786509
20190213,69200,69800,68300,69000,27591,-10,1134514,141.42135623730948,1729.1905620838904,4266.201472035907,5588.473007496912,7395.234764512211,69200.0,68630.0,64795.0,58071.66666666666,60481.66666666666,67472.35714515808,64211.2034191444,3261.153726013676,3054.8086416585247,206.34508435515,84.32835820895522,73327.40294407181,4266.201472035907,56262.597055928185,76.19047619047619,83.35624590265944,87.89611495279654
20190214,68300,69000,65900,67300,87506,-6588,1151355,781.2809993849844,1279.6874618437112,4138.369244038204,5620.512036774026,7358.940093898259,68840.0,68880.0,65170.0,58353.33333333334,60450.83333333334,67445.8406612876,64440.003165874456,3005.8374954131505,3045.0144124094513,-39.176916996300406,73.6111111111111,73446.7384880764,4138.369244038204,56893.261511923585,55.952380952380956,74.22162425256661,83.33795138605323
20190215,67700,68500,67400,68400,36937,-9067,1163363,739.1887445030533,879.5453370918408,3948.3255944768957,5686.598280164186,7364.133755727824,68640.0,69120.0,65635.0,58640.0,60455.83333333334,67592.63440570487,64733.33626469858,2859.298141006315,3007.871158128824,-148.5730171225091,69.35483870967742,73531.6511889538,3948.3255944768957,57738.34881104621,64.38356164383562,70.94227004965627,79.20605760725425
20190218,68400,69900,68200,69900,28923,-4652,1161929,873.1551981177229,895.7678270623477,3751.24979173626,5812.081287185793,7384.8549504317725,68760.0,69240.0,66175.0,58926.66666666666,60474.16666666666,67947.61372790411,65116.05209694312,2831.5616309610054,2972.609252695261,-141.0476217342557,72.66187050359713,73677.49958347253,3751.24979173626,58672.50041652747,83.5820895522388,75.15554321718378,77.85588614389742
20190219,69900,70200,67700,68100,39665,-11832,1159901,873.1551981177229,915.6964562561113,3398.8049370332124,5874.799287348733,7382.221699613876,68540.0,69050.0,66625.0,59180.0,60471.66666666666,67971.05776976503,65337.08527494733,2633.9724948176954,2904.881901119748,-270.9094063020525,62.16216216216216,73422.60987406643,3398.8049370332124,59827.390125933576,48.214285714285715,66.17512404955109,73.96229877911532
20190220,67700,67900,66900,67300,34127,-17699,1170285,954.9869109050658,846.1678320522471,3095.686515137044,5895.826207295572,7385.932527824995,68200.0,68700.0,66965.0,59430.0,60475.83333333334,67867.8181128781,65482.48636569197,2385.3317471861233,2800.971870333023,-415.6401231469004,58.16993464052287,73156.37303027409,3095.686515137044,60773.626969725905,27.450980392156865,53.26707616375302,67.06389124066122
20190221,67300,68400,67100,67400,38866,-13742,1180722,936.8030742904297,916.5696918401787,2623.256563891785,5931.247526632907,7391.8159981176295,68220.0,68530.0,67345.0,59661.66666666666,60482.5,67795.84609551224,65624.52441267775,2171.3216828344885,2675.041832833316,-503.72014999882776,54.92957746478874,72591.51312778358,2623.256563891785,62098.486872216425,29.411764705882355,45.315305677796125,59.81436271970619
20190222,67400,68300,67200,67300,15704,3052,1179407,995.9919678390988,933.5952013587043,2103.1583392605835,5936.028180148946,7397.598662555976,68000.0,68320.0,67685.0,59908.33333333334,60489.16666666666,67719.56208081805,65748.63371544237,1970.9283653756866,2534.219139341791,-563.2907739661041,43.96551724137931,71891.31667852117,2103.1583392605835,63478.683321478835,27.450980392156865,39.36053058258304,52.99641867399847
20190225,67400,68200,66400,66700,33383,-3525,1175375,445.42114902640174,985.0888284819804,1900.894526269497,5923.2393070731005,7400.305877689185,67360.0,68060.0,67840.0,60141.66666666666,60492.5,67562.70637607679,65819.10529207626,1743.6010840005474,2376.0955282735417,-632.4944442729948,34.86238532110092,71641.78905253901,1900.894526269497,64038.210947461004,17.391304347826086,32.03745517099739,46.01009750633144
20190226,66400,67500,65800,66300,36647,-8893,1180346,428.95221179054425,1032.5211862233143,1677.7589218959124,5900.648740225316,7394.708646880551,67000.0,67770.0,67975.0,60363.33333333334,60485.83333333334,67368.44385668037,65854.72712229284,1513.7167343875335,2203.6197694963407,-689.9030351088072,28.57142857142857,71330.51784379182,1677.7589218959124,64619.48215620817,10.638297872340425,24.904402738111738,38.97486591692488
20190227,66300,66700,65200,66200,34463,-10308,1190157,495.5804677345546,1040.6248123122957,1536.6847432057543,5886.184153495033,7386.933659436549,66780.0,67490.0,68060.0,60568.33333333334,60476.66666666666,67188.68326334494,65880.30289101189,1308.3803723330493,2024.5718900636825,-716.1915177306332,33.70786516853932,71133.36948641151,1536.6847432057543,64986.63051358848,18.867924528301888,22.89224333484179,33.61399172289718
20190228,66600,67100,65600,65600,47636,-3200,1192112,563.5601121442148,1186.4231959971114,1459.7945060868449,5857.704091381663,7371.449239390899,66420.0,67320.0,68100.0,60761.66666666666,60458.33333333334,66944.27045359956,65859.5397138999,1084.730739699662,1836.6036599908787,-751.8729202912166,29.347826086956523,71019.58901217369,1459.7945060868449,65180.41098782631,8.0,17.92816222322786,28.385381889674075
20190304,65300,67800,65200,66900,39488,-1724,1207053,449.88887516807966,1134.0634902861482,1407.2935017263935,5831.975794414275,7367.664666562712,66340.0,67170.0,68145.0,60985.0,60454.16666666666,66937.45961458424,65936.6108462036,1000.8487683806306,1669.4526816688297,-668.6039132881988,38.46153846153847,70959.58700345278,1407.2935017263935,65330.41299654722,34.0,23.285441482151906,26.68540175383335
20190305,67700,67800,66300,67300,23728,482,1205213,588.5575587824865,689.129886160802,1412.754401869389,5785.616984285804,7369.190319991063,66460.0,66910.0,68075.0,61228.33333333334,60455.83333333334,66993.23505849435,66037.60263537371,955.632423120638,1526.688629959191,-571.056206838553,41.121495327102814,70900.50880373878,1412.754401869389,65249.491196261224,42.0,29.52362765476794,27.63147705414488
20190306,67700,68900,67000,68500,27433,-1628,1209299,989.9494936611667,764.5259969418961,1346.848172587146,5785.7199686403,7385.0858999762295,66900.0,66950.0,68000.0,61466.66666666666,60472.5,67225.04504949522,66220.00244016084,1005.0426093343848,1422.35942583423,-417.3168164998451,47.863247863247864,70693.69634517429,1346.848172587146,65306.303654825715,66.0,41.68241843651196,32.315124181600574
20190307,68800,68800,66500,66800,31768,3554,1203978,932.5234581499814,756.3068160475615,1205.8192235991824,5753.059813889463,7387.850339504494,67020.0,66900.0,67800.0,61671.66666666666,60475.83333333334,67159.65350341902,66262.96522237115,896.6882810478854,1317.2251968769613,-420.5369158290757,47.863247863247864,70211.63844719836,1205.8192235991824,65388.36155280164,32.0,38.454945624341306,34.36173132918082
20190308,66900,66900,65400,66000,21480,4193,1202277,817.312669668102,780.0,1227.7927349521722,5693.426033590647,7382.499529670374,67100.0,66760.0,67645.0,61870.0,60469.16666666666,66981.2452721238,66243.48631701032,737.7589551134732,1201.3319485242635,-463.57299341079033,39.473684210526315,70100.58546990434,1227.7927349521722,65189.414530095666,21.62162162162162,32.843837623434744,33.85576676059879
20190311,65200,66400,64500,65300,27482,5492,1200417,1097.9981785048644,867.4099376880577,1259.523719507233,5606.538593461014,7368.525218041711,66780.0,66560.0,67440.0,62065.0,60451.66666666666,66722.59215333551,66173.59844167622,548.9937116592919,1070.8643011512693,-521.8705894919774,28.301886792452827,69959.04743901447,1259.523719507233,64920.952560985526,18.181818181818183,27.95649780956256,31.889343776920047
20190312,65700,67000,65300,65600,17610,668,1200851,1146.472851837321,911.3177272499423,1244.3773543428595,5506.278234884966,7350.383162728093,66440.0,66450.0,67255.0,62270.0,60430.83333333334,66549.88566820697,66131.10966821872,418.7759999882546,940.4466409186664,-521.6706409304117,36.263736263736256,69743.75470868572,1244.3773543428595,64766.245291314284,25.0,26.970998539708376,30.249895364516153
20190313,65300,66000,64300,64300,25885,-7647,1194936,822.1921916437786,1118.257573191436,1317.5355782677502,5383.537405829738,7268.500342040991,65600.0,66250.0,67010.0,62455.0,60358.33333333334,66203.74941155975,65995.47191501732,208.27749654241782,794.0128120434166,-585.7353155009988,34.375,69645.0711565355,1317.5355782677502,64374.9288434645,0.0,17.980665693138917,26.16015214072374
20190314,64800,65800,64200,65700,34743,-7592,1208291,584.4655678480982,1130.4866208850062,1263.5169171805082,5264.823253335002,7192.594136797547,65380.0,66200.0,66845.0,62661.66666666666,60297.5,66126.24950208902,65973.58510649753,152.66439559149148,665.7431287530318,-513.0787331615402,42.20183486238532,69372.03383436102,1263.5169171805082,64317.96616563897,31.914893617021278,22.625408334433036,24.981904205293503
20190315,65000,66200,64900,66200,53224,-7908,1221166,630.5553108173779,1112.8342194594843,1266.4517361515734,5192.829190332391,7128.860747383368,65420.0,66260.0,66790.0,62845.0,60246.66666666666,66137.59573253688,65990.3565800903,147.23915244656382,562.0423334917381,-414.8031810451743,45.13274336283186,69322.90347230315,1266.4517361515734,64257.096527696856,42.5531914893617,29.268002719409257,26.410603709998753
20190318,67000,67000,64700,65700,28162,-5493,1219363,635.6099432828281,1101.9981851164728,1231.0463029477546,5081.2389127905735,7066.40938997271,65500.0,66140.0,66655.0,63036.66666666666,60195.0,66070.27331214657,65968.8486852688,101.42462687777879,469.91879216894614,-368.49416529116735,45.53571428571429,69117.09260589551,1231.0463029477546,64192.90739410449,31.914893617021278,30.15029968527993,27.65716903509248
20190319,65700,65700,64100,64100,25789,-11623,1218371,839.0470785361213,1180.5083650698966,1109.6283161497524,4976.493633961284,6980.824479722613,65200.0,65820.0,66365.0,63186.66666666666,60122.5,65767.1543410471,65830.41544932296,-63.26110827585217,363.2828120799865,-426.5439203558387,41.129032258064505,68584.25663229951,1109.6283161497524,64145.743367700496,0.0,20.10019979018662,25.13817928679053
20190320,63900,64600,63600,64500,17048,-1818,1219044,798.9993742175271,830.4215796810678,1105.5654661761714,4877.190675876559,6922.485052752615,65240.0,65420.0,66185.0,63336.66666666666,60069.16666666666,65572.20751934755,65731.86615678051,-159.6586374329636,258.6945221773965,-418.3531596103601,43.30708661417323,68396.13093235236,1105.5654661761714,63973.86906764765,16.9811320754717,19.060510551948312,23.112289708509792
20190321,64000,64900,62400,63100,28178,-1055,1216117,1114.2710621747296,948.9467845985886,1261.6952880950832,4775.011343787755,6852.760798071343,64720.0,65050.0,65975.0,63460.0,60001.66666666666,65191.867900986384,65536.9131081301,-345.0452071437177,137.94657631317364,-482.9917834568912,40.74074074074074,68498.39057619017,1261.6952880950832,63451.60942380982,10.76923076923077,16.2967506243758,20.840443347131796
20190322,62500,62800,60300,60800,53806,-20933,1219046,1646.3292501805345,1531.698403733581,1649.3862494883774,4683.352313125432,6790.422125237629,63640.0,64530.0,65645.0,63543.33333333334,59924.16666666666,64516.195916219236,65186.030655676026,-669.8347394567753,-23.60968684081623,-646.2250526159593,28.965517241379303,68943.77249897676,1649.3862494883774,62346.227501023255,5.88235294117647,12.825284729976024,18.16872380807987
20190325,60500,61000,60000,60000,17838,-5727,1222517,1792.2053453775882,2014.4478151592807,2010.870458284505,4638.119829793537,6727.326064065134,62500.0,64000.0,65280.0,63586.66666666666,59840.83333333334,63821.396544493204,64801.88023673705,-980.4836922438479,-214.98448792142258,-765.4992043224254,25.50335570469799,69301.740916569,2010.870458284505,61258.25908343099,0.0,8.550189819984016,14.962545812047921
20190326,59800,61900,59800,61000,17012,3129,1227200,1663.0093204789925,2119.056393775305,2185.7435805696273,4595.6075042699,6635.334654126354,61880.0,63540.0,64995.0,63635.0,59749.16666666666,63387.3355376481,64520.25947846023,-1132.9239408121284,-398.5723784995639,-734.3515623125645,24.489795918367356,69366.48716113926,2185.7435805696273,60623.512838860755,16.666666666666664,11.255682102211566,13.726924575435802
20190327,60200,61800,60200,61600,19814,1245,1226937,1035.3743284435827,2176.258256733332,2283.287104155177,4529.307035539845,6562.729308165172,61300.0,63270.0,64760.0,63706.66666666666,59674.16666666666,63112.3608395484,64303.94396153725,-1191.5831219888496,-557.1745271974211,-634.4085947914285,30.882352941176467,69326.57420831035,2283.287104155177,60193.425791689646,25.0,15.837121401474377,14.430323517448661
20190328,61600,61600,59700,59800,17977,352,1222534,662.117814289874,2236.4257197590987,2497.4787286384108,4476.54970062779,6490.0684810652665,60640.0,62680.0,64440.0,63751.66666666666,59586.66666666666,62602.76686423327,63970.318482904855,-1367.5516186715975,-719.2499454922563,-648.3016731793413,28.767123287671232,69434.95745727683,2497.4787286384108,59445.042542723175,1.36986301369863,11.01470193888246,13.291782991259927
20190329,60800,61200,60000,60700,22059,-3841,1232610,658.4831053261731,1962.676743633551,2609.497077982908,4402.846301601286,6411.9991140764205,60620.0,62130.0,64195.0,63816.66666666666,59504.16666666666,62310.033500505066,63728.07266935634,-1418.0391688512757,-859.0077901640608,-559.031378687215,34.45945945945946,69413.99415596582,2609.497077982908,58976.00584403418,13.698630136986301,11.90934467158374,12.830970218034532
20190401,60500,61800,60400,61700,25551,-2632,1242789,688.7670143089026,1560.8010763707211,2585.976604689481,4310.974045641057,6335.689857643771,60960.0,61730.0,63935.0,63901.66666666666,59430.83333333334,62216.18219273506,63577.845064218825,-1361.6628714837716,-959.5388064280028,-402.12406505576865,37.41935483870968,69106.95320937896,2585.976604689481,58763.04679062103,27.397260273972602,17.071983205713362,14.244641213927475
20190402,61400,61800,60900,61500,20350,312,1242096,722.772439983706,1346.1426373159716,2516.639624579041,4202.153878928146,6289.816284194382,61060.0,61470.0,63645.0,63991.66666666666,59376.66666666666,62106.000316929676,63423.93061501744,-1317.9302980877694,-1031.2171047599563,-286.71319332781286,40.27777777777777,68678.27924915808,2516.639624579041,58611.72075084192,24.65753424657534,19.600500219334023,16.02992754906299
20190403,60800,62000,60800,62000,20014,-6348,1250028,796.4923100695952,927.1461589199408,2276.9716730783757,4021.794444712989,6247.041744344559,61140.0,61220.0,63320.0,64118.33333333334,59328.33333333334,62089.69257586358,63318.45427316429,-1228.7616973007246,-1070.72602326811,-158.03567403261445,36.29629629629629,67873.94334615675,2276.9716730783757,58766.056653843254,38.333333333333336,25.844777924000464,19.301544340708816
20190404,62100,62400,61500,62200,14033,578,1275493,519.2301994298867,770.7788269017253,2142.1717951652095,3885.8017905606425,6220.903605320905,61620.0,61130.0,63090.0,64223.33333333334,59295.0,62106.662948807636,63235.60580848546,-1128.9428596778234,-1082.3693905500527,-46.57346912777075,34.848484848484844,67374.34359033043,2142.1717951652095,58805.65640966957,48.07692307692308,33.255492974974665,23.952860552130762
20190405,61800,62400,61500,62100,16928,-1596,1275863,260.768096208106,812.6499861564018,2043.6425812752427,3750.3051727636353,6207.982092974708,61900.0,61260.0,62895.0,64323.33333333334,59275.0,62105.63787976031,63151.48685970876,-1045.848979948445,-1075.0653084297312,29.21632848128616,35.9375,66982.28516255048,2043.6425812752427,58807.71483744952,46.15384615384615,37.55494403459849,28.48688837962
20190408,62300,63500,62300,63100,22664,2552,1260600,519.2301994298867,862.6123115281857,1969.079734292477,3606.1043923959996,6211.243780885075,62180.0,61570.0,62785.0,64436.66666666666,59280.83333333334,62258.61666748949,63147.673018248846,-889.0563507593542,-1037.8635168956557,148.80716613630145,45.901639344262286,66723.15946858496,1969.079734292477,58846.84053141504,89.47368421052632,54.861190759907764,37.27832250638259
20190409,63500,63700,62900,63100,20283,2128,1255714,493.9635614091388,949.5261976375377,1862.900963551561,3460.0321128843743,6218.271408163488,62500.0,61780.0,62660.0,64546.66666666666,59295.83333333334,62388.06025710648,63144.14168356374,-756.0814264572548,-981.5070988079756,225.4256723507209,44.067796610169495,66385.80192710312,1862.900963551561,58934.19807289688,85.0,64.90746050660518,46.48803517312345
20190410,62700,64500,62700,64200,24859,6713,1256758,760.5261336732617,1190.1260437449473,1858.621801228355,3347.211111088028,6230.779278444601,62940.0,62040.0,62655.0,64653.33333333334,59317.5,62666.82021755164,63222.353410707175,-555.5331931555338,-896.3123176774872,340.7791245219533,54.78260869565217,66372.24360245671,1858.621801228355,58937.75639754329,93.75,74.52164033773678,55.83257022799456
20190411,64200,64900,63800,63900,23616,-25,1260915,733.2121111929342,1045.2272480183437,1749.3641702062314,3267.0998862348292,6244.688354026712,63280.0,62450.0,62565.0,64735.0,59355.83333333334,62856.54018408216,63272.549454358494,-416.00927027634316,-800.2517081972583,384.2424379209152,66.31578947368422,66063.72834041246,1749.3641702062314,59066.27165958754,80.76923076923077,76.60417048156812,62.75643697918574
20190412,64300,65800,63300,65300,33599,12804,1268656,815.8431221748456,1177.6671855834313,1664.8123017329415,3203.8969327249847,6267.92075217799,63920.0,62910.0,62520.0,64826.66666666666,59401.66666666666,63232.45707883875,63422.73097625786,-190.2738974191161,-678.2561460416299,487.9822486225139,76.23762376237623,65849.62460346588,1664.8123017329415,59190.375396534124,91.80327868852459,81.67053988388695,69.06113794741948
20190415,65000,65600,64800,64800,14545,1945,1265123,755.2483035399682,1225.3978945632311,1588.6708280828145,3115.985219614807,6287.063216551655,64260.0,63220.0,62475.0,64921.66666666666,59448.33333333334,63473.61752824817,63524.75090394246,-51.133375694291324,-552.8315919721623,501.6982162778711,69.79166666666667,65652.34165616562,1588.6708280828145,59297.65834383437,82.75862068965517,82.03323348580969,73.38516979354955
20190416,64100,66200,64000,65600,25370,6458,1262433,640.6246951218786,1266.5306944563167,1695.4350474144785,3023.3149576751725,6311.860473657257,64760.0,63630.0,62550.0,65030.0,59500.83333333334,63800.75329313308,63678.47305920599,122.28023392708565,-417.8092267923127,540.0894607193983,70.40816326530613,65940.87009482896,1695.4350474144785,59159.129905171045,89.65517241379311,84.5738797951375,77.11473979407886
20190417,65200,65400,63900,64800,25350,2668,1256774,577.5811631277461,1181.905241548577,1713.8480095975067,2923.389870219583,6329.849864379366,64880.0,63910.0,62565.0,65125.0,59550.83333333334,63954.48355572799,63761.549128894425,192.9344268335553,-295.6604960671392,488.59492290069437,78.4090909090909,65992.69601919503,1713.8480095975067,59137.30398080499,74.07407407407408,81.07394455478303,78.43447471431358
20190418,64500,68000,64500,67700,81256,43059,1257816,1074.4300814850637,1496.1283367412036,2046.576409519404,2878.508004731361,6367.817304402674,65640.0,64460.0,62795.0,65245.0,59641.66666666666,64530.71685484676,64053.286230457816,477.43062438895134,-141.04227197592095,618.4728963648723,82.4074074074074,66888.1528190388,2046.576409519404,58701.8471809612,95.83333333333334,85.99374081429978,80.95423008097565
20190419,67700,68300,66400,67700,43975,11007,1245845,1322.7244611029162,1554.863338046145,2252.420919810801,2806.205425277725,6406.620707433582,66120.0,65020.0,63140.0,65376.66666666666,59726.66666666666,65018.29887717803,64323.41317634982,694.8857008282066,26.14332258490461,668.742378243302,80.6122448979592,67644.8418396216,2252.420919810801,58635.1581603784,91.17647058823529,87.72131740561161,83.20992585585431
20190422,67700,68400,67000,68200,27600,10468,1241187,1343.1306712304652,1673.349933516597,2385.8960580883104,2755.867981834877,6428.51670942537,66800.0,65530.0,63550.0,65505.0,59847.5,65507.79135761218,64610.56775587946,897.2236017327086,200.35937841446548,696.8642233182431,83.16831683168317,68321.79211617663,2385.8960580883104,58778.20788382338,97.10144927536231,90.84802802886185,85.7559599135235
20190423,67900,68600,67400,68000,27723,2860,1243630,1254.4321424453376,1606.1133210331082,2496.998197837022,2762.7336502441844,6406.303522813821,67280.0,66020.0,63900.0,65578.33333333331,59997.91666666666,65891.20807182568,64861.6368109995,1029.5712608261892,366.2017548968103,663.3695059293789,80.6122448979592,68893.99639567404,2496.998197837022,58906.003604325946,90.47619047619048,90.7240821779714,87.41200066833947
20190424,68000,68000,65100,65100,50118,-11588,1244599,1135.9577456930342,1524.7622765532992,2451.912518831236,2751.4824287145466,6336.127179824968,67340.0,66110.0,64075.0,65603.33333333331,60135.83333333334,65769.48375308327,64879.293343518075,890.1904095652135,470.99948583049104,419.1909237347225,61.6,68978.82503766246,2451.912518831236,59171.17496233753,40.67796610169492,74.04204348587923,82.95534827418606
20190425,65100,65100,62000,62200,55202,-7077,1238274,2310.4977818643324,1826.5815065307104,2293.354529941094,2782.43448559638,6250.591513677816,66240.0,65940.0,64195.0,65565.0,60248.75,65220.332406455076,64680.82716992412,539.5052365309457,484.70063597058197,54.804600560363724,50.32679738562091,68781.70905988218,2293.354529941094,59608.29094011781,3.0303030303030303,50.3714633340205,72.09405329413087
20190426,62000,62200,60300,60300,39040,-7187,1227878,3127.043331967116,2495.2755358877703,2325.2688016660213,2861.5671696879604,6148.914072489639,64760.0,65440.0,64175.0,65490.0,60351.25,64463.35819007737,64356.32145363345,107.03673644392256,409.1678560652501,-302.1311196213275,41.358024691358025,68825.53760333205,2325.2688016660213,59524.46239666796,0.0,33.58097555601366,59.25636071475847
20190429,60300,62200,60300,61900,26522,7792,1224745,2731.3000567495333,2711.918140357485,2315.010799111169,2897.302864537665,6057.685144144034,63500.0,65150.0,64185.0,65421.66666666666,60460.83333333334,64068.99539160392,64174.371716327274,-105.37632472334371,306.2590199075313,-411.63534463087507,46.62921348314607,68815.02159822236,2315.010799111169,59554.97840177767,19.27710843373494,28.81301984858742,49.10858042603479
20190430,61500,62400,60800,60800,26211,-843,1222405,1671.6458955173493,2999.3499295680717,2360.1906702640226,2924.705113335225,5987.1106345237795,62060.0,64670.0,64150.0,65290.0,60547.5,63566.07302366485,63924.418255858574,-358.3452321937293,173.3381694872792,-531.6834016810085,40.44943820224719,68870.38134052805,2360.1906702640226,59429.61865947196,6.024096385542169,21.21671202757234,39.811290959880644
20190502,60600,60800,60000,60200,30100,-4018,1216361,823.1646250902672,3283.428086619227,2472.12459232971,2930.748861444464,5902.538942882968,61080.0,64210.0,64060.0,65126.66666666666,60635.83333333334,63048.21563540872,63648.53542209128,-600.3197866825576,18.606578253311802,-618.9263649358694,39.77900552486189,69004.24918465942,2472.12459232971,59115.75081534058,2.3255813953488373,14.919668483497837,31.51408346775304
20190503,60100,60700,59200,59200,31406,-5333,1207213,879.5453370918408,3369.0354702792906,2664.000750750896,2932.7272100994905,5837.699259033187,60480.0,63360.0,63910.0,64933.33333333334,60704.16666666666,62456.18246073046,63319.01427971415,-862.8318189836864,-157.68110119408792,-705.1507177895985,32.76836158192091,69238.00150150179,2664.000750750896,58581.998498498215,0.0,9.946445655665224,24.32487086372377
20190507,59200,59300,55900,56400,68518,-43306,1211937,1867.6188047886005,3610.276997683142,3109.9638261563973,3079.0199559044513,5750.483071497844,59700.0,62230.0,63625.0,64721.66666666666,60766.66666666666,61524.462082156526,62806.49470343902,-1282.0326212824802,-382.5514052117665,-899.4812160707138,29.0,69844.92765231278,3109.9638261563973,57405.072347687215,3.937007874015748,7.943299728448732,18.864347151965422
20190508,55800,56800,55800,56800,25218,-8744,1213382,1778.0888616714294,3334.5014619879835,3447.883408701828,3180.780389913418,5669.00876844395,58680.0,61090.0,63310.0,64511.66666666666,60827.5,60797.621761824776,62361.56916985095,-1563.9474080261862,-618.8306057746505,-945.1168022515357,27.55102040816327,70205.76681740365,3447.883408701828,56414.23318259634,7.8125,7.899699818965821,15.209464707632222
20190509,56000,56700,54200,55200,53878,91,1201459,1852.133904446436,2859.1782036102613,3875.3419203989392,3335.4343378623107,5616.532886638729,57560.0,59810.0,62915.0,64276.66666666666,60865.0,59936.44918308249,61831.0825646768,-1894.6333815943071,-873.9911609385823,-1020.6422206557248,26.470588235294123,70665.68384079786,3875.3419203989392,55164.31615920212,6.944444444444445,7.581281360792029,12.666736925352156
20190510,54700,56100,53600,55300,43738,-2906,1192899,1448.3093592185337,2539.7047072445253,4199.654747714547,3465.6132213460673,5566.978471808856,56580.0,58830.0,62470.0,64045.0,60900.83333333334,59223.1493087621,61347.29867099704,-2124.1493622349303,-1124.0228011978518,-1000.126561037078,14.772727272727273,70869.3094954291,4199.654747714547,54070.690504570906,11.333333333333332,8.831965351639129,11.388479734114481
20190513,54200,55600,53900,55300,34002,6201,1186416,666.3332499583073,2466.6576576412062,4463.22753173097,3581.022510707073,5502.602351516652,55800.0,58140.0,62040.0,63816.66666666666,60944.16666666666,58619.58787664487,60899.35062129355,-2279.762744648695,-1355.1707898880204,-924.5919547606744,14.772727272727273,70966.45506346194,4463.22753173097,53113.54493653807,11.805555555555555,9.823162086277938,10.866707184835633
20190514,55300,56100,54700,56100,32762,10791,1182300,621.6108107168021,2420.247921184935,4576.199296359518,3684.983039305403,5435.570858298441,55740.0,57720.0,61580.0,63630.0,60991.66666666666,58231.95897254565,60543.843167864405,-2311.8841953187507,-1546.513470974167,-765.3707243445842,16.201117318435756,70732.39859271904,4576.199296359518,52427.60140728097,21.73913043478261,13.795151535779496,11.84285530181692
20190515,55500,56700,55100,56700,27265,5327,1179956,587.8775382679627,1985.9506539690256,4631.400975946839,3736.612770942207,5375.671469688943,55720.0,57200.0,61175.0,63435.0,61037.5,57996.2729767694,60259.114044318885,-2262.841067549496,-1689.7789902892334,-573.0620772602631,19.12568306010929,70437.80195189368,4631.400975946839,51912.19804810632,35.22727272727273,20.939191932943906,14.874967512192583
20190516,56100,56800,55200,55800,24533,-4154,1181298,527.6362383309166,1610.5899540230594,4655.671272759852,3765.8996269109853,5342.891435254564,55840.0,56700.0,60685.0,63200.0,61063.33333333334,57658.384826497175,59928.80930029528,-2270.424473798092,-1805.9080869910047,-464.51638680708646,21.47239263803681,69996.3425455197,4655.671272759852,51373.657454480286,25.0,22.292794621962603,17.347576548782587
20190517,55600,56500,55200,55700,16316,-3737,1184522,466.476151587624,1125.3888216967503,4675.906329258673,3831.007990358468,5313.221454282693,55920.0,56250.0,60230.0,62993.33333333334,61086.66666666666,57357.09485318992,59615.56416694008,-2258.469313750153,-1896.4203323428349,-362.0489814073178,25.92592592592593,69581.81265851733,4675.906329258673,50878.187341482655,23.863636363636363,22.816408535853856,19.17052054447301
20190520,56400,56600,55500,56300,14232,6612,1183889,360.0,558.9275444992849,4418.302841589893,3883.3705291453693,5270.366843654656,56120.0,55960.0,59660.0,62810.0,61120.0,57194.46487577607,59369.96682124082,-2175.501945464719,-1952.236654967212,-223.26529049750732,33.60655737704918,68496.60568317979,4418.302841589893,50823.39431682022,37.5,27.71093902390257,22.017326704282862
20190521,55700,56500,55500,56000,19444,18,1189627,363.318042491699,540.0,4076.3801343840996,3932.7174659050593,5245.0849347031435,56100.0,55920.0,59075.0,62620.0,61140.83333333334,57010.701048733616,59120.33964929704,-2109.638600563434,-1983.7170440864566,-125.92155647697768,22.93577981651376,67227.76026876821,4076.3801343840996,50922.2397312318,33.80281690140845,29.741564983071196,24.592072797212307
20190522,55700,56600,55300,55800,18097,-5694,1194501,213.5415650406261,453.4313619501854,3550.4189893590496,3979.9117103511458,5208.230398985489,55920.0,55820.0,58455.0,62428.33333333334,61168.33333333334,56824.43934892843,58874.38856416393,-2049.949215235487,-1996.9634783162626,-52.98573691922435,25.00000000000001,65555.83797871809,3550.4189893590496,51354.1620212819,38.59649122807017,32.69320706473752,27.292450886387382
20190523,56400,56500,55200,55800,10337,-1198,1198837,213.5415650406261,404.4749683231337,2833.8092737517354,4029.2458627130345,5173.73649363622,55920.0,55880.0,57845.0,62246.66666666666,61194.16666666666,56666.83329524715,58646.65607792956,-1979.8227826824148,-1993.5353391894928,13.71255650707826,26.59574468085107,63512.61854750348,2833.8092737517354,52177.381452496535,68.75,44.71213804315835,33.099013271977704
20190524,56300,57600,55200,57500,31553,7978,1207105,636.8673331236263,586.5151319446072,2293.528940301677,4039.183085720158,5130.334351246826,56280.0,56100.0,57465.0,62100.0,61231.66666666666,56795.012788286054,58561.718590675526,-1766.7058023894715,-1948.1694318294888,181.46362944001729,41.58415841584159,62052.05788060335,2293.528940301677,52877.94211939665,97.5,62.30809202877223,42.835372857575884
20190527,57500,57700,56000,57000,22190,-331,1207920,699.7142273814361,576.2811813689564,2020.5135485814826,4055.221599640391,5101.072803835254,56420.0,56270.0,57205.0,61946.66666666666,61257.5,56826.54928239589,58446.03573210696,-1619.4864497110755,-1882.4328354058066,262.9463856947307,53.84615384615386,61246.027097162965,2020.5135485814826,53163.97290283704,82.92682926829268,69.18100444194572,51.617250052365826
20190528,56600,57400,56100,56100,30890,-1050,1207936,688.7670143089026,576.2811813689564,1902.754582178515,4094.756470844541,5079.702255056653,56440.0,56270.0,56995.0,61788.33333333334,61275.0,56714.77246971959,58272.255307506435,-1557.4828377868546,-1817.442835882016,259.9599980951616,45.783132530120476,60800.50916435702,1902.754582178515,53189.490835642966,57.89473684210527,65.4189152419989,56.21780511557685
20190529,56700,56900,55300,55600,21916,-11344,1213010,729.3833011524188,588.5575587824865,1554.2200616390635,4115.134667699337,5056.450706773244,56400.0,56160.0,56680.0,61600.0,61292.5,56543.26901283966,58074.31046991338,-1531.0414570737196,-1760.1625601203564,229.12110304663727,52.77777777777778,59788.440123278124,1554.2200616390635,53571.55987672188,30.0,53.612610161332604,55.34940679749544
20190530,56700,56700,55100,55700,22246,-2276,1211802,746.7261881037787,595.3990258641678,1244.9397575791907,4115.291268208089,5021.199433405092,56380.0,56150.0,56425.0,61406.66666666666,61317.5,56413.53531855664,57898.435620290176,-1484.9003017335272,-1705.1101084429904,220.2098067094637,52.77777777777778,58914.879515158376,1244.9397575791907,53935.120484841624,23.076923076923077,43.43404779986276,51.377620464951214
20190531,55100,56000,55100,55300,21263,-8175,1212068,588.5575587824865,636.3175307973213,916.8424073968956,4082.910182152306,5009.187115249657,55940.0,56110.0,56180.0,61186.66666666666,61326.66666666666,56242.222192624846,57705.95890767608,-1463.7367150512287,-1656.8354297646383,193.09871471340944,50.0,58013.68481479379,916.8424073968956,54346.31518520621,7.6923076923076925,31.52013443067774,44.75845845352672
20190603,54700,56000,54500,55800,24389,-2364,1214451,260.768096208106,639.0618123468182,602.4118192742695,4073.6947466466163,4995.799277062109,55700.0,56060.0,56010.0,61003.33333333334,61337.5,56174.1880091441,57564.776766366725,-1390.588757222635,-1603.5860952562382,212.99733803360328,47.94520547945205,57214.823638548536,602.4118192742695,54805.17636145146,40.625,34.55508962045183,41.35733550916842
20190604,56500,56600,55300,56300,21691,-4185,1216280,326.1901286060018,642.5729530566937,599.5623403794931,4064.6562653590804,4973.1913937547715,55740.0,56090.0,56005.0,60841.66666666666,61355.83333333334,56193.54370004501,57471.08959848771,-1277.5458984427096,-1538.3780558935325,260.83215745082293,47.22222222222222,57204.124680758985,599.5623403794931,54805.875319241015,56.25,41.786726413634554,41.50046581065713
20190605,56200,56700,55900,56500,9162,-620,1217928,430.81318457076037,645.2906321960671,583.0094338870814,4059.902502930401,4942.3948311212735,55920.0,56160.0,55990.0,60695.0,61380.0,56240.690823115,57399.157035636774,-1158.4662125217653,-1462.3956872191793,303.92947469741375,55.384615384615394,57156.01886777416,583.0094338870814,54823.98113222584,62.5,48.691150942423036,43.8973608545791
20190607,57200,57200,56000,56300,10717,771,1218449,436.3484845854286,634.744042902334,557.2028356005874,4047.1883244173937,4908.934881081055,56040.0,56210.0,56045.0,60540.0,61405.0,56249.815311866536,57317.73799595997,-1067.9226840934207,-1383.5010865940278,315.5784025006071,54.54545454545456,57159.40567120117,557.2028356005874,54930.59432879883,56.25,51.21076729494869,46.33516300136896
20190610,56800,57400,56200,56500,13674,-3265,1222208,256.12496949731394,484.6648326421054,538.0288096387917,4049.596687733288,4871.997579709402,56280.0,56110.0,56105.0,60410.0,61432.5,56288.30526388707,57257.16481107404,-968.859547186963,-1300.572778712615,331.713231525652,51.61290322580646,57181.057619277584,538.0288096387917,55028.942380722416,62.5,54.97384486329912,49.21472362201234
20190611,56300,57700,56200,57700,13091,-1185,1224687,527.6362383309166,635.2952069707436,608.1734949842316,4004.679207567389,4827.003829732251,56660.0,56180.0,56225.0,60276.66666666666,61469.16666666666,56505.4890694429,57289.96741766112,-784.4783482182393,-1197.3538926137398,412.87554439550064,61.971830985915496,57441.346989968464,608.1734949842316,55008.653010031536,100.0,69.98256324219942,56.137336828741375
20190612,57800,58800,57500,58700,23911,-801,1224503,924.3376006633074,985.0888284819804,811.4647250505318,3934.2721337229827,4799.530937732334,57140.0,56440.0,56355.0,60151.66666666666,61498.33333333334,56843.10613568246,57394.414275612166,-551.308139929708,-1068.1447420769334,516.8366021472253,68.35443037974683,57977.929450101066,811.4647250505318,54732.07054989893,97.67441860465115,79.21318169634999,63.829285117944245
20190613,59000,60000,58300,60000,54789,-2375,1226504,1385.063175454463,1404.8487463068757,1135.605565326859,3867.4007923740996,4754.785893067791,57840.0,56880.0,56520.0,60056.66666666666,61546.66666666666,57328.78211480822,57587.420625566825,-258.6385107585884,-906.2434958132643,647.604985054676,72.82608695652173,58791.21113065372,1135.605565326859,54248.78886934628,100.0,86.14212113089998,71.26689712226282
20190614,60000,60300,58800,59400,32474,-8636,1233780,1243.5433245367853,1527.2524349301266,1282.9653151980901,3832.148730001979,4722.158095972742,58460.0,57250.0,56700.0,59978.33333333334,61582.5,57647.431020222364,57721.68576441372,-74.25474419137026,-739.8457454888855,665.5910012975153,61.72839506172841,59265.93063039617,1282.9653151980901,54134.06936960382,84.48275862068965,85.5890002941632,76.04093151289628
20190617,59900,61000,59000,59600,18347,-1092,1237702,808.4553172563095,1523.0233090796744,1406.582738412972,3786.861790742973,4692.766300976763,59080.0,57680.0,56895.0,59896.66666666666,61616.66666666666,57947.826247880446,57860.82015223492,87.00609564551996,-574.4753772620045,661.4814729075242,66.66666666666667,59708.16547682595,1406.582738412972,54081.83452317405,78.46153846153847,83.21317968328829,78.43168090302696
20190618,59200,60800,59200,60600,28711,-4683,1234219,631.18935352238,1608.8505213350304,1612.7306036661346,3765.0774671047825,4662.325287167434,59660.0,58160.0,57110.0,59855.0,61657.5,58355.85297897576,58063.72236318048,292.13061579527863,-401.1541786505479,693.2847944458266,78.48101265822784,60335.46120733228,1612.7306036661346,53884.538792667736,93.84615384615384,86.75750440424348,81.20695540343246
20190619,60200,62100,60100,61800,23898,4434,1241739,863.4813257969162,1806.9034285207385,1885.4707634968345,3771.431720472885,4631.309435069189,60280.0,58710.0,57400.0,59871.66666666666,61707.5,58885.72175144102,58340.48366961156,545.2380818294696,-211.8757265545444,757.113808384014,86.04651162790701,61170.94152699367,1885.4707634968345,53629.05847300633,96.05263157894737,89.85588012914478,84.08993031200323
20190620,61600,62200,61400,62000,11139,708,1244477,1077.7754868245984,1885.8419870180005,2094.9701668523435,3781.2442837378535,4614.504231830663,60680.0,59260.0,57710.0,59905.0,61745.83333333334,59364.841481988566,58611.558953344036,753.2825286445222,-18.844075514730985,772.1266041592532,86.20689655172414,61899.94033370469,2094.9701668523435,53520.05966629531,97.10144927536231,92.27106984455061,86.81697682285237
20190621,61600,63000,61200,63000,30186,-378,1254604,1179.83049630021,1905.282131339084,2340.106835168287,3799.521534200821,4603.72916473697,61400.0,59930.0,58070.0,59938.33333333334,61786.66666666666,59924.09663860571,58936.62866050375,987.467978101966,182.41833520860843,805.0496428933574,91.39784946236557,62750.213670336576,2340.106835168287,53389.786329663424,100.0,94.84737989636706,89.49377784735726
20190624,63400,63800,62500,63000,31091,-6756,1261950,890.8422980528035,1724.4129435839898,2568.944335714835,3813.925871791747,4586.565451284481,62080.0,60580.0,58345.0,59961.66666666666,61834.16666666666,60397.312540358675,59237.619130096056,1159.6934102626253,377.87335021941186,781.8200600432136,90.90909090909092,63482.888671429675,2568.944335714835,53207.11132857033,89.74358974358975,93.14611651210795,90.71122406894084
20190625,63300,63300,62300,62400,16158,2511,1265161,496.3869458396344,1501.4992507490638,2694.1185942718507,3826.5922611770693,4566.238118581101,62440.0,61050.0,58615.0,60005.0,61878.33333333334,60705.41830338043,59471.86956490376,1233.5487384766675,549.0084278708631,684.5403106058044,84.26966292134831,64003.2371885437,2694.1185942718507,53226.7628114563,81.57894736842105,89.29039346421233,90.23761386736466
20190626,62200,63200,61500,62300,21613,-6225,1272818,397.994974842648,1314.8764200486673,2743.1505609428978,3836.9037719914827,4542.576285059289,62540.0,61410.0,58925.0,60031.66666666666,61924.16666666666,60950.73856439883,59681.360708244225,1269.3778561545987,693.0823135276103,576.2955426269882,82.95454545454545,64411.301121885794,2743.1505609428978,53438.698878114206,80.26315789473685,86.28131494105384,88.9188475585944
20190627,61600,63200,61600,62700,21562,-3367,1281274,292.5747767665559,1274.2056348957178,2749.290817647587,3846.2748933900293,4516.769679025137,62680.0,61680.0,59280.0,60048.33333333334,61975.0,61219.85570833746,59904.963618744645,1314.8920895928168,817.4442687406515,497.44782085216514,85.55555555555556,64778.58163529517,2749.290817647587,53781.418364704834,82.53968253968253,85.03410414059674,87.62393308592851
20190628,62200,63000,61300,61500,20880,-62,1287093,503.5871324805669,1030.970416646375,2660.845730214613,3846.2748933900293,4484.800255681497,62380.0,61890.0,59570.0,60048.33333333334,62020.0,61262.9548301317,60023.114461800586,1239.8403683310976,901.9234886587407,337.9168796723564,75.0,64891.691460429225,2660.845730214613,54248.308539570775,58.18181818181818,76.08334215433722,83.77706944206476
20190701,62800,63400,61700,62000,17738,-5162,1294339,406.9397989875161,694.3342134735982,2520.2132846252,3846.2748933900293,4430.073989854236,62180.0,62130.0,59905.0,60048.33333333334,62083.33333333334,61376.346394726825,60169.550427593145,1206.795967133672,962.8979843537272,243.89798277994487,73.11827956989248,64945.4265692504,2520.2132846252,54864.5734307496,64.0,72.0555614362248,79.86990010678477
20190702,61500,62400,61500,62100,14727,-2205,1299076,391.91835884530855,474.97368348151673,2377.099072399242,3845.363730804817,4393.663050351889,62120.0,62280.0,60220.0,60046.66666666666,62135.0,61487.677718615,60312.54669221588,1175.1310263991256,1005.3445927628067,169.78643363631852,70.23809523809524,64974.19814479849,2377.099072399242,55465.80185520151,64.58333333333334,69.56481873526099,76.4348729829435
20190703,62900,62900,61100,61500,14853,-55,1302222,445.42114902640174,512.3475382979799,2212.82624713314,3840.7884028572144,4359.13982340868,61960.0,62250.0,60480.0,60036.66666666666,62180.0,61489.57345421269,60400.50619649617,1089.0672577165096,1022.0891257535477,66.97813196296215,59.74025974025975,64905.65249426628,2212.82624713314,56054.34750573372,50.0,63.04321249017399,71.97098615202033
20190704,61500,62300,61000,62000,13081,-1489,1305001,263.8181191654584,512.3475382979799,2035.7983691911472,3828.728756239569,4325.736209020083,61820.0,62250.0,60755.0,60018.33333333334,62227.5,61568.100615103045,60518.98721897794,1049.1133961251037,1027.4939798278588,21.619416297244697,67.10526315789474,64826.596738382286,2035.7983691911472,56683.403261617714,51.35135135135135,59.14592544389978,67.69596591598015
20190705,62900,64800,61900,64400,37451,10621,1308741,1021.763181955584,805.5432949258533,1911.1253229449228,3849.72726306253,4298.095185340787,62400.0,62390.0,61160.0,60040.0,62293.33333333334,62003.77744354874,60806.469647201804,1197.3077963469334,1061.4567431316736,135.85105321525953,74.48979591836735,64982.250645889835,1911.1253229449228,57337.749354110165,89.47368421052632,69.25517836610862,68.21570339935631
20190708,64700,64800,62900,63500,22718,1828,1308757,1078.8883167408944,855.8037158133867,1648.6054713003155,3838.145892075469,4279.631912394217,62700.0,62440.0,61510.0,60028.33333333334,62340.83333333334,62233.96552915662,61005.99041407575,1227.9751150808736,1094.7604175215138,133.21469755935982,64.94845360824742,64807.21094260063,1648.6054713003155,58212.78905739937,65.78947368421053,68.09994347214258,68.17711675695175
20190709,62800,63400,61200,61900,27802,7456,1304154,1103.8115781237302,871.1486669908875,1398.4276885135446,3812.978931662255,4268.872802043581,62660.0,62390.0,61720.0,59995.0,62365.0,62182.58621697869,61072.213346366436,1110.3728706122492,1097.8829081396607,12.48996247258856,50.4950495049505,64516.85537702709,1398.4276885135446,58923.14462297291,23.684210526315788,53.29469915686698,63.21631089025683
20190710,62400,62400,59600,59800,26680,-7145,1306930,1571.4961024450556,1168.9311356961964,1296.485634321235,3749.931851228199,4268.872802043581,62320.0,62140.0,61775.0,59903.33333333334,62365.0,61816.03449128965,60977.97532070966,838.0591705799961,1045.9181606277277,-207.8589900477316,40.833333333333336,64367.97126864247,1296.485634321235,59182.02873135753,3.8461538461538463,36.8118507199626,54.41482416682542
20190711,59900,61100,59600,59600,18552,-2462,1308246,1923.122460999299,1372.6252219743014,1326.4520345648896,3695.4551666683374,4265.926937831484,61840.0,61830.0,61755.0,59816.66666666666,62369.16666666666,61475.106108014326,60875.90307473117,599.2030332831564,956.5751351588133,-357.372101875657,34.82142857142857,64407.90406912978,1326.4520345648896,59102.09593087022,0.0,24.5412338133084,44.45696071565308
20190712,59500,60900,59400,59900,13678,-1211,1310799,1526.5647709809107,1490.0,1285.9237924547995,3618.014725719388,4261.4355138751425,60940.0,61670.0,61780.0,59721.66666666666,62375.83333333334,61232.78209139674,60803.613958084425,429.1681333123197,851.0937347895148,-421.9256014771949,36.52173913043478,64351.8475849096,1285.9237924547995,59208.1524150904,9.25925925925926,19.447242295292018,36.12038790886606
20190715,59600,60900,59600,60800,10223,1911,1311229,855.5699854482974,1506.8178390236826,1208.4701072022158,3560.2165196281844,4253.339864157038,60400.0,61550.0,61840.0,59655.0,62390.0,61166.200231181865,60803.34625748557,362.8539736962848,753.4457825708687,-390.591808874584,43.22033898305085,64256.94021440442,1208.4701072022158,59423.05978559558,25.925925925925924,21.60680350550332,31.282526441078478
20190716,60300,61200,59600,60100,13791,-1098,1310405,412.7953488110058,1552.5785004308154,1238.6585485925227,3403.4831014989513,4254.9761717605,60040.0,61350.0,61815.0,59528.33333333334,62386.66666666666,61002.16942638465,60751.246534708866,250.92289167578565,652.9412043918522,-402.0183127160666,41.129032258064505,64292.31709718505,1238.6585485925227,59337.68290281495,12.962962962962962,18.725523324656532,27.096858735604496
20190717,59900,60800,59000,59700,16580,-11,1309849,426.14551505325034,1627.298374607435,1321.7034463151465,3233.183415763269,4255.492447678605,60020.0,61170.0,61710.0,59395.0,62385.83333333334,60801.835668479325,60673.376421026725,128.45924745259978,548.0448130040019,-419.5855655514019,37.903225806451616,64353.406892630286,1321.7034463151465,59066.593107369714,12.068965517241379,16.506670722184815,23.5667960644646
20190718,59300,59800,56700,56700,32460,-7283,1305845,1419.2955999368135,2072.775916494593,1710.986557516258,3040.6669589947064,4283.454521635114,59440.0,60640.0,61445.0,59203.33333333334,62354.16666666666,60170.784027174814,60379.05224169144,-208.2682145165964,396.78220749988213,-605.0504220164785,33.098591549295776,64866.97311503253,1710.986557516258,58023.02688496747,0.0,11.00444714812321,19.379346425684137
20190719,56800,57600,56500,57600,16526,-3434,1303776,1561.281524901899,1828.7700784953809,1863.5651316767373,2822.9003997011932,4303.591442688651,58980.0,59960.0,61175.0,59030.0,62304.16666666666,59775.27879222482,60173.19652008464,-397.91772785980004,237.84222042794568,-635.7599482877456,34.93150684931507,64902.13026335348,1863.5651316767373,57447.86973664652,13.253012048192772,11.753968781479733,16.837553877616003
20190722,57100,57400,56600,57000,19139,-1179,1300564,1407.6931483814221,1595.2742710894574,2021.8494009201904,2721.238994765638,4328.779578462772,58220.0,59310.0,60875.0,58895.0,62249.16666666666,59348.31282419025,59938.14492600429,-589.8321018140414,72.30735597954822,-662.1394577935896,33.11258278145695,64918.69880184037,2021.8494009201904,56831.30119815963,6.024096385542169,9.844011316167212,14.506373023799739
20190723,56600,57500,56600,57200,11146,404,1301513,1070.700705145934,1448.5855169785455,2139.9240640736148,2695.186553009263,4347.972388242172,57640.0,58840.0,60615.0,58811.66666666666,62188.33333333334,59017.80315893021,59735.3193759299,-717.5162169996913,-85.6573586162997,-631.8588583833913,35.374149659863946,64894.84812814723,2139.9240640736148,56335.15187185277,8.433734939759036,9.37391919069782,12.795555079432432
20190724,56700,57400,56000,56000,27733,-7709,1292685,536.6563145999495,1633.5237984186213,2324.435415321608,2711.776785301419,4377.416475505554,56900.0,58460.0,60300.0,58740.0,62115.0,58553.52574986402,59458.629051786964,-905.1033019229216,-249.54654727762417,-655.5567546452975,30.51948051948052,64948.870830643216,2324.435415321608,55651.129169356784,0.0,6.249279460465213,10.61346320644336
20190725,56000,56300,54200,54300,20931,-9428,1292729,1183.8918869558993,1997.0227840462912,2595.881353221163,2738.5803296942986,4419.8918256024635,56420.0,57930.0,59880.0,58613.33333333334,62017.5,57899.13717296188,59076.508381284206,-1177.3712083223363,-435.1114794865667,-742.2597288357698,15.646258503401361,65071.76270644232,2595.881353221163,54688.237293557664,1.2195121951219512,4.572690372017459,8.599872261634726
20190726,56900,60600,55300,60500,166863,13287,1318085,2028.7927444665213,2063.225629929989,2573.73269785371,2734.8547594930637,4379.250237074422,57000.0,57990.0,59830.0,58608.33333333334,61949.16666666666,58299.26991558312,59181.952204892776,-882.6822893096614,-524.6256414511856,-358.0566478584758,42.5,64977.46539570742,2573.73269785371,54682.53460429258,90.0,33.048460248011644,16.74940159042703
20190729,60000,61300,58600,60000,52026,13410,1314002,2357.116882973774,1965.9348921060434,2525.885983175277,2733.0340283220607,4320.00184863962,57600.0,57910.0,59730.0,58605.0,61865.83333333334,58560.92069780111,59242.54833786369,-681.6276400625866,-556.0260411734658,-125.60159888912074,44.97354497354497,64781.771966350556,2525.885983175277,54678.228033649444,81.69014084507043,49.26235378036457,27.58705232040621
20190730,59700,60600,58500,59600,43813,-6877,1319689,2468.5218248984547,1915.3067639414842,2466.672860352855,2734.9644523324005,4246.3310143417775,58080.0,57860.0,59605.0,58611.66666666666,61772.5,58720.77905198554,59269.02623876268,-548.247186777131,-554.4702702941988,6.2230835170679475,49.418604651162795,64538.345720705714,2466.672860352855,54671.654279294286,76.05633802816901,58.19368186296605,37.78926216792616
20190731,59800,60200,58500,59800,32232,324,1322851,2289.6287908741892,1925.123372669918,2428.909220205921,2723.753027629688,4196.463789115888,58840.0,57870.0,59520.0,58668.33333333334,61695.0,58886.813043987764,59308.357628483966,-421.54458449619415,-527.8851331345978,106.3405486384038,50.581395348837226,64377.81844041184,2428.909220205921,54662.18155958816,78.87323943661971,65.0868677208506,46.888464018900976
20190801,59300,60600,58800,60100,25422,2695,1312626,303.3150177620621,1987.6870981117727,2366.405502022284,2718.784450605684,4138.934293192016,60000.0,58210.0,59425.0,58723.33333333334,61617.5,59073.45719106657,59366.997804151826,-293.54061308524984,-481.01622912472834,187.4756160394785,50.581395348837226,64157.81100404457,2366.405502022284,54692.18899595543,83.09859154929578,71.09077566366567,54.955901233822544
20190802,60100,60500,58700,59500,30262,-1372,1313541,228.03508501982756,2010.9699152399082,2074.270956264233,2681.38179551136,4082.846144409126,59800.0,58400.0,59180.0,58795.0,61535.83333333334,59139.07916167171,59376.849818659095,-237.7706569873772,-432.3671146972582,194.5964577098809,46.153846153846146,63328.541912528475,2074.270956264233,55031.45808747153,74.64788732394366,72.276479550425,60.7294273393567
20190805,59300,60900,57800,58300,24355,2982,1317529,615.142259969188,1957.57503049053,1827.7308335751559,2643.446298546605,4032.262598925603,59460.0,58530.0,58920.0,58845.0,61445.0,59009.99005987607,59297.08316542508,-287.0931055490218,-403.31231286761084,116.219207318589,44.82758620689656,62575.46166715031,1827.7308335751559,55264.53833284969,57.74647887323944,67.43314599136313,62.964000223358845
20190806,55500,59200,55500,57800,39629,16628,1314821,892.1883209278185,1924.8116791000616,1708.0032201378706,2606.687979446073,3985.661453541913,59100.0,58590.0,58715.0,58886.66666666666,61351.66666666666,58823.83774297205,59186.188116134326,-362.35037316227687,-395.11992492654406,32.76955176426725,44.57142857142857,62131.00644027574,1708.0032201378706,55298.99355972426,50.70422535211267,61.85683911161298,62.59494651944356
20190807,57000,58500,55100,57400,45582,2882,1303848,1022.5458424931372,1776.5415840897167,1711.863020221342,2588.776523544535,3964.084506194317,58620.0,58730.0,58595.0,58908.33333333334,61269.16666666666,58604.78578251482,59053.87788530956,-449.09210279474786,-405.9143605001848,-43.17774229456304,52.34899328859061,62018.726040442685,1711.863020221342,55171.27395955732,45.07042253521127,56.26136691947908,60.483753319455396
20190808,57900,58200,56100,57400,44869,7998,1299365,783.3262411026456,1128.8932633336067,1714.4313926201114,2580.3617317409417,3925.121282630764,58080.0,59040.0,58485.0,58920.0,61177.5,58419.434123666375,58931.36841232366,-511.9342886572777,-427.11834613160346,-84.81594252567412,49.28571428571429,61913.86278524023,1714.4313926201114,55056.13721475979,45.07042253521127,52.531052124723146,57.832852921211305
20190809,57500,59600,57500,59500,23718,4428,1304237,783.3262411026456,1035.5674772799694,1700.080880429321,2549.0842582233386,3845.581790260507,58080.0,58940.0,58465.0,58981.66666666666,61090.83333333334,58585.675027717705,58973.489270670056,-387.81424295235047,-419.2575254957529,31.443282543402518,58.064516129032256,61865.16176085863,1700.080880429321,55064.83823914137,74.64788732394366,59.90333052446332,58.52301212229531
20190812,59100,60100,58600,59100,18208,-180,1305375,886.7919710958148,976.985158536198,1621.9124513984518,2513.038775836017,3795.5894542986625,58240.0,58850.0,58380.0,59038.33333333334,61015.83333333334,58664.80194653037,58982.860435805596,-318.0584892752377,-399.01771825165,80.95922897641229,56.05095541401275,61623.824902796914,1621.9124513984518,55136.175097203086,64.51612903225806,61.44093002706157,59.49565142388406
20190813,58900,59700,58600,59000,13049,3919,1301947,897.552226892675,947.0480452437456,1580.783033816259,2487.647259732659,3755.8606056290973,58480.0,58790.0,58325.0,59083.33333333334,60946.66666666666,58716.37087783339,58984.13003315334,-267.7591553199454,-372.76600566530914,105.00685034536366,60.273972602739725,61486.56606763253,1580.783033816259,55163.43393236748,62.903225806451616,61.92836195352492,60.306554933764346
20190814,58500,60000,58500,58600,17354,2006,1298809,719.444229944198,885.4942122905153,1550.838482886382,2456.0039811698384,3714.829142179119,58720.0,58670.0,58270.0,59126.66666666666,60873.33333333334,58698.467665859025,58955.675956623476,-257.2082907644435,-349.654462685136,92.4461719206925,66.16541353383458,61371.676965772764,1550.838482886382,55168.323034227236,60.3448275862069,61.400517164418915,60.6712090106492
20190816,58000,59100,57800,57900,18352,2725,1296748,541.8486873657627,768.439978137525,1511.6547224817361,2423.089740157274,3677.405108682077,58820.0,58450.0,58330.0,59161.66666666666,60795.0,58575.62648649608,58877.477737614325,-301.8512511182272,-340.09382037175425,38.24256925352717,33.333333333333336,61353.309444963474,1511.6547224817361,55306.690555036526,48.275862068965516,57.02563213260112,59.4560167179665
20190819,57700,60200,57700,59300,23546,-150,1303290,495.5804677345546,743.0343195303967,1516.006266478254,2383.2610711585744,3639.7191588889477,58780.0,58430.0,58415.0,59220.0,60733.33333333334,58687.06856549669,58908.77568297622,-221.70711747953462,-316.4164797933104,94.70936231377571,45.977011494252864,61447.012532956505,1516.006266478254,55382.987467043495,72.41379310344827,62.155019122883495,60.355684186272164
20190820,58700,60300,58700,59600,14965,2429,1301301,591.2698199637794,818.7795796183489,1500.491586114809,2373.143133757408,3605.122801888224,58880.0,58560.0,58545.0,59255.0,60677.5,58827.51955542027,58959.977484237235,-132.4579288169698,-279.6247695980423,147.1668407810725,50.0,61545.98317222962,1500.491586114809,55544.01682777039,77.58620689655173,67.2987483807729,62.67003891777241
20190821,59600,60200,58900,59900,10317,-834,1300567,722.772439983706,864.9277426467485,1494.857852774415,2356.19514376933,3570.01984121859,59060.0,58770.0,58680.0,59303.33333333334,60625.0,58992.51654689408,59029.60878170115,-37.092234807074426,-231.11826263984867,194.02602783277428,50.57471264367816,61669.71570554883,1494.857852774415,55690.28429445117,82.75862068965517,72.45203915040032,65.93070566198172
20190822,60500,60500,59000,60300,17637,3893,1299746,819.7560612767679,842.8523002282193,1400.1696325807584,2322.130248038542,3540.8637325163995,59400.0,59060.0,58895.0,59373.33333333334,60580.83333333334,59193.66784737192,59123.71183490848,69.95601246342994,-170.90340761919296,240.8594200826229,51.13636363636363,61695.33926516152,1400.1696325807584,56094.660734838486,96.29629629629629,80.40012486569897,70.75384539655414
20190823,60300,60300,59600,59600,8118,619,1299631,338.2306905057552,644.6704584514479,927.0382947868633,2269.669579468933,3494.176106994956,59740.0,59280.0,59160.0,59440.0,60520.0,59256.180486237776,59158.99243973008,97.18804650769744,-117.28511679381485,214.47316330151241,50.56179775280899,61014.07658957372,927.0382947868633,57305.92341042628,83.33333333333334,81.37786102157709,74.29518393822845
20190826,58700,59600,58400,58500,14069,-2248,1301029,597.9966555090423,679.4115100585211,883.9683252251377,2220.5454785229967,3443.0832435841558,59580.0,59180.0,59060.0,59486.66666666666,60446.66666666666,59139.84502681657,59110.178184935256,29.666841881320572,-87.89472505878778,117.56156694010835,51.13636363636363,60827.93665045028,883.9683252251377,57292.063349549724,54.54545454545454,72.43372552953623,73.67469780199771
20190827,58500,59000,58000,58100,13120,-588,1302639,840.0,753.3923280734946,879.9289744072162,2160.68404805568,3369.381743489615,59280.0,59080.0,58965.0,59533.33333333334,60360.0,58979.86886884479,59035.350171236336,-55.48130239155578,-81.41204052534141,25.9307381337856,51.72413793103448,60724.857948814424,879.9289744072162,57205.142051185576,20.0,54.95581701969082,67.43507087456207
20190828,58500,59000,57100,58800,19264,7501,1298384,791.4543574963751,757.8918128598567,868.2597537611282,2107.776606329278,3320.0836669553005,59060.0,59060.0,58925.0,59583.33333333334,60293.33333333334,58952.19673517637,59017.91682521884,-65.72009004247957,-78.27365042876903,12.553560386289465,57.77777777777778,60661.519507522265,868.2597537611282,57188.480492477735,50.0,53.30387801312721,62.72467325408379
20190829,58400,59100,58100,59000,7972,-834,1301858,501.9960159204453,742.9670248402684,845.1479160486259,2065.5985142783647,3280.5652460149518,58800.0,59100.0,58885.0,59628.33333333334,60235.0,58959.55108361077,59016.58965298041,-57.03856936964439,-74.02663421694409,16.98806484729971,58.69565217391305,60575.29583209725,845.1479160486259,57194.704167902746,55.88235294117647,54.1633696558103,59.87090538799263
20190830,58500,59800,58500,58900,13882,470,1302522,326.1901286060018,634.0346993658942,798.0444849764549,2027.5183243370057,3249.666222180884,58660.0,59200.0,58825.0,59668.33333333334,60181.66666666666,58950.38937843988,59007.95338238928,-57.56400394939556,-70.73410816343441,13.170104214038847,45.83333333333334,60421.08896995291,798.0444849764549,57228.91103004709,52.94117647058824,53.755971927402946,57.83259423446273
20190902,58500,61100,58500,60700,24539,4626,1309601,860.2325267042627,778.7168933572714,886.7214895339657,1983.4558785586944,3211.8918577037084,59100.0,59340.0,58885.0,59741.66666666666,60140.83333333334,59219.56024329527,59133.290168878964,86.27007441632307,-39.3332716474829,125.60334606380594,59.30232558139535,60658.44297906793,886.7214895339657,57111.55702093207,90.0,65.83731461826864,60.50083436239803
20190903,60300,61500,60300,60700,13753,427,1310854,884.0814442120137,878.9197915623473,958.8925904403136,1941.4849700308623,3189.6393692051433,59620.0,59450.0,59005.0,59811.66666666666,60110.83333333334,59447.32020586522,59249.342748962,197.9774569032379,8.128874062661271,189.84858284057663,60.0,60922.78518088062,958.8925904403136,57087.21481911938,81.81818181818183,71.16427035157302,64.05531302545636
20190904,60300,61600,60200,61600,19881,5773,1310278,1057.1660229122008,1088.852607105296,1071.202595217793,1934.9734422438726,3151.3154219970947,60180.0,59620.0,59195.0,59876.66666666666,60076.66666666666,59778.5017126552,59423.46550829816,355.0362043570494,77.51034012153893,277.5258642355105,66.66666666666666,61337.40519043559,1071.202595217793,57052.59480956441,100.0,80.77618023438201,69.62893542843157
20190905,60800,62100,60800,61400,19291,-438,1311451,952.0504188329525,1201.7071190602146,1090.6305515624138,1938.478068534468,3103.43716260698,60660.0,59730.0,59395.0,59921.66666666666,60036.66666666666,60027.96298763133,59569.87547064644,458.08751698488777,153.62577549420868,304.46174149067906,70.58823529411767,61576.26110312482,1090.6305515624138,57213.73889687518,86.0,82.51745348958801,73.92510811548372
20190906,60900,62000,60000,60100,13865,-1755,1311179,540.3702434442519,1205.6533498481226,998.5489472235877,1938.5876875161264,3059.722209617705,60900.0,59780.0,59530.0,59923.33333333334,59990.0,60039.04560491883,59609.143954302264,429.90165061655716,208.8809505186784,221.0207000978788,54.76190476190475,61527.09789444718,998.5489472235877,57532.90210555282,60.0,75.01163565972534,74.28728396356426
20190909,59700,62500,59700,61600,27753,6262,1312746,591.2698199637794,1234.868414042565,1095.5706275732914,1949.119459302992,3040.115015189953,61080.0,60090.0,59635.0,59960.0,59969.16666666666,60279.19243493131,59756.61477250209,522.5776624292192,271.62029290078664,250.9573695284327,60.41666666666666,61826.14125514657,1095.5706275732914,57443.858744853416,83.33333333333334,77.78553488426134,75.45336760379662
20190910,61600,63800,61600,63400,31317,15405,1312719,1051.4751542475933,1394.130553427476,1359.5955280896355,1997.529029123024,3028.0741954848436,61620.0,60620.0,59850.0,60023.33333333334,59960.0,60759.31667571111,60026.49515972415,732.8215159869577,363.86053751802086,368.96097846893684,65.76576576576576,62569.191056179276,1359.5955280896355,57130.808943820724,94.02985074626866,83.20030683826378,78.03568068195234
20190911,63600,64600,63500,64000,29714,5836,1310868,1417.039166713468,1576.1979571107174,1615.8589047318876,2060.3235991708457,3036.943707637858,62100.0,61140.0,60100.0,60080.0,59967.5,61257.88334098633,60320.82885159644,937.0544893898914,478.4993278923951,458.55516149749633,66.3716814159292,63331.71780946378,1615.8589047318876,56868.28219053622,92.0,86.13353789217585,80.7349664186935
20190916,64600,64900,63200,63600,15872,923,1315380,1471.8695594379278,1555.6349186104044,1745.9954180928812,2097.9116600325005,3053.9590652544894,62540.0,61600.0,60350.0,60110.0,59990.83333333334,61618.20898083457,60563.730418144856,1054.4785626897356,593.6951748518633,460.78338783787234,68.18181818181817,63841.99083618576,1745.9954180928812,56858.00916381424,83.33333333333334,85.20013637256169,82.22335640331623
20190917,63000,64500,62500,63700,18989,5585,1313961,852.2910301065007,1378.9851340750558,1795.939865363352,2134.4079324696168,3072.5175164540124,63260.0,62080.0,60640.0,60138.33333333334,60021.66666666666,61938.484522244646,60796.04668346745,1142.4378387772013,703.443707636931,438.9941311402703,76.0,64231.8797307267,1795.939865363352,57048.1202692733,82.35294117647058,84.25107130719799,82.89926137127681
20190918,63700,64200,63000,63100,11074,1638,1313239,300.66592756745814,1325.745073534124,1844.4782460092435,2136.6796671394154,3083.998914653407,63560.0,62320.0,60830.0,60140.0,60039.16666666666,62117.17921113009,60966.70989209951,1150.4693190305914,792.8488299156631,357.62048911492843,74.50980392156862,64518.956492018486,1844.4782460092435,57141.04350798152,71.875,80.12571420479865,81.97474564911742
20190919,62800,63700,62000,62200,18996,2072,1305710,630.5553108173779,1214.1251994749139,1844.8306155312296,2121.23129860683,3087.010307549479,63320.0,62470.0,60960.0,60126.66666666666,60044.16666666666,62129.92087095622,61058.06471490693,1071.856156049289,848.6502951423885,223.20586090690048,66.34615384615384,64649.66123106246,1844.8306155312296,57270.33876893754,57.8125,72.68797613653244,78.8791558115891
20190920,62100,62900,61500,62900,12233,1426,1302985,540.3702434442519,1183.2159566199232,1874.2731924672387,2131.1049559560256,3097.8110551421887,63100.0,62600.0,61110.0,60135.0,60070.0,62248.39458311682,61194.50436565457,1053.8902174622344,889.6982796063577,164.19193785587674,67.88990825688074,64858.54638493448,1874.2731924672387,57361.453615065526,61.53846153846154,68.97147127050881,75.57659429789567
20190923,62800,63200,61900,61900,7400,96,1302154,643.7390775772433,1141.2712210513328,1872.1378154402344,2124.9385611955668,3101.762939581484,62760.0,62650.0,61190.0,60128.33333333334,60080.0,62194.795416483474,61246.76330153201,948.0321149514419,901.3650466753746,46.667068276067425,62.711864406779654,64934.27563088048,1872.1378154402344,57445.72436911952,42.30769230769231,60.083544949569976,70.41224451512043
20190924,62500,62600,61800,62300,9012,3136,1300993,448.998886412873,784.9203781276162,1849.8310733689536,2117.4742553781416,3104.852385116105,62480.0,62870.0,61325.0,60121.66666666666,60085.0,62210.980737024474,61324.780834751866,886.1999022726013,898.33201779482,-12.132115522218669,57.69230769230769,65024.66214673791,1849.8310733689536,57625.33785326209,50.0,56.72236329971332,65.84895077665139
20190925,62700,62900,61300,61600,14365,4973,1300860,435.4308211415448,784.9203781276162,1732.8012003693134,2118.597544490824,3105.245450134882,62180.0,62870.0,61480.0,60123.33333333334,60085.83333333334,62116.983700559176,61345.16743958506,771.8162609741121,873.0288664306786,-101.21260545656641,54.05405405405405,64945.60240073862,1732.8012003693134,58014.39759926138,36.53846153846153,49.99439604596273,60.56409919975517
20190926,60600,61800,59900,61000,29618,6021,1305944,640.6246951218786,938.1364506296512,1556.2374497490205,2107.673809880427,3101.4368310018017,61940.0,62630.0,61625.0,60106.66666666666,60077.5,61945.140054319294,61319.59948109728,625.5405732220242,823.5312077889478,-197.9906345669234,47.22222222222222,64737.47489949804,1556.2374497490205,58512.52510050196,25.0,41.66293069730849,54.26370969893961
20190927,61100,61400,60100,60100,8668,-628,1302860,767.8541528180988,1086.4621484432857,1461.1296999244573,2091.639442046006,3095.329815495354,61380.0,62240.0,61690.0,60073.33333333334,60060.0,61661.27235365479,61229.25877879378,432.0135748610192,745.2276812033621,-313.21410634234286,44.34782608695652,64612.259399848925,1461.1296999244573,58767.740600151075,4.0,29.108620464872327,45.878679954250515
20190930,59800,60800,59300,60300,12479,2069,1301240,816.3332652783421,1123.7882362794155,1365.8239271594764,2083.6239797179933,3089.7640147258007,61060.0,61910.0,61755.0,60053.33333333334,60045.0,61451.8458377079,61160.424795179424,291.4210425284837,654.4663534683864,-363.0453109399027,50.96153846153846,64486.647854318944,1365.8239271594764,59023.352145681056,17.857142857142858,25.358127928962503,39.038495945821175
20191001,60300,61700,59800,61500,13609,4190,1298090,609.9180272790762,954.4108130150244,1201.7799299378132,2076.810455153196,3079.988726535115,60900.0,61690.0,61885.0,60045.0,60031.66666666666,61459.25417036822,61185.57851405501,273.67565631321486,578.3082140373522,-304.6325577241372,49.504950495049506,64288.559859875626,1201.7799299378132,59481.44014012437,39.285714285714285,30.000656714546427,36.02588286872959
20191002,61500,61500,59600,59700,14426,-3691,1296960,646.2197768561405,996.2429422585637,1268.966114599336,1998.221431387376,3067.2445107810913,60520.0,61350.0,61835.0,59966.66666666666,60003.33333333334,61188.59968261928,61075.53566116205,113.06402145722677,485.259375521327,-372.1953540641002,31.683168316831683,64372.93222919868,1268.966114599336,59297.067770801325,7.6923076923076925,22.56454037380018,31.53876870375312
20191004,59600,60200,59100,59200,10081,1650,1297362,768.3749084919417,1136.8817000902072,1373.826772195583,1946.6573915219103,3043.823892559611,60160.0,61050.0,61760.0,59895.0,59961.66666666666,60882.661269908625,60936.607093668565,-53.94582375993922,377.41833566507376,-431.364159425013,26.0,64507.65354439116,1373.826772195583,59012.34645560884,1.9607843137254901,15.696621687108617,26.258053031538285
20191007,59000,60500,58600,59700,12734,4554,1296865,790.9487973314075,1014.9384217774002,1445.4324612382745,1929.1873648911762,3022.4088994680083,60080.0,60730.0,61665.0,59858.33333333334,59926.66666666666,60700.71338223037,60845.00656821162,-144.29318598125246,273.07603133580847,-417.369217317061,30.69306930693069,64555.864922476554,1445.4324612382745,58774.135077523446,21.568627450980394,17.65395694173254,23.390021001603035
20191008,60400,60400,59200,60400,15036,-648,1296116,797.4960814950755,938.9355675444403,1470.8076012862234,1930.4137437837253,2982.373099661313,60100.0,60580.0,61615.0,59868.33333333334,59885.83333333334,60654.44978496416,60812.04311871447,-157.59333375030837,186.94215831858511,-344.5354920688935,34.57943925233645,64556.61520257245,1470.8076012862234,58673.384797427556,39.130434782608695,24.81278288869126,23.864274963965773
20191010,59400,60200,58600,58600,28275,1772,1288192,597.9966555090423,917.0059977993601,1580.3164240117658,1936.964262840805,2950.32472318728,59520.0,60210.0,61540.0,59851.66666666666,59834.16666666666,60338.380587277374,60648.18807288378,-309.80748560640495,87.59222953358709,-397.39971513999205,31.09243697478992,64700.632848023524,1580.3164240117658,58379.367151976476,0.0,16.541855259127505,21.423468395686353
20191011,59700,59700,57200,57900,40523,-10011,1281910,863.9444426582071,1021.9589032832974,1767.9012981502487,1952.988450773773,2907.650827276416,59160.0,59840.0,61355.0,59818.33333333334,59770.0,59963.24511231162,60444.61858600349,-481.3734736918705,-26.20091111150445,-455.172562580366,31.62393162393162,64890.8025963005,1767.9012981502487,57819.1974036995,12.280701754385964,15.121470757546993,19.322802516306567
20191014,58000,58400,57600,58400,20654,3271,1277942,914.3303560529969,1024.4998779892558,1813.966647984834,1957.0463856338167,2873.3932708414263,59000.0,59580.0,61105.0,59778.33333333334,59716.66666666666,59722.74586426367,60293.165357410624,-570.419493146961,-135.0446275185958,-435.37486562836517,30.434782608695656,64732.93329596968,1813.966647984834,57477.06670403032,21.052631578947366,17.09852436468045,18.581376465764528
20191015,57800,59400,57800,58800,16320,3448,1275246,844.7484832777153,1032.7148686835105,1751.9917237251252,1960.5583104962,2779.708093192745,58820.0,59450.0,60845.0,59756.66666666666,59642.5,59580.784962069265,60182.560516120975,-601.7755540517028,-228.39081282521724,-373.3847412264855,35.77981651376147,64348.98344745026,1751.9917237251252,57341.01655254974,34.78260869565217,22.993219141671023,20.051990691066692
20191016,58600,59200,58100,59100,13613,826,1274301,402.98883359219775,996.0421677820674,1670.8081876748556,1962.3511974641647,2680.124245674098,58560.0,59330.0,60620.0,59746.66666666666,59570.83333333334,59506.81804482784,60102.370848260136,-595.5528034323142,-301.8232109466366,-293.72959248567764,35.18518518518517,63961.61637534972,1670.8081876748556,57278.38362465028,42.22222222222222,29.402886835188088,23.16895607244049
20191017,59300,59600,58700,58700,11743,1113,1271725,406.9397989875161,694.6221994724903,1561.76182563198,1926.9838262511448,2561.756667259825,58580.0,59050.0,60370.0,59780.0,59491.66666666666,59382.6921917774,59998.491526166814,-615.799334389405,-364.61843563519034,-251.18089875421464,36.19047619047621,63493.52365126397,1561.76182563198,57246.47634873603,33.33333333333333,30.71303566790317,25.683649270928054
20191018,59300,59300,57700,58100,45125,-6682,1271131,342.92856398964494,710.5631569396206,1503.8616957690408,1918.6011976235168,2443.0853387162274,58620.0,58890.0,60120.0,59788.33333333334,59409.16666666666,59185.354931503934,59857.86252422853,-672.507592724578,-426.196267053068,-246.31132567151002,36.19047619047621,63127.72339153808,1503.8616957690408,57112.27660846192,20.0,27.142023778602113,26.169774106819407
20191021,58400,58500,56700,57100,29104,-5479,1264521,708.801805866774,878.4076502399098,1560.8571363200845,1916.2202378554607,2395.574478775667,58360.0,58680.0,59865.0,59790.0,59342.5,58864.53109588795,59653.57641132271,-789.0453154347632,-498.7660767294072,-290.27923870535614,35.849056603773604,62986.714272640165,1560.8571363200845,56743.28572735984,8.333333333333332,20.872460296845855,24.404002836828223
20191022,57400,58200,56800,57900,15101,1890,1262721,688.1860213634102,834.2661445845685,1451.3011403569333,1902.4976273806672,2384.6989094887576,58180.0,58500.0,59615.0,59801.66666666666,59306.66666666666,58716.14169652056,59523.68186233585,-807.5401658152841,-560.5208945465827,-247.01927126870143,39.285714285714285,62517.602280713865,1451.3011403569333,56712.397719286135,31.57894736842105,24.441289320704254,24.4164316647869
20191023,57900,58900,57200,58200,15923,318,1265755,521.5361924162119,543.6910887627273,1382.4254048596383,1849.3324621393567,2385.050517756429,58000.0,58280.0,59430.0,59838.33333333334,59289.16666666666,58636.73528167125,59425.63135401468,-788.8960723434358,-606.1959301059533,-182.70014223748242,33.98058252427184,62194.850809719275,1382.4254048596383,56665.14919028073,39.473684210526315,29.452087617311605,26.0949836489618
20191024,57600,59100,57600,58100,16944,-991,1266477,401.99502484483565,534.8831648126533,1242.4169992403254,1719.0590126158495,2375.3828638827868,57880.0,58230.0,59220.0,59901.66666666666,59257.5,58554.160622952586,59327.43643890249,-773.2758159498918,-639.6119072747409,-133.66390867515065,40.697674418604656,61704.83399848065,1242.4169992403254,56735.16600151935,37.83783783783784,32.24733769082035,28.14576832958132
20191025,58800,59500,57700,59300,19910,3481,1264309,705.4076835419362,608.3584469702053,1116.9042035919354,1718.9620576157104,2371.175868641547,58120.0,58370.0,59105.0,59881.66666666666,59245.0,58668.90514249836,59325.40411009488,-656.4989675965335,-642.9893193390998,-13.509648257433925,50.53763440860215,61338.808407183875,1116.9042035919354,56871.191592816125,74.28571428571429,46.26012988911833,34.183888849426985
20191028,59900,60200,58800,59800,15415,4407,1269175,749.933330370107,744.9161026585479,1043.3000527179777,1718.9232740844202,2370.111928914656,58660.0,58510.0,59045.0,59878.33333333334,59241.66666666666,58842.91973596015,59360.559361198975,-517.6396252388295,-617.9193805190456,100.27975528021614,50.53763440860215,61131.600105435966,1043.3000527179777,56958.399894564034,88.57142857142857,60.363896116555075,42.91055793846968
20191029,60100,60300,59500,59700,7759,429,1270609,730.479294709987,824.6211251235321,1026.584141705557,1718.70105989966,2370.4744895449835,59020.0,58600.0,59025.0,59880.0,59245.83333333334,58974.778238120125,59385.70311222128,-410.92487410115433,-576.5204792354674,165.59560513431313,45.977011494252864,61078.16828341111,1026.584141705557,56971.83171658889,83.33333333333334,68.0203751888145,51.28049702191796
20191030,59200,59700,58600,58600,9677,-2412,1271748,654.2170893518451,807.7747210701756,987.1170143409216,1726.4800413848416,2356.862173650285,59100.0,58550.0,58940.0,59860.0,59264.16666666666,58917.1200476401,59327.50288168638,-410.3828340462642,-543.2929501976267,132.91011615136256,50.0,60914.234028681836,987.1170143409216,56965.765971318164,52.77777777777778,62.93950938513559,55.166834476323835
20191031,59300,59900,58500,59500,16671,2741,1271597,426.14551505325034,856.7963585356791,807.7128202531734,1726.7985792501104,2346.0936800527684,59380.0,58630.0,58840.0,59850.0,59286.66666666666,59006.793886464686,59340.28044600589,-333.4865595411975,-501.3316720663408,167.8451125251434,59.7560975609756,60455.42564050635,807.7128202531734,57224.57435949365,77.77777777777779,67.88559884934965,59.40642260066577
20191101,59100,59500,58100,58600,9577,-701,1269787,531.4132102234569,838.8086790204308,784.3946710689302,1733.6690379943325,2316.9178520960368,59240.0,58680.0,58785.0,59835.0,59315.0,58944.21021162398,59285.444857412855,-341.23464578888525,-469.31226681084985,128.07762102196457,51.16279069767442,60353.78934213786,784.3946710689302,57216.21065786214,52.77777777777778,62.84965849215902,60.55416789783019
20191104,59100,60000,58200,59400,18749,3256,1271781,467.3328578219169,672.9784543356496,790.869774363223,1723.1237783521021,2287.5021250810228,59160.0,58910.0,58795.0,59853.33333333334,59349.16666666666,59014.33171752798,59293.93042353043,-279.59870600244176,-431.36955464916826,151.7708486467265,53.33333333333332,60376.739548726444,790.869774363223,57213.26045127356,75.0,66.89977232810601,62.6693693745888
20191105,59300,60000,59000,59700,10980,-1273,1272896,467.3328578219169,617.1709649683789,790.869774363223,1702.4320838044855,2257.369259170991,59160.0,59090.0,58795.0,59885.0,59385.83333333334,59119.819145600595,59324.00965141705,-204.1905058164557,-385.93374488262566,181.74323906617008,53.33333333333332,60376.739548726444,790.869774363223,57213.26045127356,83.33333333333334,72.37762599651512,65.9054549152309
20191106,59400,60300,59200,59600,14281,735,1272329,392.93765408777,555.0675634551167,726.2747414039229,1671.9341759937176,2237.2471924282213,59360.0,59230.0,58755.0,59921.66666666666,59415.0,59193.6931232005,59344.45338094171,-150.7602577412108,-338.8990474543428,188.138789713132,55.17241379310346,60207.549482807844,726.2747414039229,57302.450517192156,80.0,74.91841733101008,68.90977572049063
20191107,59100,60200,59100,59800,23449,5029,1268429,430.81318457076037,428.95221179054425,759.7861541258403,1639.5214410072456,2223.604275101615,59420.0,59400.0,58815.0,59961.66666666666,59440.83333333334,59286.97110424657,59378.197574946025,-91.22647069945377,-289.364532103365,198.13806140391117,60.240963855421676,60334.57230825168,759.7861541258403,57295.42769174832,83.87096774193549,77.90260080131854,71.90738408076659
20191108,60000,60300,59500,59800,15848,-2400,1270341,149.66629547095766,443.28320518603005,758.221603491575,1638.5630561122175,2198.6168316125877,59660.0,59450.0,58910.0,59966.66666666666,59474.16666666666,59365.898626670176,59409.44219902411,-43.543572353926706,-240.20034015347733,196.65676779955052,68.49315068493152,60426.44320698315,758.221603491575,57393.55679301685,81.48148148148148,79.09556102803953,74.3034430631909
20191111,59500,60100,58700,59500,11914,1836,1264086,116.619037896906,428.485705712571,759.1277889797838,1635.8348191435712,2171.224532896164,59680.0,59420.0,58965.0,59973.33333333334,59505.83333333334,59386.52960718246,59416.15018428157,-29.6205770991146,-198.08438754260482,168.4638104434902,61.764705882352935,60483.25557795957,759.1277889797838,57446.744422040436,69.23076923076923,75.8072970956161,74.80472774066597
20191112,59100,60700,58800,60400,18634,4887,1263785,312.40998703626616,516.6236541235796,819.4357814992796,1631.7645527227546,2152.6882418721493,59820.0,59490.0,59045.0,59996.66666666666,59540.0,59542.448129154385,59489.027948408875,53.4201807455247,-147.78347388497892,201.20365463050356,64.86486486486486,60683.87156299857,819.4357814992796,57406.12843700143,88.46153846153845,80.02537755092355,76.54494434408515
20191113,60900,60900,59400,59600,9840,-855,1262448,312.40998703626616,422.96571965113196,828.3115355959587,1622.49464986971,2128.0899103878573,59820.0,59590.0,59070.0,60013.33333333334,59570.0,59551.30226313064,59497.24810037857,54.054162752057884,-107.4159465575715,161.47010930962944,59.25925925925925,60726.62307119193,828.3115355959587,57413.37692880807,53.57142857142857,71.20739455775856,74.7657610819763
20191114,59500,60300,59300,60200,17101,3122,1261168,346.4101615137754,458.6937976471887,858.763646180563,1599.113469662441,2100.544902856593,59900.0,59660.0,59145.0,60051.66666666666,59606.66666666666,59651.1019149567,59549.303796646826,101.79811830986729,-65.57313358408376,167.37125189395104,55.99999999999999,60862.52729236113,858.763646180563,57427.47270763887,75.0,72.47159637183904,74.00103951193054
20191115,59800,61500,59700,61200,17678,6257,1264839,614.4916598294886,517.3006862551025,932.7379053095973,1602.7233766901886,2076.213835065359,60180.0,59920.0,59300.0,60083.33333333334,59651.66666666666,59889.393928040285,59671.57758948781,217.81633855247486,-8.895239156772009,226.7115777092469,58.75,61165.4758106192,932.7379053095973,57434.52418938081,91.17647058823529,78.70655444397113,75.5695444892774
20191118,60800,61500,59800,60000,13123,-2808,1260553,530.659966456864,487.4423042781577,794.6540127636273,1601.5305179630454,2067.041464677131,60280.0,59980.0,59445.0,60090.0,59672.5,59906.41024680332,59695.90517545168,210.50507135163932,34.984822944910285,175.52024840672908,51.64835164835166,61034.308025527265,794.6540127636273,57855.691974472735,55.88235294117647,71.09848727637291,74.0791920849759
20191119,59700,60100,58800,58800,12516,-2437,1259122,783.8367176906171,600.7495318350236,728.628849278791,1609.8749088637894,2054.0838387696294,59960.0,59890.0,59490.0,60071.66666666666,59687.5,59736.19328575665,59629.541829121925,106.65145663472505,49.31814968287323,57.333306951851796,51.08695652173913,60947.25769855758,728.628849278791,58032.74230144242,18.181818181818183,53.459597578188,67.20599391604661
20191120,58300,59400,57600,58000,17828,-1347,1253627,1120.0,827.1033792700888,747.395477643085,1631.2231266310082,2033.5901477231828,59640.0,59730.0,59480.0,60033.33333333334,59703.33333333334,59469.08662640947,59508.83502696475,-39.74840055527602,31.504839635243385,-71.2532401905194,41.75824175824176,60974.790955286175,747.395477643085,57985.209044713825,10.256410256410255,39.05853513759542,57.823507656562875
20191121,58900,58900,56600,57100,24725,2,1243187,1448.3093592185337,1141.2274094149686,862.6123115289598,1673.1498903333459,2012.8336507479846,59020.0,59460.0,59430.0,59991.66666666666,59715.83333333334,59104.611760808024,59330.402802745135,-225.79104193711825,-19.95433667922897,-205.8367052578893,41.75824175824176,61155.22462305793,862.6123115289598,57704.77537694207,10.204081632653061,29.4403839692813,48.36246642746901
20191122,56800,57400,56700,57000,9563,-837,1246218,1121.4276615100948,1348.1839637082173,1012.5586402778532,1706.1327289680041,1994.6066167501444,58180.0,59180.0,59315.0,59966.66666666666,59726.66666666666,58780.82533606832,59157.780372912166,-376.9550368438432,-91.3544767121518,-285.60056013169134,35.714285714285715,61340.117280555714,1012.5586402778532,57289.882719444286,8.16326530612245,22.348011081561683,39.690981312166564
20191125,57100,57700,57000,57700,10459,1903,1242464,655.4387843269576,1412.0906486483082,1064.377752492664,1714.17618696764,1961.884015154001,57720.0,59000.0,59210.0,59960.0,59746.66666666666,58614.54451513474,59049.796641585344,-435.25212645060674,-160.13400665984284,-275.1181197907639,38.63636363636363,61338.75550498533,1064.377752492664,57081.244495014675,22.448979591836736,22.38166725165337,33.92120995866217
20191126,57700,58100,57300,57600,10944,4657,1237475,376.2977544445356,1384.0520221436764,1113.317115650943,1734.473983652366,1938.3920885405987,57480.0,58720.0,59105.0,59940.0,59761.66666666666,58458.460743575546,58942.40429776421,-483.943554188656,-224.8959161656055,-259.04763802305047,38.63636363636363,61331.634231301876,1113.317115650943,56878.365768698124,20.408163265306122,21.72383258953762,29.85541750228732
20191127,58100,58200,57400,57600,10186,4816,1235203,289.8275349237888,1386.9390758068646,1156.4925421295786,1756.2428331115784,1922.5834398957113,57400.0,58520.0,59055.0,59916.66666666666,59772.5,58326.38985994856,58842.966942374274,-516.5770824257197,-283.23214941762836,-233.34493300809132,37.2093023255814,61367.98508425916,1156.4925421295786,56742.01491574085,20.408163265306122,21.28527614812712,26.998703717567253
20191128,57600,57900,56900,57800,6696,401,1234773,280.0,1278.9057822998536,1182.8355760634422,1772.4269299999676,1907.7182414908082,57540.0,58280.0,58970.0,59898.33333333334,59783.33333333334,58245.406804571845,58765.710131828026,-520.3033272561734,-330.64638498533736,-189.656942270836,38.63636363636363,61335.67115212689,1182.8355760634422,56604.32884787311,24.489795918367346,22.35344940487386,25.45028561333612
20191129,57000,58000,56900,57700,12220,-1390,1233285,74.83314773547883,833.1266410336426,1212.7963555359718,1791.3208968586334,1890.584124909871,57680.0,57930.0,58925.0,59848.33333333334,59795.0,58161.498065406944,58686.768640581504,-525.2705751745525,-369.5712230231805,-155.6993521513721,39.53488372093023,61350.592711071935,1212.7963555359718,56499.407288928065,22.448979591836736,22.385292800528152,24.42862134240013
20191202,57900,57900,57000,57100,6621,1923,1230810,241.66091947189145,500.39984012787215,1270.0000000005255,1821.8206705168286,1882.639990375542,57560.0,57640.0,58810.0,59788.33333333334,59800.0,57998.19067072895,58569.230222760634,-571.0395520316961,-409.8648888248837,-161.17466320681243,30.120481927710838,61350.000000001055,1270.0000000005255,56269.999999998945,10.204081632653061,18.324889077903123,22.39404392090113
20191203,56100,56800,55800,55800,30322,-17766,1228369,740.2702209328697,603.6555309114627,1410.0620553725055,1876.192213550895,1908.0529270044144,57200.0,57340.0,58615.0,59691.66666666666,59784.16666666666,57660.007490616794,58364.1020581117,-704.0945674949036,-468.71082455888774,-235.3837429360157,28.40909090909091,61435.12411074501,1410.0620553725055,55794.87588925499,0.0,12.216592718602081,19.001560186801445
20191204,56000,56000,54700,55000,15402,406,1220911,1101.635148313633,882.2698000045111,1593.8240178894705,1956.2570553568369,1954.6497270824384,56680.0,57040.0,58385.0,59585.0,59753.33333333334,57250.775568983445,58114.90931306639,-864.1337440829448,-547.7954084636992,-316.33833561924547,21.11111111111111,61572.64803577893,1593.8240178894705,55197.35196422107,5.555555555555555,9.996246997586573,15.99978912372982
20191205,55200,55400,54500,54500,13832,331,1223993,1215.5657119218195,1164.3023662262308,1767.6538122611382,2060.2824779276207,2011.970944959504,56020.0,56780.0,58120.0,59491.66666666666,59707.5,56827.57932760138,57847.13825283925,-1019.5589252378703,-642.1481118185335,-377.4108134193369,10.588235294117649,61655.30762452228,1767.6538122611382,54584.692375477716,0.0,6.664164665057715,12.887914304172453
20191206,54100,54900,53900,54000,16450,-646,1217232,1087.0142593360954,1426.043477598071,1936.0010330579205,2158.0720562498896,2077.6614457993987,55280.0,56480.0,57830.0,59365.0,59662.5,56392.56712335501,57562.16504892524,-1169.597925570226,-747.6380745688721,-421.95985100135385,11.53846153846154,61702.00206611584,1936.0010330579205,53957.99793388416,2.0,5.109443110038477,10.29509057279446
20191209,53900,54800,52500,53000,26835,-8814,1213510,941.4881836751857,1695.553007133661,2160.8968045701154,2243.010749459032,2164.145809173046,54460.0,56010.0,57505.0,59191.66666666666,59607.5,55870.633719761936,57224.226897153,-1353.5931773910636,-868.8290951333107,-484.7640822577528,11.842105263157894,61826.79360914022,2160.8968045701154,53183.20639085976,8.771929824561402,6.330272014879452,8.973484386822792
20191210,53000,53300,52500,52800,18302,-4465,1209493,847.5848040166836,1849.8918887329605,2283.1721354294195,2300.393082344795,2248.8390523470707,53860.0,55530.0,57125.0,59005.0,59542.5,55398.22853210625,56896.506386252775,-1498.2778541465232,-994.7188469359533,-503.55900721057,12.857142857142858,61691.34427085884,2283.1721354294195,52558.65572914116,5.263157894736842,5.974567308165248,7.973845360603611
20191211,53200,53700,52600,53600,22834,-767,1191111,627.3754856543247,1790.5585720662698,2331.9251703262985,2323.5814071217583,2303.1317748340352,53580.0,55130.0,56825.0,58838.33333333334,59474.16666666666,55121.577988705285,56652.32072801183,-1530.7427393065373,-1101.9236254100701,-428.8191138964671,24.63768115942029,61488.8503406526,2331.9251703262985,52161.1496593474,19.298245614035086,10.41579341012186,8.78782804377636
20191212,54000,54700,53600,54500,29189,4671,1189246,627.3754856543247,1556.9200364822848,2248.866381091001,2301.146453393677,2335.279545489901,53580.0,54800.0,56540.0,58685.0,59411.66666666666,55025.95060582756,56492.88956297393,-1466.9389571463614,-1174.9266917573284,-292.01226538903325,33.76623376623377,61037.732762182,2248.866381091001,52042.267237818,35.08771929824561,18.63976870616311,12.071808264571942
20191213,54700,55500,54300,54300,18579,-5037,1190006,677.0524351924303,1221.638244326036,2025.7035814751712,2295.509505285291,2357.692934258021,53640.0,54460.0,56195.0,58538.33333333334,59339.16666666666,54914.2658972387,56330.45329904992,-1416.1874018112287,-1223.1788337681085,-193.00856804312,26.38888888888889,60246.407162950345,2025.7035814751712,52143.592837049655,32.72727272727273,23.335603379866313,15.826406636336733
20191216,55000,55000,53700,53700,20447,-7420,1197964,597.9966555090423,858.8364221433555,1895.1517089672088,2327.227726041233,2388.7299042762343,53780.0,54120.0,55880.0,58396.66666666666,59261.66666666666,54727.45575920197,56135.60490652772,-1408.149147325741,-1260.172896479635,-147.97625084610604,24.675324675324678,59670.303417934425,1895.1517089672088,52089.69658206558,21.818181818181817,22.829796192638145,18.160869821770536
20191217,53500,54700,53500,54300,14028,3385,1197524,360.0,660.3786792439622,1799.8541607589584,2310.228463923352,2413.410306098729,54080.0,53970.0,55655.0,58253.33333333334,59194.16666666666,54661.693334709365,55999.63417271085,-1337.9408380014866,-1275.7264847840054,-62.21435321748118,30.120481927710838,59254.70832151792,1799.8541607589584,52055.29167848209,33.33333333333333,26.330975239536542,20.884238294359204
20191218,54000,54700,53700,53800,10156,-3879,1196716,312.40998703626616,564.3580423808985,1758.5434313662354,2329.770494173532,2445.735517640908,54120.0,53850.0,55445.0,58118.33333333334,59123.33333333334,54529.125129369466,55836.6983080656,-1307.5731786961333,-1282.0958235664314,-25.47735512970212,26.744186046511636,58962.08686273247,1758.5434313662354,51927.91313726753,30.23255813953488,27.631502872869323,23.133326487195912
20191219,53700,54500,53700,54500,10027,633,1196898,312.40998703626616,564.3580423808985,1727.2159679673339,2310.3456932217277,2459.3647553846154,54120.0,53850.0,55315.0,57988.33333333334,59055.0,54524.644340235696,55737.68361857925,-1213.0392783435527,-1268.2845145218555,55.24523617830278,32.608695652173914,58769.43193593468,1727.2159679673339,51860.56806406533,57.14285714285714,37.46862096286526,27.911757979085696
20191220,54900,55200,53900,54200,12817,155,1195427,303.3150177620621,572.8001396647875,1698.1975739004386,2311.768803311851,2488.248910160904,54100.0,53870.0,55175.0,57865.0,58994.16666666666,54474.69905712251,55623.78112831412,-1149.0820711916094,-1244.4440258558063,95.36195466419693,33.70786516853932,58571.39514780088,1698.1975739004386,51778.60485219913,56.666666666666664,43.86796953079906,33.230495162990145
20191223,54900,55500,54300,54800,20460,2121,1193855,331.058907144937,553.6244214266563,1597.2163284919595,2307.8916544878675,2501.815868307845,54320.0,54050.0,55030.0,57761.66666666666,58934.16666666666,54524.74535602674,55562.76030399455,-1038.0149479678148,-1203.1582102782081,165.1432623103933,43.90243902439025,58224.432656983925,1597.2163284919595,51835.56734301608,76.66666666666667,54.80086857608827,40.42061963402285
20191224,54800,55500,54400,55000,12051,-546,1183510,427.08313008125236,438.29214001622256,1484.5874847921004,2314.1137012230056,2510.187575998002,54460.0,54270.0,54900.0,57676.66666666666,58875.0,54597.86145509955,55521.07435555052,-923.2129004509696,-1147.1691483127604,223.95624786179062,50.0,57869.1749695842,1484.5874847921004,51930.8250304158,83.33333333333334,64.31169016183662,48.38430980996077
20191226,55300,56000,54500,55300,18679,2302,1180484,382.6225293941798,473.70877129308053,1354.3540895944955,2308.164253728057,2519.415717102603,54760.0,54440.0,54785.0,57593.33333333334,58823.33333333334,54705.882769699616,55504.69847736159,-798.8157076619756,-1077.4984601826034,278.6827525206279,55.405405405405396,57493.708179188994,1354.3540895944955,52076.291820811006,80.0,69.54112677455775,55.436582131493104
20191227,54900,55200,54000,54700,15735,-1829,1175875,363.318042491699,480.0,1164.5170672864074,2280.336232510253,2530.0876961141244,54800.0,54460.0,54630.0,57480.0,58762.5,54704.97772820737,55445.09118274222,-740.1134545348468,-1010.021459053052,269.9080045182052,54.66666666666666,56959.034134572816,1164.5170672864074,52300.965865427184,61.76470588235294,66.94898647715615,59.274050246714125
20191230,55200,55200,54200,54700,11356,582,1173696,228.03508501982756,481.6637831516918,928.7626176808232,2289.029391580902,2503.496998650151,54900.0,54500.0,54480.0,57396.66666666666,58681.66666666666,54704.21192386778,55389.89924327983,-685.6873194120562,-945.154631124853,259.4673117127968,63.076923076923094,56337.52523536165,928.7626176808232,52622.47476463836,48.0,60.632657651437434,59.72691938162189
20200102,54200,55800,53900,54900,27105,6431,1173189,222.71057451320087,411.82520563948,718.4010022274017,2298.7405972181764,2487.5824944501387,54920.0,54620.0,54370.0,57325.0,58610.0,54734.33316634965,55353.610410444286,-619.2772440946354,-879.9791537188095,260.701909624174,66.15384615384615,55806.8020044548,718.4010022274017,52933.1979955452,56.00000000000001,59.088438434291625,59.51409239917847
20200103,55700,56000,54700,55500,21163,3225,1177812,324.96153618543843,471.5930449020639,690.9956584533185,2289.2811826638817,2485.0799227087923,55020.0,54740.0,54355.0,57255.0,58556.66666666666,54852.128063834316,55364.45408374472,-512.3260199103897,-806.4485269571255,294.1225070467358,65.07936507936508,55736.99131690664,690.9956584533185,52973.00868309337,80.0,66.05895895619442,61.69571458485046
20200106,56000,56000,54000,54600,20751,-1212,1175565,324.96153618543843,360.0,677.6983104607352,2276.861265467833,2508.250829213527,54880.0,54820.0,54335.0,57158.33333333334,58513.33333333334,54813.33913093673,55307.82785531919,-494.488724382456,-744.0565664421918,249.56784205973577,50.79365079365079,55690.39662092146,677.6983104607352,52979.60337907854,44.0,58.70597263746294,60.699133935721285
20200107,54300,56300,54300,55900,22541,6524,1179451,499.5998398718718,465.18813398452033,758.6006854738105,2274.6037505877284,2517.4280029482725,55120.0,54960.0,54405.0,57113.33333333334,58482.5,54980.517726177226,55351.692458628866,-371.17473245164734,-669.4801996440829,298.30546719243563,60.81081081081082,55922.201370947616,758.6006854738105,52887.798629052384,84.61538461538461,67.34244329677017,62.91357038940424
20200108,55100,55400,53800,53900,32006,-8495,1176487,697.4238309665077,519.7114584074513,761.5773105872673,2308.9295258887964,2548.174591747617,54960.0,54930.0,54400.0,57046.66666666666,58432.5,54814.28422984226,55244.159683915634,-429.87545407335716,-621.5592505299378,191.6837964565807,51.13636363636363,55923.154621174544,761.5773105872673,52876.845378825456,7.6923076923076925,47.45906476194934,57.762068513585945
20200109,54200,54700,53500,54200,28325,-7958,1172755,762.6270385975047,564.0035460881428,693.1089380475014,2330.405305704216,2567.633881617109,54820.0,54870.0,54460.0,56976.66666666666,58377.5,54719.778963712684,55166.8145221441,-447.0355584314093,-586.6545121102322,139.61895367882278,49.411764705882355,55846.21787609501,693.1089380475014,53073.782123905,25.0,39.97270984129956,51.83228228949048
20200110,53600,54200,53400,53700,30541,2238,1170928,781.2809993849844,660.6057825965497,607.8445524978695,2355.227637021028,2597.594907906872,54460.0,54740.0,54505.0,56891.66666666666,58324.16666666666,54562.88989237229,55058.16159457787,-495.2717022055877,-568.3779501293033,73.10624792371561,49.411764705882355,55720.68910499574,607.8445524978695,53289.31089500426,10.344827586206897,30.096749089602003,44.587104556194326
20200113,53700,54100,53200,53700,15728,-5932,1172008,830.4215796810678,698.2836100038437,600.7495318361347,2372.234647371042,2628.1963344184132,54280.0,54580.0,54510.0,56801.66666666666,58274.16666666666,54430.137601238086,54957.557032016535,-527.4194307784637,-560.1862462591354,32.766815480671646,44.87179487179488,55711.499063672265,600.7495318361347,53308.500936327735,16.129032258064516,25.44084347908951,38.20501753049272
20200114,53200,54000,53000,53100,33257,-17498,1170485,360.0,824.3785538209979,674.8333127531088,2405.638630839546,2666.2644227927562,53720.0,54420.0,54440.0,56708.33333333334,58244.16666666666,54225.50104720145,54819.960214830135,-594.4591676286873,-567.0408305330458,-27.418337095641505,43.20987654320989,55789.66662550622,674.8333127531088,53090.33337449378,3.0303030303030303,17.970663329494016,31.460232796826485
20200115,53100,53500,52900,53300,28297,-10568,1170439,379.4733192202056,881.8163074019441,718.9575787216762,2437.62805930701,2703.318433996211,53600.0,54280.0,54390.0,56628.33333333334,58208.33333333334,54083.11627070892,54707.37056928716,-624.254298578242,-578.483524142085,-45.770774436157005,40.259740259740255,55827.91515744335,718.9575787216762,52952.08484255665,11.76470588235294,15.902010847113658,26.274158813588873
20200116,53300,53300,52300,52400,53978,-27548,1182897,480.0,1014.9384217774002,828.7792227133443,2496.030181434497,2752.350510629325,53240.0,54030.0,54325.0,56550.0,58170.0,53824.17530598447,54536.45423082144,-712.2789248369736,-605.2426042810628,-107.03632055591083,34.52380952380953,55982.55844542669,828.7792227133443,52667.44155457331,2.5,11.434673898075772,21.32766384175117
20200117,52200,52700,50700,50900,103289,-43856,1162252,984.6826900072937,1257.8155667664478,1115.5603972897811,2591.953360341854,2829.3598363166034,52680.0,53570.0,54155.0,56433.33333333334,58117.5,53374.30218198687,54267.08725076059,-892.7850687737227,-662.7510971795947,-230.033971594128,27.08333333333333,56386.12079457956,1115.5603972897811,51923.87920542044,3.571428571428571,8.813592122526705,17.156306602009682
20200120,51000,51300,50500,50800,40570,1029,1156041,1063.954886261631,1448.758088847134,1333.5947660370205,2679.533541489105,2900.387785380387,52100.0,53190.0,54005.0,56310.0,58074.16666666666,52978.25569245042,54010.26597292646,-1032.0102804760465,-736.6029338388852,-295.4073466371612,28.571428571428577,56672.18953207405,1333.5947660370205,51337.810467925956,5.172413793103448,7.599866012718953,13.970826405579439
20200121,50900,51000,50200,50500,23257,-5538,1156750,1083.3282051160672,1340.3357788255894,1529.8611048070131,2770.028078471523,2961.5216387348687,51580.0,52650.0,53805.0,56183.33333333334,58042.5,52596.9855859196,53750.246271228214,-1153.2606853086106,-819.9344841328302,-333.3262011757805,27.659574468085108,56864.722209614025,1529.8611048070131,50745.277790385975,4.918032786885246,6.705921604107718,11.549191471755533
20200122,50800,50900,50400,50700,24140,-6415,1145272,682.9348431585547,1384.9548729110275,1668.5622553567891,2826.9653930139198,3027.025377977049,51060.0,52330.0,53630.0,56040.0,57960.83333333334,52305.141649624275,53524.30210298907,-1219.1604533647987,-899.7796779792243,-319.38077538557445,27.659574468085108,56967.12451071358,1668.5622553567891,50292.875489286416,8.19672131147541,7.202854839896948,10.100412594469338
20200123,50400,50800,50200,50400,30370,-12084,1152512,185.4723699099141,1340.3357788255894,1785.7491425173175,2874.3211758930406,3098.0987673491686,50660.0,51950.0,53410.0,55883.33333333334,57880.83333333334,52012.04293429746,53292.87231758247,-1280.8293832850106,-975.9896190403816,-304.8397642446289,21.978021978021975,56981.498285034635,1785.7491425173175,49838.50171496537,3.8461538461538463,6.083954508649247,8.761593232529307
20200128,49800,50000,48850,49000,42258,1702,1151854,655.4387843269576,1462.7371602581238,1986.1772327769079,2962.5678613827868,3197.3468819259447,50280.0,51480.0,53110.0,55705.0,57792.5,51548.65171363631,52974.881775539325,-1426.2300619030136,-1066.037707612908,-360.19235429010587,20.83333333333333,57082.354465553806,1986.1772327769079,49137.645534446194,2.564102564102564,4.910670527133686,7.4779523307307665
20200129,49000,49800,48700,49400,26064,-5210,1152606,672.3094525588646,1376.4083696345356,2075.1566205955,3045.679544675319,3281.597574188086,50000.0,51050.0,52815.0,55551.66666666666,57705.83333333334,51218.089911538416,52710.07571809196,-1491.9858065535373,-1151.2273274010338,-340.7584791525035,12.64367816091954,56965.313241191,2075.1566205955,48664.686758809,12.727272727272727,7.516204593846699,7.490703085102744
20200130,49400,50800,49000,49050,23226,-4541,1151213,705.9745037889114,1307.755711132626,2181.185170956683,3112.962482368097,3367.045951205338,49710.0,50645.0,52532.5,55377.5,57613.75,50884.53761745559,52438.95899823329,-1554.421380777705,-1231.8661380763679,-322.55524270133697,15.602836879432626,56894.87034191338,2181.185170956683,48170.12965808663,6.481481481481481,7.171296889724959,7.384234353310149
20200131,49050,49650,48800,48850,27660,1250,1156276,559.8214000911362,1062.779375035101,2261.6697371635264,3193.930441733393,3455.358157995821,49340.0,50200.0,52240.0,55215.0,57525.0,50571.531830154716,52173.11018354935,-1601.578353394616,-1305.8085811400176,-295.76977225459814,11.510791366906474,56763.33947432706,2261.6697371635264,47716.66052567295,2.8301886792452833,5.7242608195650675,6.830909842061788
20200203,47700,48350,47100,47800,34806,1744,1150982,540.9251334519408,1004.9378090210356,2370.8700934469894,3284.551804359319,3565.8054840426007,48820.0,49740.0,51885.0,55021.66666666666,57437.5,50145.14231782324,51849.17609587903,-1704.0337780557888,-1385.4536205231725,-318.580157532617,10.666666666666668,56626.74018689398,2370.8700934469894,47143.259813106015,10.9375,7.462007213043378,7.041275632388985
20200204,47800,48100,47400,47800,40294,-17508,1150612,660.7571414672717,1074.988372030135,2377.7615523852123,3354.6046297867388,3671.6400929626147,48580.0,49430.0,51500.0,54823.33333333334,57354.16666666666,49784.351192004266,51549.23712581392,-1764.8859338096445,-1461.3400831804665,-303.5458506291777,10.666666666666668,56255.52310477042,2377.7615523852123,46744.47689522958,11.29032258064516,8.738112335577306,7.606887866785091
20200205,47900,48300,47400,48150,32674,-6609,1152770,525.9277516921884,1030.3033533867583,2372.839807066911,3402.778582761101,3765.7607455976095,48330.0,49165.0,51177.5,54632.5,57277.08333333334,49532.91254708054,51297.44178316103,-1764.5292360805033,-1521.9779137604742,-242.5513223200292,15.86206896551724,55923.17961413382,2372.839807066911,46431.82038586618,18.75,12.075408223718204,9.096394652429462
20200206,48750,49950,48600,49800,29174,794,1156587,763.2823854904553,958.5014345320512,2125.3514415271034,3390.470612199205,3826.5789905425513,48480.0,49095.0,50872.5,54465.83333333334,57213.75,49574.00292445276,51186.520169593554,-1612.5172451407925,-1540.0857800365384,-72.43146510425458,29.88505747126437,55123.20288305421,2125.3514415271034,46621.7971169458,64.28571428571429,29.4788435777169,15.89054429419194
20200207,50100,51600,49750,50900,48917,-304,1167171,1248.3589227461791,993.2396488260022,2009.071613955395,3348.2809644100685,3863.445115405491,48890.0,49115.0,50722.5,54317.5,57142.08333333334,49778.00247453695,51165.29645332737,-1387.2939787904181,-1509.527419787314,122.2334409968962,41.57303370786517,54740.64322791079,2009.071613955395,46704.35677208921,84.44444444444444,47.80071053329275,26.527266373892207
20200210,50100,51200,49500,51000,18576,3497,1167373,1342.2369388450013,1083.1089511217235,1846.6100698310227,3305.55708449468,3899.241356950164,49530.0,49175.0,50562.5,54175.83333333334,57074.58333333334,49966.002093838964,51153.052271599416,-1187.0501777604586,-1445.031971381943,257.9817936214845,50.66666666666666,54255.72013966205,1846.6100698310227,46869.279860337956,86.66666666666667,60.75602924441739,37.9368539974006
20200211,51500,52200,51300,52000,44873,7675,1175346,1310.57239403247,1370.4470073665746,1736.0497544717246,3215.640056378549,3922.2929226234082,50370.0,49475.0,50477.5,54035.83333333334,57016.25,50278.92484863296,51215.789140369816,-936.8642917368634,-1343.3984354529273,406.53414371606385,57.14285714285714,53949.599508943444,1736.0497544717246,47005.400491056556,96.07843137254902,72.53016328712793,49.46795709397637
20200212,51100,51900,49800,51500,55950,4618,1169268,733.7574531137657,1497.840111627406,1592.1114125592264,3148.53791023487,3951.398991886785,51040.0,49685.0,50367.5,53900.83333333334,56957.08333333334,50466.78256422789,51236.84179663873,-770.0592324108368,-1228.7305948445094,458.67136243367264,55.8139534883721,53551.72282511845,1592.1114125592264,47183.27717488155,86.27450980392157,77.11161212605914,58.6825087713373
20200213,51700,51800,50800,51300,27101,-7057,1186448,392.93765408777,1553.512149936395,1482.1837774045887,3056.5834003503332,3983.692779287903,51340.0,49910.0,50277.5,53752.5,56902.08333333334,50594.96986203898,51241.5201820729,-646.5503200339082,-1112.294539882389,465.7442198484809,53.48837209302327,53241.86755480918,1482.1837774045887,47313.13244519082,82.35294117647058,78.85872180952963,65.4079131174014
20200214,51300,51800,50600,51500,35741,-7054,1201017,326.1901286060018,1575.9520931805002,1344.1423845714169,2911.4786001021325,4007.599530028409,51460.0,50175.0,50187.5,53590.83333333334,56837.08333333334,50734.205267879144,51260.66683525268,-526.4615673735389,-995.1279453806187,468.66637800708014,56.470588235294116,52875.78476914283,1344.1423845714169,47499.21523085717,86.27450980392157,81.33065114099361,70.7154924585988
20200217,51500,52500,51100,51700,22942,-4321,1205680,236.64319132398464,1414.2224011802386,1294.2637868693287,2798.666721249671,4026.5145313113812,51600.0,50565.0,50152.5,53452.5,56771.25,50882.78907282082,51293.21003264138,-410.4209598205634,-878.1865482686079,467.76558844804464,68.49315068493152,52741.027573738655,1294.2637868693287,47563.972426261345,85.18518518518519,82.6154958223908,74.68216024652946
20200218,51500,52000,50900,51400,20116,-4115,1210645,132.664991614216,1084.262422110072,1313.1522188997492,2722.3043496614914,4045.5711166349065,51480.0,50925.0,50177.5,53329.16666666666,56700.41666666666,50962.35998469453,51301.12040059387,-338.7604158993345,-770.3013217947532,431.54090589541886,63.88888888888889,52803.804437799496,1313.1522188997492,47551.1955622005,79.62962962962963,81.62020709147042,76.99484252817645
20200219,52400,52400,50600,50900,25925,-9284,1218757,265.329983228432,574.4562646538029,1315.7008588586293,2670.5194823328197,4066.067899058082,51360.0,51200.0,50182.5,53210.83333333334,56622.08333333334,50952.76614089538,51271.407778327666,-318.6416374322798,-679.9693849222588,361.3277474899788,62.585034013605444,52813.901717717265,1315.7008588586293,47551.098282282735,68.62745098039215,77.28928838777766,77.09299114804351
20200220,50600,51300,50100,50800,22823,1752,1224637,349.85711369071805,374.165738677394,1320.9348015709688,2639.209030281439,4090.978196494705,51260.0,51300.0,50197.5,53105.83333333334,56548.75,50929.26365768071,51236.48868363672,-307.2250259560169,-605.4205131290104,298.1954871729935,63.44827586206896,52839.36960314193,1320.9348015709688,47555.63039685807,66.66666666666666,73.74841448074066,75.97813225894255
20200221,50000,50600,49450,49600,28098,-12720,1212607,719.444229944198,629.3647591023825,1321.7672828457114,2627.226436751023,4135.365742762942,50880.0,51170.0,50142.5,52982.5,56474.58333333334,50724.761556499056,51115.26729966363,-390.50574316457636,-562.4375591361237,171.93181597154717,62.16216216216216,52786.034565691414,1321.7672828457114,47498.965434308586,25.64102564102564,57.71261820083566,69.88962757290692
20200224,48950,49200,47100,47200,38036,-4238,1210237,1510.4966070799364,1350.8885964430967,1466.6522253081455,2656.702608491094,4217.558350222131,49980.0,50790.0,49982.5,52807.5,56383.75,50182.490547806905,50825.247499688565,-642.7569518816526,-578.5014376852295,-64.25551419642318,46.938775510204074,52915.80445061629,1466.6522253081455,47049.19554938371,1.8518518518518516,39.092362751174385,59.62387263232941
20200225,46750,47800,46450,47600,27145,-994,1212297,1560.0,1581.9292019556376,1543.2818115954503,2664.480744695331,4286.41893967649,49220.0,50350.0,49912.5,52640.83333333334,56290.41666666666,49785.184309682765,50586.340277489406,-801.1559678066403,-623.0323437095117,-178.12362409712887,47.208121827411155,52999.0636231909,1543.2818115954503,46825.9363768091,19.00826446280992,32.39766332171956,50.54846952879279
20200226,47600,47700,46800,47550,22522,-3390,1215331,1406.4138793399331,1731.5383333902832,1624.530701464683,2663.354192652334,4351.979434697324,48550.0,49955.0,49820.0,52473.33333333334,56195.0,49441.30980050079,50361.42618286057,-920.1163823597673,-682.4491514395628,-237.6672309202044,36.36363636363637,53069.061402929365,1624.530701464683,46570.93859707064,18.181818181818183,27.65904827508577,42.91866244422379
20200227,46900,47500,46800,47100,20451,831,1211749,915.6418513807678,1859.0387300968207,1723.330714053845,2658.942458941735,4422.4886156534085,47810.0,49535.0,49722.5,52295.0,56096.66666666666,49081.108292731435,50119.83905820422,-1038.7307654727774,-753.7054742462058,-285.0252912265716,25.0,53169.16142810768,1723.330714053845,46275.83857189232,10.743801652892563,22.020632734354702,35.952652540934096
20200228,47400,47400,45600,45700,47715,5077,1206230,692.5315877272315,2050.4206885417443,1927.699406028164,2695.9182109186872,4501.882630883516,47030.0,48955.0,49565.0,52095.0,55971.66666666666,48560.937786157374,49792.44357241131,-1231.5057862539325,-849.2655366477513,-382.24024960618124,20.224719101123593,53420.39881205633,1927.699406028164,45709.60118794367,1.4492753623188406,15.163513610342749,29.022939564070313
20200302,46300,46600,45000,45650,26548,4260,1204296,870.976463516667,2043.771024356692,2077.274355977403,2739.7732823815554,4577.413582384177,46720.0,48350.0,49457.5,51904.16666666666,55846.25,48113.10120367162,49485.59590038084,-1372.4946967092185,-953.9113686600447,-418.58332804917336,10.062893081761008,53612.048711954805,2077.274355977403,45302.951288045195,8.666666666666668,12.997897962450722,23.681259030197115
20200303,45750,46200,45350,45400,26413,-6384,1202946,870.976463516667,1938.298222668535,2233.040248182136,2815.7457814082536,4644.133676391665,46280.0,47750.0,49337.5,51730.83333333334,55711.25,47695.70101849137,49182.9591670193,-1487.2581485279293,-1060.580724633622,-426.67742389430776,10.389610389610393,53803.580496364266,2233.040248182136,44871.419503635734,5.333333333333334,10.44304308607826,19.268520382157497
20200304,45100,46050,45100,45400,21859,-2737,1205837,637.1812928829596,1736.2315513778688,2381.6485886883765,2897.0141477364173,4708.134785639716,45850.0,47200.0,49200.0,51570.83333333334,55577.91666666666,47342.51624641577,48902.73996946232,-1560.2237230465396,-1160.5093243162055,-399.7143987303343,10.666666666666668,53963.29717737675,2381.6485886883765,44436.70282262325,5.405405405405405,8.763830525853976,15.76695709672299
20200305,46100,46450,45400,46050,23152,-4260,1205766,239.58297101421883,1274.803906489151,2472.8968336753023,2955.985453273183,4768.534817486821,45640.0,46725.0,49012.5,51430.0,55460.83333333334,47143.667593121056,48691.425897650304,-1547.7583045292483,-1237.9591203588145,-309.7991841704344,15.723270440251572,53958.293667350605,2472.8968336753023,44066.7063326494,14.18918918918919,10.57228341363238,14.035399202359452
20200306,45800,45950,44650,45050,32145,-5371,1198828,330.7567081708245,933.8629449764028,2576.1599329236788,3046.953282463999,4827.94338475685,45510.0,46270.0,48720.0,51280.83333333334,55322.91666666666,46821.56488648704,48421.69064597249,-1600.1257594854542,-1310.3924481841425,-289.7333113013118,12.0,53872.31986584736,2576.1599329236788,43567.680134152644,6.015037593984962,9.053201473749908,12.37466662615627
20200309,44950,44950,42750,43400,33659,1741,1198219,890.7300376657339,1210.3305333668154,2765.393281253381,3200.654772415282,4891.035858676758,45060.0,45890.0,48340.0,51120.83333333334,55156.25,46295.17028856595,48049.713561085635,-1754.5432725196881,-1399.2226130512515,-355.32065946843636,10.396039603960396,53870.786562506764,2765.393281253381,42809.21343749324,8.280254777070063,8.795552574856627,11.18162860905639
20200310,42850,43600,42600,43600,27757,2795,1202989,1032.9569206893384,1239.7177098033244,2815.066606672271,3334.1268847024626,4935.023482300961,44700.0,45490.0,47920.0,50967.5,54986.25,45880.52870570965,47720.10514915337,-1839.5764434437226,-1487.2933791297464,-352.28306431397635,12.755102040816329,53550.13321334454,2815.066606672271,42289.86678665546,15.151515151515152,10.914206767076136,11.092487995062973
20200311,43050,43700,40700,41450,54008,-29,1198231,1567.60964528801,1540.324641106543,3020.648729991843,3531.233259542004,5022.847521302117,43910.0,44880.0,47417.5,50765.0,54801.66666666666,45198.90890483125,47255.652915882754,-2056.744011051509,-1601.1835055140991,-455.5605055374101,10.548523206751057,53458.79745998369,3020.648729991843,41376.20254001631,10.56338028169014,10.797264605280803,10.994080198468916
20200312,40100,40800,38250,38300,77262,6300,1202653,2330.965465209641,2331.308645374953,3479.1620758454665,3841.06864469974,5176.250251552304,42360.0,44000.0,46767.5,50495.0,54590.0,44137.538304087975,46592.27121840995,-2454.732914321976,-1771.8933872756745,-682.8395270463018,9.057971014492754,53725.824151690926,3479.1620758454665,39809.17584830907,0.5291005291005291,7.374543246554045,9.787567881163959
20200313,30350,36500,30350,36450,116861,28013,1219900,2830.794941354813,3160.7949949340277,3967.4960617499455,4208.527305756175,5374.2821064539285,40640.0,43075.0,46015.0,50197.5,54367.91666666666,42954.840103459064,45840.991868898105,-2886.1517654390477,-1994.7450629083487,-891.406702530699,9.433962264150944,53949.992123499884,3967.4960617499455,38080.00787650011,35.56851311953353,16.77253320421387,12.11588965551393
20200316,36050,37050,34200,35300,46905,-2829,1279532,3093.315373511081,3781.719185767235,4381.007304262495,4594.793173312308,5599.228229931515,39020.0,42040.0,45195.0,49890.83333333334,54143.75,41777.172395234586,45060.17765638713,-3283.0052611525457,-2252.397102557189,-1030.608158595357,6.071428571428571,53957.01460852499,4381.007304262495,36432.98539147501,29.03225806451613,20.859108157647956,15.030295822891938
20200317,32100,36650,32100,36650,44354,3039,1286407,2136.492452596077,3913.0582668802667,4513.875136731335,4860.408647653395,5763.2311539068105,37630.0,41165.0,44457.5,49596.66666666666,53925.0,40988.376642121584,44437.201533691776,-3448.824891570206,-2491.6826603597933,-957.1422312104132,14.379084967320258,53485.25027346267,4513.875136731335,35429.74972653733,38.76923076923077,26.82914902817556,18.963246891319812
20200318,36000,36550,34750,35250,39370,3092,1277912,1114.1813137905335,3998.374669787713,4682.560731053184,5163.716563674027,5961.694724915416,36390.0,40150.0,43675.0,49287.5,53702.91666666666,40105.549466410564,43756.66808675165,-3651.118620341083,-2723.569852356052,-927.5487679850321,13.538461538461535,53040.12146210637,4682.560731053184,34309.87853789363,30.434782608695656,28.03102688834893,21.98584022366285
20200319,35600,36200,31050,31450,82369,1154,1297381,1874.9933333214813,4235.96506123457,5091.617498398847,5600.579335109021,6243.908976401266,35020.0,38690.0,42707.5,48903.33333333334,53445.83333333334,38773.92647157817,42845.06304328857,-4071.1365717103913,-2993.0831962269194,-1078.0533754834714,11.796246648793565,52890.734996797684,5091.617498398847,32524.265003202316,6.832298136645963,20.964783971114606,21.645488139480104
20200320,31450,36750,30400,36750,64513,1151,1288724,1923.954261410598,3685.905587504921,4991.094569330593,5768.539857129748,6380.62321440433,35080.0,37860.0,42065.0,48612.5,53238.75,38462.553168258455,42393.57689193384,-3931.023723675404,-3180.6713017166167,-750.3524219587871,31.380753138075317,52047.18913866118,4991.094569330593,32082.810861338814,39.75155279503105,27.227040245753425,23.506005508237877
20200323,33000,35200,32000,33550,52556,-4975,1302941,2009.3780132170248,3376.999407758313,5172.240206139051,6024.437502554342,6586.990334492337,34730.0,36875.0,41382.5,48258.33333333334,53010.0,37706.77575775715,41738.497122160974,-4031.721364403828,-3350.8813142540594,-680.8400501497681,27.93296089385475,51726.980412278106,5172.240206139051,31038.019587721894,20.51282051282051,24.98896700144245,24.000326005972735
20200324,35000,35150,32900,33600,91459,-35474,1303046,1784.2645543752753,2637.067500084137,5230.446324167884,6244.21710242229,6786.776920766664,34120.0,35875.0,40682.5,47901.66666666666,52789.16666666666,37074.96410271758,41135.64548348239,-4060.6813807648073,-3492.8413275562093,-567.8400532085975,28.066914498141266,51143.39264833577,5230.446324167884,30221.607351664232,22.26027397260274,24.07940265849588,24.026684890147113
20200325,34200,34850,33800,34500,63816,-1780,1301429,1713.0674242422567,1884.7015678881369,5146.3433620388505,6399.314416401229,6952.082971233711,33970.0,35180.0,40030.0,47555.0,52574.16666666666,36678.81577922257,40644.116188409615,-3965.3004091870453,-3587.3331438823766,-377.9672653046691,28.7292817679558,50322.68672407769,5146.3433620388505,29737.3132759223,31.086142322097377,26.414982546363046,24.822784108885756
20200326,34600,36700,34550,35550,85012,-8239,1310926,1221.2288892750614,1586.4189232355998,4965.442452591847,6511.567218331496,7073.609980748945,34790.0,34905.0,39452.5,47235.83333333334,52357.91666666666,36505.15181318833,40266.774248527414,-3761.6224353390935,-3622.19100217372,-139.43143316537316,32.536764705882355,49383.38490518369,4965.442452591847,29521.615094816305,38.951310861423224,30.59375865138311,26.746442289718207
20200327,36800,37400,35000,36200,52445,-2466,1317679,1052.9007550571896,1563.6815532582075,4796.599707084315,6588.376285800139,7191.942817701241,34680.0,34880.0,38977.5,46927.5,52162.08333333334,36458.205380390114,39965.53171159946,-3507.3263312093404,-3599.218067980845,91.89173677150393,36.25954198473282,48570.69941416863,4796.599707084315,29384.300585831366,55.980861244019145,39.056126182261785,30.8496702538994
20200330,35200,35800,34000,35150,41284,-2007,1312770,891.6277250063504,1560.2964461921972,4608.483345961156,6674.640855919942,7326.859073908669,35000.0,34865.0,38452.5,46598.33333333334,51961.66666666666,36256.943014176264,39608.82565888839,-3351.882644712132,-3549.750983327101,197.8683386149696,34.380776340110906,47669.46669192232,4608.483345961156,29235.53330807769,68.08510638297872,48.732452915834095,36.810597807877635
20200331,35400,36250,34600,35250,43261,-4160,1313546,553.7147279962851,1452.9710940001526,4368.063071889111,6727.754031288267,7447.7960829418835,35330.0,34725.0,37945.0,46260.83333333334,51757.91666666666,36102.02870430299,39285.949684155916,-3183.9209798529187,-3476.584982632265,292.66400277934554,37.6,46681.12614377822,4368.063071889111,29208.873856221777,69.28571428571428,55.58354003912749,43.06824521829426
20200401,34800,36450,34500,35600,49278,-2847,1322010,367.42346141747663,1469.3195704134619,4041.778692605688,6774.77608280761,7548.524862792439,35550.0,34760.0,37455.0,45944.16666666666,51551.25,36024.79351902561,39012.91637421844,-2988.122855192829,-3378.892557144377,390.7697019515485,43.91891891891893,45538.557385211374,4041.778692605688,29371.442614788622,74.28571428571429,61.817598121323094,49.31802951930387
20200402,35200,35900,34600,35450,43861,4752,1315675,369.59437225152664,975.1410154434076,3544.3440860053834,6779.7422927066455,7660.900005150691,35530.0,35160.0,36925.0,45603.33333333334,51358.33333333334,35936.363746867835,38748.996642794846,-2812.632895927025,-3265.6406249009074,453.00772897388237,47.5609756097561,44013.68817201076,3544.3440860053834,29836.311827989237,72.14285714285714,65.25935112850111,54.631803389036286
20200403,35200,35900,34200,34700,59620,-15264,1315425,307.571129984594,822.9368140993573,3039.9537414245856,6833.4939005495835,7785.107577935515,35230.0,34955.0,36407.5,45283.33333333334,51165.0,35746.153939657386,38449.07096555079,-2702.9170258933955,-3153.0959050994047,450.1788792060097,48.50746268656717,42487.40748284917,3039.9537414245856,30327.59251715083,61.42857142857143,63.982424561857876,57.74867711331015
20200406,35000,36350,34950,35850,59359,-12298,1330747,388.0721582386451,712.0568797504874,2582.556872558925,6838.210200773249,7879.781341705147,35370.0,35185.0,36030.0,44977.5,50977.08333333334,35762.13025663319,38256.547190324796,-2494.4169336916243,-3021.360110817849,526.9431771262252,47.98994974874372,41195.11374511785,2582.556872558925,30864.88625488215,77.85714285714286,68.60733066028621,61.368228295635504
20200407,36800,37800,36500,37450,104871,-15003,1343270,905.2071586106688,787.7816956492453,1952.080620773982,6809.120517525109,7941.924576086783,35810.0,35570.0,35722.5,44706.66666666666,50799.16666666666,36021.802524843464,38196.80295400445,-2175.000429160988,-2852.088174486477,677.0877453254893,55.4726368159204,39626.66124154796,1952.080620773982,31818.338758452035,93.96551724137932,77.06005952065057,66.59883870397385
20200408,37450,38450,37100,37650,56447,-4785,1341884,1148.7384384619506,916.2559686026607,1523.177189299175,6765.686043473193,7994.301344900916,36220.0,35885.0,35532.5,44439.16666666666,50620.41666666666,36272.29444409831,38156.2990314856,-1884.004587387288,-2658.4714570666392,774.4668696793515,68.78787878787878,38578.85437859835,1523.177189299175,32486.14562140165,85.58558558558559,79.90190154229558,71.03319298341442
20200409,38500,39500,38200,39150,67950,-2809,1337234,1539.6103403134186,1328.4295239116,1609.231182894905,6703.472151717184,8027.124978265613,36960.0,36245.0,35575.0,44206.66666666666,50457.5,36715.018375775486,38229.90651063481,-1514.8881348593204,-2429.7547926251755,914.8666577658548,59.4488188976378,38793.46236578981,1609.231182894905,32356.53763421019,93.85964912280701,84.55448406913273,75.54029001198718
20200410,39250,39550,38300,39400,44393,-785,1335520,1286.856635371633,1630.1917065179791,1805.856791110894,6624.937106616596,8058.698543949346,37900.0,36565.0,35722.5,43975.0,50301.66666666666,37128.092471810036,38316.580102439635,-1188.4876306296064,-2181.501360226062,993.0137295964557,80.0,39334.21358222179,1805.856791110894,32110.786417778214,97.2972972972973,88.80208847852093,79.96088950083175
20200413,39150,39350,38350,38400,37365,-2098,1331950,778.0745465570764,1639.6341055247665,1893.8370442045261,6570.41453959953,8106.393010391118,38410.0,36890.0,35877.5,43741.66666666666,50145.83333333334,37323.770553070026,38322.75935411078,-998.9888010407524,-1944.998848389,946.0100473482477,72.42990654205606,39665.174088409054,1893.8370442045261,32089.825911590942,79.27927927927928,85.62781874544038,81.8498659157013
20200414,38950,41000,38650,40000,72166,3875,1334322,816.4557550780078,1777.927163862457,2092.4805853343864,6520.479276859836,8126.999070316054,38920.0,37365.0,36045.0,43560.0,49996.66666666666,37735.49816029002,38446.999401954425,-711.5012416644023,-1698.2993270440804,986.7980853796782,74.12280701754386,40229.96117066877,2092.4805853343864,31860.038829331224,85.71428571428571,85.65664106838882,83.11879096659715
20200416,40000,40000,37850,38800,64774,-13987,1320842,542.2176684690384,1718.4367896434244,2166.764581121201,6479.247641505802,8155.1149593386535,39150.0,37685.0,36222.5,43360.0,49835.0,37899.267674091556,38473.147594402246,-573.8799203106902,-1473.4154456974027,899.5355253867124,64.06926406926407,40556.029162242405,2166.764581121201,31888.9708377576,67.64705882352942,79.65344698676903,81.96367630665445
20200417,39250,39750,39200,39500,53340,-3036,1329319,560.0,1618.3015788165073,1982.706483572729,6430.0626400925485,8173.293399849851,39220.0,38090.0,36625.0,43176.66666666666,49680.0,38145.53418576978,38549.21073555764,-403.6765497878587,-1259.4676665154939,855.7911167276352,64.22413793103448,40590.412967145465,1982.706483572729,32659.587032854546,77.94117647058823,79.08269014804209,81.00334758711699
20200420,39500,40600,39100,40000,46989,-4704,1335374,643.7390775772433,1246.4349160706306,2115.057623328815,6367.0045721815295,8172.3012449932385,39340.0,38620.0,36787.5,42998.333333333336,49519.16666666666,38430.83661872826,38656.67660699781,-225.83998826953757,-1052.742130866303,826.9021425967651,71.94570135746606,41017.61524665763,2115.057623328815,32557.38475334237,85.29411764705883,81.15316598104766,81.05328705176055
20200421,39900,40000,38150,39100,53655,-3892,1332052,479.16594202843766,838.8831861469152,2034.6437034530973,6312.169463290061,8171.940643991368,39480.0,38945.0,37065.0,42810.0,49346.66666666666,38533.78483123161,38689.51537684983,-155.73054561821482,-873.339813816685,717.6092681984703,66.24472573839661,41134.2874069062,2034.6437034530973,32995.712593093805,72.05882352941177,78.12171849716903,80.07609753356337
20200422,38950,39450,37750,39200,37499,-4914,1334468,406.9397989875161,675.3517601961217,1920.6704558568435,6276.5759419856995,8167.993897254378,39320.0,39120.0,37345.0,42646.66666666666,49175.83333333334,38636.279472580594,38727.32905263873,-91.04958005813387,-716.8817670649748,625.8321870068409,65.51724137931035,41186.34091171368,1920.6704558568435,33503.65908828632,70.24793388429752,75.49712362621186,78.54977289777953
20200423,39250,41800,39250,41800,145786,-35329,1356696,990.7572861200667,886.5805095985361,2035.5343278857608,6215.398887705551,8149.218222560867,39920.0,39535.0,37710.0,42520.0,49035.83333333334,39123.0057075682,38954.93430799882,168.07139956938045,-539.8911337381037,707.9625333074841,72.59786476868328,41781.068655771516,2035.5343278857608,33638.931344228484,100.0,83.66474908414123,80.2547649599001
20200424,41650,51300,40850,48400,570458,43746,1319554,3487.119154832539,2788.261106854952,3034.982495831127,6204.564795818769,8092.71774841955,41700.0,40460.0,38352.5,42509.16666666666,48943.33333333334,40550.23559871154,39654.568803702605,895.6667950089395,-252.77954798869496,1148.4463429976345,84.42211055276383,44422.464991662244,3034.982495831127,32282.535008337745,79.5774647887324,82.30232098567161,80.93728363515727
20200427,48400,51100,47150,49900,240626,17535,1329165,4594.51847313731,3933.306497083593,3895.827094469329,6223.8751772653895,8044.709916393387,43680.0,41510.0,39037.5,42526.66666666666,48870.83333333334,41988.66089121746,40413.48963305797,1575.1712581594913,112.81061324094236,1462.3606449185488,84.69135802469137,46829.154188938664,3895.827094469329,31245.845811061343,89.66789667896678,84.75751288343668,82.21069338458373
20200428,49500,51100,49200,51100,116322,26814,1318987,4708.035683806996,4699.744673915808,4589.229238118459,6284.51779286581,7989.3755840022595,46080.0,42780.0,39835.0,42581.66666666666,48801.66666666666,43390.4053694917,41205.0829935722,2185.3223759195025,527.3129657766547,1658.0094101428479,84.38287153652394,49013.45847623691,4589.229238118459,30656.54152376308,98.5239852398524,89.34633700224191,84.58924125713646
20200429,50600,51500,50100,51400,63487,7904,1321550,3522.158429145401,5238.8548366985715,5103.461447880383,6350.886858451108,7930.4362269694375,48520.0,43920.0,40642.5,42641.66666666666,48732.5,44622.650697262216,41960.262031085374,2662.3886661768342,954.3281058566906,1708.0605603201432,84.46115288220551,50849.42289576077,5103.461447880383,30435.577104239237,99.27272727272727,92.65513375907035,87.27787209111443
20200504,50400,51400,49600,50400,74279,7144,1313923,1059.4338110519222,5260.950484465711,5383.940819697161,6389.824538971867,7869.2391185923925,50240.0,45080.0,41382.5,42679.16666666666,48655.83333333334,45511.47366691418,42585.42780656053,2926.0458603536463,1348.671656756082,1577.3742035975645,78.92030848329048,52150.38163939432,5383.940819697161,30614.618360605684,92.0,92.43675583938023,88.99750000720303
20200506,51000,53600,50300,52500,106827,-2292,1307463,891.2911982062877,5327.250698061806,5716.666423712452,6449.047033387727,7810.853559846234,51060.0,46380.0,42235.0,42724.16666666666,48595.0,46586.631564312,43319.840561630124,3266.7910026818718,1732.2955259412402,1534.4954767406314,80.75117370892018,53668.332847424914,5716.666423712452,30801.667152575093,93.05993690851734,92.64448286242593,90.213160958944
20200507,52500,54200,52200,52700,53387,1474,1302035,865.7944328765344,5166.284932134502,5874.289318717741,6491.059824007715,7752.424844669666,51620.0,47650.0,43135.0,42754.16666666666,48535.83333333334,47527.14978518708,44014.66718669456,3512.4825984925264,2088.332940451497,1424.149658041029,84.87804878048782,54883.57863743548,5874.289318717741,31386.421362564517,90.88145896656535,92.05680823047241,90.82771004945347
20200508,53000,54400,52300,53900,71396,-1524,1301904,1192.3086848631106,4593.049096188718,6069.058308337574,6562.68126733463,7702.981520527283,52180.0,49130.0,44037.5,42802.5,48489.16666666666,48507.58827977369,44746.91406175422,3760.674218019456,2422.801195965089,1337.8730220543664,84.57711442786069,56175.61661667515,6069.058308337574,31899.38338332485,96.996996996997,93.70353781931395,91.78631930607362
20200511,53700,53900,52300,53800,57623,5614,1296795,1262.6955294131678,3359.3005224302283,6225.811192125999,6608.610702456674,7641.054092134028,52660.0,50590.0,44855.0,42832.5,48434.16666666666,49321.8054675008,45417.513020142804,3904.292447357999,2719.0994462436715,1185.1930011143272,89.47368421052632,57306.622384252005,6225.811192125999,32403.377615748,96.3963963963964,94.6011573450081,92.72459865238511
20200512,53500,54800,51700,54800,106720,-5407,1295924,845.2218643646173,1908.1142523444448,6354.130054539436,6693.701174733223,7594.922051756128,53540.0,51890.0,45712.5,42887.5,48394.16666666666,50164.60462634684,46112.51205568778,4052.0925706590497,2985.6980711267474,1066.3944995323022,89.63730569948187,58420.760109078874,6354.130054539436,33004.239890921126,100.0,96.40077156333875,93.949989622703
20200513,53900,55300,53300,54900,60632,4232,1297354,798.4985911070853,1704.8167056900863,6466.99311890784,6784.3596172833395,7541.360951448306,54020.0,52540.0,46500.0,42947.5,48350.0,50893.12699152424,46763.43708859981,4129.689902924438,3214.496437486286,915.1934654381515,89.41798941798945,59433.986237815676,6466.99311890784,33566.01376218432,97.50778816199377,96.76977709622376,94.88991878054325
20200514,55300,58000,54400,56500,161477,-5050,1307338,970.3607576566562,1828.1137820168633,6600.79351290444,6918.285503324785,7486.5272972354505,54780.0,53200.0,47355.0,43030.833333333336,48310.83333333334,51755.72283898205,47484.66397092574,4271.058868056301,3425.808923600289,845.2499444560121,94.3877551020408,60556.587025808876,6600.79351290444,34153.41297419112,91.25364431486881,94.93106616910545,94.90363457673065
20200515,56200,57100,55500,56400,60756,-6240,1295538,1030.3397497913006,1908.9525923919641,6545.339945335258,7041.5107970885,7446.733577364745,55280.0,53730.0,48255.0,43109.16666666666,48280.83333333334,52470.227017600184,48145.05923233865,4325.1677852615385,3605.680695932541,719.4870893289999,93.87755102040815,61345.679890670515,6545.339945335258,35164.320109329485,85.25345622119815,91.70519618646968,93.83748844664366
20200518,55700,60600,55700,58700,120423,18547,1295355,1415.0618361046984,2244.6380554557118,6634.372615402403,7243.871499793048,7445.5618771652125,56260.0,54460.0,49190.0,43230.833333333336,48280.0,53428.65363027709,48926.90669660986,4501.746933667222,3784.893943479477,716.8529901877455,93.78238341968913,62458.745230804816,6634.372615402403,35921.254769195184,83.33333333333334,88.91457523542424,92.19651737623718
20200519,59000,60300,58200,59500,118329,-25052,1292482,1670.9278859364338,2258.782858089728,6546.821747993551,7475.579641217177,7463.108294584499,57200.0,55370.0,50225.0,43374.16666666666,48292.5,54362.70691792677,49710.098793157274,4652.608124769489,3958.43677973748,694.1713450320094,91.11111111111113,63318.6434959871,6546.821747993551,37131.356504012896,90.0,89.27638349028284,91.2231394142524
20200520,60000,60900,58700,59000,74941,-11562,1289260,1307.5167302944922,2274.5549015137008,6325.266792792328,7682.187685734283,7483.7639074366525,58020.0,56020.0,51200.0,43510.833333333336,48308.33333333334,55076.1366228611,50398.23962329378,4677.896999567325,4102.328823703449,575.5681758638766,86.4,63850.53358558466,6325.266792792328,38549.466414415336,83.1858407079646,87.24620256284344,89.89749379711607
20200521,59200,60500,58800,60500,106029,16,1318703,1355.5810562264435,2338.8031127053,6083.656384116491,7948.306030215413,7524.291910208514,58820.0,56800.0,52225.0,43692.5,48337.5,55910.57714242093,51146.51816971647,4764.058972704464,4234.674853503651,529.3841192008132,86.71875,64392.31276823298,6083.656384116491,40057.68723176701,96.22641509433963,90.23960674000882,90.01153144474699
20200522,60500,62800,59800,60400,95190,465,1319291,724.9827584156743,2345.74082114798,5532.169556331523,8220.369137086167,7556.224255541209,59620.0,57450.0,53290.0,43912.5,48360.0,56601.25758204848,51831.961268255975,4769.296313792495,4341.59914556142,427.6971682310759,85.71428571428572,64354.339112663045,5532.169556331523,42225.660887336955,78.37837837837837,86.28586395279866,88.76964228076422
20200525,60800,61100,58800,61000,50689,-1870,1320450,724.9827584156743,2216.3257883262563,4739.472544492829,8494.95973929136,7597.082042178092,60080.0,58170.0,54380.0,44135.83333333334,48388.33333333334,57277.987184810256,52511.07524838517,4766.91193642508,4426.661703734152,340.250232690928,93.44262295081968,63858.94508898567,4739.472544492829,44901.05491101433,83.78378378378379,85.4518372297937,87.66370726377404
20200526,61600,65400,61400,64900,186254,-12418,1305838,1984.540249024948,2699.1850621993303,4330.0433023240475,8892.260211365034,7699.142223147427,61160.0,59180.0,55535.0,44425.0,48449.16666666666,58450.60454099329,53428.773378134414,5021.831162858864,4545.695595559095,476.1355672997688,94.28571428571428,64195.086604648095,4330.0433023240475,46874.91339535191,96.35036496350365,89.08467980769701,88.13736477841503
20200527,65000,66300,64300,64900,101821,-8763,1296470,2100.095235935742,2779.4963572561132,4461.883010568668,9265.64157999046,7797.428350996125,62340.0,60180.0,56360.0,44721.66666666666,48508.33333333334,59442.819226994325,54278.49386864299,5164.325358351329,4669.421548117542,494.90381023378717,94.20289855072464,65283.76602113734,4461.883010568668,47436.23397886266,90.41095890410958,89.52677283983455,88.6005007988882
20200528,64900,67200,63700,66700,175299,18242,1325017,2448.9997958350264,3095.4805765825763,4739.409245887227,9683.204388123882,7927.673926752926,63580.0,61200.0,57200.0,45071.66666666666,48583.33333333334,60559.308576687494,55198.60543392869,5360.703142758801,4807.6778670457925,553.0252757130073,94.44444444444444,66678.81849177445,4739.409245887227,47721.18150822555,96.40287769784173,91.8188077925036,89.67326979676
20200529,67500,70600,66800,68200,316639,31600,1323634,2410.47713119208,3284.143724016962,5091.2154737352585,10125.855622281651,8089.610063053192,65140.0,62380.0,58055.0,45447.5,48675.83333333334,61734.79956488941,56161.67169808213,5573.127866807286,4960.767866998092,612.3599998091922,95.56962025316456,68237.43094747052,5091.2154737352585,47872.56905252949,85.18518518518519,89.6076002567308,89.6513799500836
20200601,68500,71300,68000,70700,165015,21570,1327754,2191.255347968374,3861.813045707936,5547.03524416434,10629.358289137152,8309.36971135773,67080.0,63580.0,59020.0,45869.16666666666,48800.0,63114.061170291054,57238.5849056316,5875.4762646594445,5143.709546530364,731.7667181290826,95.95375722543352,70114.07048832867,5547.03524416434,47925.92951167132,96.20253164556962,91.80591071967707,90.36955687328141
20200602,70700,74400,69700,74400,209437,16029,1319624,3310.2265783477724,4768.23866852321,6118.954159004734,11238.896094217915,8611.64844201841,68980.0,65070.0,60220.0,46352.5,48961.66666666666,64850.35945178472,58509.80083854777,6340.55861323695,5383.079359871682,957.4792533652679,96.65071770334929,72457.90831800946,6118.954159004734,47982.091681990525,100.0,94.53727381311803,91.75879585322696
20200603,74700,74800,70800,71800,276173,-33738,1311204,2704.5147439050875,4684.282228901243,6343.1281714940405,11701.281862350916,8844.810586190342,70360.0,66350.0,61185.0,46781.66666666666,49105.83333333334,65919.53492074093,59494.26003569237,6425.274885048544,5591.518464907054,833.7564201414888,84.93150684931506,73871.25634298808,6343.1281714940405,48498.74365701192,81.92771084337349,90.33408615653651,91.28389262099681
20200604,71800,72600,68400,69500,240683,-5635,1333424,2114.1428523162767,4324.638713233742,6275.896350323302,12054.294157637329,9026.649433761631,70920.0,67250.0,62025.0,47189.16666666666,49235.0,66470.3757021654,60235.425958974425,6234.94974319097,5720.204720563838,514.7450226271312,77.17842323651453,74576.7927006466,6275.896350323302,49473.2072993534,67.08074534161491,82.58297255156265,88.38358593118544
20200605,69300,69300,67300,68900,181134,-17784,1356562,1945.8674158328463,3682.390527904394,6155.23151473617,12358.887125149375,9196.049083711394,71060.0,68100.0,62775.0,47614.16666666666,49367.5,66844.16405567843,60877.24625830966,5966.917797368769,5769.547335924825,197.3704614439439,72.76785714285714,75085.46302947235,6155.23151473617,50464.53697052767,63.125,76.09698170104177,84.28805118780421
20200608,69200,69700,65500,66500,193091,-10472,1345869,2685.8145877926872,2910.7559155655767,5843.791577392312,12580.637542357827,9322.13077693353,70220.0,68650.0,63410.0,47995.83333333334,49481.66666666666,66791.21573942021,61293.7465354719,5497.469203948305,5715.131709529522,-217.66250558121646,64.58333333333334,75097.58315478463,5843.791577392312,51722.41684521538,48.125,66.77298780069451,78.44969672543431
20200609,67000,67800,65000,66500,147809,-11839,1343029,1997.598558269404,2739.1422014930154,5529.780737063753,12770.698449530866,9442.603329533546,68640.0,68810.0,63995.0,48413.33333333334,49589.16666666666,66746.41331797095,61679.394940251776,5067.018377719178,5585.5090431674535,-518.4906654482756,65.95744680851064,75054.5614741275,5529.780737063753,52935.4385258725,48.125,60.556991867129675,72.4854617726661
20200610,66500,68100,65900,66500,105603,15149,1340221,1336.2634470792054,2545.9968578142434,5140.026750903279,12908.032598173782,9556.93069481958,67580.0,68970.0,64575.0,48883.33333333334,49689.16666666666,66708.50357674464,62036.476796529416,4672.026780215223,5402.812590577008,-730.7858103617848,63.63636363636363,74855.05350180656,5140.026750903279,54294.946498193436,38.059701492537314,53.057895075598886,66.00960620697703
20200611,67000,69200,66500,68000,235937,14953,1373869,996.7948635501692,2458.4547992590788,4838.956499081319,13032.847896968538,9692.202048842393,67280.0,69100.0,65150.0,49409.16666666666,49803.33333333334,66907.19533416853,62478.21925604576,4428.9760781227815,5208.045288086163,-779.0692099633818,66.23931623931624,74827.91299816263,4838.956499081319,55472.08700183736,38.73873873873874,48.28484296331217,60.10135179242207
20200612,65600,66500,64300,65500,162904,1232,1397139,800.0,2680.690209628856,4403.007494883621,13061.363586929276,9790.596962847465,66600.0,68830.0,65605.0,49912.5,49901.66666666666,66690.70374429646,62702.05486670903,3988.6488775874236,4964.166005986414,-975.5171283989912,58.89328063241106,74411.01498976724,4403.007494883621,56798.98501023276,16.216216216216218,37.59530071428019,52.599334766374774
20200615,65000,65000,59600,59900,153179,-9188,1420559,2805.993585167293,3693.8462339409853,4315.816840414029,13006.921234479823,9824.736920426147,65280.0,67750.0,65665.0,50300.0,49948.33333333334,65645.98009132777,62494.495246952814,3151.484844374958,4601.6297736641245,-1450.1449292891657,40.74074074074074,74296.63368082806,4315.816840414029,57033.36631917193,1.9736842105263157,25.721428546362233,43.640032693037256
20200616,61500,63300,60200,62800,112284,13858,1432536,2873.7432035587312,3213.549439482766,4136.314784926472,12953.697965144342,9888.00184848206,64540.0,66590.0,65830.0,50759.16666666666,50023.33333333334,65208.137000354276,62517.12522866003,2691.011771694255,4219.50617327015,-1528.4944015758947,46.488294314381285,74102.62956985294,4136.314784926472,57557.37043014706,21.052631578947366,24.16516289055728,37.14840942554393
20200617,62000,63000,60400,61400,80361,-5890,1435219,2901.999310820043,3037.1861977824146,3967.807959062704,12775.843633808228,9933.82307937137,63520.0,65550.0,65950.0,51258.33333333334,50080.83333333334,64622.26976953054,62434.37521172224,2187.894557808308,3813.1838501777806,-1625.2892923694735,41.01694915254237,73885.6159181254,3967.807959062704,58014.3840818746,11.842105263157894,20.057477014757485,31.45143195528178
20200618,60800,62500,60500,61100,59632,-10472,1434231,1916.8724527208374,2989.799324369447,3928.5620779111214,12695.022291125964,9977.373847306613,62140.0,64710.0,65980.0,51664.16666666666,50138.33333333334,64080.38211267969,62335.53260344651,1744.8495092331796,3399.516981988861,-1654.6674727556815,37.45583038869258,73837.12415582224,3928.5620779111214,58122.87584417776,9.868421052631579,16.661125027382184,26.52132964598191
20200619,61300,61600,59400,60400,70748,-3602,1440765,990.7572861200667,2884.163656937657,3928.5620779111214,12520.644174942383,10012.10434091467,61120.0,63860.0,65980.0,52111.66666666666,50185.0,63514.16947995974,62192.159818006025,1322.0096619537069,2984.015517981831,-1662.0058560281234,30.566037735849058,73837.12415582224,3928.5620779111214,58122.87584417776,7.575757575757576,13.632669210173981,22.225109500712602
20200622,60400,60600,57700,57800,98349,-10218,1433904,1646.815108019112,3246.059149183823,4184.925327888341,12305.761861825677,10026.550863694418,60700.0,62990.0,65820.0,52515.0,50208.33333333334,62635.06648304286,61866.814646301886,768.2518367409723,2540.862781733659,-1772.610944992687,17.322834645669293,74189.85065577668,4184.925327888341,57450.14934422332,0.8333333333333334,9.366223917893764,17.938814306439657
20200623,58500,61300,57900,60500,128656,753,1419553,1275.3038853543887,3092.717251867684,4340.2764888888505,12120.134648132107,10059.644902062133,60240.0,62390.0,65600.0,52948.33333333334,50251.66666666666,62306.59471642088,61765.56911694617,541.0255994746913,2140.895345281865,-1599.8697458071745,27.84313725490196,74280.5529777777,4340.2764888888505,56919.4470222223,23.333333333333332,14.02192705637362,16.63318522308431
20200624,60500,61800,60000,60900,54716,-1937,1412819,1197.6643937263893,2790.0,4458.475075628587,11946.879968099873,10098.206799010635,60140.0,61830.0,65400.0,53370.83333333334,50303.33333333334,62090.1955292792,61701.45288606129,388.74264321792,1790.4648048690765,-1401.7221616511565,31.77966101694915,74316.95015125717,4458.475075628587,56483.04984874282,27.82608695652174,18.623313689756326,17.296561378641652
20200625,59700,60400,58000,58800,86848,-12131,1423016,1182.2013364905322,2012.1878639928232,4670.703908406241,11754.291503530274,10119.937520394862,59680.0,60910.0,65005.0,53747.5,50337.5,61584.01160169777,61486.530450056736,97.48115164104091,1451.8680742234692,-1354.3869225824285,29.88047808764941,74346.40781681247,4670.703908406241,55663.59218318752,9.565217391304348,15.603948256939,16.732357004740766
20200626,59700,64000,59000,62400,135244,18417,1427299,1616.6632302368976,1438.054240979804,4643.304319124618,11551.641177289619,10170.953331261318,60080.0,60600.0,64715.0,54201.66666666666,50400.0,61709.548278359674,61554.194861163654,155.35341719602002,1192.5651428179794,-1037.2117256219594,42.20532319391635,74001.60863824924,4643.304319124618,55428.39136175077,40.869565217391305,24.02582057708977,19.1635115288571
20200629,61900,65900,61000,65500,164097,22638,1415292,2253.353057112889,2026.4254242384545,4442.1250545207895,11372.23259986886,10253.032749171563,61620.0,61160.0,64455.0,54705.83333333334,50483.33333333334,62292.694697073566,61846.476723299675,446.21797377389163,1043.2957090091618,-597.0777352352702,48.29931972789116,73339.25010904158,4442.1250545207895,55570.749890958425,88.63636363636364,45.56266826351439,27.96323044040953
20200630,67200,67200,62800,64300,114729,11015,1437488,2384.449622030208,2191.0956163526957,3812.282780697326,11160.157897875832,10323.166066615317,62380.0,61310.0,63950.0,55184.16666666666,50564.16666666666,62601.51089752378,62028.21918824043,573.2917092833522,949.294909064,-376.00319978064766,46.405228758169926,71574.56556139466,3812.282780697326,56325.43443860535,69.47368421052632,53.53300691251837,36.48648926444581
20200701,64400,65100,63000,63200,63521,1375,1452764,2273.851358378555,2263.8241981214,3360.892738544528,10904.837866234137,10375.805189640096,62840.0,61490.0,63520.0,55646.66666666666,50625.0,62693.58614405859,62115.01776688929,578.5683771693002,875.14960268506,-296.5812255157598,42.05298013245034,70241.78547708906,3360.892738544528,56798.214522910945,57.89473684210527,54.986916889047336,42.65329847264632
20200702,63800,65500,63200,63500,58238,2260,1465384,1053.3755265810953,2335.829617073985,3068.810844610879,10601.900248957923,10437.573153437648,63780.0,61730.0,63220.0,56126.66666666666,50705.0,62817.649814203425,62217.609043416014,600.040770787411,820.1278363055302,-220.0870655181192,46.42857142857143,69357.62168922176,3068.810844610879,57082.378310778244,61.05263157894737,57.00882178568068,47.438472910324435
20200703,63500,66900,63500,66700,110815,30825,1480261,1301.6912076218384,2711.5309328864387,2897.9130421738564,10351.173410400761,10533.864009576506,64640.0,62360.0,63110.0,56640.83333333334,50809.16666666666,63414.93445817213,62549.63800316298,865.2964550091565,829.1615600462552,36.134894962901065,63.28125,68905.82608434772,2897.9130421738564,57314.17391565228,94.73684210526315,69.58482855887483,54.82059145984124
20200706,67000,67800,66000,66700,65525,-733,1493383,1528.9211882893114,2522.796067858042,2909.9140880791197,10122.126615597534,10629.451322467008,64880.0,63250.0,63120.0,57128.33333333334,50917.5,63920.32915691487,62857.072225150885,1063.2569317639864,875.9806343898018,187.27629737418462,58.59030837004406,68939.82817615822,2909.9140880791197,57300.17182384176,89.10891089108911,76.09285600294625,61.91134630754291
20200707,67000,67500,64800,65200,61399,-1399,1497980,1502.797391533536,2401.582811397517,2847.538410627912,9849.317340978476,10705.673599650385,65060.0,63720.0,63055.0,57587.5,51013.33333333334,64117.201594312595,63030.62243069527,1086.5791636173235,918.1003402353059,168.47882338201745,58.33333333333334,68750.07682125582,2847.538410627912,57359.92317874418,74.25742574257426,75.4810459161556,66.4345795104138
20200708,65200,65500,63700,64300,38478,-2719,1498241,1278.1236246936369,2211.4248800264504,2753.266242120681,9587.41999821581,10772.074106484066,65280.0,64060.0,62945.0,58006.66666666666,51106.66666666666,64145.324425956824,63124.65039879192,1020.674027164896,938.615077621224,82.05894954367182,56.83760683760684,68451.53248424138,2753.266242120681,57438.46751575863,64.64646464646465,71.86951882625861,68.24622594902873
20200709,66100,68000,65200,67000,154178,20811,1508037,1049.5713410721542,1521.7095649301807,2668.796545261803,9342.638218878828,10866.896565820949,65980.0,64880.0,62895.0,58466.66666666666,51220.83333333334,64584.50528350192,63411.713332214735,1172.7919512871813,985.4504523544156,187.34149893276557,62.992125984251956,68232.5930905236,2668.796545261803,57557.40690947638,90.0,77.91301255083907,71.46848814963217
20200710,67000,68100,64700,67500,99634,11289,1496904,1197.6643937263893,1458.3895227270389,2798.8345788919605,9038.72210117055,10966.78837318616,66140.0,65390.0,62995.0,58951.66666666666,51346.66666666666,65033.04293219392,63714.54938168032,1318.493550513609,1052.0590719862544,266.4344785273547,70.81545064377683,68592.66915778392,2798.8345788919605,57397.33084221608,94.05940594059405,83.29514368075739,75.41070666000724
20200713,68900,71900,68900,70600,227626,13051,1519236,2177.5215268740744,2140.09345590327,3155.9626106786077,8815.537262254027,11105.445704949643,66920.0,65900.0,63530.0,59461.66666666666,51510.83333333334,65889.49786570255,64224.582760815116,1664.9151048874412,1174.6302785664916,490.28482632094915,71.30801687763713,69841.92522135723,3155.9626106786077,57218.074778642775,89.92248062015504,85.50425599388994,78.7752231046348
20200714,70600,70600,68300,69800,117134,12864,1508540,2227.64449587451,2354.2514733987105,3431.7051155367853,8491.939151661583,11228.939886394046,67840.0,66450.0,63880.0,59978.33333333334,51669.16666666666,66491.11357867139,64637.576630384356,1853.53694828703,1310.4116125105995,543.1253357764306,68.46473029045643,70743.41023107358,3431.7051155367853,57016.589768926424,80.73394495412845,83.91415231396944,80.48819950774634
20200715,70400,71100,67100,67300,100326,2042,1499347,1467.7874505527018,2095.328136593407,3459.3171291457707,8111.869732405907,11317.867480474599,68440.0,66860.0,64175.0,60441.66666666666,51809.16666666666,66615.55764349118,64834.79317628183,1780.7644672093666,1404.482183450353,376.2822837590136,67.34693877551021,71093.63425829154,3459.3171291457707,57256.36574170847,49.45054945054945,72.42628469282944,77.8008945694407
20200716,67300,67600,64500,65200,79320,-14128,1502962,1926.0321908005587,1872.9922583929706,3391.843156751405,7683.686000580928,11382.598927018478,68080.0,67030.0,64380.0,60861.66666666666,51930.0,66397.77954449254,64861.84553359428,1535.9340108982724,1430.7725489399372,105.1614619583354,56.08695652173913,71163.68631350281,3391.843156751405,57596.31368649719,24.719101123595504,56.52389016975146,70.7085597695443
20200717,65200,66000,63300,63800,82847,-17804,1489075,2599.6922894835075,2111.0187114282053,3271.161873096673,7149.868685660614,11432.660330047906,67340.0,66740.0,64550.0,61273.33333333334,52041.66666666666,65998.12115303215,64783.190308883575,1214.9308441485555,1387.6042079816614,-172.67336383310544,46.009389671361504,71092.32374619335,3271.161873096673,58007.67625380666,6.896551724137931,39.98144402121362,60.466187853434064
20200720,64000,64600,62500,63000,50770,-3888,1490372,2467.711490429949,2391.254900674539,2911.168150416828,6549.231507077876,11472.389560255137,65820.0,66370.0,64810.0,61670.0,52158.33333333334,65536.87174487335,64651.10213785517,885.7696070181772,1287.2372877889645,-401.46768077078696,46.889952153110045,70632.33630083366,2911.168150416828,58987.66369916634,5.319148936170213,28.42734565953248,49.786573788800204
20200721,63200,64100,62000,62900,91359,-10320,1468135,1649.969696691427,2594.6868789894475,2777.426866724187,6017.781752622028,11510.916165633867,64440.0,66140.0,64930.0,62021.66666666666,52270.83333333334,65131.199168738975,64521.39086838441,609.8083003545763,1151.7514903020867,-541.9431899475105,49.246231155778894,70484.85373344838,2777.426866724187,59375.14626655162,9.090909090909092,21.98186680332468,40.51833812697503
20200722,62900,63700,62500,62700,60694,-5841,1469223,919.565114605812,2748.0174671933946,2672.5643116679785,5750.831823887324,11545.917019726829,63520.0,65980.0,65020.0,62260.0,52384.58333333334,64757.16852739452,64386.47302628186,370.6955011126703,995.5402924642034,-624.8447913515333,47.97979797979799,70365.12862333597,2672.5643116679785,59674.871376664036,7.07070707070707,17.01148022578548,32.682718826578515
20200723,62700,63000,61100,61900,85265,-7093,1472453,608.6049621881176,2975.247888832122,2381.3599056004396,5521.6000096561975,11573.538304637768,62860.0,65470.0,65175.0,62460.0,52493.33333333334,64317.6041385646,64202.28983914988,115.31429941472744,819.4950938543083,-704.1807944395807,36.206896551724135,69937.71981120088,2381.3599056004396,60412.28018879912,7.4074074074074066,13.810122619659454,26.39185342427216
20200724,61100,61700,60700,60800,41491,-2620,1468015,826.0750571225352,3189.357302028106,2497.293535009718,5325.131975409088,11589.930854938308,62260.0,64800.0,65095.0,62621.66666666666,52601.66666666666,63776.43427109312,63950.26836958321,-173.8340984900933,620.829255385428,-794.6633538755214,34.05405405405405,70089.58707001944,2497.293535009718,60100.412929980565,0.8928571428571428,9.50436746072535,20.76269143642322
20200727,60900,61800,60600,61200,44033,-5184,1468427,817.312669668102,2687.080199770748,2634.5018504456084,5124.965853541742,11607.669399535704,61900.0,63860.0,64880.0,62785.0,52713.33333333334,63380.059767848026,63746.544786651124,-366.48501880309783,423.3664005477228,-789.8514193508206,38.50574712643678,70149.00370089122,2634.5018504456084,59610.99629910878,5.3097345132743365,8.106156478241678,16.543846450362707
20200728,61000,62200,60800,61300,54276,-15892,1466447,661.5134163416491,1903.9170149982904,2746.288404374409,4869.553938044479,11626.128790777737,61580.0,63010.0,64730.0,62966.66666666666,52822.91666666666,63060.050572794484,63565.31924689919,-505.2686741047073,237.63938561723685,-742.9080597219441,40.96385542168674,70222.57680874882,2746.288404374409,59237.423191251175,6.1946902654867255,7.469001073990026,13.518897991571814
20200729,60800,63000,60400,63000,66731,1218,1489640,765.767588763066,1264.75294030099,2752.1991207035394,4675.050504774388,11659.405173210349,61640.0,62580.0,64720.0,63141.66666666666,52932.91666666666,63050.81202313379,63523.44374712888,-472.6317239950949,95.58516369477042,-568.2168876898653,37.17948717948718,70224.39824140706,2752.1991207035394,59215.60175859293,24.299065420560748,13.079022522846934,13.372272835330188
20200730,63300,64100,61000,61000,73704,-3168,1485771,788.9233169326407,993.1767214348108,2859.4536191379875,4482.885975198989,11680.861297856032,61460.0,62160.0,64595.0,63280.0,53017.08333333334,62735.302481113205,63336.52198808231,-601.2195069690932,-43.775770438002375,-557.443736531091,30.99415204678362,70313.90723827598,2859.4536191379875,58876.09276172402,5.607476635514018,10.588507227069295,12.44435096590989
20200731,61000,63000,60600,62600,101130,-4789,1523525,815.8431221748456,849.9411744350311,2848.1397437628193,4314.689057931739,11711.72660644857,61820.0,62040.0,64390.0,63425.0,53113.75,62714.486714788094,63281.96480377991,-567.4780889918184,-148.51623414876562,-418.96185484305283,24.35897435897436,70086.27948752564,2848.1397437628193,58693.72051247436,30.555555555555557,17.24419000323138,14.04429731168372
20200803,62600,62600,59100,59800,113522,-23431,1527414,1151.6944039110374,1014.6920715172656,2963.017887222643,4157.107367706049,11726.999940487563,61540.0,61720.0,64045.0,63525.0,53178.75,62266.10414328224,63024.041484981404,-757.9373416991658,-270.40045565884566,-487.53688604032,21.590909090909093,69971.03577444528,2963.017887222643,58118.964225554715,10.144927536231885,14.877769180898214,14.322121268088551
20200804,60300,62700,59500,61800,83081,1893,1559960,1148.216007552586,937.4966666607409,2989.2933947676233,4006.0908488023842,11752.06612301645,61640.0,61610.0,63875.0,63641.66666666666,53264.58333333334,62194.39581354652,62933.371745353164,-738.9759318066426,-364.11555088840515,-374.8603809182375,33.918128654970765,69853.58678953523,2989.2933947676233,57896.41321046474,49.09090909090909,26.28214915090184,18.308797229026315
20200805,61800,61800,60800,61400,40103,-7051,1564682,926.066952223218,864.6386528486914,3035.1441481421166,3853.2021315570832,11773.841879530884,61320.0,61480.0,63730.0,63750.0,53348.75,62072.1810730009,62819.78865310478,-747.6075801038751,-440.81395673149916,-306.7936233723758,37.662337662337656,69800.28829628423,3035.1441481421166,57659.71170371577,46.0,32.85476610060123,23.157453519551286
20200806,61400,61900,60500,60800,46069,-1303,1567487,943.1860898041276,874.1281370600079,3001.766146787809,3756.465167617687,11792.011707261629,61280.0,61370.0,63420.0,63821.66666666666,53426.25,61876.460907923836,62670.17467880072,-793.7137708768788,-511.39391956057517,-282.31985131630347,39.72602739726028,69423.53229357561,3001.766146787809,57416.46770642437,34.0,33.23651073373416,26.517139257612243
20200807,60800,60900,59800,60000,49712,-8405,1574699,773.5631842325487,955.4580053565933,2936.405115102706,3665.0826123738334,11806.017173165732,60760.0,61290.0,63045.0,63881.66666666666,53495.41666666666,61587.77461439709,62472.383961852516,-884.6093474554217,-586.0370051395446,-298.57234231587717,39.72602739726028,68917.81023020543,2936.405115102706,57172.18976979459,18.0,28.15767382248944,27.06398411257131
20200810,60000,61300,59400,61000,57789,-5771,1583931,606.6300355241242,959.218431849597,2397.3474925428172,3622.4669310617787,11824.059151848724,61000.0,61270.0,62565.0,63920.0,53575.41666666666,61497.347750643705,62363.31848319677,-865.9707325530763,-642.023750622251,-223.94698193082525,43.870967741935495,67359.69498508562,2397.3474925428172,57770.305014914375,38.0,31.43844921499296,28.52213914671186
20200811,61500,62500,60900,61500,82444,-12966,1598983,535.1635264103861,961.717214153932,1736.2315513782528,3590.704047331811,11843.320836552924,60940.0,61290.0,62150.0,63953.33333333334,53663.75,61497.75578900621,62299.36896592294,-801.6131769167332,-673.9416358811476,-127.67154103558573,46.20253164556963,65622.4631027565,1736.2315513782528,58677.536897243495,48.0,36.95896614332864,31.334414812250788
20200812,61500,61500,59900,60900,50996,-10375,1599873,484.14873747640814,776.9169839822013,1290.0000000005175,3555.0820431183924,11858.548948322084,60840.0,61080.0,61830.0,63985.0,53747.91666666666,61405.79335992834,62195.71200548421,-789.9186455558737,-697.1370378160929,-92.78160773978097,46.794871794871796,64410.000000001026,1290.0000000005175,59249.999999998974,36.0,36.63931076221909,33.102713462240224
20200813,61100,62600,61000,61800,74545,-3256,1605701,615.142259969188,805.2328855678958,1033.150521464,3537.695420589287,11874.837710880547,61040.0,61160.0,61660.0,64006.66666666666,53849.58333333334,61466.44053532398,62166.40000507798,-699.9594697539943,-697.7015242036732,-2.257945550320983,53.24675324675325,63726.301042928,1033.150521464,59593.698957072,54.0,42.426207174812724,36.21054469976439
20200814,61900,63900,61400,62300,58104,-71,1602401,517.6871642217914,755.0496672405068,923.7288563216672,3513.691869746848,11883.709079790036,61500.0,61130.0,61585.0,64038.33333333334,53975.41666666666,61594.680452966444,62176.296300998125,-581.6158480316735,-674.4843889692734,92.86854093759985,53.54838709677418,63432.45771264334,923.7288563216672,59737.54228735666,64.0,49.617471449875154,40.67952028313464
20200818,61900,61900,58000,58200,121825,-4960,1589716,1443.0523206037958,1107.293998900021,1126.265954382594,3571.8478722072887,11875.38413852489,60940.0,60970.0,61345.0,63991.66666666666,54063.75,61072.42192174084,61881.75583425753,-809.3339125166748,-701.4542936787539,-107.87961883792116,42.05128205128205,63597.53190876519,1126.265954382594,59092.46809123481,3.389830508474576,34.20825780274163,38.522432789670304
20200819,58000,59200,56300,57400,87874,-26752,1601220,1963.0588376307007,1496.02807460288,1360.1838111083866,3667.818001054351,11864.113577181008,60120.0,60530.0,61070.0,63866.66666666666,54145.83333333334,60507.4339337807,61549.77392060881,-1042.3399868281047,-769.6314323086241,-272.7085545194808,34.946236559139784,63790.36762221678,1360.1838111083866,58349.63237778322,14.473684210526317,27.630066605336523,34.89164406155904
20200820,56700,56800,54200,54300,81568,-17356,1608250,2960.4053776467845,2353.6354857963884,1957.6771950455304,3863.8366079976363,11846.5223155258,58800.0,59820.0,60650.0,63690.0,54205.83333333334,59552.444097814434,61012.75363019334,-1460.309532378902,-907.76705232268,-552.5424800562222,32.99492385786802,64565.354390091066,1957.6771950455304,56734.645609908934,1.0309278350515463,18.76368701524153,29.515658379453203
20200821,55000,56900,54600,56100,34886,-1874,1618106,2668.7824939473803,2570.311265197272,2169.1933984781845,3963.2253980217683,11821.995125613466,57660.0,59350.0,60360.0,63513.33333333334,54292.5,59021.298851996835,60648.84595388272,-1627.5471018858955,-1051.7230622353231,-575.8240396505721,33.66834170854271,64698.38679695638,2169.1933984781845,56021.613203043635,19.587628865979383,19.038334298820814,26.023217019242406
20200824,55100,56800,55000,56500,32660,1260,1618442,1319.090595827292,2693.325082495613,2322.60091277028,4015.324464538912,11797.014975256132,56500.0,59000.0,60145.0,63318.33333333334,54382.91666666666,58633.4067209204,60341.5240313729,-1708.1173104525005,-1183.0019118787586,-525.1153985737419,40.571428571428584,64790.201825540564,2322.60091277028,55499.798174459436,23.711340206185564,20.596002934609064,24.21414565769796
20200825,56700,58900,56500,58500,62534,-4410,1636695,1399.4284547628722,2610.842775810141,2335.786805340191,3944.651442138968,11773.973762487783,56560.0,58750.0,60010.0,63115.0,54492.08333333334,58612.88261000957,60205.1148438638,-1592.2322338542292,-1264.8479762738527,-327.38425758037624,40.571428571428584,64681.573610680374,2335.786805340191,55338.42638931962,44.329896907216494,28.507300925478205,25.645197413624704
20200826,59200,59500,57200,58300,35853,-6521,1635547,1546.091847207015,2445.015337375208,2344.440231697395,3708.389887205017,11749.334193607912,56740.0,58430.0,59860.0,62846.66666666666,54599.58333333334,58564.74682385425,60063.995225799816,-1499.2484019455587,-1311.728061408194,-187.5203405373648,41.04046242774567,64548.88046339479,2344.440231697395,55171.11953660521,42.2680412371134,33.09421436268994,28.128203063313112
20200827,58000,58100,56100,56100,37461,-13916,1637254,1073.312629199899,2383.379952923998,2364.5877019052045,3620.258968633147,11723.884689907642,57100.0,57950.0,59515.0,62585.0,54683.33333333334,58185.555004799746,59770.36594981464,-1584.810945014884,-1366.344638129532,-218.46630688535197,37.56613756613757,64244.17540381041,2364.5877019052045,54785.82459618959,19.587628865979383,28.592019197119754,28.28280844124866
20200828,56100,58000,56100,57000,32456,-768,1644855,960.0,2014.4726357039447,2399.432224506734,3575.722149280829,11692.3452449206,57280.0,57470.0,59315.0,62376.66666666666,54782.91666666666,58003.16192713825,59565.15365723577,-1561.9917300975285,-1405.4740565231314,-156.51767357439692,42.10526315789474,64113.864449013476,2399.432224506734,54516.13555098653,28.865979381443296,28.683339258560935,28.41631871368608
20200831,58000,58400,56800,58000,40148,-1445,1649905,901.9977827023744,1252.3577763562614,2291.5660583979106,3516.0785448140728,11649.146957027257,57580.0,57040.0,59085.0,62195.0,54904.58333333334,58002.67547680929,59449.21634929239,-1446.5408724830993,-1413.687419715125,-32.853452767974204,42.10526315789474,63668.13211679582,2291.5660583979106,54501.86788320418,39.175257731958766,32.180645416360214,29.671094281244127
20200901,57100,58600,57100,58300,36394,3395,1650879,863.9444426582071,1261.9429464123962,2291.4842351631696,3505.4382353980604,11606.840468437164,57540.0,57050.0,59010.0,62058.33333333334,55027.08333333334,58048.41771114633,59364.089212307765,-1315.6715011614506,-1394.0842360043905,78.41273484293994,41.48936170212768,63592.96847032634,2291.4842351631696,54427.03152967366,42.2680412371134,35.543110689944605,31.628433084144287
20200902,58400,58900,57600,58500,24480,-1013,1652486,901.9977827023744,1333.566646253572,2201.6982082023264,3486.04957891236,11543.956180858622,57580.0,57160.0,58845.0,61925.0,55169.16666666666,58117.891909431484,59300.082603988674,-1182.1906945571827,-1351.705527714949,169.5148331577664,43.47826086956522,63248.396416404656,2201.6982082023264,54441.603583595344,55.84415584415584,42.31012574134835,35.18899730321231
20200903,59200,59200,57600,58800,39988,-8936,1662729,617.73780845922,1013.3607452432724,2122.327731525302,3456.8755963813896,11444.30826510257,58120.0,57610.0,58715.0,61796.66666666666,55340.0,58222.8316156728,59263.039448137664,-1040.2078324648537,-1289.4059886649302,249.19815620007648,41.57303370786517,62959.655463050614,2122.327731525302,54470.344536949386,86.79245283018868,57.13756810429513,42.50518757023992
20200904,57300,58100,57000,57700,34181,-7731,1657656,382.6225293941798,879.8295289429652,2077.113381595077,3399.8345547935423,11314.311541572055,58260.0,57770.0,58560.0,61625.0,55517.08333333334,58142.39598249237,59147.25874827561,-1004.8627657832403,-1232.4973440885926,227.6345783053521,37.5,62714.226763190156,2077.113381595077,54405.773236809844,66.0377358490566,60.10429068588229,48.371555275454035
20200907,57000,60500,56500,59900,71044,12367,1662974,725.5342858886821,975.1410154434076,2073.758664840568,3368.901485972894,11168.062342818645,58640.0,58110.0,58555.0,61531.66666666666,55722.08333333334,58412.79660057048,59203.01735951447,-790.2207589439859,-1144.0420270596712,353.82126811568537,55.15151515151516,62702.517329681126,2073.758664840568,54407.48267031887,89.83050847457628,70.01302994878029,55.58538016656278
20200908,60000,61100,58400,58500,66772,-1744,1643953,711.0555533852472,975.1410154434076,1996.5219758373148,3384.9318883630467,11032.930978314449,58680.0,58110.0,58430.0,61508.33333333334,55904.16666666666,58426.21250817503,59150.94199955043,-724.7294913754013,-1060.1795199228172,335.450028547416,53.21637426900584,62423.04395167463,1996.5219758373148,54436.95604832537,57.377049180327866,65.80103635929615,58.99059889747391
20200909,58400,58500,56300,56500,69443,-20202,1633333,1135.6055653262713,1083.5589508651574,1907.5114678557861,3440.492535794398,10869.324309152264,58280.0,57930.0,58180.0,61403.33333333334,56081.25,58129.872122301924,58954.57592550965,-824.7038032077107,-1013.084376579796,188.3805733720852,56.875,61995.022935711575,1907.5114678557861,54364.977064288425,8.0,46.534024239530765,54.8384073448262
20200910,56600,57300,56300,56700,45268,-11071,1629147,1248.3589227461791,993.4284070832684,1825.9518065932998,3492.784228467985,10632.276593259972,57860.0,57990.0,57970.0,61325.0,56291.66666666666,57909.89179579395,58787.57030139782,-877.6785056038716,-986.0032023846112,108.3246967807396,52.08333333333334,61621.9036131866,1825.9518065932998,54318.0963868134,12.0,35.022682826353844,48.233165838668754
20200911,56300,56600,56000,56400,29930,-6075,1627330,1382.7508813954885,1066.8176976409793,1628.1891781980787,3549.200222893914,10480.280681343917,57600.0,57930.0,57700.0,61246.66666666666,56455.41666666666,57677.60075028719,58610.71324203503,-933.1124917478301,-975.4250602572548,42.31256850942498,49.650349650349646,60956.37835639616,1628.1891781980787,54443.621643603845,7.8431372549019605,25.96283430253655,40.809721993291355
20200914,56600,57700,56100,57700,36507,-1678,1637547,813.8795979750322,1068.6440005914037,1241.007655093769,3576.6600652270813,10268.22958882967,57160.0,57900.0,57470.0,61201.66666666666,56656.66666666666,57681.04678870455,58543.25300188428,-862.2062131797284,-952.7812908417498,90.57507766202141,47.058823529411754,59952.01531018754,1241.007655093769,54987.98468981246,33.33333333333333,28.419667312802144,36.67970376646162
20200915,57300,58600,57000,58300,46449,-8961,1586663,749.3997598078078,1068.6440005914037,1244.1362465587665,3569.2996511876063,10049.208613121144,57120.0,57900.0,57475.0,61210.0,56862.5,57776.27035967308,58525.23426100396,-748.9639013308771,-912.0178129395754,163.0539116086984,50.0,59963.27249311753,1244.1362465587665,54986.72750688247,45.09803921568628,33.979124613763524,35.77951071556225
20200916,57900,59500,57900,58500,43911,-4312,1596101,840.0,1068.6440005914037,1263.7642185159916,3585.0786447241053,9838.780094606658,57520.0,57900.0,57530.0,61176.66666666666,57062.5,57887.613381261835,58523.36505648515,-635.7516752233132,-856.7645853963229,221.0129101730097,60.00000000000001,60057.52843703199,1263.7642185159916,55002.471562968014,49.01960784313725,38.99261902355477,36.85054681822643
20200917,58700,58900,57700,58400,36652,1457,1596121,781.2809993849844,1041.3452837555851,1035.0241543081663,3602.5373002882184,9639.692888940172,57860.0,57860.0,57735.0,61135.0,57252.91666666666,57966.442091836936,58514.22690415291,-547.7848123159712,-794.9686307802525,247.18381846428142,56.25,59805.04830861633,1035.0241543081663,55664.95169138367,47.05882352941176,41.68135385884043,38.46081583176443
20200918,59000,60000,58100,59500,70741,3029,1622730,581.033561853358,1148.216007552586,1031.7339773417057,3596.0842901953997,9446.402083672758,58480.0,58040.0,57905.0,61146.66666666666,57447.08333333334,58202.37407770818,58587.24713347492,-384.87305576674413,-712.9495157775508,328.0764600108068,56.63716814159293,59968.46795468341,1031.7339773417057,55841.53204531659,68.62745098039215,50.663386232691,42.52833929873995
20200921,59500,60000,58100,58200,28206,2070,1617082,470.74409183759286,972.6767191621274,981.2746812189414,3611.849326248736,9222.762111875722,58580.0,57870.0,57990.0,61076.66666666666,57639.16666666666,58202.00883498385,58558.56216062492,-356.5533256410781,-641.6702777502562,285.1169521091783,49.593495934959364,59952.54936243787,981.2746812189414,56027.45063756212,43.13725490196079,48.154675789114265,44.40378479553139
20200922,58000,58200,56000,56200,58253,-25267,1620483,1078.1465577554843,1064.1428475538423,1047.318003283308,3618.2450472832847,8992.709923647122,58160.0,57640.0,57875.0,60921.66666666666,57813.75,57894.007475755556,58383.85385243049,-489.8463766749337,-611.305497535192,121.45912086025828,41.843971631205676,59969.63600656661,1047.318003283308,55780.36399343338,3.9215686274509802,33.410306735226506,40.739292108763095
20200923,56200,57500,56200,57200,31576,-1436,1633528,1120.7140580897521,1008.4145972763388,1052.425769354464,3621.922448395321,8759.422456467173,57900.0,57710.0,57820.0,60803.33333333334,57993.75,57787.237094870085,58296.160974472674,-508.92387960259657,-590.829173948673,81.9052943460764,44.59459459459461,59924.85153870893,1052.425769354464,55715.148461291064,23.52941176470588,30.116675078386297,37.19841976530416
20200924,56000,56900,54300,54600,50570,644,1630554,1675.231327309754,1355.728586406586,1213.4558088374438,3693.6973346455516,8518.381432070899,57140.0,57500.0,57745.0,60660.0,58153.33333333334,57296.892926428525,58022.37127265988,-725.4783462313571,-617.7590084052099,-107.71933782614724,40.490797546012274,60171.91161767488,1213.4558088374438,55318.08838232512,5.263157894736842,21.832169350503147,32.076336293703825
20200925,55500,55500,54300,54600,16645,-556,1629561,1422.1111067704944,1589.2136420255144,1387.3986449472034,3754.867581622968,8249.649445415862,56160.0,57320.0,57625.0,60511.66666666666,58319.16666666666,56881.986322362616,57768.8622894999,-886.87596713729,-671.582400151626,-215.29356698566403,31.205673758865252,60399.797289894406,1387.3986449472034,54850.202710105594,5.263157894736842,16.309165531914378,26.820612706440674
20200928,54600,55800,54600,55500,13546,1306,1630780,992.7738916792688,1671.5262486721524,1458.766602305295,3720.825401256302,7993.055568830789,55620.0,57100.0,57500.0,60325.0,58482.91666666666,56669.37304199912,57600.798416203615,-931.425374204482,-723.5509949621973,-207.87437924228482,38.970588235294116,60417.53320461058,1458.766602305295,54582.46679538942,21.052631578947366,17.890320880925373,23.84384876460224
20200929,56000,56500,55200,56500,32654,4860,1637699,1034.2146779078316,1628.9874155437788,1462.1559424361462,3658.1609678408113,7759.5085039099085,55680.0,56920.0,57410.0,60155.0,58641.66666666666,56643.315650922326,57519.25779278112,-875.9421418587808,-754.029224341514,-121.91291751726679,50.0,60334.311884872295,1462.1559424361462,54485.688115127705,38.59649122807017,24.79237766330697,24.160025064170483
20201005,57100,59300,56600,59100,54180,10808,1646919,1674.0370366273264,1695.7594168985174,1490.1006677407183,3600.8548367745752,7517.159525140919,56060.0,56980.0,57440.0,60053.33333333334,58820.41666666666,57021.26708924197,57636.349808130675,-615.0827188886907,-726.2399232509492,111.15720436225875,57.99999999999999,60420.201335481426,1490.1006677407183,54459.79866451857,84.21052631578947,44.59842721413447,30.972825780825143
20201006,58600,60500,58600,60000,43293,13286,1652758,2077.1133815947555,1886.9022232219666,1565.8863304854972,3558.159246322384,7298.268011812813,57140.0,57140.0,57500.0,59981.66666666666,58994.16666666666,57479.533690897064,57811.4350075284,-331.901316631338,-647.3722019270273,315.4708852956892,61.53846153846154,60631.772660970986,1565.8863304854972,54368.227339029014,91.93548387096774,60.377446099745555,40.77436588713195
20201007,60000,63700,59300,62800,154940,42811,1685799,2596.459127350169,2469.433133332425,1946.657391530758,3459.339612631689,7081.522856861378,58780.0,57470.0,57755.0,59911.66666666666,59189.16666666666,58298.066969220585,58180.958340304074,117.10862891651777,-494.4760357583182,611.584664674836,64.91228070175438,61648.31478306152,1946.657391530758,53861.68521693848,90.42553191489363,70.39347470479491,50.64740215968627
20201008,63300,68900,63300,67600,297118,64598,1741878,3780.476160485608,3927.200020370749,2873.5692091893898,3463.0173099272997,6861.245787029339,61200.0,58410.0,58140.0,59913.33333333334,59432.5,59729.1335893405,58878.66512991117,850.4684594293213,-225.48713672079026,1075.9555961501114,71.83098591549296,63887.13841837878,2873.5692091893898,52392.86158162122,91.0958904109589,77.2942799401829,59.52969475318515
20201012,68100,69800,66300,69000,129961,36152,1737011,3973.914946246333,4950.848412141095,3724.5503084266884,3385.9251156598384,6680.886865198616,63700.0,59690.0,58665.0,59886.66666666666,59674.16666666666,61155.42072944196,59628.39363880664,1527.027090635318,125.01570875043151,1402.0113818848865,73.33333333333333,66114.10061685338,3724.5503084266884,51215.89938314662,94.83870967741936,83.1424231859284,67.40060423076623
20201013,68100,69300,65900,68800,107975,3313,1741845,3605.3293885579997,5553.782494840791,4289.009209596236,3339.2264573251878,6452.493004432476,65640.0,60850.0,59280.0,59870.0,59924.16666666666,62331.509847989335,60307.77188778393,2023.737960205421,504.7601590414295,1518.9778011639914,73.00884955752213,67858.01841919246,4289.009209596236,50701.98158080753,93.54838709677419,86.611077822877,73.80409542813648
20201014,68500,70300,67900,69000,103941,30919,1736336,2377.8982316322963,5613.100747358807,4733.7590770973275,3408.640572944405,6227.714936745348,67440.0,62290.0,59895.0,59898.33333333334,60170.0,63357.43140983714,60951.64063683697,2405.790773000168,884.9662818331772,1520.8244911669904,71.88940092165899,69362.51815419465,4733.7590770973275,50427.48184580535,91.875,88.36571854858467,78.65796980161922
20201015,69000,69000,66200,67400,61254,-3039,1745060,708.801805866774,5154.231271489474,4930.666790607669,3476.6279160465087,5981.4432948007325,68360.0,63570.0,60445.0,59935.0,60398.33333333334,63979.36503909296,61429.296885960175,2550.068153132801,1217.9866560931025,1332.081497039699,70.9090909090909,70306.33358121534,4930.666790607669,50583.66641878466,81.875,86.20214569905643,81.17269510076495
20201016,67400,68500,66500,67700,43568,2371,1744111,688.1860213634102,4502.321623340563,5129.958576830941,3583.108520074982,5690.781043838938,68380.0,64790.0,60945.0,60000.0,60636.66666666666,64551.77041769405,61893.79341292608,2657.9770047679704,1505.9847258280759,1151.9922789398945,78.32512315270938,71204.91715366188,5129.958576830941,50685.08284633812,83.75,85.38476379937094,82.57671800030029
20201019,67700,68400,66800,67000,47758,8622,1742582,785.87530817554,3575.527933047091,5254.5789555397605,3674.355574635665,5370.226303945042,67980.0,65840.0,61380.0,60066.66666666666,60868.33333333334,64928.42112266419,62272.03093789451,2656.3901847696834,1736.065817616398,920.3243671532857,74.5,71889.15791107953,5254.5789555397605,50870.84208892048,78.98089171974523,83.25013977282903,82.80119192447654
20201020,67000,67400,65100,65600,35579,2591,1748616,1098.3624174196784,2797.302271832631,5287.747630135286,3724.9649513594372,5094.757654254339,67340.0,66490.0,61735.0,60111.66666666666,61066.66666666666,65031.74094994662,62518.547164717136,2513.193785229487,1891.491411139016,621.7023740904713,79.25531914893618,72310.49526027057,5287.747630135286,51159.50473972943,68.87417218543047,78.45815057702951,81.35351147532754
20201021,65600,68900,65600,68400,49746,9136,1747233,930.3762679690407,1808.894690135388,5419.896216718668,3860.0028785208974,5003.987299036289,67220.0,67330.0,62235.0,60206.66666666666,61233.33333333334,65549.93464995484,62954.21033770106,2595.7243122537907,2032.3379913619708,563.3863208918202,81.94444444444446,73074.79243343734,5419.896216718668,51395.20756656267,86.13138686131386,81.0158960051243,81.2409729852598
20201022,68600,68900,67300,67300,18923,407,1745497,927.3618495495704,1008.7616170334793,5489.250859634795,3960.0911886204917,4924.956570595298,67200.0,67780.0,62625.0,60296.66666666666,61378.33333333334,65819.1754730387,63276.12068305652,2543.054789982176,2134.481351086012,408.57343889616374,77.06422018348623,73603.5017192696,5489.250859634795,51646.49828073041,74.35897435897436,78.79692212307432,80.42628936453131
20201023,67700,67800,66000,67000,18497,1469,1741759,893.532316147547,1035.1811435686027,5469.577223150006,4051.7074589980975,4860.1062374104995,67060.0,67720.0,63065.0,60400.0,61510.83333333334,66000.84078487889,63551.96359542271,2448.877189456201,2197.36051876005,251.51667069615127,74.88151658767772,74004.15444630003,5469.577223150006,52125.84555369999,70.0,75.86461474871622,78.90573115925962
20201026,66500,66900,65500,66300,30877,1525,1746104,945.304183847718,1018.0864403379508,5275.23459194009,4120.51068840998,4790.0356644490885,66920.0,67450.0,63570.0,60485.0,61635.0,66046.86527951293,63755.52184761362,2291.343431899295,2216.1571013878993,75.18633051139568,68.75,74120.46918388018,5275.23459194009,53019.53081611981,42.857142857142854,64.86212411819177,74.224528812237
20201027,66300,66400,64200,64400,35391,-166,1749634,1325.745073534124,1261.3088440187835,5069.921103922756,4149.737608836225,4684.299722361541,66680.0,67010.0,63930.0,60536.66666666666,61751.66666666666,65793.50139035707,63803.26097001263,1990.240420344468,2170.973765179213,-180.73334483474537,60.8910891089109,74069.8422078455,5069.921103922756,53790.15779215449,3.278688524590164,44.334312253657906,64.26112329271064
20201028,64400,68400,63400,68300,59773,21696,1740071,1300.1538370516007,1164.6458689232534,4673.037021039029,4256.274779659747,4644.285616638623,66660.0,66940.0,64615.0,60625.0,61883.33333333334,66179.11656107138,64136.352750011676,2042.763811059704,2145.331774355311,-102.56796329560757,62.91079812206573,73961.07404207806,4673.037021039029,55268.925957921936,71.01449275362319,53.22770575364634,60.58331744635587
20201029,68300,68700,65200,66300,73907,-4674,1728376,1262.6955294131678,1167.946916601949,4077.008707373745,4317.694858238197,4584.356249491275,66460.0,66830.0,65200.0,60713.33333333334,61996.66666666666,66197.71401321424,64296.62291667747,1901.0910965367648,2096.483638791602,-195.3925422548364,46.48648648648647,73354.01741474749,4077.008707373745,57045.98258525251,42.028985507246375,49.49479900484636,56.88714463251936
20201030,66200,69100,64900,66100,62838,-348,1734923,1236.7699866992245,1147.214016650773,3417.1771976298405,4366.161230286461,4538.721981158319,66280.0,66670.0,65730.0,60771.66666666666,62098.33333333334,66182.68108810435,64430.206404330995,1752.4746837733544,2027.6818477879528,-275.207164014598,41.61849710982659,72564.35439525968,3417.1771976298405,58895.64560474032,47.368421052631575,48.78600635410809,54.18676520638227
20201102,65500,66500,63400,63600,54972,-17460,1727959,1635.3592877407705,1460.1712228365548,2741.947300733793,4379.148509314842,4476.412253880793,65740.0,66330.0,66085.0,60835.0,62180.0,65785.3455360883,64368.7096336398,1416.6359024484918,1905.4726587200605,-488.8367562715687,36.734693877551024,71568.89460146759,2741.947300733793,60601.10539853241,3.508771929824561,33.69359487934691,47.35570843070382
20201103,64000,64800,63500,64500,25352,-547,1727213,1619.3825983997726,1549.7096502248412,2265.2759213838244,4402.643145501851,4429.753488880579,65760.0,66220.0,66355.0,60880.0,62260.83333333334,65587.6000689978,64378.43484596277,1209.1652230350155,1766.2111715830515,-557.045948548036,38.916256157635466,70885.55184276764,2265.2759213838244,61824.44815723236,19.298245614035086,28.89514512424297,41.2021873285502
20201104,64800,65300,62600,64700,42996,-12591,1740190,1019.0191362285598,1421.442928857856,1787.1485668520495,4429.32745082529,4383.390287972782,65040.0,65850.0,66590.0,60935.0,62342.5,65451.046212228895,64402.25448700258,1048.7917252263214,1622.7272823117057,-573.9355570853842,42.857142857142854,70164.2971337041,1787.1485668520495,63015.7028662959,32.30769230769231,30.03266085205941,37.479011836386604
20201105,65200,65800,64600,65800,34207,1444,1742770,909.0654541890808,1337.1611720357425,1576.1979571111412,4472.825045634664,4361.566996699019,64940.0,65700.0,66740.0,61018.33333333334,62420.0,65504.73141034754,64505.791191669065,998.9402186784793,1497.9698695850605,-499.02965090658137,45.17766497461928,69892.39591422229,1576.1979571111412,63587.604085777726,49.23076923076923,36.432030311629354,37.13001799480085
20201106,65500,66100,64700,64800,21956,-1732,1743962,702.5667228100117,1285.1459061133874,1617.405329532871,4496.7577826166535,4331.693279387876,64680.0,65480.0,66600.0,61098.33333333334,62490.0,65396.311193370995,64527.58443673061,868.7267566403825,1372.1212469961251,-503.39449035574233,44.5,69834.81065906574,1617.405329532871,63365.18934093426,33.84615384615385,35.570071489804185,36.610035826468625
20201109,64700,67500,64700,65600,40786,-2175,1754292,519.2301994298867,1257.3384588089239,1532.6773959321426,4533.491112446852,4326.795629180338,65080.0,65410.0,66430.0,61175.0,62547.5,65427.64793285237,64607.02262660242,820.62530624996,1261.8220588468919,-441.1967525969321,50.0,69495.35479186429,1532.6773959321426,63364.64520813571,46.15384615384615,39.09799637781817,37.43935601025181
20201110,65600,65700,63300,64000,65496,-18936,1748133,652.3802572120036,1294.6428078817726,1518.5190153571787,4547.7528028163,4319.715461311553,64980.0,65370.0,66190.0,61216.66666666666,62585.0,65208.00978933662,64562.057987594824,645.9518017417939,1138.6480074258725,-492.6962056840785,37.912087912087905,69227.03803071436,1518.5190153571787,63152.961969285636,21.53846153846154,33.244818098032624,36.041176706178746
20201111,63700,65100,63700,64400,34597,350,1751064,688.1860213634102,871.5503427800369,1420.7040508147131,4565.728309915953,4310.251346115918,64920.0,64980.0,65960.0,61275.0,62630.0,65083.70059097714,64550.05369221744,533.6468987597036,1017.6477856926384,-484.0008869329352,41.714285714285715,68801.40810162942,1420.7040508147131,63118.59189837058,27.692307692307693,31.393981296124313,34.492111569493936
20201112,65000,65000,63900,64100,39597,-14907,1760801,581.033561853358,783.8367176906171,1435.4354739943328,4579.609396246608,4307.849424793544,64580.0,64760.0,65795.0,61313.33333333334,62660.0,64932.362038519124,64516.716381682825,415.6456568362992,897.247359921371,-481.6017030850718,41.714285714285715,68665.87094798866,1435.4354739943328,62924.129052011325,23.076923076923077,28.621628556390565,32.535283898459475
20201113,63900,67300,63500,65300,94908,-5145,1737323,649.3073232299172,676.4613810115104,1369.990875882513,4606.407373306982,4309.456575050922,64680.0,64680.0,65675.0,61363.33333333334,62700.83333333334,64988.92172490079,64574.73739044705,414.18433445374086,800.634754827845,-386.450420374104,47.222222222222214,68414.98175176502,1369.990875882513,62935.01824823497,41.53846153846154,32.92723955041422,32.66593578244439
20201116,64900,70400,64900,69900,195088,45184,1753722,2227.64449587451,1633.6768346279505,1631.1345744607754,4714.739005380577,4355.882038503882,65540.0,65310.0,65820.0,61558.33333333334,62775.0,65744.47222876221,64969.201287450975,775.2709413112389,795.5619921245237,-20.291050813284983,63.285024154589365,69082.26914892155,1631.1345744607754,62557.73085107845,93.58974358974359,53.14807423019067,39.49331526502649
20201117,69800,74600,69600,73700,222754,61897,1746723,3747.212297161718,2965.8219771253966,2366.194201666747,4931.913083848393,4463.779850707575,67480.0,66230.0,66225.0,61830.0,62848.33333333334,66968.39957818341,65615.92711801016,1352.4724601732448,906.9440857342682,445.5283744389768,63.10679611650485,70957.38840333349,2366.194201666747,61492.61159666652,92.5,66.26538282012712,48.41733778339337
20201118,74200,75500,73500,75000,157969,20271,1734407,4354.3082114154495,3897.742936623708,3017.196546465168,5113.760032171548,4594.963955247894,69600.0,67260.0,66555.0,62175.0,62932.5,68204.03041230905,66311.04362778719,1892.986784521854,1104.1526254917856,788.8341590300688,71.85929648241205,72589.39309293032,3017.196546465168,60520.60690706966,96.12403100775194,76.21826554933538,57.684313705374045
20201119,75000,75000,72000,72600,107125,587,1721464,3438.022687534217,4167.541241547588,3291.2915398064233,5222.180259875688,4666.029420779826,71300.0,67940.0,66820.0,62450.0,62981.66666666666,68880.33342579995,66776.89224795111,2103.441177848843,1304.0103359631971,799.4308418856458,64.70588235294117,73402.58307961284,3291.2915398064233,60237.41692038716,77.51937984496125,76.65197031454402,64.0068659084307
20201120,71800,76300,71800,73600,112707,4232,1719506,1709.502851708648,4337.234141708284,3608.3929941182037,5354.618722807018,4741.5667827821335,72960.0,68820.0,67150.0,62735.0,63026.66666666666,69606.43597567687,67282.30763699178,2324.1283386851137,1508.0339365075806,816.0944021775331,74.27184466019419,74366.78598823641,3608.3929941182037,59933.214011763586,79.23076923076923,77.51156995328576,68.50843392338238
20201123,74300,74600,72000,73600,55066,6331,1718144,764.198926981712,4406.7675227994505,3864.100800962797,5502.468133076692,4787.779510265301,73700.0,69620.0,67515.0,62986.66666666666,63050.83333333334,70220.83044095736,67750.28484906645,2470.545591890914,1700.5362675842475,770.0093243066663,73.09644670050761,75243.2016019256,3864.100800962797,59786.7983980744,79.23076923076923,78.08463637911358,71.70050140862611
20201124,73200,74200,70700,71200,83537,-31689,1727993,1258.570617804182,3999.049887160698,3874.2063703423614,5566.7911662696615,4733.092643531244,73200.0,70340.0,67855.0,63201.66666666666,63024.16666666666,70371.47191157931,68005.81930469116,2365.652606888151,1833.5595354450284,532.093071443122,64.84018264840184,75603.41274068473,3874.2063703423614,60106.58725931528,60.76923076923077,72.31283450915264,71.90461244213496
20201125,71200,72600,70500,71600,79484,1656,1736345,992.7738916792688,3479.137824231745,3958.989770130928,5590.831780689633,4730.036337072619,72520.0,71060.0,68020.0,63460.0,63022.5,70560.4762328748,68272.05491175107,2288.421321123722,1924.531892580768,363.88942854295465,63.679245283018865,75937.97954026186,3958.989770130928,60102.02045973815,63.84615384615384,69.49060762148638,71.09994416858542
20201126,71600,83900,70700,76100,266654,73062,1714772,1748.5994395515515,2891.435629579189,4306.9594843696095,5755.2900786023165,4842.080518746808,73220.0,72260.0,68510.0,63778.33333333334,63077.5,71412.71065858638,68851.90269606581,2560.807962520557,2051.787106568726,509.0208559518314,72.87449392712551,77123.91896873924,4306.9594843696095,59896.08103126077,61.76470588235294,66.91530704177524,69.70506512631536
20201127,76900,79700,75000,78300,206752,16720,1727540,2703.0353308826725,2339.7435756937125,4762.310363678676,5997.254001251333,5008.805510190652,74160.0,73560.0,69120.0,64116.66666666666,63155.83333333334,72472.29363418846,69551.76175561649,2920.531878571972,2225.5360609693757,694.9958176025966,74.3295019157088,78644.62072735735,4762.310363678676,59595.37927264265,72.54901960784314,68.79321123046454,69.40111382769841
20201130,78300,78900,75500,75500,116647,-6242,1732333,2731.007140232336,2048.804529475665,4778.836155383582,6122.144685935255,5124.366559772654,74540.0,74120.0,69715.0,64403.33333333334,63230.83333333334,72938.09461354408,69992.3719959412,2945.722617602878,2369.573372296076,576.1492453068022,71.06227106227107,79272.67231076717,4778.836155383582,60157.32768923284,58.82352941176471,65.4699839575646,68.09073720432048
20201201,76300,76500,72100,73100,125121,-37777,1744284,2344.6961423604557,2068.912757948,4676.053357266289,6172.613348941064,5194.103962402905,74920.0,74060.0,70145.0,64646.66666666666,63285.83333333334,72963.0031345373,70222.56666290853,2740.436471628782,2443.745992162617,296.69047946616456,64.84641638225257,79497.10671453258,4676.053357266289,60792.89328546742,43.15789473684211,58.03262088399043,64.73803176421046
20201202,73100,73100,70700,71800,109424,-34717,1731552,2288.755120147195,2144.8543074064496,4515.971656244239,6191.713997124884,5243.545238356773,74960.0,73740.0,70500.0,64863.33333333334,63330.0,72784.07957537772,70339.41357676714,2444.665998610581,2443.92999345221,0.7360051583705172,62.70627062706272,79531.94331248848,4515.971656244239,61468.056687511526,15.384615384615385,43.81661905086542,57.76422752642878
20201203,71900,73300,71200,72000,73300,-23726,1726595,2461.381725779242,2183.9413911549914,4393.847971880836,6186.611664623778,5285.67140695007,74140.0,73680.0,70810.0,65101.66666666666,63363.33333333334,72663.45194839653,70462.41997848809,2201.031969908436,2395.3503887434554,-194.31841883501968,61.433447098976096,79597.69594376168,4393.847971880836,62022.30405623833,11.194029850746269,32.942422650825705,49.49029256789442
20201204,72300,72700,69000,69900,176190,-73199,1732743,1835.864918778068,2461.8895182359424,4180.463491049926,6178.929024423172,5315.543245993518,72460.0,73310.0,71065.0,65268.33333333334,63400.0,72238.30549479707,70420.75923934083,1817.54625545624,2279.7895620860118,-462.2433066297722,50.0,79425.92698209986,4180.463491049926,62704.07301790015,6.0402684563758395,23.975037919342416,40.985207685043754
20201207,70000,70000,68300,70000,52218,-8853,1739311,1233.8557452149746,2649.245175516981,3998.909226276753,6144.271044366204,5339.3663143594285,71360.0,72950.0,71285.0,65460.0,63484.16666666666,71893.95080328983,70389.59188827855,1504.358915011282,2124.7034326710664,-620.3445176597843,41.991341991342004,79282.81845255349,3998.909226276753,63287.181547446504,10.897435897435898,19.615837245373577,33.8620842051537
20201208,70000,70900,69000,70800,63990,-12595,1748321,876.3560920082657,2678.2270254778628,3637.839331251634,6068.978268390211,5380.195099211815,70900.0,72910.0,71625.0,65698.33333333331,63550.83333333334,71725.65067970677,70419.99248914681,1305.6581905599596,1960.894384248845,-655.2361936888854,40.70796460176992,78900.67866250327,3637.839331251634,64349.32133749673,16.025641025641026,18.41910517212939,28.71442452747893
20201209,71000,71300,70300,71100,48161,-11705,1750785,770.9734106958554,2706.732347314747,3244.2872869093044,5992.63691726712,5419.993593684667,70760.0,72860.0,71960.0,65938.33333333331,63631.66666666666,71629.39672898264,70470.36341587668,1159.0333131059742,1800.522170020271,-641.4888569142968,46.34146341463415,78448.57457381861,3244.2872869093044,65471.425426181384,17.94871794871795,18.262309430992243,25.230386161983365
20201210,71100,72500,69500,70800,125880,-38043,1773095,479.16594202843766,2533.791625213092,2718.726724038541,5893.3604354555555,5453.860444678362,70520.0,72330.0,72295.0,66178.33333333331,63712.5,71501.79723221611,70494.78094062656,1007.0162915895343,1641.8209943341235,-634.8047027445891,42.929292929292934,77732.45344807707,2718.726724038541,66857.54655192293,16.025641025641026,17.516753295875173,22.659175206613966
20201211,71200,76000,71200,75500,152315,22616,1783958,1964.2810389554747,1944.8650338776724,2280.0164473093905,5907.103774267967,5549.342053095074,71640.0,72050.0,72805.0,66475.0,63838.33333333334,72116.90535033669,70865.53790798756,1251.367442349132,1563.7302839371255,-312.36284158799344,53.877551020408156,77365.03289461878,2280.0164473093905,68244.96710538122,46.15384615384615,27.062450915198834,24.126933776142256
20201214,75500,75500,73400,75000,81810,5675,1778152,2139.7196077991152,1860.1075237738282,2225.3988406578574,5908.791942706498,5613.2875591982165,72640.0,72000.0,73060.0,66753.33333333331,63981.66666666666,72560.45837336182,71171.79435924774,1388.6640141140815,1528.7170299725174,-140.0530158584354,58.407079646017706,77510.79768131571,2225.3988406578574,68609.20231868429,58.77192982456141,37.63227721831969,28.628714923534734
20201215,74500,77700,74500,76600,110494,9166,1793678,2385.791273351464,2309.220647751097,2353.184013204521,5941.672744267492,5719.862991271391,73800.0,72350.0,73205.0,67055.0,64115.83333333334,73181.92631592155,71573.88366597013,1608.0426499514288,1544.5821539682995,63.460495983129256,60.504201680672274,77911.36802640904,2353.184013204521,68498.63197359096,78.30188679245283,51.18881374303074,36.14874786336674
20201216,77400,77600,75900,76600,59316,-1531,1801172,2142.8952377566197,2622.6132006073635,2438.4985134302083,5956.629126907844,5823.428734195123,74900.0,72830.0,73285.0,67358.33333333331,64246.66666666666,73707.78380577978,71946.18857960196,1761.5952261778145,1587.9847684102026,173.61045776761193,51.29533678756477,78161.99702686042,2438.4985134302083,68408.00297313958,88.29787234042553,63.558499942162335,45.28533188963194
20201217,76600,77400,74600,77300,78479,13686,1809023,831.8653737234167,2920.0,2583.3311827950624,6000.956173808598,5921.2540315023425,76200.0,73360.0,73520.0,67655.0,64400.83333333334,74260.43245104443,72342.76720333517,1917.6652477092719,1653.9208642700169,263.74438343925516,47.191011235955045,78686.66236559012,2583.3311827950624,68353.33763440988,95.74468085106383,74.28722691179617,54.95263023035335
20201218,77300,79300,76000,77300,76850,20794,1811484,840.4760555780279,2886.866813692658,2711.7291531422047,5997.551352193153,6033.161829977198,76560.0,74100.0,73705.0,67973.33333333331,64525.0,74728.05822780683,72709.96963271774,2018.0885950890809,1726.75441043383,291.33418465525074,55.99999999999999,79128.4583062844,2711.7291531422047,68281.5416937156,81.81818181818183,76.79754521392472,62.234268558210466
20201221,77500,79000,77000,78500,65957,18808,1805876,694.5502141674135,2804.728150819612,2905.5980451537566,5947.196118057531,6164.972740322218,77260.0,74950.0,73950.0,68345.0,64633.33333333334,75308.35696199039,73138.86077103495,2169.4961909554404,1815.3027665381524,354.19342441728804,69.56521739130434,79761.19609030751,2905.5980451537566,68138.80390969249,92.72727272727272,82.10745438504073,68.85866383382056
20201222,78000,78400,75800,76400,75066,3506,1805288,735.9347797189639,2457.8242410717653,2880.4339950780573,5854.736686362483,6256.962732741503,77220.0,75510.0,74210.0,68665.0,64734.16666666666,75476.30204476109,73380.42663984718,2095.8754049139247,1871.4172942133066,224.45811070061768,65.75342465753424,79970.86799015611,2880.4339950780573,68449.13200984389,73.63636363636363,79.28375746881503,72.33369504548538
20201223,76900,82800,74200,76600,285023,-17950,1788418,735.9347797189639,1977.9787663167672,2859.965034751533,5647.639379026236,6347.504704389698,77220.0,76060.0,74460.0,69031.66666666669,64845.83333333334,75649.17865325937,73618.91355541404,2030.2650978453448,1903.1868549397143,127.0782429056312,65.75342465753424,80179.93006950308,2859.965034751533,68740.06993049692,55.072463768115945,71.21332623524866,71.96023877540648
20201224,76400,77500,74900,76800,90322,12668,1795806,752.0638270785266,916.7333309092672,2884.003294034412,5412.346738910462,6438.500515563853,77120.0,76660.0,74495.0,69401.66666666669,64956.66666666666,75826.22809121947,73854.54958834633,1971.6785028731533,1916.8851845264028,54.79331834675099,77.16535433070868,80263.00658806883,2884.003294034412,68726.99341193117,54.88721804511278,65.77129017187004,69.89725590756099
20201228,78000,78200,75900,76400,69501,-2827,1794011,793.9773296511684,839.3449827097318,2786.754384584572,5173.731728643521,6520.2513052305285,76940.0,76750.0,74400.0,69750.0,65037.5,75914.50069257032,74043.10147069105,1871.3992218792846,1907.7879919969794,-36.388770117694776,74.6153846153846,79973.50876916914,2786.754384584572,68826.49123083086,51.8796992481203,61.14075986395346,66.97842389302515
20201229,76300,76900,75000,76100,56116,-5455,1795078,233.238075793812,654.5227268781429,2801.6245287335228,4940.32275148717,6595.781427466799,76460.0,76860.0,74430.0,70076.66666666669,65115.83333333334,75943.03904755952,74195.46432471393,1747.5747228455875,1875.7453381667008,-128.1706153211137,71.2,80033.24905746705,2801.6245287335228,68826.75094253295,42.241379310344826,54.84096634608392,62.93260471071141
20201230,76800,78700,75800,78000,94503,11372,1797559,652.3802572120036,729.3833011524188,2887.5378785396624,4831.745428813683,6698.973335521426,76780.0,77000.0,74675.0,70391.66666666669,65222.5,76259.49457870421,74477.28178214253,1782.2127965616821,1857.0388298456976,-74.82603328401571,74.46808510638299,80450.07575707932,2887.5378785396624,68899.92424292068,48.93617021276596,52.87270096831126,59.57930346324469
