date,open,high,low,close,volume,korcom,standard deviation5,standard deviation10,standard deviation20,standard deviation60,standard deviation120
20201230,2585,2635,2555,2615,637476,0,,,,,
20201229,2365,2605,2360,2605,1137386,0,,,,,
20201228,2450,2460,2335,2365,1028436,0,,,,,
20201224,2380,2480,2355,2460,809675,0,,,,,
20201223,2515,2610,2370,2400,1125585,-2793,103.41179816636013,,,,
20201222,2590,2610,2535,2560,550258,257,91.68424073961677,,,,
20201221,2680,2685,2590,2590,619065,2793,87.6356092008266,,,,
20201218,2725,2725,2660,2680,724109,0,98.46826900072938,,,,
20201217,2680,2730,2675,2725,492501,0,112.53443917308161,,,,
20201216,2670,2750,2670,2685,335471,0,62.33778950203482,116.66297613210439,,,
20201215,2670,2760,2635,2690,297360,-1,44.877611344633785,121.71277665060457,,,
20201214,2735,2735,2620,2680,546187,0,16.91153452528785,125.5199187380232,,,
20201211,2765,2785,2695,2735,651019,0,22.49444375840405,109.12034640707444,,,
20201210,2790,2810,2690,2750,1266552,0,28.740215726399878,100.83278236764025,,,
20201209,2905,2905,2760,2800,644965,71,43.40506882842144,67.87672649737812,,,
20201208,2860,2940,2800,2885,929434,0,69.06518659932804,75.47184905645183,,,
20201207,2900,2920,2845,2880,477817,0,63.00793600809348,74.89325737340997,,,
20201204,2930,2950,2880,2895,644061,0,57.14892824891822,81.95273027788527,,,
20201203,2930,2950,2875,2950,651966,0,48.02082881417191,95.57719393244288,,,
20201202,2935,2985,2880,2930,616828,0,27.31300056749538,95.64125678806076,164.70883400716528,,
20201201,2925,3020,2910,2945,718576,0,27.74887385102327,91.62423260251494,172.32164692806276,,
20201130,2975,2990,2885,2915,504227,0,20.149441679609957,74.90160211904511,176.03692794411043,,
20201127,2865,2985,2810,2970,539951,-291,18.601075237738353,65.62011886608958,162.89471292832044,,
20201126,2945,2955,2855,2885,606147,0,28.530685235374264,45.95922105518888,150.07914578648135,,
20201125,2970,3020,2910,2945,736505,0,29.257477676655636,30.740852297874014,126.72287678237076,,
20201124,3030,3125,2960,2970,1530332,29,32.954514106568205,31.626729201732193,118.35830135651628,,
20201123,3040,3085,2975,3025,1006774,0,45.32107677449867,38.54867053478874,112.97566109565335,,
20201120,3035,3120,2995,3050,1399855,-54531,58.56620185738531,46.47848964843499,114.39951922975867,,
20201119,2995,3055,2935,3010,1337034,-161204,37.81534080237811,48.80829847474376,113.75934027586449,,
20201118,3005,3090,2890,2965,2589716,-71015,32.4653661614959,47.44470465710237,105.88761731194032,,
20201117,2720,3195,2685,3100,12501556,-684847,44.609416046390955,60.82968025560926,104.13062709885081,,
20201116,2680,2745,2670,2695,833991,-26803,141.68274418573353,105.21525554785141,102.48170568447777,,
20201113,2570,2690,2565,2675,728824,10017,172.2614292289484,135.6502856613273,108.41356003747835,,
20201112,2605,2650,2550,2595,992460,-67117,192.72778730634562,169.39893742287677,124.11964993505228,,
20201111,2695,2705,2630,2640,560864,-54217,182.68552214119214,185.75857988259855,135.23937111654993,,
20201110,2710,2720,2665,2675,689475,-181189,35.270384177096794,191.27467161127154,143.59905118070915,,
20201109,2710,2755,2665,2705,985769,-68231,37.62977544445356,184.80800848448044,148.91608375189003,,
20201106,2725,2800,2685,2705,508647,-68460,42.0,168.4495473428166,153.45601975810504,,
20201105,2670,2760,2670,2725,608975,-58185,29.664793948382652,149.5860956105207,155.23268824574262,,
20201104,2690,2740,2655,2670,720244,-55983,20.591260281974,131.92895815551586,159.34455591578873,,
20201103,2670,2710,2645,2690,770306,-61815,18.275666882497067,35.37301231164634,160.88738297330815,,
20201102,2740,2765,2650,2680,448988,-64293,19.339079605813716,34.91418050019053,162.85634006694343,,
20201030,2785,2825,2735,2740,510158,-75802,26.90724809414742,39.827754142053756,159.8630273077547,,
20201029,2705,2855,2610,2825,1180820,-70111,57.30619512757761,48.18972919616651,158.93611137812553,,
20201028,2840,2900,2735,2770,818828,-70156,53.32916650389353,46.26283605660005,155.7313391710221,,
20201027,2970,3030,2700,2840,1103171,-50250,58.172158288995945,56.16938667993306,150.9519791191885,,
20201026,3085,3105,2975,3030,955023,-79656,101.21264743103995,103.49516896937662,151.34625036650206,,
20201023,2800,3245,2800,3075,5101195,-60850,121.10326172320876,135.67332088513123,153.5814116356531,,
20201022,2960,2965,2740,2750,1177721,-50990,134.3726162579266,134.40982106974099,145.22826859809328,,
20201021,3000,3025,2925,2960,878354,-11004,120.34949106664307,132.99999999999912,144.90923883590006,,
20201020,2960,3055,2905,2970,899365,0,111.60645142642964,128.7206277175486,132.68642545490448,,
20201019,3095,3130,3000,3005,642406,0,108.74741376235114,118.80761760089175,140.79129056869934,,
20201016,3230,3230,3070,3095,833333,0,113.46365056704283,119.77478866606151,153.39063693720007,,
20201015,3200,3235,3020,3200,1062052,27549,90.52071586106685,137.75793988006524,167.55223066256065,,
20201014,3165,3295,3140,3205,1067868,3011,96.79876032264049,136.56866404852775,179.10384557568807,,
20201013,3220,3290,3165,3175,835320,0,76.44605941446557,130.99713737330146,185.51465575527968,,
20201012,3155,3320,3120,3235,1256377,0,47.49736834815167,142.35870187663133,194.71437414839184,,
20201008,3160,3165,3020,3140,1011388,0,31.843366656181317,144.04947066893232,194.08503291083505,,
20201007,3160,3220,3110,3120,721547,0,41.83300132670378,95.56280657242945,191.38230717597676,,
20201006,3195,3235,3155,3180,844224,0,39.370039370059054,82.86283847418908,185.0829206058731,207.2914614739355,
20201005,3175,3250,3170,3200,839991,0,41.23105625617661,64.43795465406652,177.77425994783363,210.1932146859172,
20200929,3225,3310,3125,3220,2681780,0,37.094473981982816,42.90687590584424,166.27744134427834,212.96067712138804,
20200928,4090,4095,3020,3200,12617306,-98056,34.40930106817051,33.3354166015592,155.0763924651329,207.33445538281617,
20200925,4015,4220,3995,4085,6250463,-11262,354.22591661254825,271.6873202782924,264.35050122895535,252.62010344916493,
20200924,3775,4200,3700,3930,9484248,-72079,395.4440541973036,332.9042655178804,304.75922873639104,276.7763838673141,
20200923,3685,3850,3460,3845,2823788,-157890,372.2552887468491,357.73908089555897,326.51033674295815,296.5587233397275,
20200922,3370,3800,3305,3655,7744176,-180226,304.936058871364,358.7356268897741,335.5610041408267,306.28740134426425,
20200921,3445,3495,3290,3390,1177901,-95128,239.77906497440514,344.15294565062084,333.7903533657016,308.7086004632851,
20200918,3435,3495,3325,3385,1040501,-95000,225.33086783661042,324.8830558831887,311.514345576572,311.24588350691516,
20200917,3570,3625,3305,3435,2234184,-70535,180.98618731825917,307.6072983529472,301.902716118951,313.83554610655597,
20200916,4000,4005,3495,3530,4752276,-64239,102.24480426897007,286.9603631165793,292.7204297619145,318.33119545529973,
20200915,3250,4180,3250,4045,13340000,-80000,249.49148282055643,293.70903969745115,316.2044433590394,341.4757495049982,
20200914,3350,3380,3210,3250,654709,-18713,273.3752000456515,286.3389599757583,310.14462352263973,340.2155770814869,
20200911,3255,3330,3190,3305,664724,-48501,283.4889768580077,263.94317570264826,307.2299627315017,339.5635577063925,
20200910,3300,3355,3180,3320,746233,-70001,293.3768907054542,245.13057744801878,304.0907553675381,339.55292297372483,
20200909,3200,3375,3190,3310,757307,-69953,300.48960048560747,225.04721726784186,299.7732476389445,340.16168541183845,
20200908,3380,3380,3145,3190,666560,-2,48.98979485566356,228.48194677041616,301.4600927154371,339.56246357138326,
20200907,3265,3375,3225,3315,579134,-1,49.25444142409901,230.434914889214,295.19442745417797,340.0671502316373,
20200904,3270,3365,3250,3325,518459,0,51.24451190127583,231.7460895031442,287.1640428396284,340.99172155151655,
20200903,3490,3520,3380,3380,420142,0,62.24146527838174,231.56208670678222,280.79919426522565,342.33076719258963,
20200902,3435,3660,3415,3490,931941,0,97.41663102366043,229.56698368885566,274.10980920061934,345.3741529928896,
20200901,3300,3490,3275,3420,435825,0,64.45153217728807,79.73236482131593,268.0134091794661,346.7472963124591,
20200831,3285,3405,3250,3285,385150,0,71.76350047203663,76.83749084919036,264.0213059584395,346.8929950287269,
20200828,3355,3425,3240,3255,429457,0,86.45229898620394,80.11866199581355,231.1244253643477,345.9391404407562,
20200827,3450,3455,3335,3355,316589,0,86.22064717919949,80.41299646201114,204.19521909192665,346.3323307653123,
20200826,3560,3560,3420,3440,494749,0,72.48448109768049,86.0363295358385,180.12912035537155,347.8575698312303,
20200825,3585,3650,3385,3555,705084,0,109.06878563548784,89.67162315916525,174.38893313510445,351.50150149829506,
20200824,3550,3720,3450,3575,942209,0,120.68139873236471,103.15522284401942,178.52363288931787,355.41184052995374,
20200821,3125,3545,3090,3530,1815542,0,82.18272324521742,104.97737851556056,180.36698700150183,358.0054604642541,
20200820,2820,3200,2795,3130,976939,0,164.60255162056268,138.09507594407307,190.67298576358405,357.0712658404331,
20200819,2995,3095,2830,2890,765238,-53843,277.15338713427263,202.70730129918707,217.9637297808971,358.76868902152347,
20200818,3210,3250,2905,3000,690194,0,278.3522947633089,224.81158777963262,169.28969253914997,354.17873508849914,
20200814,3355,3375,3070,3200,784191,0,217.89905919943757,226.8722107266544,170.6099352323889,348.22941033494374,
20200813,3410,3515,3330,3355,477154,0,160.5615146914104,227.18054494168172,170.83325203250078,340.4306912655731,
20200812,3555,3560,3360,3405,576311,0,198.82152800941853,228.81433521525582,171.93367180398357,333.72779784662225,
20200811,3415,3560,3340,3550,618726,0,187.89890899097844,237.37944308637898,179.02845444230348,329.290229972825,
20200810,3650,4025,3505,3505,3214595,1,122.90646850349252,232.83900016964395,179.67609746429804,324.29898756137635,
20200807,3555,3560,3370,3500,343740,0,71.73562573784382,225.4001996449858,182.4792796456626,318.60558820167256,
20200806,3580,3630,3495,3495,310509,0,47.265209192385896,222.1508496495106,184.72462613306305,312.7652096843402,
20200805,3460,3615,3285,3615,459935,0,45.45327270945405,231.8194340429624,192.56492411651695,306.3823410199898,
20200804,3530,3620,3400,3460,382105,0,52.44044240850758,174.27062288291538,191.79807089749346,297.57473384382394,
20200803,3790,3790,3500,3525,454556,0,52.28766584960549,110.83320801997584,194.35068175851592,288.2857740159934,
20200731,3650,3930,3650,3800,782483,0,121.8769871632869,115.60276813294374,213.10443449163589,285.72610962637384,
20200730,3360,3900,3330,3645,1270183,0,115.81882403132921,106.32497354807623,216.12554222025662,281.27906022706804,
20200729,3420,3420,3260,3330,318682,0,160.39326669159152,118.26347703327143,216.60721940877207,271.52883773592555,
20200728,3470,3520,3300,3400,469201,0,168.84904500766356,125.64334443176502,216.6464573908374,263.572294004258,
20200727,3545,3560,3395,3460,273280,0,171.97674261364529,127.16524682474825,214.7387948182627,260.5274964161926,
20200724,3605,3620,3350,3545,466694,0,110.1544370418187,127.06789523714926,213.7428361372608,258.9038190139349,
20200723,3690,3735,3560,3560,228893,0,86.85620300243386,126.90153663371902,214.63399078431152,247.1936235019025,
20200722,3845,3845,3690,3690,271681,0,98.50888284819801,133.51123548225866,211.67841174763177,244.10634920505967,
20200721,3795,3865,3745,3805,271171,0,121.35073135337916,151.37370973851128,183.45622774929154,243.37122992571628,
20200720,3825,3850,3680,3755,250843,0,103.50845376103345,159.1508718166477,153.51710002472015,241.64017096133358,
20200717,3935,3935,3655,3825,467668,0,95.63472172804185,162.45076177106412,146.61919212708796,243.35022772402255,
20200716,4000,4005,3850,3935,565893,0,81.21576201698781,191.0032722232763,159.73004570211558,249.77794304808748,
20200715,3965,4015,3900,4000,372027,0,89.91106717195609,191.3537300394191,176.93925511316004,257.69571850019867,
20200714,4075,4160,3890,3960,525656,1,90.93954035511726,177.53943223971064,190.8461422193279,262.8958787344447,
20200713,3875,4065,3810,4065,602151,0,79.28429857165919,170.1440566108576,209.11778977408864,271.82116005851316,
20200710,3735,3940,3670,3935,959337,0,49.13247398615299,147.15977711317268,213.046209776189,274.076428918813,
20200709,3390,3740,3345,3740,1406986,0,109.22453936730518,118.42297074469394,208.4616271643295,271.31654329706276,
20200708,3410,3495,3310,3370,97247,-1,245.58908770545975,186.6118967268665,220.1163044846972,268.56465184797213,412.30668871066763
20200707,3435,3460,3330,3415,185330,0,275.69911135148766,226.1968169537289,222.67352783840275,265.80918124348824,409.6436459493379
20200706,3500,3580,3365,3440,212076,0,220.24985811573183,250.85902415499984,226.52193602386487,263.22280116957154,406.857261944803
20200703,3650,3650,3460,3500,313790,0,130.44539087296263,262.22890763605534,228.25355966556126,259.9559123945619,400.72755880883545
20200702,3465,3565,3430,3485,483081,0,47.18050444834179,262.8288416441371,231.72329943275003,249.49029985597127,395.7798187509759
20200701,3380,3520,3290,3500,374735,0,34.438350715445125,246.33107802305207,222.36386284646147,243.52553767521024,389.66340309083824
20200630,3160,3480,3115,3395,682712,0,40.91454509095757,231.0027056118587,222.66903691353212,239.87952705472856,385.30679515016163
20200629,3160,3300,3045,3110,263132,0,149.21796138535066,208.97128989408856,250.43012997640665,244.07284887007776,381.05751060553655
20200626,3295,3295,3155,3160,224005,0,163.98170629676957,169.10130100031552,271.76494899085117,247.39167101761763,377.7902765497748
20200625,3330,3330,3155,3290,145497,0,144.512975196001,131.35924025358617,281.5487302404327,248.33415827603525,374.95342071827145
20200624,3380,3380,3200,3350,261268,0,109.288608738514,131.4429534056481,286.94631466530444,248.85297980043524,371.6594169696524
20200623,3425,3445,3200,3360,208482,0,101.31140113531151,130.36103712382538,287.57564222305047,249.26725951610038,368.34022429451426
20200622,3500,3525,3350,3425,287644,0,89.42035562443263,129.503860946303,286.4978184908219,238.23809285857112,364.9816752439615
20200619,3445,3590,3400,3505,420149,0,73.30757123244501,130.0615239031105,280.2873525509132,236.5500152657414,362.56215702736137
20200618,3510,3510,3415,3445,218113,0,57.148928248918196,126.6649122685497,266.3714511729812,235.56072288619538,359.90434686022974
20200617,3460,3505,3380,3460,418504,-1,47.47630988187688,122.55610959882578,242.9398073597654,234.69322470455444,357.77514664318875
20200616,3360,3540,3345,3460,777935,-53000,26.343879744638983,126.4327884688121,218.33403307775893,233.68085727238298,356.41232900095997
20200615,3280,3580,3250,3335,1325359,-2812,56.69215113223346,97.20596689503869,171.9999999999998,231.39666520213063,354.590050856854
20200612,3185,3325,3030,3300,211671,8500,68.48357467305573,71.2811335487823,130.09107386750227,231.58660187210083,352.8302014307538
20200611,3245,3325,3150,3320,227618,23147,70.28513356322232,67.40919818540591,105.43807424265644,231.6444233925979,351.51546660693117
20200610,3335,3375,3180,3250,211959,24165,69.68500556073738,79.77468270071243,109.25286037445396,233.20198684116508,350.0098584921092
20200609,3425,3440,3275,3370,224796,-60000,39.74921382870358,79.50471684119971,108.87378013093846,233.6304061261439,348.65490539436723
20200608,3410,3450,3335,3405,270373,0,54.0740233383831,78.77182237322778,108.06103599355288,233.70142097699562,347.0707180580536
20200605,3315,3435,3270,3405,303839,10900,58.90670590009256,68.59300255856542,104.32041986111794,232.5453808757915,345.906154481722
20200604,3355,3400,3210,3315,432431,21383,59.447455790807396,66.3777071010997,101.19782606360639,231.69992267298437,343.80287219648875
20200603,3120,3490,3120,3395,2252019,27717,34.0,59.264238795410094,96.29998701972877,231.3916082940113,342.3153369782826
20200602,3080,3130,3070,3125,223197,0,107.44300814850634,81.3080561814107,107.68327400297565,235.82544156407118,341.3286844572735
20200601,3020,3150,2985,3080,263576,0,136.2497706420088,108.62895562417728,111.02336465807515,240.99589381010955,340.98344035630504
20200529,2960,3045,2920,3030,253995,0,141.1169727566461,134.80448805584894,124.25653906334237,247.03401700080866,341.1152028233597
20200528,3090,3090,2940,3000,183601,0,141.1169727566461,155.42281042369405,143.6338661319117,253.76312226606626,341.18958307255195
20200527,2990,3020,2945,3020,197236,0,45.43126676640219,168.35156666927563,157.18202028221907,256.46101068193633,340.76322628606584
20200526,3030,3045,2970,2975,202475,0,34.9857113690718,173.49351572897353,171.5998251747359,253.58511336871194,341.5933635796607
20200525,3015,3045,2955,3025,219221,0,20.248456731316587,160.04999218993925,176.87990275890567,252.86337988900084,337.94918411155584
20200522,3075,3075,2980,3045,179205,0,23.790754506740637,134.10443691392035,173.53241772072425,256.18779732844473,333.7890400595689
20200521,3150,3150,2935,3070,312506,-98714,31.400636936215164,113.57926747430474,170.38394143815293,260.48800356254463,327.9969088607724
20200520,3160,3260,3040,3070,231080,1714,35.298725189445584,41.279534881096744,163.90908303080684,264.81832084573716,322.8717818267796
20200519,3000,3115,2940,3075,255444,-5856,19.131126469708992,33.45145736735078,154.5550063893109,268.4394717622582,318.20340935040565
20200518,3050,3075,2940,3000,226903,0,28.035691537752374,32.233522922567616,155.055433635845,273.83433505598924,314.517683547187
20200515,3080,3110,2920,3050,114580,0,27.85677655436824,32.72613634390242,153.6381707128796,277.7323226697889,310.3586522969114
20200514,3010,3140,2930,3075,160492,2200,28.53068523537421,32.89756829918718,149.4038152123296,280.8921674276846,306.2683554589914
20200513,3035,3075,2930,3010,128680,0,31.71750305430741,33.64892271677781,149.64457891951827,284.1060541417591,301.65193334187074
20200512,3215,3215,2905,3070,224000,0,30.72458299147443,26.814175355577863,139.20668087415896,287.0479054095329,296.80235660939155
20200511,3220,3220,3025,3150,172574,26320,45.65084884205331,39.0544491703528,122.45688016604021,288.14265130313515,291.1158489330313
20200508,3245,3285,3185,3225,221916,17276,74.2563128629479,62.026204139860575,105.02946015285393,283.7002036579383,286.02796762535024
20200507,3225,3265,3155,3245,270130,19060,89.61026726887941,79.18964578781524,98.44128960959385,281.9756195134609,282.15280717586654
20200506,3085,3295,3010,3225,773819,38000,65.16133823057964,87.15646849201516,76.30981260624304,282.5344005603567,277.33176832491034
20200504,2885,3010,2835,3010,379846,0,86.79861750051091,91.99999999999802,76.90091026769403,286.1576270169993,275.1223970041931
20200429,2795,2865,2760,2855,350389,0,154.71263684650972,115.88895547031065,90.27561963232338,293.0414741219331,277.3043573354406
20200428,2755,2820,2740,2795,192177,-1,184.61852561430555,146.28397041371164,107.27185092091928,300.368477411033,280.8067958529881
20200427,2745,2810,2710,2790,95653,0,165.37835408541227,167.917390403733,121.00206609806268,306.9717232725009,280.1140361779259
20200424,2810,2935,2705,2745,417412,0,92.37965143904798,189.66813121871505,136.95323106812754,312.0329732398306,283.2918474529983
20200423,2750,2855,2725,2810,273603,0,35.41186241925155,197.45885647394934,144.49394450979574,311.6762476245716,285.4513847497592
20200422,2730,2760,2600,2760,202286,0,23.874672772626646,199.52192861938698,154.92639381332003,313.0940908452635,288.76797382731496
20200421,2835,2900,2555,2760,423041,-2000,23.57965224510319,182.5438303531505,163.3546754763999,311.64745930119295,292.7904422202936
20200420,2815,2940,2775,2840,512772,2000,36.0,141.77094201563244,165.36626016210178,303.43106255329565,296.0873909094325
20200417,2775,2865,2710,2815,429833,0,31.874754901018456,72.2218803410701,167.59680038711934,291.651856766857,299.6927129948637
20200416,2710,2900,2600,2775,429386,0,32.09361307176243,34.091787867459594,170.50274924469673,280.8043382657906,303.69419926410546
20200414,2645,2825,2590,2695,904256,0,49.85980344927164,39.118409988135724,178.808556842227,264.81832084573597,309.1025989322416
20200413,2455,2785,2370,2590,1121263,0,90.91754506144565,68.08817812219601,191.6598549514215,256.5524096337597,315.9035871731887
20200410,2520,2520,2270,2485,904326,0,121.06196760337245,105.14870422406504,208.92881562867274,259.1650455469117,324.5178876040573
20200409,2770,2775,2370,2505,972991,0,110.90536506409417,124.09774373452537,222.0949965667843,269.50257677597136,332.6631178835423
20200408,2920,2930,2745,2760,460184,0,106.51760417883985,120.6658609549525,217.47571703525873,270.58900517615575,336.32073811896953
20200407,3080,3085,2795,2915,549791,0,163.8108665504215,136.4880947189165,206.5792826011358,268.21938574399934,338.1526380160619
20200406,2875,2935,2775,2915,512899,-10599,189.21944931745256,149.05452022666037,187.06883759728643,264.1090236794046,339.90818817570204
20200403,2785,2855,2595,2685,550782,0,154.02597183592124,144.75496537252158,160.57007815903913,264.0459108858816,337.0156091835109
20200402,2520,2670,2425,2670,495549,0,107.30330842988953,141.1284875565523,126.79584969548463,263.2676473983577,336.7039067687409
20200401,2700,2700,2395,2425,631807,0,182.63625050903778,160.17880633841656,132.79589602092352,272.03598362879904,341.72148950408223
20200331,2040,2600,2035,2465,955650,0,176.11359970201053,170.3386333161094,141.29755836531618,281.9025639393066,347.70401684958006
20200330,1830,2060,1710,2030,732257,0,236.9599122214557,251.01244989043875,203.12726921809372,309.41544348442903,365.1086215848036
20200327,1810,2040,1605,1855,824443,0,300.0233324259965,333.75327713746884,267.8245694479876,341.2502645501608,386.32789577709156
20200326,1705,1850,1680,1780,522685,0,284.80519658180395,401.54078248666116,323.0838706899494,371.7475528575201,408.01422692719893
20200325,1640,1755,1630,1705,536951,0,271.34111372956363,442.7157666042629,369.6048565698237,401.78141514454677,429.79790955233295
20200324,1330,1630,1330,1570,874149,0,153.3166657607711,453.1500855125157,418.9164594522396,433.3859823785504,448.21929892693754
20200323,1240,1340,1185,1305,555860,0,193.45800577903205,460.02608621685835,482.3802312491671,472.68684577282835,479.78649041932056
20200320,1195,1405,1175,1345,1027599,0,189.1930231271756,450.3110036408177,521.0251913295555,505.58417119868926,507.5749739365275
20200319,1570,1665,1115,1190,2133488,-1,187.3125729896421,420.042854956492,561.7523364437392,541.2432383462673,537.8934993720101
20200318,2010,2110,1530,1530,985923,0,142.2884394460773,361.5885092200811,567.2248231521606,558.1161953392849,557.1711785638433
20200317,1905,2095,1905,2025,642539,0,294.098622914151,280.83847670858904,554.9403121057254,561.0943857518279,566.0189174670362
20200316,2350,2450,2150,2150,352399,1,376.73067302782766,299.46994840885236,545.201568229586,561.4643243341457,572.4504527322284
20200313,2340,2485,1980,2390,977066,0,435.88530601524064,371.29368429856254,542.3681291337092,557.683321877209,575.7532370126594
20200312,2645,2670,2430,2540,355978,0,348.4479875103313,449.61650325583093,543.6922383113446,553.6335217351706,577.3735416497904
20200311,2700,2795,2635,2680,247071,0,241.65264327128722,523.5085959179663,539.1894379529331,546.697274295584,577.3920518999392
20200310,2635,2730,2600,2680,215462,0,200.13995103427,563.7333146089562,523.8279178318008,538.6564046052185,577.7137035451807
20200309,2720,2770,2625,2675,258186,0,114.78675881825394,548.4589774996854,507.43835832542254,530.2161246971725,578.5446164850978
20200306,2815,2875,2770,2800,214414,0,82.3407554009556,515.4308877046469,514.8055458131739,523.7232822673511,578.8234954533972
20200305,2890,2890,2770,2860,201100,0,76.70723564306043,396.5929903566125,527.0199237220543,515.5316565341914,578.5284118035077
20200304,2685,2880,2655,2865,344336,0,83.6301381082203,276.7404018209124,548.8588160902582,512.5685861965735,577.7754213360066
20200303,2545,2770,2545,2670,445682,0,85.98837130682264,210.1761166260334,557.0221606902188,509.39809252358344,577.0481863544846
20200302,2340,2620,2330,2540,406854,0,125.12393855693642,142.63590010933422,563.3947883145529,506.91375553988877,576.8996338185699
20200228,2525,2595,2305,2400,486539,0,181.0414317221337,140.69115110766552,561.2686522513081,505.3594980033726,578.0987997066092
20200227,2725,2725,2525,2620,208721,-2,153.17963311093285,135.18135966175205,560.8194896755995,502.6213507425055,579.2497242602327
20200226,2650,2730,2560,2715,112677,0,110.92339699089638,135.61434289926697,557.0020197449915,500.5695644851847,579.8193190195833
20200225,2600,2685,2500,2680,238814,0,112.44554237496477,135.61434289926697,538.742517349429,497.6890693216205,580.6777634200879
20200224,2740,2830,2570,2605,532091,0,109.5171219490359,137.6126811017065,486.7016539934911,494.3020542475338,581.7056099666452
20200221,2790,2980,2790,2905,264839,0,107.65686229869418,150.14659503298753,433.827730787233,492.09052351506614,580.9871807248993
20200220,2860,2895,2835,2860,101386,0,112.4544352171136,150.14659503298753,325.44930480798376,489.3999727557531,580.0638599302858
20200219,2865,2910,2810,2880,136123,0,120.39102956615996,151.9909536781711,231.30823591044032,486.7823135995513,578.0816560328366
20200218,2980,2985,2860,2885,167701,0,111.91961400934154,162.8158468945819,191.99609371026253,485.3599752302965,576.3724186067161
20200217,3030,3050,2945,2970,179599,0,37.815340802378074,169.16264363032374,161.7451699433399,484.17773940293023,574.5630571114212
20200214,2980,3090,2970,3020,180383,0,61.44916598294886,139.87136947924643,157.4523737515567,483.2900196109517,572.7521945736122
20200213,3100,3200,3015,3025,209866,0,63.03967004989794,136.42672025669984,161.68855092429985,483.5169478817546,569.9177328546833
20200212,3130,3160,3075,3100,127113,0,70.92249290598858,145.63996704201702,175.72332656764698,484.0398284806262,568.3715529670906
20200211,3115,3160,3045,3160,382117,0,66.93280212272605,146.62537297480193,191.44369276630636,484.23797524219964,566.4478728959385
20200210,3140,3245,3055,3135,975078,0,56.79788728465171,105.65983153497707,201.02534044244248,482.37191736943515,561.6519471365004
20200207,2995,3070,2960,3055,308122,0,49.69909455915671,102.56217626396061,206.43098120195017,478.59165498598145,558.3518653640871
20200206,2950,3025,2950,3025,151442,0,49.69909455915671,89.73433010838,210.03139646252868,474.7326440569806,557.4083117802127
20200205,2965,2990,2910,2950,133694,0,75.96051605933177,80.35079339993916,211.03317274779315,473.870323330478,556.0089037431566
20200204,2830,2980,2830,2950,181016,0,69.61321713582845,70.13558298039378,207.21727727194929,474.97569382255836,554.1579432270793
20200203,2660,2915,2635,2890,344776,0,58.9406481131655,81.23422923866335,192.52986781276277,475.87364102482155,551.5999204334809
20200131,2885,2945,2710,2785,417771,0,79.93747556684536,109.9374822342213,158.69999212350297,475.83618650633053,549.0173023356268
20200130,2950,3030,2880,2885,290132,0,60.382116557802114,115.5865476601829,144.2792431363566,477.0128332189335,544.8268073433981
20200129,2965,3045,2930,2960,380716,0,62.40192304729078,110.191878103605,136.1880593150512,478.6234529588168,539.0640020107901
20200128,3020,3075,2955,2965,499794,0,65.31462317123173,92.33092656309563,122.89121205358789,480.63496774810375,533.8135061751437
20200123,3205,3220,3120,3125,296569,0,111.55267813907473,90.4654630231878,99.90120119397918,485.1402646543445,527.7796635565728
20200122,3260,3275,3200,3200,363602,0,116.64475984801032,113.40304228723208,109.56590482444759,490.4182667773371,520.2107679158091
20200121,3210,3335,3135,3280,1448412,0,127.0196835140129,146.07874588727728,121.9474784487154,497.4741757675006,511.76776281391136
20200120,3390,3390,3150,3210,1072210,0,107.39646176667088,157.71810295587412,125.21855892797963,503.0855557346955,503.42937825368233
20200117,3485,3495,3290,3370,1405675,10599,82.68010643437755,185.6098057754484,140.99999999999966,512.3466979388932,493.9557429989725
20200116,3680,3820,3515,3535,1218410,0,123.95160345876934,221.49548528130236,174.22596677877814,525.5326596786231,488.2693910782133
20200115,3585,3640,3520,3600,451313,0,148.06755215103678,228.82526084328973,206.83613683300098,539.3983531058766,486.41398798588597
20200114,3660,3665,3510,3585,499161,1,149.29835899968893,224.81325583692683,230.0069292434467,551.9824121594202,488.5538751139829
20200113,3530,3645,3505,3620,516838,0,90.47651629014017,217.0460780571707,252.50383660451558,565.0788784664381,490.7187171639169
20200110,3590,3690,3530,3570,646394,0,28.74021572639983,183.2682460220519,267.5232466534449,575.6101291962573,492.0560163882657
20200109,3440,3555,3440,3485,384764,0,46.54030511288038,157.3761417750457,275.0385200294677,583.7632403923118,491.9051963765198
20200108,3625,3625,3260,3330,706814,0,103.95191195932858,141.0859667011545,274.20612684621017,589.1683404030906,490.5659978676561
20200107,3565,3755,3540,3635,692021,0,112.00892821556681,136.28646301081858,284.97850796156524,600.6971586322743,492.0987084812245
20200106,3690,3695,3485,3525,648980,0,102.44022647378324,98.04208280120926,282.61048724348484,607.7290320437947,493.3317215626827
20200103,3930,3940,3720,3760,950719,0,144.58907289280197,105.69886470534638,291.0123493943168,620.0099461567792,499.1446572777166
20200102,3805,3945,3695,3830,1687840,0,177.18352067841974,131.3925416452512,294.3445047898804,626.7952882188348,505.66855498438923
20191230,3445,3980,3445,3720,5956978,0,105.4229576515476,136.76256797822663,272.2953359864982,625.204294388819,509.84962379988974
20191227,3120,3680,3120,3435,1690126,0,149.11069713471264,146.1471860830686,244.26624818013622,614.4628186925181,510.51301641638463
20191226,3250,3545,3110,3150,557775,0,253.14817795117546,196.24984076426443,228.73073689384185,596.6774847715742,509.34332553189415
20191224,3280,3310,3105,3105,159475,0,292.07190895394234,235.70373353003814,215.65655566200604,572.071868056996,507.49161015232585
20191223,3350,3360,3260,3310,161177,0,221.61678636782008,242.3839928708149,205.0760529657227,534.533928608215,505.895493160396
20191220,3405,3410,3325,3360,107517,0,125.32358118087753,240.68859549218206,197.65674160017895,494.7242217190851,505.20354636907405
20191219,3390,3460,3310,3375,128238,0,111.22050170719426,236.87760552656573,194.12560366937666,438.9455404717069,504.48859556540606
20191218,3365,3530,3365,3370,121574,0,102.14695296483396,236.99208847554237,186.15249125381027,396.2744121467107,503.7331193752857
20191217,3450,3450,3320,3395,110146,0,28.39013913315678,211.90799890518375,185.46883161329265,375.69804475580145,504.18743758866356
20191216,3300,3450,3175,3400,214169,1,15.165750888103101,158.10123339177156,185.97311633674343,358.40560317730495,504.9178701091454
20191213,3110,3350,3110,3255,199090,0,53.23532661682466,105.65154991763957,189.81751104679438,347.1763480807204,504.5104733385954
20191212,3100,3150,3070,3075,103867,1,123.74974747448982,119.2570752618038,205.05776625136613,339.3455609290051,503.77108447742
20191211,3130,3180,3045,3100,141177,0,138.96042602122375,125.46812344177124,212.80434088617625,334.63200144171475,502.29522499776544
20191210,3130,3235,3100,3145,111704,0,119.62441222426132,120.54148663426855,216.87208211293566,329.6904693125878,500.6872984541685
20191209,3235,3245,3145,3185,70629,0,63.84355879804947,123.08127396155582,219.99659088267688,324.4298417566132,499.24191836779477
20191206,2905,3270,2895,3225,422373,0,54.62600113499065,119.37859942217268,222.2019070575226,321.62947755660116,498.6850765318287
20191205,3120,3150,2945,2945,377096,0,96.85040010242601,142.6788351508366,231.40481304415408,320.5619631556762,496.6301370794526
20191204,3155,3305,3100,3120,282066,0,96.35351576356723,134.00466409793214,231.45949969703102,318.5031288002591,496.6110829495588
20191203,3390,3395,3270,3290,167563,0,117.75398082442904,120.53630158586925,207.50240962456292,312.78776750378023,497.6275642569788
20191202,3335,3425,3330,3395,127021,0,153.65545873804808,119.6045567693791,168.9191744592659,303.56877309762757,499.5422626987856
20191129,3355,3455,3260,3360,195802,0,167.76769653303344,130.41855696180517,135.67861843341385,287.2107240337639,501.2110056874474
20191128,3520,3540,3395,3470,131340,0,118.64231959971113,149.80070093293818,138.2579111660519,279.6086054151787,503.748111383281
20191127,3620,3635,3455,3520,140236,0,80.96912991998865,167.15935510763242,147.85973082621214,275.09163877192105,506.78907341275203
20191126,3615,3635,3560,3620,110438,0,92.39047569960877,191.83586734497675,161.13096381515226,270.762542030218,510.7707343373892
20191125,3510,3700,3510,3620,141121,0,98.0612053770501,206.62828944749907,175.98206584763093,262.56581185591256,514.6370063101652
20191122,3385,3535,3385,3510,122378,0,61.1228271597445,206.1795334168729,181.0239970280181,260.7272281523334,517.2448898168708
20191121,3505,3545,3320,3465,234392,0,62.41794613730894,145.2101924797269,183.46849184532996,256.72109812444546,519.4102959660654
20191120,3635,3740,3495,3540,300125,0,61.18823416311342,101.65628362280061,189.28335241114024,253.88459758104239,522.2182237952723
20191119,3710,3740,3630,3700,238262,0,83.5224520712844,99.82484660643973,205.36796244789474,254.1185610213361,526.8339643964375
20191118,3875,3885,3635,3690,505616,0,96.14572273377532,102.08942158715162,218.42103836398155,255.48824445667657,531.1637364603835
20191115,3910,4005,3890,3890,234117,0,146.81961721786362,124.96499509862393,245.14931674389774,263.3598483486448,537.972273139301
20191114,3910,4000,3800,4000,155165,0,162.06171663906315,163.86656156763354,267.02481158124596,274.41675523836824,546.3548335712485
20191113,4025,4070,3875,3910,375174,-8810,122.53978945632312,173.12495487363736,273.80193571266057,282.2061401804619,553.0814625049973
20191112,3905,4080,3905,4020,438875,0,117.2006825918689,195.99043343999958,286.39515970071824,293.73698552730065,561.0997386086244
20191111,3750,3950,3750,3920,282006,0,51.92301994298868,199.10361624038592,287.7233914717396,300.5815081729987,567.2295595822637
20191108,3870,3905,3775,3815,118363,0,73.0479294709987,180.24982662959437,282.00177304407134,302.68468879897495,571.8111925544616
20191107,4015,4015,3895,3905,160611,0,65.06919393998976,144.47837208384774,247.7518920210296,305.8859968281558,577.5218234813487
20191106,3870,3990,3765,3980,249428,0,70.04284403134984,109.48059188732356,227.9561361314933,308.70710453257766,584.5093369062256
20191105,3940,3940,3835,3850,109963,0,57.21887800367987,92.3092628071456,212.04716456486727,307.2174740943097,589.4753964802564
20191104,3865,3970,3865,3895,264551,0,55.80322571321482,61.44306307467625,202.8275129266242,304.26135512453965,594.6671512983825
20191101,3805,3870,3755,3855,120535,-1,46.75467891024384,63.91400472508861,185.10723243568822,295.7158921818168,599.1841893010306
20191031,3780,3940,3760,3830,402940,-75,53.34791467339656,61.611687202986694,173.2792183154111,289.0883539489059,603.0926315436312
20191030,3755,3810,3725,3780,247153,-552,37.49666651850535,70.74602462328673,162.97603351413332,283.10523907001067,606.5513340462893
20191029,3560,3780,3530,3755,335306,-5402,50.457903246171455,64.57747285237114,158.5410041598069,276.1044865626037,609.4575442669397
20191028,3500,3660,3480,3620,204297,0,82.0121942152507,92.62963888517959,158.5410041598069,271.6804188748225,611.0766781650418
20191025,3475,3635,3470,3500,329667,0,120.56533498481228,135.50276749940872,159.4568907259887,268.42177631481206,612.0797864090558
20191024,3605,3610,3445,3510,348124,0,117.881296226331,154.50323621205763,155.02640904052413,266.48087277617987,613.0101277031779
20191023,3700,3740,3550,3595,373903,0,92.16289925995167,141.70038814343076,150.8525770412952,263.2578346412487,614.2860806569596
20191022,3845,3900,3650,3745,490916,0,88.73556220591607,135.35231804442415,149.66024021095217,263.6285265292795,616.3024769182381
20191021,3900,3985,3830,3845,423012,0,135.32922818075923,129.15204218284336,147.59403781996042,266.4050278971625,618.4992912396009
20191018,3995,4120,3970,3970,824576,0,165.90961394687167,146.1335006081731,150.73154945133385,271.71655983559026,621.0604450364624
20191017,4010,4145,3975,4020,1085958,0,153.785564992297,170.21750791266714,152.016446478662,278.112824327744,624.1178093361503
20191016,3870,4070,3870,4035,1503945,0,111.2924076476019,192.80106327507343,158.19667347956437,284.5166954679445,628.7675555313655
20191015,3850,4080,3800,3875,1461644,0,76.38062581571324,195.8577289769256,152.1758850803895,287.17458636786546,632.0964896455462
20191014,3790,3905,3725,3885,578132,0,66.52818951391959,191.44450893143636,151.15616924227706,289.62680728827416,635.4036938566429
20191011,4000,4090,3815,3840,1136390,0,80.33679107357973,163.6795650043058,151.26880048443533,289.58278177405356,637.1121573488191
20191010,3955,4150,3955,4010,1372298,0,78.19207120929845,130.73255141700056,156.06469011278594,294.4758054577644,640.2599718842511
20191008,3810,4170,3805,4050,2840941,740,82.37718130647589,98.01147891955628,160.34552535072473,299.95530917121494,641.6372233504604
20191007,3985,4120,3780,3875,1975168,0,82.37718130647589,79.88898547358458,160.64635072107896,301.2992237331875,641.3632399471888
20191004,3935,4145,3855,4145,3329812,-7000,112.75637454263949,93.5534606521777,174.75268238284613,307.80173768551305,638.273973251734
20191002,3800,4225,3780,3915,6756317,-193001,96.40539403996023,95.02631214562928,175.54913841998743,309.93731445066123,629.2801980901139
20191001,3770,3810,3690,3765,613106,-1,133.49157276772192,109.89654225679081,176.3042469709675,309.60144630727217,617.0324590777661
20190930,3840,3905,3645,3705,633585,-2,151.86836405255704,124.80084134331248,178.25823964125726,303.60403443008033,602.1176979812351
20190927,3785,3915,3735,3880,798957,0,151.84202316881846,124.68359956304862,177.6040188171425,297.3765383407958,584.4848812320884
20190926,3945,4045,3800,3850,1276770,-213,77.110310594628,125.73881660012019,170.33257909161097,295.3012115714306,558.0827656037126
20190925,4030,4120,3770,3910,1831951,-2,75.93418202627852,123.94454405095308,150.39011769394924,294.60453719067635,531.3006577154675
20190924,4045,4260,3990,4130,4109075,-199998,136.96714934611146,138.00815193313267,135.9363362019144,298.17960424698435,499.30699196208104
20190923,4035,4200,3920,4085,4082362,-155782,113.94735626595292,141.5944914182703,121.77104540899659,300.0504124309769,475.3509211770692
20190920,3425,4110,3420,3980,13590804,-190815,104.61357464497617,141.31613495987855,114.80526991388464,299.9244696586115,462.4219979268569
20190919,3360,3455,3330,3425,163283,0,252.61433055153464,191.31714507591502,159.64413550143303,299.5297239933875,448.4106946111634
20190918,3425,3445,3265,3420,383037,0,318.50588691576803,231.63548950883757,192.26934232997186,296.2010742534339,438.8789202014852
20190917,3590,3645,3440,3440,405872,0,297.9093821953246,257.70380284349477,213.088009986484,286.91709023107364,431.71643656134006
20190916,3630,3770,3595,3665,436404,0,217.3798518722469,259.181885941126,213.23988838864062,275.9521269874329,427.10846267533526
20190911,4045,4360,3625,3625,7219865,0,107.09808588392231,260.4822450763178,218.23725621442344,266.095677759376,422.1175763503437
20190910,3470,3625,3395,3570,258941,-846,98.05100713404222,263.58110706194196,224.96263578647878,257.551720803586,416.66203330757094
20190909,3490,3540,3350,3465,123625,-81,87.78382538941898,266.14328847445876,237.32309200749916,251.4800632698777,412.60877143353144
20190906,3375,3475,3170,3445,180610,0,86.51011501552867,226.89424849475378,243.65177508074902,232.8101276911188,409.18617570598377
20190905,3325,3400,3310,3375,146166,0,89.7997772825746,172.2904524342518,248.84282187758583,223.5667157447378,405.7908602004505
20190904,3260,3400,3250,3325,183250,-2783,83.57032966310472,103.86168687249051,261.74223961752887,222.41908641121495,399.6524857610663
20190903,3255,3305,3190,3260,102255,-1142,75.78918128598566,122.08193969625192,258.5743365069316,226.60690082166408,391.2142755255735
20190902,3200,3325,3150,3225,138068,0,78.89233169326408,140.88026831320036,268.33037006645355,231.03787568275357,379.61855855582104
20190830,3110,3210,3085,3200,70282,0,64.5445582524197,158.13680785952192,281.74722713808546,238.7912268070154,372.44089762299404
20190829,3280,3280,3010,3155,77159,0,57.323642591866054,151.54949686488382,296.51349041822687,248.69843128218898,367.1094296437135
20190828,3210,3310,3180,3200,171896,-299,34.438350715445125,130.69429979918593,298.1715110469139,257.49124850284716,360.71903501509524
20190827,3185,3330,3185,3290,158286,-574,44.204072210600685,101.23734488813666,293.77244595094334,263.12559052454077,352.16414013528055
20190826,3205,3310,3150,3210,138496,-1,43.86342439892262,85.90838143044931,285.55603653223636,269.813348549613,349.05920183958506
20190823,3200,3490,3165,3315,379522,-1784,59.447455790807396,65.66772418775892,244.2737961796146,272.78668660491536,344.6705325984018
20190822,3250,3250,3155,3240,94793,-1,44.76605857119878,52.21110992882251,196.35490826561966,278.57089412850536,340.8863828926963
20190821,3180,3320,3170,3225,191268,-2557,39.92492955535426,44.33959855478617,145.60112465224952,285.3087508881084,337.20696898278186
20190820,3265,3275,3150,3180,136073,0,45.09988913511872,45.76024475458585,149.34942249637226,292.9305947376147,335.00671375942323
20190819,3105,3275,3100,3190,161906,0,47.853944456021594,46.87483333303282,151.69871456278034,298.6171834007908,333.33570572072324
20190816,2910,3400,2850,3075,618137,0,57.844619455918284,64.15605972937874,159.14046468450414,305.412687559344,332.77262998012344
20190814,2865,2950,2865,2905,83735,-9270,116.31852818876277,111.31486872830436,160.98039476905225,318.673509340759,335.1907002820257
20190813,2760,2860,2725,2855,131064,0,138.3979768638256,148.0886558788338,164.41164040298335,330.5737751748201,338.8850975994655
20190812,2770,2855,2745,2760,129229,0,155.00322577288512,179.47771449402762,176.2985748666163,346.39992742814104,343.89278852572534
20190809,2755,2875,2740,2820,231151,1,106.98598038995577,192.27649362311485,182.78744486424637,359.62963201357775,347.0361987803119
20190808,2670,2810,2605,2810,326506,1,48.27007354458868,183.88583414716794,186.07978799428997,370.8329494380023,349.98014824653404
20190807,2550,2670,2525,2600,446004,-1214,89.7997772825746,201.80683833804991,210.29978601986238,387.2814347760828,355.87084111451844
20190806,2200,2630,2110,2550,871484,-3218,111.60645142642964,208.63185279338305,233.87643639323716,405.7906805101467,362.686963280089
20190805,2760,2790,2355,2415,744670,1,155.9615337190552,222.38704998268202,266.7283262047732,427.1473447964597,371.6193705893458
20190802,2810,2860,2670,2770,471848,2,145.27215837867902,180.0111107681966,266.9095118200172,434.77193893912687,371.8552492420783
20190801,2940,2985,2865,2865,349876,2,159.90622251807463,151.57506391224103,263.5863236209343,439.54094582365644,372.1257907840653
20190731,2990,3100,2845,2940,464177,-5,196.53498416312553,155.8051667949428,260.24639766959297,442.78050588173795,372.3624932627992
20190730,3150,3235,2980,2980,738753,3,202.56850693037157,169.09760495051353,254.48710674609805,445.1407704935085,372.19254416303784
20190729,3555,3695,3200,3220,814035,0,150.5988047761336,220.14994889847216,250.22926987065264,445.42273927884,371.53981392756907
20190726,3895,4300,3420,3520,4171140,-2120,239.12339910598462,309.49313401107923,274.5099041929087,445.4783633603557,370.67153773777693
20190725,3815,3925,3710,3895,320846,-796,357.83236298579817,435.1634750297867,334.39974207525927,449.257187848266,372.08976058278574
20190724,4020,4075,3800,3900,411073,0,364.7410040014695,493.7987950572578,385.9594376356146,452.66936670770474,373.0903017553366
20190723,3805,4000,3805,3960,584998,0,285.80412873154927,515.863596312048,435.22092091258656,455.8513022052488,375.317363392487
20190722,3705,4020,3685,3815,998928,0,155.96794542469294,457.92493926406706,464.92869076881016,455.4350408004283,376.40918328846357
20190719,3600,3745,3510,3705,334153,0,88.03408430829505,416.0408633776247,483.5193894767819,451.6440338732841,376.7618242633156
20190718,3225,3890,3225,3620,2037221,-141,124.29802894656054,362.6668581494583,495.53626254795915,446.0394850483767,376.8401494850146
20190717,3475,3475,3220,3220,175721,0,249.46743274423616,322.6689479946889,492.64743985937844,440.0623298655152,377.54528563913044
20190716,3600,3620,3400,3475,181637,0,206.0242704149198,257.72271921582535,491.9232663739335,436.2190692632404,377.4933406329461
20190715,3600,3675,3540,3600,96174,0,168.86088949191284,219.15519615103608,489.09763851402914,432.65697215641217,377.60677068067537
20190712,3490,3635,3465,3625,102143,141,154.09737181405788,214.12671482091878,486.48811650440126,429.99886143259977,377.46338122613423
20190711,3520,3520,3415,3490,80883,-736,143.6175476743702,208.13216954617837,476.51410000124855,423.0172294232088,377.26372066573646
20190710,3385,3500,3350,3435,78817,0,74.09453421137081,196.7034570107989,448.3804188409658,414.55997421630207,377.30182206100574
20190709,3385,3500,3300,3420,125778,0,84.10707461325711,159.5689506138312,409.1427012669295,409.78635185504345,376.60561590416415
20190708,3470,3700,3335,3390,249099,0,83.10234653726692,135.5949851580041,342.26990446137665,397.64480241653814,375.4757514548108
20190705,3560,3635,3485,3485,172629,0,38.39270764090493,116.7647206993593,305.5585050362695,391.61705359530174,374.89539281718953
20190704,3590,3640,3525,3580,95756,0,66.52818951391959,112.36547512469919,271.6977870723277,389.17229653315206,374.9487719638797
20190703,3715,3770,3520,3590,311677,0,81.21576201698781,79.36623967405372,237.896379753875,387.756044440314,373.7403264262789
20190702,3640,3810,3640,3715,117881,217,109.1146186356347,99.25220400575145,201.58372950215974,384.62733587200836,372.54490547747594
20190701,3690,3820,3670,3720,138578,0,89.1403387922662,112.93803610829828,185.36720314014534,382.2011813895325,372.6641114067128
20190628,3780,3785,3580,3615,236147,421,61.106464469808756,112.26753760548632,184.26526395389854,376.8851136472329,372.56561689035146
20190627,3800,3845,3680,3780,139291,0,70.80960386840192,130.54118124177995,177.01977290687023,367.3501584168539,373.1990062471873
20190626,3850,3910,3705,3780,314268,718,60.382116557802114,135.02314616390478,168.83127672324196,359.0759262792928,373.7852338464776
20190625,4025,4060,3860,3915,206721,0,97.39609848448757,147.38046003456196,164.2701661897251,357.2329616495203,375.40716552904905
20190624,4130,4135,4025,4055,148914,0,147.69563297538625,161.27693573477586,186.84401917107195,368.7195938499711,378.41664831534763
20190621,4145,4180,4015,4095,161574,0,132.62729734108285,174.36240993975431,214.03548187158106,380.8379923128569,381.1644348426124
20190620,4100,4230,4050,4135,108029,0,131.01144988129855,188.21530224718407,240.5857435510257,393.4725742242596,382.8101411491941
20190619,4050,4160,4025,4140,155005,0,82.4378553820998,187.48333259252345,240.77686765966516,403.9472858210846,384.5588291218325
20190618,4125,4210,4015,4040,206464,0,40.570925550201586,181.53856339631733,245.5833616106757,411.582481270629,385.3697156087029
20190617,4230,4350,4100,4150,408464,0,40.570925550201586,178.191610352448,259.83877212610116,422.46173396730916,387.6397507852982
20190614,4095,4340,3950,4225,448197,0,58.872744118140105,147.88593577483485,276.85950859596625,435.54655957262986,391.0305028596438
20190613,4170,4345,4130,4150,291879,0,59.02541825349483,124.82087165213404,278.73049259096126,445.77132746385536,390.30383241421214
20190612,4290,4435,4100,4210,745736,0,65.11528238439882,86.0828089690297,276.26934321419003,457.0433665297942,392.15348956116554
20190611,4040,4460,4025,4300,1425401,0,55.641710972974224,74.96665925595497,272.82366099735543,470.03323611799465,396.44224875411726
20190610,4035,4270,4035,4035,762613,0,88.50988645343524,77.6916983982102,247.12990005258348,475.2518630508799,397.9734928882397
20190607,3770,4085,3770,4035,345414,0,102.44022647378324,83.64209466529672,225.0570760940431,479.7823291174158,399.25850544060523
20190605,3800,3855,3755,3785,174514,0,176.70880000724355,136.05513588247396,211.63707142180905,480.0083549620073,399.3698486887384
20190604,3605,3820,3595,3760,198664,0,197.3980749652843,170.29092753285025,199.10675528469622,479.29798200655364,399.50566459271363
20190603,3520,3670,3450,3660,216368,-14000,152.80706789936124,210.2355821453601,203.11496129039807,478.17430573658567,399.5273227167591
20190531,3595,3695,3500,3520,191521,0,169.4284509756257,254.8058084110299,219.86515753979734,477.3646114053924,399.6186528533578
20190530,3700,3800,3580,3590,116827,-965,100.07996802557443,261.8725835210675,221.936927977297,475.88966391614485,399.5123568350396
20190529,3730,3895,3695,3715,198213,-11793,85.93020423576334,253.47386453044516,225.119273941615,475.85464050368154,399.381533592878
20190528,3910,3910,3750,3830,154958,0,106.18851161966627,225.21323229330568,223.32417580727775,476.0457494354452,399.79077644507345
20190527,3770,3900,3700,3890,211980,0,139.5134402127623,163.51146748775287,223.6828111411333,476.5412058084091,400.4858832822107
20190524,3675,3810,3490,3810,339329,26758,104.86181383134664,141.09305440027325,225.17701370255335,475.39406899259114,400.8087981922708
20190523,3780,3850,3680,3750,196226,0,61.35144660071187,107.30330842988236,226.90361389806003,473.68457478462193,400.22779754853946
20190522,3850,3930,3735,3780,281458,0,47.49736834815167,107.06189798428974,224.55441990751353,470.2000165414233,398.9846814624163
20190521,3875,4010,3805,3875,389493,-3198,53.88877434122992,115.4599497661352,218.8544036568602,463.57191099835404,398.7839501395311
20190520,4040,4165,3950,3965,330544,-1072,76.64202502543888,129.23331613790023,217.15360346998597,455.97715586053863,398.35283904473323
20190517,4095,4275,4030,4030,539643,0,106.44247272588137,119.81339657984186,211.8034171112447,445.4774280352352,399.17388432931665
20190516,4140,4450,3955,4100,887168,0,112.82730166054668,118.09847585806712,203.68419182646429,436.7805513069456,401.17999562401917
20190515,4445,4490,4135,4165,716983,0,101.32127121192272,133.48127209462183,204.6672604497356,427.6740305289629,403.4056753305387
20190514,4180,4235,4105,4195,510052,0,84.8174510345601,152.5581856210884,203.51842668417007,409.3245113055838,405.46021306041746
20190513,4125,4320,4105,4180,871430,-3760,61.26989472816156,164.3624044603828,192.81532615432806,385.519094497564,408.09004444484935
20190510,4090,4220,4020,4100,686670,0,40.32369030731191,156.31378697990291,195.86522789918558,348.5332261380854,409.63295731938047
20190509,3910,4175,3910,4000,941176,6500,71.73562573784382,129.84221193432614,194.6856440521486,325.4052494796119,410.51050323211956
20190508,3770,4155,3770,3960,1584393,7260,94.0,102.23013254416949,193.92572676156175,303.8240536158306,411.20704562908344
20190507,3855,3870,3785,3800,387026,2200,129.36769303036982,116.99252112848266,192.73865076833943,282.7693406294247,411.2712992626903
20190503,4020,4030,3850,3900,306760,0,100.07996802557443,123.15031465651423,185.00320943162015,261.6066810223989,411.84485853291784
20190502,4020,4090,4000,4020,159017,0,79.39773296511683,123.29233552820087,163.4432240871426,250.67519932285919,413.34417828514455
20190430,4125,4125,4000,4030,358348,5000,84.94704232638121,121.77848742696085,144.32147276133205,248.43001473699158,414.69587249774474
20190429,4065,4185,4050,4075,281322,141,100.79682534683322,114.97391008397715,135.4757819685862,250.09492642239235,416.3914403505688
20190426,4070,4280,4050,4120,949054,0,73.64781055808787,105.78397799288162,134.93956980811782,252.42980322369857,418.59317129589516
20190425,4250,4265,3995,4045,404542,1356,36.138621999185304,92.03260291873995,133.57582116535875,253.26998933943918,420.0488976165608
20190424,4190,4330,4165,4250,832243,0,79.20858539325141,115.5205609404597,137.47181529317166,258.24842690711523,423.20060050038677
20190423,4175,4250,4140,4190,284727,-5474,75.05997601918082,125.83322295800288,127.85343170990721,260.83214855960887,425.0318104925261
20190422,4250,4335,4120,4195,479227,0,70.78135347674555,130.73350756404596,117.38265417002593,262.0829491253139,426.57123770049526
20190419,4250,4390,4070,4200,1047712,0,68.9492567037528,102.4268031327663,113.09951370364024,250.8530446297187,428.04519937540755
20190418,4265,4265,4100,4125,366504,0,39.824615503479755,77.03895118703566,110.59611204739481,246.50028172172247,429.69116614597505
20190417,4345,4495,4230,4265,576747,0,44.384682042344295,78.6908508023548,116.55765740610913,247.47069130617308,432.71100946050865
20190416,4180,4540,4100,4345,1273515,0,74.18894796396563,87.14355971612855,128.61181905252684,250.4870117502207,436.82499515124806
20190415,4320,4340,4170,4175,404771,0,76.26270385975047,79.83733462483866,128.8516588950251,245.81152445635087,438.15203593869245
20190412,4275,4430,4170,4320,774479,-4836,84.04760555780278,84.46300965510561,135.7430937469745,241.59244549907154,440.77809791007223
20190411,4080,4480,4065,4345,2306982,3608,64.4980619863884,72.62231062145064,144.20818284688252,236.4459064282279,444.6251522818583
20190410,4085,4095,4030,4055,257057,0,115.39497389401325,91.35233987150227,144.8988871592874,224.27121168105487,443.91063407139245
20190409,4075,4190,4030,4085,822686,0,118.50738373620439,99.99499987498606,142.5219281373919,215.11836212239498,444.9399752744422
20190408,3920,4190,3800,4030,1277503,953,136.47710430691296,113.91773347463715,139.24887791289345,208.3948409203593,446.0236353976461
20190405,3960,3980,3840,3880,451546,0,150.5788829816452,147.78785471072536,130.63785821881766,202.13133450528773,446.38893534363194
20190404,4060,4075,3900,3940,500365,0,76.32823854904552,162.20049321749445,127.32733406460652,198.80553032772633,446.6445715150783
20190403,4020,4205,4000,4000,648094,4510,71.10555533852471,161.91432919911216,128.29750582143015,195.26470637459084,447.32249544434336
20190402,4200,4210,4010,4015,445665,650,55.641710972974224,144.92153049149897,128.94257442753306,188.3067090325416,447.8676252222538
20190401,4205,4250,4050,4185,340927,-1915,102.34256201600583,145.57558174363743,128.7077600613106,186.88995202168115,448.35160859592617
20190329,4200,4650,4200,4270,826815,0,124.36237373096414,138.1023171420323,131.75996167273237,186.70049916614713,450.0408237655275
20190328,4090,4560,4040,4255,1265754,1915,115.97413504743201,122.63869699241941,131.68024718992558,188.17432446773526,452.22651150538746
20190327,4325,4350,3980,4100,683398,158,96.17692030835673,122.77621919573212,130.39243651377907,188.3258848084578,453.1126607515313
20190326,4480,4525,4170,4295,888618,0,70.66823897621902,139.35924798878065,134.0111935623286,191.02348604876272,455.6778356805985
20190325,4835,4900,4355,4435,432395,0,106.74268124794318,169.57667882111167,147.23790272888263,197.18850259473845,459.88113651488374
20190322,4790,4990,4775,4835,302148,0,249.48747463550148,248.30626250660387,207.34316362012012,221.19453165332308,471.0984209506768
20190321,5330,5330,4780,4785,748863,0,282.55972819918975,276.40776038309497,242.65343084325,239.8599707236603,480.86363278307107
20190320,5560,5870,5030,5300,759821,0,350.77058029430003,382.03566587427207,336.6136509412533,286.68924329702685,501.3764318243207
20190319,5640,5730,5300,5500,343806,0,381.6988341611748,464.7246496582664,428.8282727386336,338.3987929286321,525.507359011269
20190318,5750,6020,5550,5630,400673,-27,343.46761128234493,533.959034009163,510.30236135060153,390.2023246556411,551.476874452188
20190315,5670,6090,5400,5810,541909,-3931,351.88066158855617,594.6782743635406,593.301146130698,445.0768582191416,580.2985806533841
20190314,5560,5840,5560,5720,142573,0,178.3704011320264,599.523977835748,649.7824155053751,487.42306372960564,604.3449392156389
20190313,6090,6090,5600,5630,299229,0,103.42146779078317,531.1911143835131,679.0434448545983,520.7327902954532,624.1604972992824
20190312,5970,6200,5840,5990,480649,0,134.6996659238619,485.77283785736563,727.1201327841225,567.5611751168323,651.5210288560648
20190311,5700,6050,5650,5970,843949,-157,139.65672200076872,403.71524618225465,756.0596454645624,605.5899098308098,676.2711166861169
20190308,5160,5870,5050,5530,950504,0,183.34666618185344,334.1560264307655,738.0031758061749,622.267671951191,689.2545490117072
20190307,5080,5270,4970,5150,289401,0,310.71530377501523,255.22734963165382,704.8784913018696,625.4488388349598,695.4128420106518
20190306,5020,5050,4930,5050,167616,-29,394.88732570190194,294.8151963518815,668.8394332722913,622.7828674586348,700.4964261547335
20190305,4820,5050,4810,5000,170763,0,365.7321424211987,345.27670063298285,627.8284001221989,619.7662865951967,703.940318650822
20190304,4745,5090,4540,4900,554435,0,217.4948275247023,393.96065793426436,595.8449357844706,616.9276193363363,706.7597410699202
20190228,5420,5450,4710,4770,580650,1933,130.01538370516005,427.6318510120574,570.1041023357049,614.0236773845845,707.3923639658692
20190227,5740,5870,5270,5420,553246,-6970,218.1192334481304,412.34572872772486,535.937496355685,623.1067937271173,716.0550442451246
20190226,5540,5960,5370,5670,834005,-4798,338.4316770043844,415.31313487535937,482.72637176769194,636.7426819803703,728.125370767668
20190225,6000,6540,5240,5680,2997203,-42456,383.6352434279207,375.6913626901721,434.93929174081285,647.7860318465929,739.6973433251065
20190222,7110,7250,6610,6610,989334,14305,591.3036445008605,511.83591120592394,466.1665474913445,694.2372463118542,770.5814351928597
20190221,6620,8000,6620,7300,3853991,0,709.5519713171121,773.1397027704621,595.7773808227364,772.185192957118,817.5644045306486
20190220,6520,6890,6430,6700,1118589,0,631.6771327189231,829.7107929875316,615.3639167192043,812.1695695618135,843.0080060496978
20190219,5560,7020,5550,6700,7450331,-708,520.8608259410569,845.9580367843304,648.4309909311861,848.7326295064236,865.2792169374502
20190218,5730,5740,5480,5570,565617,-4433,560.0214281614589,803.203585649366,647.3329900445365,852.1272849300282,865.716104311273
20190215,5730,5910,5590,5780,1029014,0,642.3083371714865,730.2054505411463,646.8838767506885,859.3499804438749,868.3613149282313
20190214,5710,6200,5400,5710,2090847,0,501.01496983623156,614.592547953519,646.7679259208822,864.7261086931253,866.1898277562092
20190213,5780,6400,5300,5650,4850044,-7042,414.7963355672275,592.081920007695,647.0695480394669,868.1522963871151,861.5984166635986
20190212,4540,5810,4470,5630,6247179,0,71.66589146867567,595.3494771980559,647.0695480394669,869.5072798557936,853.5583972406328
20190211,3985,5020,3980,4540,7070352,0,463.9568945494829,758.0824493417576,694.3865998131012,863.6280505647217,842.3277271941117
20190208,3920,3975,3850,3865,752950,0,747.2777261500573,963.5259467186125,792.9436849486852,865.3264316622557,832.9044896558588
20190207,3825,3910,3765,3820,439837,0,808.0371278598527,967.3108342203133,879.2031548510275,864.9298943973561,824.5866978203202
20190201,3710,4030,3710,3805,2773185,-5873,705.1283571095407,967.0863456796392,950.126438954311,866.7330543483381,816.7572558175124
20190131,3765,3810,3605,3675,1127849,-5761,306.0947565705757,891.6542210969443,1020.7049953341073,873.2588390620499,812.6386890179957
20190130,3385,4185,3370,3825,7994410,0,64.62197768561404,895.5110272911207,1071.13911328081,876.7839393994897,810.5620638637105
20190129,3410,3505,3235,3365,1178292,0,175.4308980767071,878.2882499498661,1147.9299575758096,891.5416540091285,814.3926663045005
20190128,3270,3595,3265,3440,2846906,0,187.9787222001469,796.9882370524665,1208.106447089825,904.5538917364486,817.4959129612398
20190125,3245,3355,3220,3270,651124,0,204.8658097389606,660.6513831060967,1272.1659433816014,920.7091922353475,822.4799041364664
20190124,3325,3325,3230,3230,299035,0,212.54176060247548,368.4294369346707,1321.0235378296634,939.7879636740759,827.1959159312448
20190123,3230,3330,3180,3330,511728,0,73.32121111929344,245.43074379547178,1351.3181296423134,955.0429164295297,830.2086741948261
20190122,3240,3340,3230,3235,510939,0,78.12809993849844,240.50415796821167,1324.0538131057967,972.2799522542646,833.6246990636054
20190121,3410,3445,3265,3275,759476,0,35.86084215408221,222.8003590661346,1201.9788631669028,988.0082763654696,833.0392804113927
20190118,3370,3420,3290,3390,1029352,4000,60.71243694664216,187.77712853273295,1100.3345797983447,999.9152047382149,833.786589235451
20190117,3555,3560,3350,3405,1898809,-300,65.16133823057964,164.803671075612,959.6352171528513,1012.3849591709446,835.3600510741182
20190116,2930,3705,2860,3510,7226850,300,98.21405194777374,88.51553535961081,904.2642036484691,1022.8973657378011,836.2106326890492
20190115,2900,2905,2780,2875,409627,1000,220.93890558251618,165.7829906835997,835.3599149468449,1047.0436522524844,843.06991006908
20190114,3065,3150,2810,2935,1421090,0,263.60197267850634,189.45250064329716,738.4478654583545,1069.4787281662034,848.5706108493388
20190111,2765,2810,2685,2810,394904,0,290.80233836748977,229.52614230191406,612.8745793390357,1094.406266607099,855.6220436601783
20190110,2890,2925,2750,2755,484425,8540,273.28739451354136,264.74704908647897,416.57974926777223,1117.9707900924782,863.1300436331828
20190109,2930,2980,2815,2850,626958,549,60.58052492344384,271.54925888316933,345.7501807664025,1138.3949470880286,869.9634720540461
20190108,2900,3070,2840,2930,1249581,5732,69.38299503480663,272.25034435239655,333.6918488665853,1155.7759538749522,876.3294176643203
20190107,2960,3050,2885,2900,716493,4400,62.48199740725323,267.7013261080313,320.1128707190637,1172.0566681408086,883.065658146222
20190104,2850,2950,2810,2940,581559,1332,67.67569726275453,240.89209202462106,298.63638006780087,1187.506795302195,889.9281923278967
20190103,3020,3120,2835,2835,1329363,0,42.0,200.18491451655018,287.3476770395056,1205.3282719058554,898.0544857496108
20190102,2965,3040,2915,3020,1133587,-1525,60.0,72.35329985562863,243.79294493483604,1218.7385782940585,903.2234365808312
20181228,2645,3250,2640,2935,8125009,-7235,60.11655346075655,73.74957626995908,239.72432083541295,1234.3467570608623,910.15796763071
20181227,2565,2695,2565,2645,258012,0,129.11235417263524,102.25458424930645,244.83093656643965,1256.0417627301342,920.7958476532968
20181226,2600,2645,2530,2555,226582,0,174.28711943227475,137.69622362286668,262.22795426880026,1278.8934317300339,932.9833830543572
20181224,2630,2830,2590,2635,749331,0,183.8912722235615,149.03774689654466,270.12161612873564,1298.4727781342035,944.018151749918
20181221,2610,2670,2550,2590,249384,0,135.41048703848605,164.22621593399305,271.4538404591101,1318.7106787186747,955.4472111340777
20181220,2660,2765,2610,2635,294123,0,34.292856398964496,164.4506004853692,271.591950359358,1337.0164001113328,965.9921488279397
20181219,2650,2730,2610,2700,416907,0,48.84669896727925,159.38632312716956,262.9187136740175,1351.4420898515123,975.4269996248927
20181218,2485,2660,2470,2640,573312,0,35.07135583350036,148.4722196237347,241.93490860146662,1366.287881959322,985.3205476377829
20181217,2545,2580,2470,2510,221832,0,63.08724118235002,154.9524120496306,217.61476857051775,1377.4957627480712,996.7486858322571
20181214,2625,2630,2520,2590,170377,0,63.08724118235002,109.40863768459285,152.26026237991317,1382.527302824634,1006.7802743564912
20181213,2535,2635,2510,2610,186922,0,62.289646009589745,50.28916384270581,153.57083056361972,1383.2097610469489,1016.3186392017452
20181212,2570,2645,2535,2540,315276,0,47.07440918375928,52.98348799388834,154.03631876930842,1379.7117729398742,1026.448488722156
20181211,2655,2685,2530,2545,223919,0,36.11094017053558,53.91892061232782,158.0379701211073,1375.8758927396848,1036.1157557797287
20181210,2615,2840,2515,2660,730611,0,44.31703961232068,56.044625076794915,158.28198728850987,1369.9780006343988,1044.3073029791344
20181207,2770,2820,2615,2640,555156,0,48.82622246293481,56.97367813296338,155.8081753310782,1354.1449229023551,1052.535825960596
20181206,2680,2820,2590,2705,1006097,-712,65.16133823057964,63.8670494073314,146.8596268550346,1335.3738838700663,1059.5607179065075
20181205,2550,2695,2540,2690,695340,0,56.2672195865408,62.57795138863616,138.8668426947196,1325.1529759700295,1066.567247157127
20181204,2585,2775,2570,2630,1984935,1300,28.635642126552707,62.21736092119715,125.77658764650916,1321.601078132969,1073.8383056108682
20181203,2340,2670,2340,2585,3275367,5345,43.243496620879306,53.35962893422807,120.62752588028987,1319.082004021485,1081.0042398930104
20181130,2280,2370,2275,2330,117812,0,135.9632303234959,102.2998044963846,108.82439983753643,1320.0515457107488,1091.388755974087
20181129,2325,2425,2275,2300,249164,0,160.5490579231158,134.50371742074086,104.39438442751603,1321.6864122106372,1102.3070118002006
20181128,2305,2335,2260,2290,66324,0,148.64723340849636,157.61107194609937,121.7230462977328,1324.107865277181,1113.3213377285397
20181127,2285,2320,2250,2305,104413,0,112.27644454648535,172.2360299124388,134.667182342247,1312.2282231846054,1123.9513136944831
20181126,2250,2310,2250,2310,49973,0,13.2664991614216,174.45701476294528,143.53113773672945,1291.447860499561,1134.1911092149423
20181123,2320,2360,2215,2275,126854,0,12.409673645990857,175.0314257497736,154.1014276377737,1268.080362420127,1144.5479388715
20181122,2310,2410,2310,2310,184822,0,13.638181696985855,154.60029107345986,158.66060475114799,1205.8754427109538,1154.302217521477
20181121,2350,2435,2260,2330,274203,0,17.72004514666935,121.92313152145704,156.78388788392766,1097.5679427210393,1163.6911907804404
20181120,2310,2375,2310,2360,63974,0,27.85677655436824,84.83660766437158,155.23590918341026,1008.3678506488732,1172.5313895052018
20181119,2320,2370,2295,2370,130294,0,34.40930106817051,28.301943396143486,156.6833989291782,904.56571839137,1181.0065085611882
20181116,2340,2365,2295,2320,117620,0,23.15167380558045,28.035691537725796,157.2853696311262,852.2166195672748,1189.7238818022252
20181115,2270,2350,2250,2285,206739,0,30.265491900843113,29.278831943889255,157.2466215853301,781.4296860029528,1198.4667975920547
20181114,2210,2420,2185,2265,491326,0,40.8656334834051,32.26453160978026,159.81610525851266,703.6847463333487,1207.0982761415444
20181113,2105,2195,2105,2185,144384,0,61.40032573203501,50.28916384270581,165.48772613097324,616.827293269542,1216.3818159698958
20181112,2250,2255,2130,2165,220437,0,59.36328831862332,64.49999999998845,162.83043327339027,511.2919637763045,1225.7613783266388
20181109,2420,2420,2250,2250,237893,0,46.69047011971501,65.37583651471321,153.93505123915085,466.2964603006297,1234.089992413438
20181108,2405,2435,2375,2400,206035,0,82.61961026293939,73.96620850089931,132.98002669574103,447.8647721876265,1240.7466942833253
20181107,2545,2565,2345,2375,466024,0,96.38464608017192,77.370860147723,107.77754868245984,429.5126760514723,1247.5585908084636
20181106,2450,2560,2410,2560,490093,0,135.24052647043342,109.93748223421578,98.80662933224673,407.6153125872037,1252.558046448236
20181105,2365,2465,2345,2465,299489,0,102.42070103255493,117.88129622632468,85.84142356694697,389.93207207581884,1258.0817843215384
20181102,2390,2480,2365,2435,491689,-1803,64.2339474110069,122.16894040630176,89.28150704373219,363.4032329551164,1263.689659511209
20181101,2355,2465,2295,2390,771386,-2382,65.80273550544841,121.6305882580468,90.03436843783601,354.41403126225697,1269.4358976584394
20181031,2190,2470,2140,2310,2152727,0,82.61961026293939,119.24868972025861,89.66988067350151,342.87655699003676,1275.6143121115756
20181030,2060,2265,2035,2125,517183,0,121.77848742696716,128.70994522568373,100.43996963360752,339.79931781699855,1283.5632200754876
20181029,2545,2590,2105,2190,1405373,0,117.17508267545622,125.339538853462,104.60969123365196,335.3966453652019,1290.0217691692474
20181026,2250,2670,2250,2570,5970056,1,156.44807445283564,136.11024943037356,117.47765745025733,322.2709673378875,1293.2492180282015
20181025,2035,2605,2010,2280,3328842,-900,152.31546211727817,139.24798023669322,117.95232087585221,314.14062668388226,1298.625103608513
20181024,2155,2245,2085,2090,105754,0,172.11623979160132,162.52768994850848,129.16946233533682,307.4443377805849,1305.5430862288688
20181023,2205,2240,2135,2150,179952,0,168.71277367170512,153.71158056567666,133.8992158304148,292.770518305546,1311.8659573030147
20181022,2275,2290,2200,2245,125727,0,165.81917862539302,144.03211447451054,133.8233443760841,273.08488454448724,1316.5875075096812
20181019,2285,2330,2220,2300,124673,0,80.22468448052632,134.7590442233786,133.76541967190175,242.7606703227789,1320.260853855109
20181018,2380,2395,2315,2330,193881,0,90.42123644365851,130.32267646115355,133.843191832831,238.9912829651801,1324.1909158415267
20181017,2330,2400,2270,2380,325342,0,78.76547467006087,134.68110483656758,134.51277820341085,232.55218948301223,1326.931479407157
20181016,2200,2450,2200,2290,335456,8810,44.76605857119878,126.23886089472809,131.5579720123414,230.09507394893333,1330.032487071901
20181015,2230,2280,2215,2230,82625,0,49.23413450036468,123.85576288569906,128.58144306236417,229.45563599288315,1334.5915879388801
20181012,2150,2275,2150,2245,213627,405,55.136195008360886,80.11866199580788,128.7186855122441,225.85877777941164,1338.7399074990465
20181011,2280,2330,2175,2180,232248,394,67.37952211169207,82.45604889878311,130.6273325150598,220.25482401075743,1343.4100571296992
20181010,2520,2535,2370,2370,240587,201,64.0,72.32565243396364,130.50167623444537,212.47056985748713,1346.8923020285952
20181008,2580,2720,2535,2535,189798,366,127.85147633093644,95.797964487762,128.16883396520387,202.68400419264802,1349.0429709612663
20181005,2570,2655,2520,2535,191373,531,145.69145479402695,113.78598331955703,133.32854158056332,196.30963354413367,1350.902706809002
20181004,2730,2775,2590,2600,190530,0,152.36141243766414,136.66473575871177,145.42588318452806,182.05165628349943,1352.2431749380976
20181002,2765,2825,2670,2700,121680,0,107.54533927604673,167.55670681891104,167.23841514436808,173.27104249318913,1352.3032300640514
20181001,2765,2820,2710,2775,96912,0,94.73119866232032,200.05999100269526,192.82505023984825,176.88058982139736,1351.5120518844396
20180928,2785,2830,2745,2765,136949,2971,93.75499986667377,213.3313150946164,204.58127969098248,181.544970706706,1350.7236332178886
20180927,2860,2885,2740,2815,213470,5011,75.19308478842984,213.2627487396674,219.16474967475952,186.44590740721216,1350.367989326325
20180921,2760,2845,2730,2845,172494,212,49.193495504995376,202.58578429889525,236.15884484812335,192.9312629467605,1348.8571390615175
20180920,2760,2875,2730,2730,235814,0,40.049968789001575,144.03471803700145,241.87755166612712,194.9846682007156,1346.8078927597653
20180919,2800,2840,2700,2735,215650,519,45.12205669071391,105.14394894618762,233.86147074710703,195.83680847982936,1341.4340274497288
20180918,2980,3025,2795,2800,373756,1043,45.27692569068709,91.89668111525307,229.79596928579926,199.6976881856083,1336.0310150830662
20180917,3085,3120,2940,2990,337663,0,95.13148795220224,96.60357136254596,242.20600735737335,211.7903837917964,1324.342745137082
20180914,3265,3330,3090,3090,616316,0,145.27215837867902,117.22734322673405,260.702896033013,226.72094938249217,1309.4378505202146
20180913,3085,3200,3075,3200,495563,3941,174.11490458889497,154.2473662660031,284.0594127995057,245.41353987823325,1292.0405312431185
20180912,3100,3275,3040,3110,1522467,0,136.4404632064843,165.00303027519982,294.9338908976044,258.94089844769303,1271.256999734908
20180911,3130,3185,2995,3065,1123278,2512,68.0,163.54204352397738,292.4434774447876,269.7598726439839,1251.2823172649728
20180910,2910,3130,2870,3110,1049315,0,45.60701700396552,165.29140933514515,282.0659275772244,280.7118431575311,1232.0397467208595
20180907,2835,3030,2830,2910,445423,867,95.20504188329524,161.58279611393814,257.557760512084,285.2584598025067,1205.907539181821
20180906,2875,3065,2780,2825,591428,2000,115.81882403132921,149.282450408608,215.7746220017544,287.16381310249557,1179.2166295363204
20180905,2910,2935,2780,2820,183178,9713,120.72282302862206,136.78815738213052,188.92111448961973,289.12324361768185,1159.5877313067872
20180904,2875,2965,2835,2910,214507,6038,105.07140429250958,124.80384609457559,175.05070693944654,293.48334232496336,1145.1379033585138
20180903,2960,2985,2865,2875,260215,5879,39.319206502675,130.63403078829998,157.6792630627122,297.2050358478852,1131.7174264512025
20180831,3030,3030,2905,2960,482079,5154,52.78257288158659,126.59087644849652,144.26624691867465,301.928109544876,1118.4508631734043
20180830,2860,3050,2860,3025,1026601,716,70.32780389006896,105.01904589167867,138.85671571803792,307.5176033805189,1106.1337815600484
20180829,2910,2960,2855,2855,678310,6500,61.40032573203501,96.34443419315156,135.8056975977076,308.74638999240545,1095.3677432969967
20180828,2735,3140,2720,2900,3757084,289,62.01612693485461,86.36550237217699,131.1211272068693,310.68485059445374,1073.90408931876
20180827,2710,2785,2705,2745,389567,0,95.11046209539727,74.20411039826911,134.98148021117564,310.14669468209934,1046.8070094007564
20180824,2720,2850,2675,2830,1098075,0,92.05433178292046,75.11491196825375,135.46470942647755,309.95899146322233,1018.0442434379863
20180823,2565,3105,2540,2765,6797894,-460,57.21887800367987,80.99537023804824,133.15029102484155,309.231305012945,962.6966573987189
20180822,2580,2595,2535,2540,160522,169,120.88837826689544,127.79769168493816,152.51127007536198,307.66824665540156,877.3696919707727
20180821,2630,2665,2570,2605,143549,0,107.45231500530828,143.05593311708014,165.32619272214552,306.41759586480106,806.5010063626013
20180820,2650,2675,2590,2630,92736,0,107.02336193560731,150.6062747696739,174.59309837447756,305.2734998689391,727.1059344624794
20180817,2625,2670,2570,2645,157115,0,73.38937252763509,143.59317532528664,175.84705712635625,303.4381686970694,683.3257316650349
20180816,2535,2605,2420,2605,188880,0,35.91656999213594,117.17934971657127,166.97380034005334,300.86107905293727,627.7455680957762
20180814,2465,2545,2360,2525,294094,0,41.42463035441596,118.71815362445,167.73844967687046,297.954414857948,568.8057420791584
20180813,2675,2770,2460,2475,482328,0,65.29931086925804,107.54185231805573,171.64989804832393,293.5350158934439,504.722694421292
20180810,2765,2790,2655,2660,599663,0,71.10555533852471,101.83810681664556,155.34216266036725,288.0177825335865,430.16362963863986
20180809,2830,2865,2620,2645,506750,0,71.10555533852471,77.31267683891504,152.85941253321627,284.17785901713785,396.70609047785274
20180808,2965,2980,2820,2835,333483,0,125.04399225872469,92.71057113403255,153.1461720057018,284.08110882087453,382.4820166433392
20180807,2970,3050,2920,2950,227824,0,164.39586369492392,132.10317937127218,158.94653189044422,285.1851737614386,369.1999984952451
20180806,3035,3125,2985,3000,421434,0,145.41664278891878,165.3662601620975,164.61394230137373,288.80928924735804,356.00881455613813
20180803,3070,3130,3000,3110,774252,0,158.44872987815333,204.08331631958185,180.48874618656976,293.9848233989254,346.5088883740535
20180802,2920,3250,2920,3110,4779855,0,103.84603988597736,227.61865037821156,191.22287389326624,298.3263965674128,332.6641172873258
20180801,2965,3020,2875,2950,846643,0,72.55342858886821,222.83177511297285,186.92645612646703,298.37332134240353,327.59629627536
20180731,2895,2980,2800,2980,1734211,0,67.23094525588644,202.22574020138612,191.72555254842794,297.10753758344316,321.21639469712983
20180730,2690,3350,2690,2945,9260341,0,75.25955088890711,153.31421982320657,193.43280487032183,289.83501053761853,317.47899919609745
20180727,2730,2745,2555,2620,743338,0,162.0,160.36598766570955,196.3789385346606,282.4062774719493,313.2545307599983
20180726,2775,2970,2670,2675,2552577,0,153.73353570382747,155.50321540083507,196.96509843116877,281.8881156101304,307.18682109679713
20180725,2795,2855,2675,2840,1809906,1,143.05942821079637,155.2449677123175,197.67065411942158,276.82368787131395,303.04163802190624
20180724,2645,3180,2585,2820,12811844,-302727,117.51595636338071,157.44840424722796,190.8787245871053,264.81360058645674,298.02316278362593
20180723,2510,2760,2435,2585,2299609,3000,103.85566907973777,180.01458274261702,191.8493875413732,254.63776013956908,290.19925805384145
20180720,2750,2885,2540,2540,1994965,0,120.93800064495858,183.15362404276502,196.32418979840463,247.8744501871126,281.7557921124053
20180719,2990,3060,2705,2850,4886102,-354103,135.41048703848605,154.42554840439618,194.57389341841315,241.49952553440156,270.8304999851794
20180718,2190,2825,2160,2825,2114989,-322284,133.0187956643722,144.96896219535583,190.19989484749985,235.39718208453775,270.4890632416279
20180717,2175,2185,2145,2175,20545,0,243.90571949013415,212.61761451017765,226.9686101644895,242.24693267180206,272.1192549028623
20180716,2195,2195,2135,2165,34149,0,298.9882940852367,244.5245386459169,255.96679472150288,246.72944021067772,274.7040042128174
20180713,2120,2175,2110,2165,47440,0,327.939018721469,278.33253492899195,286.8896782737225,249.1520480661624,277.4436598212329
20180712,2060,2115,2050,2105,47781,0,270.1407040784487,306.6855066676587,318.1920607117657,254.4823040126038,280.35463652706414
20180711,2105,2145,2030,2075,120244,0,39.698866482558415,309.4789976718913,345.4753066428916,258.7155237364584,282.8620805219785
20180710,2150,2155,2125,2140,15776,0,35.21363372331802,290.55335138318145,358.0254006352063,265.8826495530333,284.5336065632475
20180709,2240,2245,2085,2120,128242,0,30.56141357987225,288.42503358758324,364.3297784974487,276.4062403822136,285.9301069171742
20180706,2255,2255,2180,2245,68893,0,58.01723881744115,278.93592454181754,351.10575329948665,282.36032682845956,286.65854821353037
20180705,2285,2290,2210,2255,41324,0,71.03520254071216,206.42432027258442,331.3905362257649,288.4322566334676,285.30479559392074
20180704,2210,2300,2210,2295,42394,0,68.51277253184256,67.11184694223897,317.75619584832646,293.6534593133113,284.4795320698251
20180703,2230,2235,2180,2220,38821,0,58.70264048575669,68.52189431122369,299.53463906533415,300.4149907489216,286.1426624323763
20180702,2335,2335,2215,2215,151599,0,28.705400188814647,69.17550144378073,278.6714014749271,306.91769616988563,287.9026618639246
20180629,2310,2345,2210,2340,98970,0,47.22287581247038,83.03011501857931,274.087121185947,309.98157427320893,288.5265609764357
20180628,2240,2325,2230,2270,79602,-4600,46.968074263269514,78.58912138456894,266.58711052862253,313.9939843726793,289.7079348240223
20180627,2300,2300,2220,2275,48396,-4600,45.32107677449864,63.84551667892202,243.39063252311087,318.24103155733206,290.7441959867814
20180626,2230,2295,2215,2265,69155,-6000,39.824615503479755,55.18151864527208,216.5575847205542,322.4428782315256,291.60865792187985
20180625,2140,2400,2135,2275,149009,-14000,27.748873851023216,34.311076928573804,206.9316010183075,325.84526832362803,292.5573899064743
20180622,2215,2290,2155,2175,94454,-9000,38.67815921162743,43.64916952243777,200.1280839862312,328.74520486576006,294.489880862748
20180621,2345,2345,2190,2215,113880,0,39.7994974842648,45.57685816287154,150.11058423708835,328.1143093496661,295.97419181783766
20180620,2265,2330,2245,2305,120182,-11000,46.216880033165374,46.553732396001394,70.68371453170808,322.19829772294577,296.6809190162611
20180619,2490,2490,2185,2235,245327,-997,45.43126676640219,45.61797891181184,70.20461167188378,319.3017120739284,297.9619545997254
20180618,2615,2620,2405,2470,131190,-839,103.92304845413264,76.10026281162575,87.96874444937815,313.94730405313373,298.02124912588954
20180615,2780,2785,2545,2595,93989,0,146.23269128344728,120.73110618228638,116.60724677308868,306.61077389203933,297.85341985987367
20180614,2790,2790,2710,2730,96708,0,182.00549442255857,173.56266879717685,151.0237977935928,304.2682478778804,298.2301497538808
20180612,2900,2900,2760,2790,81207,0,198.32801113307218,214.14305965872092,178.949015085303,303.83121913692617,298.73201654381353
20180611,2800,2850,2735,2800,61543,-921,126.71227249165726,237.8739161824989,201.8285163201672,303.5779576795679,299.37009970473366
20180608,2845,2950,2770,2785,86229,0,76.48529270389177,247.43686063316943,214.81663692554167,301.7231070590086,300.10080482323855
20180607,2870,2950,2840,2840,58960,0,35.270384177096794,237.63469864478654,233.3854108550918,301.1797520677049,301.3222913491281
20180605,2835,2920,2825,2870,60304,0,32.802438933713454,218.46281148057787,249.8813468428566,299.48496298739974,302.1729608417815
20180604,3045,3070,2800,2835,161379,0,30.23243291566195,193.09324172533462,260.799132475551,295.6896247193589,302.4688230031135
20180601,3130,3130,2950,3000,113030,0,72.34638899074369,139.9115792205867,277.4989864846357,298.5732275711117,304.27042750743215
20180531,3130,3250,3000,3080,205999,0,97.97958971132712,127.59800155174261,294.3828289829419,302.70773399804443,307.0949200663461
20180530,3140,3280,2865,3010,470760,0,91.89124006128114,109.85900054159654,305.6329497943571,307.02672476875824,308.8949811424588
20180529,3335,3335,3090,3140,270524,0,102.44998779892558,124.05643876880599,318.49215060971284,313.6994647216907,312.0530025314431
20180528,3105,3545,3055,3355,915591,0,129.36769303036982,173.1913681451778,343.533477262406,328.05168757717246,319.0369596100461
20180525,2680,2965,2415,2780,508203,0,186.48324321504063,175.26337324152615,329.8532817784295,328.79970051014965,318.6762959449952
20180524,3235,3250,2995,3050,358738,0,186.6440462484673,165.10299815569223,321.38917218848553,333.7965947499692,320.7371040752153
20180523,3295,3325,3195,3215,243583,0,192.05728312146874,167.9739563146576,307.49796747295744,342.7212484901908,325.0049572271509
20180521,3395,3420,3290,3370,155995,0,219.75895886174925,185.37866651801795,299.626746970293,355.9927043572157,331.4111138584354
20180518,3460,3465,3295,3465,278442,1,243.0514348857048,196.91432147002033,298.3172598090831,371.67208516230716,339.0668464903179
20180517,3400,3550,3210,3350,363090,0,144.11800720243116,198.85987528910528,267.5542001165371,382.12268063485044,343.94009642749637
20180516,3410,3635,3410,3410,633675,0,83.34266614405853,206.51210618266066,256.7980724226722,393.24854312085506,348.78654726860594
20180515,3890,4180,3715,3830,1602067,0,176.91806012954132,263.8659697649519,292.3588334564222,420.1817067254058,362.5341913951779
20180514,3530,4050,3510,3825,2725218,-3463,208.55215175106682,300.69087116172733,321.75689580799974,444.39234416848785,376.00140366168245
20180511,3600,3600,3375,3525,335027,0,203.48464315520226,304.42733123029296,321.6569406992487,456.18085473004055,383.22860661823705
20180510,3635,3800,3525,3545,1488820,0,170.0764533967004,230.73848833690167,318.99686518835887,467.31368093486947,390.30185745209496
20180509,3475,3575,3155,3570,586907,0,138.32570260078205,187.32925559025347,312.0147232102998,478.2878244901951,398.33816027410114
20180508,3630,3630,3355,3375,776806,-100,145.38225476308997,167.15337268508378,298.0603965641863,482.8528071093109,402.5705403162972
20180504,3150,3685,3070,3575,1564405,-1990,73.72923436466705,159.07859692616887,289.0392490648978,492.24132377660186,409.58790053404755
20180503,3505,3505,3160,3175,667030,0,155.09996776273036,193.98711297402852,269.6408490937529,494.5584731185397,410.695412954932
20180502,3330,3570,3000,3555,1593720,0,156.39693091617877,185.80971449307626,262.4833328041992,504.2151422976409,415.99103347374626
20180430,3255,3680,3200,3300,2533111,0,152.1972404480449,196.0644026844203,255.02254802271895,508.31092846800766,415.5411130883039
20180427,3100,3250,2995,3120,945786,-8613,188.9708972302349,202.1268166275779,248.27454561432592,509.7978902358236,413.9457744278429
20180426,3080,3480,2990,3015,2069167,0,185.38068939347485,200.51745559925328,255.6143335182908,510.45143419004575,414.36120305504244
20180425,3350,3585,3030,3080,1042887,-6000,194.97179283168117,211.4804955545511,263.3443563093768,511.77403867984026,413.2125978738627
20180424,3900,3900,3375,3480,1950333,-6000,169.3635143707168,205.72372250180217,228.62687943459318,519.2741729247417,413.9011535748064
20180423,3720,4390,3550,3780,9187181,-50,291.444677426094,237.91227374811604,229.46350472351807,533.2221954516054,420.15492967541803
20180420,3780,3780,3420,3780,7061665,-17883,329.2962192312569,271.57687677708964,236.18253004826585,545.7016062424257,426.98945309639146
20180419,2260,2910,2230,2910,1817059,-17971,357.07702250354896,297.35038254557287,264.1981973821926,545.7655873989278,424.71997310646395
20180418,2195,2260,2190,2240,214351,0,591.553885964753,440.5893779927048,370.39303449174093,551.2441735645799,425.62365189866443
20180417,2180,2195,2150,2190,22528,0,700.9422230112835,521.5287623899553,451.2859403969949,550.9477377412762,427.52082470396164
20180416,2155,2205,2150,2180,60855,0,623.6345083460344,581.1507979862013,513.5306709438104,550.646488734436,428.7195972375831
20180413,2155,2180,2120,2155,39128,0,288.8252066562058,627.7292409948723,547.9504425584489,550.8511343568515,429.59573818171054
20180412,2145,2150,2125,2140,31743,0,34.40930106817051,662.9481503104134,569.6795151662029,550.094556265867,430.8178188695954
20180411,2135,2165,2120,2140,72941,0,20.591260281974,682.0280419454896,595.5175795054248,548.6554524977979,431.3071137703259
20180410,2160,2180,2105,2135,96922,0,16.431676725154983,646.5446620303956,611.866968793054,548.7618070104197,433.74798870811287
20180409,2120,2175,2100,2160,105151,0,9.695359714832659,510.44686305236365,616.9730038664577,547.9130798361756,436.9177077360601
20180406,2155,2235,2120,2150,79869,0,8.94427190999916,225.33308678487168,624.9747994919475,549.759770768618,440.16156874177705
20180405,2180,2220,2140,2180,70781,0,16.0,30.265491900818496,613.7839094502234,551.1647452340331,443.2719236133604
20180404,2180,2270,2150,2195,309430,0,21.307275752662516,21.005951537564535,616.4723736713593,552.9452140332079,446.40507731829786
20180403,2150,2175,2130,2170,40989,0,15.620499351813308,19.163767896697923,593.2453118230266,553.9066495257994,449.7980082924877
20180402,2160,2225,2135,2150,126834,0,17.435595774162696,18.20027472316036,580.6321985560222,555.1765484960688,453.33311121318076
20180330,2120,2175,2110,2170,74358,0,14.696938456699069,18.547236990951237,572.2892625237695,558.106297123493,456.5376471485006
20180329,2095,2150,2095,2120,71019,0,24.979991993593593,21.35415650402773,566.7990715412296,560.9342405507352,460.16935288362396
20180328,2085,2140,2085,2105,36337,0,26.38181191654584,26.177280225388387,554.4842197934942,564.1338247457159,463.9443195009743
20180327,2150,2160,2095,2110,41131,0,24.979991993593593,28.879058156361506,502.2708432708393,567.0344088618796,467.57512022728014
20180326,2055,2130,2055,2110,113163,-10824,24.0,31.128764832522826,383.7639248287937,570.0689285808701,471.08771888989935
20180323,2150,2150,2070,2115,105257,0,5.0990195135927845,32.42298567372397,168.1953848950678,571.2482676851994,473.90698622959985
20180322,2140,2200,2130,2165,88530,0,22.22611077089287,30.967725134379986,33.26409475695979,572.1623215681282,475.53379363499374
20180321,2200,2200,2130,2160,91316,0,25.019992006393608,26.291633650241476,26.879360111431225,574.619312385752,476.25314230517733
20180320,2110,2270,2110,2200,640134,0,33.61547262794322,31.100643080144017,27.69927796892908,575.2244972375829,477.1499516806942
20180319,2125,2130,2085,2110,24857,0,33.61547262794322,32.17530108636918,28.16913204200655,580.6300218058226,479.0825270330084
20180316,2120,2120,2090,2120,28997,0,32.61901286060018,30.417922348485767,28.699956445959984,586.6823565610337,480.4667706598795
20180315,2115,2135,2105,2130,23339,-1,32.61901286060018,30.18691769622248,28.873647154455565,592.8669222515351,482.7358933291922
20180314,2110,2175,2105,2130,17055,0,31.874754901018456,28.809720581750007,29.03769102390891,598.8528095450565,485.1829480263661
20180313,2150,2150,2105,2135,33711,0,8.94427190999916,27.590759322615785,29.03769102390891,604.4842613519645,487.51545381488495
20180312,2140,2175,2120,2140,56928,-3415,6.6332495807108,26.02402735931758,28.82164984868146,609.7923770067673,489.42240440191887
20180309,2145,2170,2110,2140,52293,-10001,4.47213595499958,24.617067250152076,28.78693279944913,614.7671815411163,491.3757613974144
20180308,2135,2160,2110,2150,62538,-10001,6.6332495807108,23.669600757057772,27.562429138230904,619.2258776084926,492.781215539806
20180307,2185,2185,2100,2140,121845,-8001,4.898979485566356,22.852789764020276,24.6525860712421,623.698422494582,493.7963040875817
20180306,2140,2180,2130,2170,124202,-102837,11.661903789690601,15.499999999951932,24.6525860712421,626.5696068452652,495.31244348054344
20180305,2240,2285,2130,2140,220350,-88996,11.661903789690601,12.737739202798505,24.515301344262525,628.8159287281376,496.8168397128081
20180302,2230,2250,2210,2235,93188,-3,35.7211421989835,30.066592756721036,31.77558024647229,630.1129693687272,498.03471403998407
20180228,2245,2280,2225,2250,106320,-4,46.861498055439924,41.182520563929906,39.194227891361756,629.5673723986154,498.8880065260693
20180227,2255,2300,2235,2255,100434,-10005,46.36809247747852,47.72054065073561,44.313513740167345,625.1913651479549,499.853617461041
20180226,2240,2280,2205,2255,270685,-10007,44.11349000022555,51.002450921485234,48.023431780746364,626.9273394013829,500.91037780946607
20180223,2180,2200,2150,2200,104419,-9,20.83266665599966,48.53091798017538,47.10095540432275,627.0459623415949,502.35536199210816
20180222,2210,2240,2150,2180,192546,-4513,31.71750305430741,45.510987684278064,45.62003397631352,624.759614883114,503.9109268732144
20180221,2200,2215,2165,2210,188004,-15017,30.166206257996713,42.72294465505052,46.408512150251056,618.7349268646714,505.22222661309024
20180220,2280,2370,2180,2200,1220013,-111286,24.979991993593593,37.24580513290738,46.68779283710036,609.9335346303519,506.58329906234445
20180219,2200,2225,2100,2190,435496,-121292,10.198039027185569,35.57035282364387,46.46504062195577,603.1067944863195,507.93679718106205
20180214,2180,2300,2125,2155,1353414,-38,18.867962264113206,32.72613634388438,44.35298749802543,594.4860700638898,509.43455684546285
20180213,2120,2170,1980,2080,621716,-20124,47.286361670147556,50.50990001968436,47.625492123441624,572.2711272251672,511.58332484932373
20180212,2230,2330,2120,2120,520408,-58585,44.54211490264017,52.031240615600446,48.137173784924265,547.3667772973592,513.374835984607
20180209,2050,2180,2005,2145,288289,-9996,36.68787265568828,47.3840690527788,47.563115961845895,531.2099919575718,514.4633868302863
20180208,2035,2310,2000,2085,1741417,-31923,30.430248109405877,45.55491191955605,50.77893263943227,513.3897696249543,515.3497177618535
20180207,2065,2100,2000,2035,128977,-15,37.49666651850535,55.58776843873578,58.63605972437097,493.31567395195816,516.2179503099655
20180206,2070,2120,1945,1990,190926,-11391,56.302753041036986,69.41901756722368,70.05845773352422,479.10651796397383,516.4800469416884
20180205,2130,2180,2060,2130,82812,-8000,58.01723881744115,63.015871016740775,70.32558211632521,453.6550558764117,515.4631143178161
20180202,2090,2160,2025,2130,112294,-500,54.71745608121781,56.515484603765984,70.48891756865046,441.4502299869868,515.5724703882297
20180201,2140,2170,2070,2075,134573,0,54.46099521676041,49.52019789942796,72.67048919609665,412.7364978611349,515.7708211313968
20180131,2135,2170,2075,2140,129771,0,56.356011214421486,47.864391775081714,72.67048919609665,392.36501571312846,515.6594416106642
20180130,2155,2265,2085,2120,281876,-3129,22.891046284519195,48.28043081827781,70.47118205337554,377.5509899338207,516.9385776429878
20180129,2060,2340,2040,2155,1149557,-199030,27.09243436828813,51.01225342992122,66.47367900154165,365.0958397766677,517.8535762055609
20180126,1970,2060,1940,2040,182578,-947,42.59107887809371,51.57518783289606,64.77412677913921,349.8956590502806,518.8663858729805
20180125,1910,1985,1910,1985,193817,-10553,65.00769185258002,60.497933849004376,65.80795924506397,311.69735811450744,520.3319436640633
20180124,1920,1935,1885,1905,161063,-1,90.41017641836565,79.69316156357777,77.79942159168023,238.38985343808193,523.1625766405907
20180123,1885,2255,1885,1920,1320613,-1,90.85152722987104,88.7130204648591,85.29214500761486,120.1334905659679,525.8243379447168
20180122,1935,1935,1855,1875,20654,0,59.58187643906493,100.75837434178119,92.74797841462637,76.10021718473271,527.845621370491
20180119,1890,1895,1860,1875,40813,1,40.44749683231337,105.51777101511627,97.55126857196682,81.71835099227602,529.8745855283952
20180118,1915,1915,1860,1865,48988,1,20.8806130178211,111.04503590885327,101.1295579936944,87.92085298094428,532.1139445645075
20180117,1860,1905,1860,1885,15886,1,19.078784028338912,102.1334910790702,103.04701596844035,92.6561744660041,534.0959391553375
20180116,1890,1900,1860,1875,30398,1,6.324555320336759,90.0888450364334,107.44184473472149,97.5468548385688,536.1528272485994
20180115,1895,1900,1870,1890,17675,2,8.717797887081348,54.1779475432441,108.16191566350885,101.53392974221384,537.7406421909066
20180112,1910,1910,1880,1880,51550,1,8.602325267042627,33.5745439283769,106.54195183119182,105.55159349293035,539.2318353196721
20180111,1900,1910,1880,1900,28206,1,8.602325267042627,15.999999999953433,106.16143367532298,108.63736184617528,540.897684923457
20180110,1900,1915,1855,1900,22871,0,10.198039027185569,15.499999999951932,106.96114948896164,111.30697667066286,542.4475397062218
20180109,1880,1895,1865,1875,36020,0,10.198039027185569,10.999999999932268,109.16272257506222,114.5854848283205,544.7473356724399
20180108,1935,1935,1880,1880,81339,1,10.770329614269007,10.78192932635481,104.45214215132211,117.11034682444274,547.0077680105545
20180105,1960,1960,1895,1910,30978,1,13.2664991614216,13.190905958216437,97.14036236292307,118.36604594790377,549.0958414116385
20180104,1900,1985,1890,1930,44548,1,20.09975124224178,16.770509831203995,92.66168301946604,119.35041195296004,550.771781735008
20180103,1860,2090,1850,1885,218468,2,20.83266665599966,16.770509831203995,81.12490369793976,121.46112775519371,552.7842343285687
20180102,1870,1875,1845,1860,32971,3,24.413111231467404,18.81488772218718,69.18995591847128,123.78902302801391,555.3140940544866
20171228,1890,1890,1850,1850,71898,4,29.93325909419153,22.494443758370863,43.251445062564095,126.67861785727756,557.7458289599501
20171227,1980,1980,1850,1890,42393,5,27.85677655436824,22.383029285566106,28.77824699317177,128.47273273174935,559.8174910306828
20171226,1945,1945,1880,1890,56225,-9993,16.73320053068151,22.04540768501481,19.261360284258224,130.11050324844453,561.8381971014626
20171222,1935,1935,1885,1890,46160,-11069,17.435595774162696,21.656407827673313,18.833148966649205,131.62581117195293,563.858789392344
20171221,1940,1940,1890,1910,14014,12,19.595917942265423,22.410934830981727,18.046814123273947,132.60959827841836,565.3910642692855
20171220,1950,1960,1860,1900,21638,99,8.0,22.36626924631173,18.12456896039186,133.07921095684645,567.1264540916384
20171219,1940,1965,1895,1900,56293,-9898,7.483314773547883,21.731313812066446,18.115946014492316,133.47750018472593,569.0652911182998
20171218,1975,2005,1895,1955,67038,-4841,22.891046284519195,26.94438717058731,22.442983313276336,132.2648857407285,570.4208728844185
20171215,1950,1960,1830,1940,58488,-855,22.44994432064365,30.170349683066483,24.591665254715874,132.47001757214164,572.1034228082267
20171214,1975,1975,1950,1955,36621,9,25.099800796022265,31.48015247737072,27.290108097990377,132.35146286396002,573.4326403820725
20171213,1980,1980,1940,1955,25817,-293,21.307275752662516,27.663152387219174,29.72688177390962,132.0527041248101,574.2132162431766
20171212,1950,1965,1890,1955,81755,10081,6.0,27.838821814123346,31.308944408906537,131.6886848678739,574.6086832696567
20171211,1985,2010,1945,1955,49125,218,6.0,26.46223724477033,32.98768709685479,131.18845117703844,574.8616364323386
20171208,1965,2000,1965,1980,45026,1,10.0,26.11991577318943,36.306851970392586,130.3779495245657,574.9639783402856
20171207,1955,1980,1925,1975,68058,1,11.135528725660043,25.80697580109901,37.559120064240055,129.53238548292418,574.6732027253012
20171206,1965,2005,1955,1960,52770,2,10.488088481701515,20.639767440514195,37.53248592885902,128.5405253866447,574.1704387273285
20171205,1990,2025,1975,1990,170440,2,12.884098726725126,14.177446878705272,40.18317433951678,127.50065359312732,573.644119981098
20171204,1960,1985,1955,1980,98825,3,9.797958971132712,14.908051515825598,41.85913878712748,125.84867456154188,571.7418500123592
20171201,1920,1970,1920,1950,114321,4,14.2828568570857,13.49999999994481,40.847276531000205,124.85714058700667,569.0653643377783
20171130,1920,1960,1915,1940,139951,6,18.547236990991408,15.297058540729648,37.36977388210959,121.43182243550493,567.004427525335
20171129,1890,1920,1885,1915,64433,-9996,27.202941017470888,21.213203435561304,32.220917119163445,117.40906646804108,563.5125315943634
20171128,1940,1940,1890,1895,70591,6,29.223278392404914,28.879058156361506,31.85514087239295,113.01720616303028,556.9530435398776
20171127,1945,1950,1895,1935,66614,0,19.6468827043885,29.427877939099005,29.80247472945829,107.70123284142832,556.394619152829
20171124,1880,1945,1880,1920,216519,37919,15.937377450509228,29.22327839237942,27.851166941440713,104.17719946752695,553.3419615291148
20171123,1875,1920,1835,1900,265261,17470,14.352700094407323,30.417922348485767,28.525208149985513,101.23899117109644,548.1175344734208
20171122,1940,1940,1855,1880,311950,18106,19.339079605813716,34.0183773863262,30.30160886817728,97.09316831446662,540.3203123431091
20171121,1920,1945,1865,1925,365423,39195,19.6468827043885,27.640549922143553,29.04307146291521,92.38637916686403,530.1450256900354
20171120,1915,2140,1910,1925,2446224,-50170,17.60681686165901,20.499999999963656,29.159046623646667,87.63703555009158,521.5813029198372
20171117,1930,1970,1850,1870,591021,2170,22.58317958127243,22.18670773230021,33.0681115275729,84.52625331817339,511.79317111505054
20171116,1980,2385,1925,1945,8698388,-438943,28.879058156387302,22.891046284486645,32.882366094914765,82.91712730195142,491.2509524305151
20171115,1845,1955,1845,1905,193724,811,25.37715508089904,22.912878474746684,33.354160160315836,80.15761383401814,469.6305266879715
20171114,1825,1850,1800,1840,75966,-1162,37.76241517699841,31.02015473846818,38.86756359742658,77.1112111751392,454.99919871724234
20171113,1830,1835,1810,1825,26956,320,43.657759905886145,37.151715976499794,44.4824403557179,76.30148535038289,439.01745567675107
20171110,1830,1835,1805,1830,12975,16,47.686476070265456,40.40111384601308,46.78341052125208,76.49341838069199,421.2234083265333
20171109,1815,1850,1780,1830,82404,-60,29.899832775452108,43.08421984901792,48.176757881783615,77.3169433063042,407.4256045757164
20171108,1820,1840,1770,1790,47534,30,17.204650534085253,50.400892849219545,53.00707499947531,75.05456348556054,387.289584448409
20171107,1810,1830,1800,1810,5226,-2183,15.362291495737216,49.30517214246909,52.15122242095577,71.71756913218867,376.5368484808465
20171106,1855,1890,1800,1810,91014,-67062,14.966629547095765,45.35691788468998,50.70502933634887,70.26853254960365,354.0870008439532
20171103,1905,1915,1845,1860,57614,374,23.664319132398465,44.91380634057316,48.41229182759271,64.35232880191879,337.61457931592
20171102,1880,1915,1850,1905,84678,-692,41.95235392680606,36.840874039557065,46.72459202604128,58.39966466805592,324.82730187234205
20171101,1935,1935,1850,1880,84536,-4884,37.89459064299283,33.030289129804935,45.86937976471886,48.914608133940284,314.07651226342045
20171031,1960,1985,1890,1910,183467,24,36.27671429443411,39.49683531624413,46.32696299132936,45.617978911916396,300.74905329120236
20171030,1990,2000,1940,1960,109245,84,33.704599092705436,51.57761142199695,48.23380557244058,44.96750369874825,271.6997807016638
20171027,1965,2000,1960,1990,148188,-2778,40.049968789001575,63.65728552175713,53.54670858232091,46.36988965562367,221.14185995017107
20171026,1970,1985,1930,1960,104408,-5500,39.496835316262995,66.45487190566625,56.224994441973934,46.89408870597235,153.51809520559573
20171025,1985,1995,1935,1970,38352,0,26.38181191654584,61.82434795449532,59.35907681222814,47.49934210079174,130.53245658540638
20171024,1985,2005,1985,1990,47931,0,13.564659966250536,57.44780239485676,63.017358719641685,48.548658294851656,128.97973031965955
20171023,2000,2010,1985,1985,100139,-15000,12.0,45.650848842036986,65.95974150949957,49.23723748915653,128.03449377890703
20171020,1990,1995,1965,1995,36172,-1872,13.038404810405298,39.207779840211685,69.29826837663406,50.33885179469278,127.15574439769559
20171019,1965,2000,1965,1990,91243,-7976,8.602325267042627,36.687872655667974,71.43659776333136,51.114998342596074,126.51410082805825
20171018,1930,2005,1930,1985,237689,-5429,3.7416573867739413,24.397745797481168,73.71015872998782,51.846729244392805,125.99724423793684
20171017,1935,1970,1915,1920,63265,10114,27.748873851023216,21.846052274919373,72.1885551870932,51.65564398556655,125.71197238130802
20171016,1955,1960,1930,1955,33343,17560,28.178005607210743,22.226110770859346,70.08699950775464,51.865946331836376,125.27868932902652
20171013,1960,1970,1915,1955,46164,8,25.179356624028344,22.18670773230021,67.64798592715086,52.05926110381042,124.59015449553372
20171012,1915,1975,1915,1945,10010,12,20.8806130178211,23.323807579349257,64.34817402226733,51.88903759206045,124.01206818513387
20171011,1930,1940,1910,1935,36324,32,13.2664991614216,25.441108466387817,55.98883817333594,51.69213082178881,123.12086851499879
20171010,1940,1945,1915,1920,27716,5116,13.2664991614216,27.299267389410105,48.25971404805462,51.67869483653819,122.07212690317716
20170929,1910,1955,1910,1940,45982,15262,11.575836902790225,26.24880949678499,37.79880950506246,51.72919603309393,121.19428846094306
20170928,1960,1960,1910,1915,156931,-16741,11.575836902790225,24.677925358475942,33.03312731183652,51.53875294924775,120.62504317787985
20170927,1960,1965,1950,1950,79274,318,12.884098726725126,20.02498439446358,31.36478917512439,51.0807503426055,119.64007800017349
20170926,1970,1980,1960,1960,59392,32,17.204650534085253,15.564382416225511,26.603571188846058,50.45480651046076,119.12492713067064
20170925,1990,1995,1970,1980,118422,1235,21.540659228538015,18.22772613351731,24.79919353527449,50.7807788440472,118.68855135277758
20170922,1990,2015,1980,1985,77329,38,25.019992006393608,21.685248442167083,25.390697115282205,51.152278107270895,118.19733235144818
20170921,2000,2015,1990,1995,36272,20,16.55294535724685,25.81181899825175,25.695330315059195,51.67278189624511,117.6947558540917
20170920,2010,2015,1990,2000,169227,24,13.92838827718412,29.25747767663012,27.02313823374332,52.426867052084226,117.14128903687596
20170919,2025,2030,2000,2010,89125,22,10.677078252031311,31.894356867610764,28.848743473503312,53.27672777329935,116.04521987378129
20170918,2000,2035,2000,2020,80406,-4788,12.083045973594572,31.737202145093224,30.797727188868986,54.30233011173257,115.00842360452857
20170915,2030,2050,1995,1995,201030,-35373,9.695359714832659,29.81610303172616,31.164884084494844,54.8064143651414,113.33853388802756
20170914,2020,2025,1995,2005,173771,-27249,8.602325267042627,20.73644135329179,31.678068122914315,55.55002750281566,112.77435681729351
20170913,2030,2050,2015,2015,135818,-150,8.602325267042627,17.03672503735709,32.98768709685479,56.43112813182315,112.12250709478852
20170912,2060,2065,2025,2025,242661,9653,10.770329614269007,13.999999999946782,35.031236061549414,57.52149356745043,111.38144544262103
20170911,2050,2075,2035,2060,223520,5506,22.360679774997898,20.099751242204714,37.95638944894522,59.59230701662399,110.78871282259561
20170908,2110,2185,2060,2060,695243,-31881,22.93468988235943,22.808989455881424,41.47589661478098,61.54379651026498,110.1324880793775
20170907,2110,2190,2080,2100,809479,-76952,30.099833886584822,31.921779399001394,48.01757490752735,64.65528250316109,109.7111026362662
20170906,2600,2700,2070,2085,4820621,-1439343,25.573423705088842,34.29650127926331,50.95279678290486,67.05636103729137,109.15887376764609
20170905,1990,1990,1990,1990,0,0,37.73592452822641,36.36275567113292,48.936182932468284,67.28030089778805,108.05088178980412
20170904,1990,1990,1990,1990,0,0,46.69047011971501,38.68139087466362,45.43126676640219,67.28030089778805,107.04503206075262
20170901,1990,1990,1990,1990,0,0,50.438080851673966,39.19183588451184,43.159587579123134,67.37869758979392,105.59303428203754
20170831,1990,1990,1990,1990,0,0,38.0,40.46294601235196,37.995887935406905,67.6190308518345,104.53066402841266
20170830,1990,1990,1990,1990,0,0,0.0,42.08325082498392,35.75874019033668,67.84766433388526,101.79083094212143
20170829,1990,1990,1990,1990,0,0,0.0,43.614791069068644,34.127518222103404,67.9404866204992,98.58934716793014
20170828,1990,1990,1990,1990,0,0,0.0,42.968011357270306,33.699962907991456,67.79175629993833,95.10681129947635
20170825,1990,1990,1990,1990,0,0,0.0,41.136966344135175,33.5,67.95888258520904,91.4384944314348
20170824,1990,1990,1990,1990,0,0,0.0,28.49999999997386,33.662850443775554,68.02465851935365,88.9271608146476
20170823,1990,1990,1990,1990,0,0,0.0,0.0,33.943887520435844,67.8590757870653,86.74450631019026
20170822,1990,1990,1990,1990,0,0,0.0,0.0,34.332018583240924,67.3392633527936,83.78170005369624
20170821,1990,1990,1990,1990,0,0,0.0,0.0,34.63650530870573,67.36942102242597,80.92176219794558
20170818,1990,1990,1990,1990,0,0,0.0,0.0,34.77067730142742,67.38215020815724,78.17091983808277
20170817,1990,1990,1990,1990,0,0,0.0,0.0,35.0526389876711,66.53836612567717,76.11559191999994
20170816,1990,1990,1990,1990,0,0,0.0,0.0,35.30580688781946,66.62707157510874,75.33439342911018
20170814,1990,1990,1990,1990,0,0,0.0,0.0,35.336772631353874,66.34563328180349,73.88542180670134
20170811,1990,1990,1990,1990,0,0,0.0,0.0,33.349475258240574,64.5244893217313,71.87420289412111
20170810,1990,1990,1990,1990,0,0,0.0,0.0,30.84132779242813,62.012543534058864,70.93712983260254
20170809,1990,1990,1990,1990,0,0,0.0,0.0,20.7047699818182,59.46614349552365,70.61868211661492
20170808,1990,1990,1990,1990,0,0,0.0,0.0,0.0,56.680390495079095,70.61868211661492
20170807,1990,1990,1990,1990,0,0,0.0,0.0,0.0,51.52561391091687,68.80496540139748
20170804,1990,1990,1990,1990,0,0,0.0,0.0,0.0,46.83896763269732,66.92179048460434
20170803,1990,1990,1990,1990,0,0,0.0,0.0,0.0,41.4112169453744,66.03765760701113
20170802,1990,1990,1990,1990,0,0,0.0,0.0,0.0,38.289467655496416,63.7951909542365
20170801,1990,1990,1990,1990,0,0,0.0,0.0,0.0,36.90631909167941,61.94060775361746
20170731,1990,1990,1990,1990,0,0,0.0,0.0,0.0,34.28829975382227,59.06915379920522
20170728,1990,1990,1990,1990,0,0,0.0,0.0,0.0,32.80106282165547,58.575079432760134
20170727,1990,1990,1990,1990,0,0,0.0,0.0,0.0,32.59718375714158,58.60525905486207
20170726,1990,1990,1990,1990,0,0,0.0,0.0,0.0,32.59718375714158,58.6301821921738
20170725,1990,1990,1990,1990,0,0,0.0,0.0,0.0,32.3843026104241,58.71883038400265
20170724,1990,1990,1990,1990,0,0,0.0,0.0,0.0,32.28895149887735,58.48409090417237
20170721,1990,1990,1990,1990,0,0,0.0,0.0,0.0,32.28895149887735,58.232636300910904
20170720,1990,1990,1990,1990,0,0,0.0,0.0,0.0,32.28389691483922,57.850141649675344
20170719,1990,1990,1990,1990,0,0,0.0,0.0,0.0,32.276044608401456,57.66424308489769
20170718,1990,1990,1990,1990,0,0,0.0,0.0,0.0,32.276044608401456,57.36118509544737
20170717,1990,1990,1990,1990,0,0,0.0,0.0,0.0,32.270988002765456,57.19265687130315
20170714,1990,1990,1990,1990,0,0,0.0,0.0,0.0,30.976693748099063,56.912152090341635
20170713,1990,1990,1990,1990,0,0,0.0,0.0,0.0,30.62712577669176,56.80277770984602
20170712,1990,1990,1990,1990,0,0,0.0,0.0,0.0,30.262279417841583,56.68326962653249
20170711,1990,1990,1990,1990,0,0,0.0,0.0,0.0,29.64360058365916,56.303354325758974
20170710,1990,1990,1990,1990,0,0,0.0,0.0,0.0,28.68361901866571,55.96314201228805
20170707,1990,1990,1990,1990,0,0,0.0,0.0,0.0,27.047283700281543,55.884165293526465
20170706,1990,1990,1990,1990,0,0,0.0,0.0,0.0,26.10395883146129,55.90913697438779
20170705,1990,1990,1990,1990,0,0,0.0,0.0,0.0,23.923924566730783,55.5890177003293
20170704,1990,1990,1990,1990,0,0,0.0,0.0,0.0,23.156922411311765,54.92488557615932
20170703,1990,1990,1990,1990,0,0,0.0,0.0,0.0,22.662223829466644,54.06856500981752
20170630,1990,1990,1990,1990,0,0,0.0,0.0,0.0,22.566414326682747,53.743927305518575
20170629,1990,1990,1990,1990,0,0,0.0,0.0,0.0,22.527144120597686,53.404314744522075
20170628,1990,1990,1990,1990,0,0,0.0,0.0,0.0,22.54794274939909,53.049439728937784
20170627,1990,1990,1990,1990,0,0,0.0,0.0,0.0,22.570106828063068,52.88056511295351
20170626,1990,1990,1990,1990,0,0,0.0,0.0,0.0,22.53685253601708,52.60861779846832
20170623,1990,1990,1990,1990,0,0,0.0,0.0,0.0,22.366114002291802,52.324508279250175
20170622,1975,1990,1975,1990,2431,-1758,0.0,0.0,0.0,22.383029285777155,52.36409326902876
20170621,1985,1990,1975,1990,4520,361,0.0,0.0,0.0,22.376047461693457,52.35812509904785
20170620,1975,1980,1970,1975,5806,-4422,6.0,4.499999999834432,3.2691742076555053,22.418215560049557,52.354809155084524
20170619,1975,1990,1975,1975,6268,-2519,7.3484692283495345,5.999999999875824,4.5,22.25655334220972,52.35096239695642
20170616,1995,1995,1985,1990,5805,-2876,7.3484692283495345,5.999999999875824,4.5,20.60525148831847,52.38472794833317
20170615,1990,1990,1980,1990,9219,833,7.3484692283495345,5.999999999875824,4.5,18.737032553124617,52.41684883379889
20170614,1990,1990,1970,1990,6041,-3180,7.3484692283495345,5.999999999875824,4.5,12.5197066883981,52.445590191685454
20170613,1970,1985,1970,1985,409,-352,5.830951894845301,5.937171043393469,4.548351349665063,2.7525240955993597,52.466242453799566
20170612,1990,1990,1975,1985,4694,-4494,2.449489742783178,5.830951894717524,4.58257569495584,2.8087165924769186,52.48749851153757
20170609,1980,1995,1975,1990,4932,-412,2.449489742783178,5.830951894717524,4.58257569495584,2.8087165924769186,52.48749851153757
20170608,1975,1990,1970,1990,10932,-3727,2.449489742783178,5.830951894717524,4.58257569495584,2.8087165924769186,52.51560614605478
20170607,1970,1985,1970,1985,1662,396,2.449489742783178,5.678908345669076,4.602988159880492,2.8613807869569445,52.5157218522732
20170605,1970,1990,1965,1985,2434,225,2.449489742783178,4.499999999834432,4.6097722286464435,2.9107082007973055,52.4777730726574
20170602,1980,1980,1965,1980,1731,-1175,3.7416573867739413,3.3166247901307564,4.847679857416329,3.135814621641407,52.26294031676955
20170601,1985,1985,1975,1975,11253,8798,5.0990195135927845,4.71699056587035,5.448623679425842,3.6084391835391108,51.829029162116775
20170531,1975,1985,1975,1980,2010,-88,3.7416573867739413,4.71699056587035,5.539629951540085,3.773997292463638,51.7428873265452
20170530,1985,1985,1975,1985,754,174,3.7416573867739413,4.358898943369746,5.454356057317857,3.796928584347362,51.560896439698666
20170529,1975,1990,1970,1980,6635,3532,3.1622776601683795,4.499999999834432,5.477225575051661,3.94405318974316,51.16556391318502
20170526,1970,1990,1970,1975,67277,-20309,3.7416573867739413,5.123475382834379,5.7608593109014565,4.2906552215471825,50.48507755321588
20170525,1975,1985,1975,1975,8225,2735,3.7416573867739413,4.898979485414272,5.937171043518958,4.5977047422444395,50.30490367083512
20170524,1975,1985,1975,1980,18155,-1436,3.7416573867739413,3.872983346015044,5.787918451395113,4.696334268716809,50.12482682152186
20170523,1990,1990,1975,1990,14638,-3108,5.477225575051661,4.71699056587035,5.787918451395113,4.696334268716809,49.26034507817512
20170522,1985,1985,1975,1985,3003,676,5.830951894845301,4.71699056587035,5.5,4.698551787184776,49.201947087700624
20170519,1975,1990,1975,1980,2622,-895,5.0990195135927845,4.71699056587035,5.2141634036535525,4.786410161090538,48.79883593783318
20170518,1980,1995,1975,1975,6437,1701,5.0990195135927845,4.71699056587035,5.338539126015656,5.030462758387575,47.21756308713486
20170517,1985,1990,1975,1975,13800,-1448,5.830951894845301,4.9999999998509885,5.356071321407137,5.251322585488146,45.15619112835909
20170516,1980,1990,1980,1985,1335,-1124,4.47213595499958,4.9999999998509885,5.0990195135927845,5.24139506526567,43.109276521659446
20170515,1985,1995,1970,1985,9087,-502,4.47213595499958,5.220153254312548,5.0990195135927845,5.230121095599588,40.91944576439598
20170512,1980,1980,1975,1980,14605,780,4.47213595499958,4.898979485414272,5.0682837331783235,5.28296528761941,37.0545534388722
20170511,1970,1990,1970,1980,1042,-926,3.7416573867739413,4.499999999834432,4.710360920354193,5.330077131730065,33.57803411456189
20170510,1990,1990,1965,1990,1284,-1091,3.7416573867739413,5.123475382834379,4.710360920354193,5.330077131730065,29.632910336291378
20170508,1975,1995,1975,1975,1348,-1222,5.0990195135927845,4.898979485414272,4.815340071064556,5.505048189028447,27.385620720022175
20170504,1990,1990,1985,1985,1804,4,5.0990195135927845,4.898979485414272,4.815340071064556,5.484194461984257,26.389707589614424
20170502,1985,1985,1975,1975,6950,-6745,5.830951894845301,5.220153254312548,4.9749371855331,5.639641439269495,24.575528422007732
20170428,1990,1990,1980,1985,3576,174,6.0,5.024937810412173,4.898979485566356,5.614341754943633,23.560059186843677
20170427,1975,1990,1975,1990,4349,-76,6.0,5.099019513446667,5.267826876426369,5.614341754943633,23.431934524367467
20170426,1985,1990,1970,1990,5751,5080,5.477225575051661,5.499999999864535,5.539629951540085,5.614341754943633,23.431934524367467
20170425,1970,1985,1970,1985,3590,1078,5.477225575051661,5.499999999864535,5.5677643628300215,5.5876848721266095,23.300236944403707
20170424,1970,1990,1970,1990,2685,-1397,2.449489742783178,5.678908345669076,5.584576975922169,5.5876848721266095,23.24682624691475
20170421,1990,1990,1970,1985,999,-266,2.449489742783178,5.477225574915633,5.3091901453988255,5.559651268757123,23.246863587704805
20170420,1955,1995,1955,1990,25370,9949,2.449489742783178,5.477225574915633,5.448623679425842,5.559651268757123,23.24682624691475
20170419,1985,1985,1970,1980,6011,4798,3.7416573867739413,4.71699056587035,5.3091901453988255,5.574620067489765,23.246714224184696
20170418,1975,1975,1960,1975,3950,-934,5.830951894845301,5.678908345669076,5.584576975922169,5.698440333125661,23.2728009463317
20170417,1960,1975,1960,1975,1326,-48,5.830951894845301,5.678908345669076,5.809475019311125,5.808877306633959,23.2987466877708
20170414,1970,1975,1960,1975,11556,-156,5.830951894845301,6.3442887701073225,5.809475019311125,5.906681716231262,22.499382707552474
20170413,1975,1975,1960,1970,2298,2292,3.1622776601683795,7.088723439273808,6.219927652312364,6.155395104854048,22.35877748344584
20170412,1970,1975,1955,1975,10479,-1996,2.0,6.708203932388303,6.378675411086537,6.224391983441291,22.187607589693958
20170411,1960,1970,1955,1965,8859,-7843,4.0,7.810249675811259,7.292976072907411,6.637435917847253,21.938004505090163
20170410,1955,1970,1955,1970,9278,6199,3.7416573867739413,6.999999999893563,7.660776723022281,6.810938914486213,21.457160162074384
20170407,1975,1975,1955,1970,8824,-8535,3.1622776601683795,6.499999999885376,7.980444849756184,6.964194139164576,20.59260924589805
20170406,1980,1980,1955,1960,5138,-3478,5.0990195135927845,5.499999999864535,8.699856320652657,7.50000000053168,20.275190093610064
20170405,1980,1980,1965,1980,4142,-1217,6.6332495807108,5.499999999864535,8.674675786448736,7.442371187791187,19.126724686179617
20170404,1985,1985,1960,1980,4095,2,7.483314773547883,5.999999999875824,8.554969316134336,7.380529942368501,18.801549507622493
20170403,1985,1985,1975,1975,3216,2987,7.483314773547883,5.999999999875824,8.554969316134336,7.364988497175788,18.65233825076398
20170331,1985,1985,1960,1980,950,-780,7.745966692414834,6.422616289216559,8.426149773176359,7.2929760734542635,18.65233825076398
20170330,1975,1985,1970,1985,7509,5116,3.1622776601683795,7.3484692282481445,8.13557004763649,7.2264944634448245,18.65233825076398
20170329,1970,1975,1970,1975,4011,708,3.7416573867739413,7.3484692282481445,7.648529270389178,7.193264597074989,18.695476279892524
20170328,1970,1970,1955,1970,175,4,5.0990195135927845,6.8738635423253704,7.562241731127087,7.2509577916897445,18.75722083177633
20170327,1970,1975,1955,1970,12664,3326,5.830951894845301,6.8738635423253704,6.977642868476432,7.292976073454363,18.745369798635057
20170324,1980,1980,1970,1970,1668,-209,5.830951894845301,6.8738635423253704,6.689544080129826,7.319589394007519,18.610592861737558
20170323,1975,1980,1970,1980,13809,3663,4.0,5.024937810412173,5.830951894845301,7.212546938586405,18.618567121702917
20170322,1970,1975,1955,1975,5901,-1506,4.0,4.898979485414272,5.673402858955108,7.129749879295388,18.598415031000805
20170321,1970,1980,1960,1965,23609,-1707,5.0990195135927845,5.678908345669076,5.973901572674261,7.357913352090284,18.557296782871656
20170320,1970,1970,1955,1960,37165,881,7.0710678118654755,7.141428428438521,6.614378277661476,7.76164000476288,18.416289588864306
20170317,1960,1965,1945,1955,7802,-6292,9.273618495495704,8.499999999912346,7.599342076785332,8.256310718150539,17.414024919230407
20170316,1945,1970,1930,1960,29887,-20537,6.782329983125268,7.4833147734483205,8.0,8.480369489276304,16.231346130894693
20170315,1945,1945,1930,1945,1385,-817,6.782329983125268,9.746794344732523,9.733961166965893,9.373055354293491,12.912902677331802
20170314,1965,1965,1930,1945,4786,818,6.782329983125268,11.236102527055806,11.07925990308017,10.218107565993165,9.696434052373041
20170313,1935,1955,1930,1950,17171,-726,5.830951894845301,11.499999999935213,11.779218989389747,10.73545527716386,10.136224916320739
20170310,1950,1960,1930,1950,40976,-35026,5.477225575051661,11.412712210448044,12.359207094308275,11.1118055342149,10.547182351426425
20170309,1960,1960,1930,1950,12254,-12204,2.449489742783178,9.069178573526374,12.806248474865697,11.437025643214376,10.932558407436874
20170308,1955,1960,1935,1955,5217,807,3.1622776601683795,6.3442887701073225,12.597122687344122,11.649988078543712,11.185851057812904
20170307,1955,1955,1935,1955,3459,8,2.449489742783178,5.123475382834379,12.257650672131263,11.838027238390609,11.426091000610866
20170306,1975,1975,1930,1955,13884,2918,2.449489742783178,4.582575694793255,12.093386622447824,12.06320162068607,11.65408547814963
20170303,1940,1940,1925,1940,4334,258,5.830951894845301,5.678908345669076,12.338962679253067,12.811670027630257,12.21842586237032
20170302,1935,1935,1925,1935,56254,-49699,8.717797887081348,6.40312423731649,12.186057606953941,13.67758710068704,12.884098726674052
20170228,1935,1935,1920,1930,17125,-4968,10.295630140987,8.381527307031211,12.968712349342937,14.614490526232048,13.647344063907946
20170227,1930,1930,1925,1930,2988,-2571,9.273618495495704,9.746794344732523,13.681648292512127,15.504479639668114,14.352700094361444
20170224,1930,1935,1920,1935,3936,-104,3.7416573867739413,10.01249219717598,13.729530217745982,16.15033539408171,14.878617673949801
20170223,1930,1930,1920,1930,12922,-12738,2.449489742783178,10.499999999929042,13.874436925511608,16.926926281558906,15.49725558136787
20170222,1925,1935,1920,1925,10362,-9704,3.1622776601683795,11.135528725593135,13.083864108129525,17.787323826165828,16.206994374816947
20170221,1925,1935,1925,1930,2383,-2029,3.1622776601683795,10.01249219717598,11.937336386313323,18.222391598348285,16.745646200291812
20170220,1930,1935,1925,1930,3833,-938,3.1622776601683795,7.999999999906867,11.431863365173676,18.68804579306127,17.253019059438472
20170217,1940,1945,1920,1935,25535,-19200,3.1622776601683795,3.999999999813735,10.88577052853862,19.027757502226997,17.62805332098723
20170216,1940,1940,1920,1940,2984,-2715,5.0990195135927845,3.999999999813735,10.473180032826706,19.267668659273657,17.893929370935076
20170215,1950,1950,1930,1940,3549,-115,4.47213595499958,4.609772228484818,9.54921462739214,19.487175270110374,18.14634758165496
20170214,1940,1945,1930,1945,3843,547,5.0990195135927845,5.830951894717524,9.54921462739214,19.458645607978248,18.31135045686785
20170213,1945,1945,1930,1940,15956,-818,3.1622776601683795,5.916079782973679,9.486832980505138,19.495547925023597,18.54030893901809
20170210,1930,1940,1930,1940,10014,-1833,2.0,6.103277807744776,9.205976319760984,19.589360774756262,18.757220831775996
20170209,1935,1935,1915,1935,26464,-14314,3.1622776601683795,5.830951894717524,8.926785535678562,19.7624784772447,19.04266955780009
20170208,1940,1940,1930,1930,2172,-1191,5.0990195135927845,5.024937810412173,8.728545125048045,19.82142499662661,19.401415684280167
20170207,1935,1940,1935,1935,1806,384,3.7416573867739413,4.582575694793255,7.790218225441442,20.00000000020015,19.655187327714923
20170206,1935,1940,1935,1940,1314,-813,3.7416573867739413,3.999999999813735,6.6332495807108,19.89189533473386,19.82142499639128
20170203,1950,1950,1925,1945,1156,-242,5.0990195135927845,4.358898943369746,5.454356057317857,19.866743568285347,19.915402679523318
20170202,1955,1955,1945,1950,800,760,7.0710678118654755,5.477225574915633,6.244997998398398,19.5994614440524,19.950938087073272
20170201,1950,1950,1935,1950,1679,746,5.830951894845301,6.244997998279094,6.94172168845741,19.181153945335904,19.980850207102677
20170131,1955,1955,1950,1950,4,3,4.0,6.7268120234260955,7.327175444876422,18.729803938204068,20.005164263781914
20170126,1940,1950,1935,1950,4811,-1340,2.0,7.158910531534103,7.562241731127087,18.385342894309666,20.02390064949626
20170125,1935,1960,1935,1955,5337,-1414,2.0,7.999999999906867,8.287792227125388,17.852793121252272,19.999305543465667
20170124,1955,1955,1935,1955,752,660,2.449489742783178,7.999999999906867,8.602325267042627,17.43957823162302,19.970420835125317
20170123,1955,1955,1955,1955,745,557,2.449489742783178,6.3442887701073225,8.2915619758885,16.839726508969797,19.937227880380696
20170120,1960,1960,1960,1960,785,763,3.1622776601683795,5.38516480699615,8.602325267042627,16.528384676307954,19.87390807619115
20170119,1955,1960,1940,1960,2309,431,2.449489742783178,4.582575694793255,8.645808232895291,16.3248277175599,19.807230722328704
20170118,1940,1965,1940,1950,224,17,3.7416573867739413,3.9051248377625374,8.347903928532,16.101026537571077,19.797411446920854
20170117,1960,1960,1940,1940,2801,-1541,7.483314773547883,5.5901699436161945,8.347903928532,15.947831618792144,19.8822925125406
20170116,1950,1950,1935,1935,15554,-14564,10.198039027185569,7.68114574777161,8.602325267042627,15.955450131441069,20.02251337033737
20170113,1950,1955,1950,1950,3298,-3243,8.717797887081348,7.68114574777161,8.642193008721803,15.684387141613616,19.992663584947703
20170112,1960,1960,1950,1950,5195,-2636,6.324555320336759,7.68114574777161,8.554969316134336,15.594470174007673,19.957202473148058
20170111,1975,1975,1955,1960,297,287,8.717797887081348,8.07774721060952,8.870597499605086,15.45131242204269,19.864078061186067
20170110,1965,1965,1950,1950,6010,-5809,8.0,7.999999999906867,8.381527307120106,15.265019926005627,19.81857819484884
20170109,1955,1975,1955,1965,1572,25,6.324555320336759,8.999999999917215,7.980444849756184,15.326085243691693,19.708113106558255
20170106,1975,1975,1975,1975,2,0,9.486832980505138,11.191514642733122,8.870597499605086,15.182912544744134,19.60862728208071
20170105,1960,1970,1960,1970,886,-247,8.602325267042627,12.134661099450197,9.202581159652981,14.918994232082289,19.4953252943367
20170104,1980,1980,1955,1980,2740,1177,10.295630140987,14.186260959058588,10.594810050208546,15.065597307449773,19.416443131726258
20170103,1960,1975,1955,1970,2814,757,5.0990195135927845,13.313526955638384,10.965856099730654,14.79864858721957,19.299854274026806
20170102,1980,1980,1980,1980,10,10,4.47213595499958,11.401754250926034,11.979148550710939,14.619954020569676,19.219085927472193
20161229,1965,1970,1960,1965,171,-105,6.0,10.259142264268972,11.92424001771182,14.399797452557543,19.096065621506774
20161228,1955,1985,1955,1970,1025,-121,6.0,8.674675786362847,11.986972094736853,14.399797452557543,18.973482957913294
20161227,1980,1980,1950,1950,4922,510,9.797958971132712,10.062305898675008,12.134661099511597,14.180140651520537,18.89866985321699
20161226,1985,1985,1975,1980,978,978,11.135528725660043,8.789197915538702,12.871965661856,14.465236104660434,18.812673033498914
20161223,1975,1980,1970,1975,245,188,10.295630140987,8.674675786362847,13.160072188251856,14.309088021534297,18.698958304283614
20161222,1975,1975,1965,1975,1101,963,10.488088481701515,8.674675786362847,13.46291201783626,14.309088021534297,18.583707021618082
20161221,1960,1975,1960,1975,1650,5,10.677078252031311,8.717797886995882,13.718144918318949,14.53348623800354,18.583707021618082
20161220,1970,1995,1970,1980,6878,4583,2.449489742783178,8.717797886995882,13.827056809024834,14.966629547363546,18.611105928653444
20161219,1990,1990,1960,1970,22605,-909,3.1622776601683795,8.717797886995882,12.636751956100111,15.15544456649211,18.478168424711466
20161216,2000,2000,1965,1985,236,20,5.0990195135927845,9.28708781042313,11.053845484717073,15.72330188701587,18.42759856540074
20161215,1990,1990,1990,1990,1,0,7.0710678118654755,10.246950765886888,11.098986440211556,16.444139449367235,18.42759856540074
20161214,1980,1980,1970,1980,1105,322,6.6332495807108,10.198039027112511,10.18270592720815,16.787892462764525,18.388128341067215
20161213,1995,1995,1970,1985,2102,2101,6.782329983125268,5.678908345669076,10.136567466356647,17.27453971109604,18.388128341067215
20161212,2005,2005,1990,1990,5323,-4691,3.7416573867739413,6.499999999885376,9.205976319760984,17.884467190125566,18.388128341067215
20161209,1965,1990,1965,1980,2077,1955,4.47213595499958,6.244997998279094,8.926785535678562,18.175647627379803,18.297265657857896
20161208,1990,1990,1965,1980,64,5,4.0,5.937171043393469,8.958236433584458,18.46091968357929,18.257228401035007
20161207,1965,1985,1960,1970,6124,-1854,6.6332495807108,6.633249580598478,8.958236433584458,18.55827907512525,18.17044112161909
20161206,1975,1985,1960,1970,2777,1456,7.483314773547883,7.416198486995199,9.027735042633894,18.651779778265073,18.12337157432062
20161205,1980,1980,1960,1975,3673,3146,4.47213595499958,6.8738635423253704,8.926785535678562,18.699933155174865,18.12337157432062
20161202,1980,1980,1970,1980,3439,3138,4.47213595499958,6.708203932388303,8.926785535678562,18.73499399540889,18.12337157432062
20161201,1950,1975,1950,1975,315,32,3.7416573867739413,5.937171043393469,8.554969316134336,18.53881064167834,18.052729479647585
20161130,1975,1980,1965,1970,14005,10410,3.7416573867739413,6.422616289216559,8.554969316134336,18.245813827566785,18.004580821397255
20161129,1975,1975,1955,1965,12201,3127,5.0990195135927845,6.8738635423253704,6.614378277661476,18.006750277703077,17.979106315041335
20161128,1960,1960,1950,1960,12687,8020,7.0710678118654755,6.422616289216559,7.599342076785332,17.60898602693785,17.957511582089893
20161125,1970,1970,1955,1970,5188,1926,5.0990195135927845,5.937171043393469,7.725768570181222,17.077438007408823,17.907749719009097
20161124,1980,1980,1950,1965,5538,688,3.7416573867739413,5.477225574915633,8.104782538723663,16.628915579235315,17.751711576283547
20161123,1945,1975,1945,1965,2406,596,3.1622776601683795,5.678908345669076,8.437268515343103,16.146895126624905,17.6477394680453
20161122,1950,1975,1930,1965,61736,-2480,3.1622776601683795,5.830951894717524,8.645808232895291,15.784134087649193,17.586097728944985
20161121,1985,1985,1945,1950,33785,-28877,6.782329983125268,7.762087348034025,10.136567466356647,15.604486534583577,17.59966658455664
20161118,1990,1990,1955,1975,143,13,8.0,6.999999999893563,9.797958971132712,15.424322423698928,17.59966658455664
20161117,1985,1985,1955,1970,304,246,8.366600265340756,6.499999999885376,9.0,15.28070679019786,17.49980158613881
20161116,1960,1960,1960,1960,3031,10,8.602325267042627,6.499999999885376,9.16515138991168,14.99073788144602,17.390081384347415
20161115,1955,1960,1950,1950,5970,-5920,10.198039027185569,7.810249675811259,9.65336728815391,14.784564022700556,17.362505499520896
20161114,1965,1965,1950,1960,13329,-9622,8.717797887081348,7.810249675811259,8.584142356694699,14.32048843080733,17.293975749401685
20161111,1965,1965,1950,1960,3635,-626,6.324555320336759,7.4833147734483205,8.257572282456872,13.634871551658241,17.11475768318754
20161110,1975,1975,1945,1955,18910,-9080,4.0,7.68114574777161,8.04673846971554,13.147401517967843,17.089988541014442
20161109,1970,1970,1945,1970,6848,-2366,6.6332495807108,8.07774721060952,8.04673846971554,12.761432782985711,16.97854037695835
20161108,1980,1980,1955,1960,7905,-7761,4.898979485566356,7.999999999906867,8.06225774829855,12.50666489015605,16.939383351586475
20161107,1970,1980,1965,1975,8610,-7441,7.3484692283495345,8.07774721060952,8.06225774829855,12.399316737770286,16.851011756594733
20161104,1980,1980,1970,1980,1170,-1050,9.273618495495704,8.888194417231762,8.06225774829855,12.352181544038404,16.736883338529925
20161103,1970,1980,1970,1980,4237,-616,7.483314773547883,9.999999999925494,8.437268515343103,12.284531827880768,16.621553527433544
20161102,1990,1990,1970,1985,8420,-3319,8.602325267042627,11.456439237324565,9.433981132056603,12.298373876573784,16.621553527433544
20161101,1990,1990,1970,1990,14279,-8832,5.0990195135927845,11.629703349548942,10.779030568655049,12.519706688399182,16.621553527433544
20161031,1980,2000,1975,2000,5629,2119,7.483314773547883,13.68393218334956,12.774486291041217,13.05011707087513,16.84982690312688
20161028,1995,1995,1995,1995,40,-40,7.0710678118654755,13.747727084813326,13.955285736952863,13.344786747690035,16.92502872142006
20161027,1995,1995,1975,1995,3122,-2120,5.0990195135927845,11.874342086975172,14.866068747318506,13.67758710068696,17.111562043081488
20161026,1985,1995,1980,1995,3145,-2030,3.1622776601683795,11.499999999935213,15.580436450882884,13.978157564460266,17.33173069510256
20161025,2000,2000,1985,1985,325,-225,4.898979485566356,7.810249675811259,15.644487847162015,13.83308232732875,17.416267937981438
20161024,1995,1995,1985,1990,6164,-62,4.0,6.499999999885376,14.9248115565993,13.425462955278043,17.55937348600153
20161021,2000,2000,1990,1995,2157,51,4.0,5.830951894717524,15.451537140362444,12.848205668375465,17.79337423495998
20161020,1995,1995,1985,1995,2482,-790,4.0,4.609772228484818,15.801503093060482,12.792141685303312,17.999807097694863
20161019,1995,1995,1980,1995,121,-21,4.0,3.9051248377625374,15.56438241627338,12.691587327709405,18.233820834397076
20161018,1995,1995,1990,1990,4139,-927,2.449489742783178,3.9051248377625374,14.0089257261219,12.698151659337675,18.386287160659325
20161017,2000,2000,1980,1990,6799,2922,2.449489742783178,3.3541019660275513,13.095800853708795,12.410513016846535,18.53600100701345
20161014,2000,2000,1990,1995,504,0,2.449489742783178,3.3541019660275513,12.07010770457331,12.570633768482669,18.75273128251523
20161013,2005,2005,1980,1990,9006,-6724,2.449489742783178,3.3166247901307564,9.810708435174291,12.691860909311783,18.846556935737706
20161012,2000,2025,1990,2000,2642,-1485,4.0,4.031128873964449,9.300537618869138,13.012814197602149,19.075462350558066
20161011,2035,2035,1985,1995,551,-444,3.7416573867739413,3.2015621184837073,6.5717197140474575,13.210633343686283,19.256988269739676
20161010,2015,2015,1985,1990,2010,10,3.7416573867739413,3.2015621184837073,5.5,13.275656502167331,19.346574129654705
20161007,2035,2035,1985,2000,3149,-1707,4.47213595499958,3.741657386574816,5.123475382979799,13.579754129961412,19.52758021075724
20161006,2015,2015,1985,2000,2830,-2373,4.0,4.1533119312796485,4.5,13.76287276242312,19.771217505893137
20161005,2030,2030,1990,1995,2400,-731,3.7416573867739413,4.1533119312796485,4.06201920231798,13.877189517221066,19.957593931990495
20161004,2010,2010,1990,2010,2201,-204,6.6332495807108,5.937171043393469,5.244044240850758,13.919161453318099,20.37086699728046
20160930,1975,2020,1975,2010,3845,-2129,6.0,6.7268120234260955,6.103277807866851,14.442173967130762,20.77057213139143
20160929,1990,2045,1985,2045,3391,-2916,17.4928556845359,15.33786165012939,12.389511693363866,16.620561228897646,21.95540777471971
20160928,1990,2010,1990,1995,3249,-2942,18.275666882497067,14.966629547045985,12.389511693363866,16.685614229934778,22.09822611027612
20160927,1995,1995,1985,1995,4871,-4764,18.275666882497067,15.173990905444416,12.389511693363866,16.743779939865618,22.252301691155957
20160926,2025,2025,1990,1995,2912,-2349,19.390719429665317,15.173990905444416,12.05197079319395,16.82012683289416,22.39466082199058
20160923,2020,2020,1990,2010,4329,-2580,19.390719429665317,14.568802284282324,12.134661099511597,17.101819266680412,22.71009167501432
20160922,2020,2040,1990,2005,4786,360,6.324555320336759,14.456832294749423,12.144957801491119,17.327723451393695,22.95814428231416
20160921,2020,2060,1995,2000,12820,-616,5.830951894845301,14.456832294749423,12.090802289343747,17.437188866429544,23.051534957298482
20160920,2025,2025,1995,2000,7293,10,5.0990195135927845,14.150971698032254,12.031209415515965,17.554676490173364,23.135470602489686
20160919,2035,2035,2000,2000,5004,-2390,4.0,14.221462653275502,11.789826122551595,17.67354425899472,23.248506523091322
20160913,2040,2040,1990,2015,11721,-11617,5.830951894845301,14.456832294749423,11.882234638316145,18.093890927516593,23.556632411153746
20160912,2040,2040,1990,2010,3179,-3128,6.324555320336759,6.800735254258166,11.874342087037917,18.37041704018176,23.774074056014996
20160909,2035,2035,1985,2000,33666,-32537,6.324555320336759,6.40312423731649,11.521718621802913,18.454899981883166,23.88979326450702
20160908,2000,2010,2000,2000,6794,-6582,6.324555320336759,5.937171043393469,11.521718621802913,18.434568976282335,23.99909575840066
20160907,2070,2070,1995,2010,10578,-10475,6.0,5.477225574915633,11.431863365173676,18.566696589059664,24.218909049629328
20160906,2100,2100,2000,2000,5038,-4801,4.898979485566356,5.38516480699615,11.008519428151999,18.580717304871005,24.18964424888366
20160905,2070,2070,1995,2000,6456,-5221,4.0,5.499999999864535,11.008519428151999,18.629986282787915,24.09007258645941
20160902,2025,2025,2005,2005,2546,-1463,4.0,5.38516480699615,10.954451150103322,18.692504439753357,23.959456495384362
20160901,2000,2035,2000,2005,2840,-1791,3.7416573867739413,5.220153254312548,10.712142642814275,18.670386534330504,23.811725344618534
20160831,2015,2085,2000,2000,27040,-798,2.449489742783178,5.220153254312548,10.723805294763608,18.472765238683994,23.669600757060927
20160830,2015,2020,1995,2015,15703,-7160,5.477225575051661,5.220153254312548,10.894379284750462,18.371173071090908,23.614048019929726
20160829,2015,2030,1990,2005,4051,319,4.898979485566356,4.898979485414272,5.973901572674261,18.28231537753167,23.328831410909924
20160826,1990,2010,1990,2005,11153,-10175,4.898979485566356,4.71699056587035,5.673402858955108,18.065275161885626,23.10844001655362
20160825,2020,2020,1985,1990,11804,0,8.12403840463596,6.3442887701073225,6.144102863722254,17.740412121204997,22.754120505935973
20160824,2010,2010,1985,2005,1955,523,8.0,5.999999999875824,5.830951894845301,17.475379506518976,22.579335439457555
20160823,2000,2010,2000,2005,2615,1365,6.0,5.937171043393469,5.673402858955108,16.653953484822768,22.462584631604347
20160822,1975,2000,1975,2000,2863,-1346,5.830951894845301,5.937171043393469,5.722761571129799,16.504208217811062,22.286603786400185
20160819,2005,2005,1975,1980,2049,-1239,9.695359714832659,9.165151389830386,7.664854858377946,16.313763786964124,22.079244904529883
20160818,2010,2010,1970,2000,2043,-1315,9.273618495495704,9.069178573526374,7.664854858377946,15.724185193769898,21.88210202168753
20160817,1980,2025,1980,1980,3258,-2834,10.770329614269007,10.96585609966271,9.096702699330127,14.747881204022894,21.589445723902195
20160816,2015,2015,1965,1980,3305,-919,9.797958971132712,10.723805294694131,9.67923034130297,14.167647025183593,21.20497681360011
20160812,1985,2000,1985,2000,2668,-1078,9.797958971132712,10.356157588532046,9.390819985496474,13.41019512689148,20.790581133954376
20160811,2010,2010,1980,2000,822,20,9.797958971132712,9.949874370991319,9.390819985496474,12.309379892638901,20.449633248512065
20160810,2000,2000,1985,2000,196,20,9.797958971132712,9.999999999925494,9.390819985496474,11.811893723755821,20.178887481688612
20160809,2080,2080,1980,1985,1575,30,8.717797887081348,9.79795897105667,9.539392014169456,10.895972752819752,19.905854805915883
20160808,1985,2005,1980,2005,1739,-1499,6.782329983125268,9.79795897105667,9.65336728815391,10.526421783470537,19.806310372055773
20160805,2015,2015,1985,2005,1804,-1522,7.3484692283495345,10.259142264268972,9.759610647971568,10.291244931017292,19.695600185455497
20160804,2000,2035,1985,2015,1965,-1322,9.797958971132712,10.999999999932268,10.319883720275147,10.213009133625683,19.688150341957886
20160803,2080,2080,1970,1985,29771,-17556,12.0,11.499999999935213,10.653637876331258,10.213009133625683,19.454362549846486
20160802,2005,2100,2005,2020,63030,-18205,12.0,12.338962679192683,11.683321445547923,10.48279012939085,19.562533280022297
20160801,2000,2000,1995,2000,950,10,12.24744871391589,10.499999999929042,11.098986440211556,10.48279012939085,19.43632767093567
20160729,2000,2000,1995,1995,199,0,12.884098726725126,10.67707825196153,11.008519428151999,10.48279012939085,19.27415511907594
20160728,1995,2000,1990,1990,331,-197,12.083045973594572,11.180339887432309,11.0,10.539278385964304,19.1478168177872
20160727,2015,2015,1990,1995,1532,10,10.488088481701515,11.28051417261243,10.894379284750462,10.539278385964304,19.033550421960474
20160726,2015,2015,1995,1995,2024,2010,3.1622776601683795,10.356157588532046,10.755812382149477,10.385286066095237,18.77942136130161
20160725,2010,2010,1995,2010,147,10,6.782329983125268,10.67707825196153,11.0,10.387960446121596,18.441160182795784
20160722,2015,2015,1990,2000,3327,-3256,6.782329983125268,10.594810050138221,11.0,10.366881027106787,17.87878747749158
20160721,2015,2015,1990,2000,1164,-152,5.477225575051661,9.433981131977628,10.295630140987,10.345087401336814,17.600850279296115
20160720,2005,2015,1985,2000,21096,5251,4.898979485566356,8.200609733337508,10.295630140987,10.322575045187113,17.308425613580923
20160719,2020,2020,2000,2005,3462,2459,4.0,5.38516480699615,9.522998477370455,10.25067748477401,17.196575886520655
20160718,2020,2020,1990,2010,142,10,4.0,6.324555320218955,8.699856320652657,10.226259770651854,16.959920073146854
20160715,2020,2020,1995,2015,120,-19,5.830951894845301,7.4833147734483205,9.233092656309694,10.353139620808912,16.995710243037998
20160714,2010,2020,1995,2010,4360,1932,5.0990195135927845,6.633249580598478,9.40744386111339,10.307427203891306,17.057449903806305
20160713,2020,2020,2000,2010,726,722,3.1622776601683795,6.103277807744776,9.5524865872714,10.361185582481838,17.072913488875848
20160712,2015,2020,1995,2000,14528,-8,4.898979485566356,5.38516480699615,8.699856320652657,10.326610716825323,17.078200448355034
20160711,2000,2015,1990,2000,7596,-2724,6.0,5.477225574915633,8.717797887081348,10.214368964419482,17.0097500634448
20160708,2020,2020,1980,1995,13148,1094,6.0,6.103277807744776,8.874119674649425,10.250677484773949,16.992441129931667
20160707,2000,2000,1980,2000,13946,475,4.898979485566356,6.103277807744776,8.407585860400118,10.250677484773949,16.862135013718145
20160706,2000,2000,1990,1995,2007,2000,2.449489742783178,6.633249580598478,7.660776723022281,10.250677484773949,16.7653329489016
20160705,2010,2010,1990,2000,824,820,2.449489742783178,6.7268120234260955,6.49519052838329,10.199060414631152,16.37240225361543
20160704,2015,2015,1990,1990,10098,693,3.7416573867739413,7.433034373559017,6.94172168845741,10.250677484773972,16.342471933202905
20160701,1970,1995,1970,1990,49258,8224,4.47213595499958,6.633249580598478,7.22841614740048,8.645808233355863,16.27748743574566
20160630,1960,1970,1950,1970,7232,2227,10.198039027185569,9.999999999925494,9.604686356149273,9.464480381767048,16.324827717272722
20160629,1965,1965,1950,1960,6014,4871,14.696938456699069,13.228756555266632,12.891373084353738,10.750968948950524,16.503314061079852
20160628,1960,1960,1950,1960,6136,6083,13.564659966250536,15.459624833692112,15.297058540778355,11.87054009850385,16.7119696790711
20160627,1960,1960,1945,1960,1860,1541,11.661903789690601,16.462077633109068,16.815171720800237,12.783181224960734,16.839468766323055
20160624,1960,1960,1950,1960,7160,7107,4.0,17.03672503735709,18.2414363469547,13.646326327264395,17.06096096026029
20160623,1960,1960,1945,1960,7200,7197,0.0,16.194134740655638,19.35846068260594,14.452988926061511,17.28358244753846
20160622,1960,1960,1940,1945,2649,1199,6.0,16.800297616367097,21.46363203188128,15.885659151405564,17.741928916138306
20160621,1960,1960,1950,1960,2071,981,6.0,13.49999999994481,21.788758569500924,16.519979486373206,17.94358443067774
20160620,1960,1960,1940,1960,2196,2000,6.0,10.78192932635481,21.587033144922902,16.910713238364384,18.14505595346
20160617,1950,1960,1945,1960,4502,4199,6.0,5.678908345669076,20.69269194667528,17.336538165491003,18.321776660538113
20160616,1950,1960,1950,1955,12002,12000,5.830951894845301,4.582575694793255,20.068632240389476,17.992861238933813,18.566275803748628
20160615,1955,1955,1940,1945,112,-38,5.830951894845301,5.937171043393469,19.638928178492836,18.96634446144524,18.915748876377997
20160614,1950,1950,1940,1950,94,19,5.830951894845301,6.103277807744776,19.253246479490155,19.546241468976287,19.167391290614617
20160613,1950,1950,1945,1950,506,10,5.0990195135927845,6.103277807744776,18.525320510047862,20.185941202485342,19.448605705487722
20160610,1950,1955,1935,1955,3920,-14,3.7416573867739413,5.830951894717524,17.66882848408462,20.625462957960387,19.670726981955728
20160609,1950,1955,1950,1955,3998,0,3.7416573867739413,5.499999999864535,16.015617378046965,20.97270050982089,19.86604445330936
20160608,1950,1955,1935,1955,7570,500,2.449489742783178,4.71699056587035,14.439529078193651,21.281675738301196,20.025981388041817
20160607,1960,1960,1885,1945,743792,-126817,4.0,5.099019513446667,11.96609794377432,21.89558555222132,20.297740364078237
20160603,1960,1960,1945,1960,1504,-1,4.898979485566356,5.099019513446667,9.67923034130297,21.834446536689057,20.297740364078237
20160602,1960,1960,1960,1960,1,0,5.477225575051661,5.099019513446667,6.299801584177076,21.92727879978575,20.390927653105873
20160601,1965,1965,1940,1945,188,0,6.782329983125268,5.567764362696206,5.916079783099616,22.348875189373654,20.6558691551384
20160531,1970,1970,1940,1940,87,58,8.366600265340756,6.3442887701073225,6.6332495807108,23.025348350777374,21.005290338885228
20160530,1970,1970,1945,1960,35496,-135,8.717797887081348,6.800735254258166,6.6332495807108,23.029419590485716,21.05445156146791
20160527,1960,1985,1945,1950,30617,-24881,8.0,6.800735254258166,6.5383484153110105,23.19961685524577,21.05445156146791
20160526,1970,1975,1960,1960,6003,630,8.0,7.141428428438521,6.5383484153110105,23.228335187084276,21.17125934423518
20160525,1975,1975,1975,1975,1,0,11.661903789690601,9.746794344732523,7.949056547792323,23.239543646484776,21.14233345417511
20160524,1975,1975,1955,1975,53,1,9.695359714832659,11.445523142194501,8.842369591913696,23.111444976393653,21.025117254231866
20160523,1975,1975,1960,1960,1114,1092,9.695359714832659,10.735455276722542,8.842369591913696,23.255226413938402,20.896404528551436
20160520,1970,1975,1950,1975,6411,3263,7.3484692283495345,11.832159566136262,9.759610647971568,23.26343697754016,20.776547609124044
20160519,1975,1975,1970,1970,12,0,5.830951894845301,12.206555615672665,10.173494974687902,23.14492384969074,20.685769061490294
20160518,1960,1975,1950,1970,4557,376,5.477225575051661,11.191514642733122,10.54454835448157,23.01494079957591,20.533001891231315
20160517,1985,1985,1960,1960,462,343,6.0,8.200609733337508,10.136567466356647,22.96903108311,20.624957912382055
20160516,1985,1985,1960,1985,1554,1500,8.12403840463596,9.79795897105667,11.453711188955307,22.96903108311,20.470125589876297
20160513,1995,2000,1950,1950,24223,1383,11.661903789690601,9.79795897105667,11.453711188955307,22.974019142578012,20.72572207558033
20160512,1985,1985,1955,1955,444,-331,12.409673645990857,10.30776406397187,11.453711188955307,22.855828335391273,20.92641705008763
20160511,1990,1990,1960,1960,3986,-1317,12.083045973594572,10.198039027112511,11.390785749894517,22.38473562267099,21.064344215305283
20160510,1990,1990,1970,1990,623,281,16.30950643030009,12.298373876188261,12.987975207860538,22.42951924008448,21.06471509944687
20160509,1990,1995,1960,1980,552,-178,15.362291495737216,12.539936203925038,12.90348790056394,21.678842732724668,21.073779126329235
20160504,1990,1990,1985,1990,1331,582,14.832396974191326,13.928388277130628,14.044571905188139,21.522597943329455,21.042945505660533
20160503,1995,1995,1965,1995,514,474,12.489995996796797,15.660459763318249,15.368392889303683,21.522597943329455,21.042945505660533
20160502,1995,1995,1980,1980,2,0,6.0,15.724185193469005,14.713938969562161,21.441781642577816,21.040594032034022
20160429,1960,1990,1945,1985,3632,3430,5.830951894845301,15.198684153521642,13.497684986693088,21.320308524117156,21.028708881452182
20160428,1945,1970,1940,1970,2590,-238,8.602325267042627,15.074813431631911,13.254716141811564,21.15600125016247,21.084486134459137
20160427,1960,1965,1945,1965,1658,-192,10.677078252031311,13.076696830565044,12.399596767637245,20.655238776079923,21.17548208814409
20160426,1950,1965,1945,1960,2172,-1618,9.273618495495704,12.298373876188261,12.399596767637245,20.422618180373437,21.298800174834597
20160425,1965,1970,1940,1955,9324,-1810,10.295630140987,13.076696830565044,12.951833846988619,20.224263480812333,21.47285107599779
20160422,1970,1970,1945,1945,2038,-1499,8.602325267042627,15.370426148890925,14.142135623730951,20.16942129966899,21.777122297360663
20160421,1965,1970,1960,1970,123,0,8.602325267042627,15.173990905444416,13.955285736952863,19.67284507490766,21.819174798500896
20160420,1965,1965,1945,1965,58583,-46808,8.602325267042627,13.928388277130628,13.96424004376894,18.989031922173343,21.89364284948648
20160419,1960,1965,1955,1965,4127,-244,8.94427190999916,10.908712114567415,14.00669482783144,18.04777610206329,21.95161187447377
20160418,1990,1990,1955,1960,157,1,8.602325267042627,9.949874370991319,14.16642156650719,17.25704365073982,22.063316399721167
20160415,1990,1990,1950,1990,3969,0,10.488088481701515,11.056672193680605,14.686303142724515,16.620770138834846,22.02425273038754
20160414,1990,1990,1980,1990,3,0,13.19090595827292,13.425721582042057,14.966629547095765,16.341834522584655,22.00930989878765
20160412,1990,1990,1955,1960,10839,-1,14.0,13.56465996619561,14.413535305399574,15.802601755097365,22.116484550839886
20160411,1990,1995,1960,1990,124,-20,14.696938456699069,15.132745950372321,14.428704030508076,15.665558471698553,22.07609944408924
20160408,1990,2000,1960,1995,4926,-1990,12.649110640673518,16.155494421357396,14.832396974191326,15.50000000025755,22.05103770545821
20160407,1990,1990,1960,1990,127,-121,12.649110640673518,13.829316685885455,14.832396974191326,15.359352923551379,22.035325174687266
20160406,1990,2000,1990,1995,1682,1428,13.19090595827292,14.491376746138025,15.433324334050653,15.189543187015412,21.930722678946843
20160405,1990,1995,1980,1995,1662,1505,2.449489742783178,14.177446878705272,15.700318468107582,15.332201045410047,21.8249029525343
20160404,1965,1995,1960,1995,179,-39,2.0,13.190905958216437,15.700318468107582,15.473094928767505,21.120684963608205
20160401,1980,1995,1960,1965,12354,-8815,11.661903789690601,12.25765067207048,15.848895860595462,15.467483814878863,21.16059624235542
20160331,1990,1990,1960,1980,2272,-513,12.0,12.338962679192683,15.732132722552274,15.540940555234016,21.13510606389253
20160330,1990,1990,1960,1980,1028,-642,11.224972160321824,12.338962679192683,15.724185193516387,15.606934000529154,21.10884490757339
20160329,1990,1990,1960,1990,1486,-1277,10.295630140987,9.28708781042313,15.833114033569013,15.850648427226552,20.973528288953744
20160328,1995,1995,1990,1990,2092,2090,9.16515138991168,9.28708781042313,15.594470173750693,16.07512744055879,20.885559538132476
20160325,1995,1995,1960,1995,2020,2000,6.0,9.28708781042313,15.039531242695032,16.402913020666166,20.855987682698622
20160324,2000,2000,1960,1960,41,0,12.489995996796797,12.338962679192683,13.564659966250536,16.152700152922,20.895906031745643
20160323,1960,1970,1955,1960,7734,-386,15.620499351813308,13.747727084813326,14.13329402510257,16.152700152922,20.930440352080243
20160322,1980,1980,1960,1960,2161,-2151,16.0,14.186260959058588,14.446020213193666,16.152700152922,20.804605192622112
20160321,1955,1965,1955,1965,461,-2,13.638181696985855,13.313526955638384,14.446020213193666,16.11934655441459,20.693530926859243
20160318,1955,1975,1955,1955,2971,1722,3.1622776601683795,14.326548781842398,14.832396974191326,16.11934655441459,20.75648325754825
20160317,1960,1985,1955,1955,22386,-18036,3.7416573867739413,15.132745950372321,15.594470173750693,15.920810979036418,20.812489572871424
20160316,1960,1960,1960,1960,52,0,3.7416573867739413,15.132745950372321,15.833114033569013,15.770929656497952,20.71633815772776
20160315,1965,1995,1960,1960,8465,-241,3.7416573867739413,13.56465996619561,15.833114033569013,15.617831689279118,20.7136562575084
20160314,1965,1970,1950,1965,10819,-1678,3.7416573867739413,10.96585609966271,15.724185193516387,15.515225497240012,20.671664382240618
20160311,1965,1970,1960,1960,30780,-4471,3.1622776601683795,3.162277659932771,15.400892831261439,15.449514555738778,20.611485471260828
20160310,1970,1970,1960,1970,2353,-382,4.0,4.358898943369746,14.956186011146023,15.329709717016312,20.488775721214267
20160309,1970,1970,1965,1970,1269,-251,4.47213595499958,5.099019513446667,14.062361110425233,14.980311152649888,20.4103306494747
20160308,2000,2000,1965,1965,40,-1,3.7416573867739413,5.123475382834379,13.038404810405298,14.935974469090313,20.16903395193286
20160307,1970,2010,1970,2000,1676,162,14.0,12.409673645930818,13.5531361684298,15.33967260287976,20.11839953869753
20160304,1960,2000,1960,2000,18971,16176,15.620499351813308,15.402921800700991,14.949916387726054,15.39187195341121,20.067550852580077
20160303,1975,1980,1975,1980,2635,0,14.696938456699069,14.696938456648374,14.949916387726054,14.844331129244278,20.038114723329933
20160302,1990,1995,1970,1975,10955,1190,13.92838827718412,14.04457190513509,14.85555451674558,14.753530651157728,19.88469365279064
20160229,1980,1995,1965,1990,11133,4585,10.198039027185569,13.829316685885455,14.85555451674558,14.602130742813044,19.75896421033584
20160226,1995,1995,1975,1980,2681,1300,8.94427190999916,13.190905958216437,14.394009170484782,14.51436070499318,19.652537297277636
20160225,1980,2000,1975,1995,1445,49,7.3484692283495345,12.298373876188261,14.394009170484782,14.76105988392677,19.716700126734064
20160224,1990,1990,1980,1980,296,-276,7.3484692283495345,11.629703349548942,14.271912976192084,14.77869149249031,19.609689710809345
20160223,2000,2000,2000,2000,1,-1,8.0,11.629703349548942,15.188400179084036,15.013651195835257,19.716700126734064
20160222,1990,2000,1990,2000,1812,-1,9.16515138991168,9.746794344732523,15.801503093060482,15.34872416005045,19.821731550632315
20160219,2000,2000,1990,2000,44,-42,7.745966692414834,9.746794344732523,16.38596960817394,15.647150965633205,19.821731550632315
20160218,2010,2015,1995,2015,18898,787,11.135528725660043,12.05197079313213,17.363755354185336,16.401854570179427,20.008852207593826
20160217,2010,2010,1995,1995,1203,-1101,6.782329983125268,11.445523142194501,16.537835408541227,16.418147141609424,19.967638749258462
20160216,2010,2010,1995,2010,2463,1850,7.3484692283495345,10.735455276722542,16.650825805346713,16.917077170953082,20.172003426057802
20160215,2010,2010,1995,2010,14058,1605,7.3484692283495345,11.191514642733122,16.38596960817394,17.020208577099798,20.232974667298784
20160212,2010,2020,1975,2010,3805,1200,6.782329983125268,9.759610647895226,16.161296358893985,17.19657588679221,20.293677176204383
20160211,1995,2010,1995,2010,26,26,6.0,9.79795897105667,15.122417134836613,17.43320586337026,20.222675323034974
20160205,2005,2010,1970,1975,3557,2857,14.0,11.011357772704958,14.781745499094482,17.402705728554036,20.214088527526183
20160204,1990,2005,1990,2005,2577,2193,13.638181696985855,10.999999999932268,14.00669482783144,17.688665548787718,19.998437438926718
20160203,2000,2000,1975,2000,860,723,13.038404810405298,10.999999999932268,12.257650672131263,17.822426571510103,19.998437438926718
20160202,2000,2005,1990,2005,1934,1673,12.409673645990857,10.96585609966271,12.376893794486563,18.000000000221675,20.090766259342985
20160201,2000,2000,1990,2000,14,6,11.224972160321824,10.295630140914634,12.376893794486563,18.16284363465338,20.16167293540447
20160129,2000,2005,1995,2005,10840,10700,2.449489742783178,10.049875621046754,11.874342087037917,18.40893502886217,20.252571853108734
20160128,1980,2000,1975,2000,2248,1882,2.449489742783178,9.79795897105667,10.638961415476606,18.492490968774373,20.29260778101772
20160127,2000,2000,1980,1980,7738,3949,9.273618495495704,11.357816691534948,11.277743568639961,18.35964021697779,20.08104240042221
20160126,2000,2000,1980,1980,13275,13077,10.770329614269007,11.999999999937911,11.277743568639961,18.12974075953595,19.97876476825664
20160125,1995,1995,1975,1975,4352,-2545,12.083045973594572,12.499999999940394,12.397076268217438,17.797276633337322,19.874432207090138
20160122,1995,2005,1995,2000,21866,-295,10.770329614269007,11.180339887432309,11.712706775122479,17.219175357954242,19.874432207090138
20160121,1990,2000,1975,1995,3236,3000,9.695359714832659,10.67707825196153,11.736694594305503,17.177787660140268,19.77933826549535
20160120,2000,2000,1960,1975,8101,-1724,10.488088481701515,11.842719282264099,12.794041581923986,17.036521228335726,19.55223594769208
20160119,2005,2005,2000,2000,20845,2377,11.575836902790225,11.357816691534948,12.794041581923986,16.955005816283283,19.356128802549573
20160118,2000,2000,1995,2000,694,575,9.695359714832659,11.357816691534948,12.155245781143218,16.73735011574014,19.234661999132953
20160115,2000,2000,1990,2000,1906,1777,9.695359714832659,10.82820391378505,12.173228823939851,16.827556764861736,19.112059892434427
20160114,1990,1990,1990,1990,1473,1300,9.797958971132712,10.356157588532046,11.861176164276458,16.827556764861736,19.032136564791923
20160113,1995,2005,1995,1995,721,179,4.0,9.949874370991319,11.40175425099138,16.51997948637343,18.98642607229353
20160112,1990,2005,1990,2005,6696,5912,5.0990195135927845,10.01249219717598,11.121488209767612,16.682492486542053,19.088563693676804
20160111,1990,2005,1990,1990,495,50,5.830951894845301,8.062257748206136,10.59186008215743,16.653953484822853,19.008358906859918
20160108,2000,2000,1990,2000,3502,2899,5.830951894845301,8.062257748206136,9.746794344808963,16.735482929896744,19.054016782668768
20160107,1990,2000,1990,2000,5233,5000,5.0990195135927845,8.200609733337508,9.54921462739214,16.787892462763445,19.054016782668768
20160106,2000,2000,1985,1995,6120,4800,5.0990195135927845,4.609772228484818,9.473647660748208,16.787892462763445,19.088563693676804
20160105,1990,1990,1990,1990,2,0,4.47213595499958,5.024937810412173,9.202581159652981,16.760361637810764,19.088563693676804
20160104,2000,2000,1990,1990,841,452,4.47213595499958,5.220153254312548,9.12071817347735,16.51934892472657,19.116555870030574
20151230,2000,2000,1990,2000,15559,14451,4.47213595499958,5.220153254312548,8.860022573334675,16.56971802908943,19.168070600720924
20151229,2000,2005,1990,2000,13191,13042,4.47213595499958,5.024937810412173,8.860022573334675,16.613247726076178,19.213665203552942
20151228,1990,1995,1985,1985,19943,10825,6.0,6.103277807744776,8.554969316134336,16.615546602410177,19.157787798490684
20151224,1985,2000,1985,1990,431,-15,6.0,5.38516480699615,8.042853971072706,16.615546602410177,19.120233610811297
20151223,1990,1995,1985,1995,1070,-549,5.830951894845301,5.220153254312548,6.796138609534093,16.615546602410177,19.110379306044305
20151222,1995,1995,1995,1995,6008,-6008,5.0990195135927845,4.898979485414272,6.689544080129826,16.235249716013247,18.92414499753033
20151221,1990,1990,1990,1990,1307,-58,3.7416573867739413,4.582575694793255,6.7592529172978875,15.80611695962382,18.873436285448527
20151218,2000,2000,2000,2000,1009,-9,3.7416573867739413,5.024937810412173,5.220153254455275,15.407429665484852,18.888883782643635
20151217,2000,2000,1995,2000,1437,1045,3.7416573867739413,5.220153254312548,5.220153254455275,15.122417135100235,18.898440191331353
20151216,2000,2000,1990,2000,6473,5958,4.0,5.220153254312548,5.220153254455275,14.456832295076694,18.8524976240637
20151215,2000,2000,1990,2000,12270,6006,4.0,5.220153254312548,5.220153254455275,13.718144918609504,18.663643728406363
20151214,2000,2000,1990,1990,52,0,4.0,5.220153254312548,5.220153254455275,13.083864108434147,18.47290621119342
20151211,2010,2010,1990,1990,11070,6482,4.898979485566356,4.4721359548329795,5.356071321407137,12.397076268538916,18.27409938497633
20151210,2000,2000,1990,2000,3953,1143,4.898979485566356,4.358898943369746,5.0,11.890705988159791,18.19569546161926
20151209,1995,2000,1995,2000,9595,5824,4.898979485566356,4.499999999834432,4.9749371855331,11.098047876750048,18.109188505617563
20151208,2000,2000,1995,1995,2094,1557,4.47213595499958,4.499999999834432,4.866980583482946,10.64940008780736,17.979106315040976
20151207,1995,2000,1995,2000,1011,100,4.0,4.031128873964449,4.866980583482946,10.185433499047758,17.72396369008766
20151204,2010,2010,2005,2005,4317,4316,3.1622776601683795,4.582575694793255,5.3091901453988255,9.490858174941659,17.71646871945833
20151203,2000,2010,1995,2010,122779,58452,5.0990195135927845,5.830951894717524,5.973901572674261,9.65336728856661,17.75757858551887
20151202,2000,2005,2000,2000,2914,1291,5.0990195135927845,5.830951894717524,5.80409338312195,9.65336728856661,17.46643606714159
20151201,2000,2005,2000,2000,409,-21,4.0,5.830951894717524,5.80409338312195,9.44685426814254,17.056075815406
20151130,2000,2010,2000,2010,14788,4543,4.47213595499958,5.830951894717524,6.417748826496718,9.204467514755487,17.065234314854195
20151127,2000,2010,1995,2000,10162,5377,4.898979485566356,4.582575694793255,5.722761571129799,9.172725270978933,16.818268836753713
20151126,2010,2010,2000,2000,10801,86,4.0,4.582575694793255,5.385164807134504,8.91471941399103,16.71056718230143
20151125,2000,2010,1995,2010,84960,-19460,4.898979485566356,5.099019513446667,5.80409338312195,9.059602027509541,16.82833052717907
20151124,2010,2010,1995,2010,28180,5483,4.898979485566356,4.71699056587035,6.103277807866851,8.91121328609005,16.940254491030394
20151123,2000,2010,1995,2010,74329,34105,4.898979485566356,4.71699056587035,5.937171043518958,9.041186623641888,16.90640082594582
20151120,2015,2015,2010,2010,2001,2000,4.0,4.898979485414272,6.2048368229954285,9.166287871395847,17.005666947579137
20151119,2010,2010,2000,2010,2297,-70,0.0,4.898979485414272,6.422616289332565,9.286713927085328,17.063555624611393
20151118,2005,2015,2005,2010,5366,0,0.0,4.582575694793255,6.59545297913646,9.159087776457547,17.114757683186948
20151117,2010,2020,2000,2015,17910,5765,2.0,4.499999999834432,7.048936089935842,9.392668536160897,17.107503227102345
20151116,2020,2030,2010,2010,11876,1000,2.0,4.499999999834432,6.417748826496718,9.392668536160897,17.2215445654817
20151113,2015,2020,2015,2020,5010,2105,4.0,4.71699056587035,6.299801584177076,9.676718911741382,17.10258062069986
20151112,2035,2035,2015,2020,26183,-16563,4.47213595499958,4.031128873964449,6.796138609534093,9.949874371466414,17.05302188921965
20151111,2050,2050,2035,2045,1081,0,12.083045973594572,10.440306508839186,10.476163419878482,11.485195785452909,17.577161238973446
20151110,2075,2075,2025,2050,5668,3972,15.620499351813308,14.317821063224315,13.179055353097201,12.752995291179642,18.402851152856815
20151109,2055,2060,2030,2040,8991,4799,12.649110640673518,15.033296378323348,14.16642156650719,13.695852981718565,18.917538526127977
20151106,2030,2070,2030,2065,18536,563,14.628738838327793,18.848076824931233,17.781661902083282,15.929532322323805,20.076243561837018
20151105,2060,2070,2045,2070,19870,1178,11.575836902790225,21.383404780308254,21.063890903629368,18.122078308797242,21.30038960256052
20151104,2075,2075,2065,2070,2652,0,12.0,22.07374005461036,23.12331074911203,20.00885220782598,22.409966470766253
20151103,2080,2090,2075,2075,50957,12370,12.409673645990857,22.477766792955876,24.974987487484352,21.937252689512192,23.6025760717102
20151102,2100,2100,2080,2080,74078,49345,5.0990195135927845,20.862646044989354,27.09243436828813,23.882088825616133,24.76805598388509
20151030,2100,2100,2085,2090,84972,83063,7.483314773547883,20.180436070573645,28.978440261684202,25.860066812819824,26.089988501312966
20151029,2100,2100,2080,2090,114136,66787,8.0,16.770509831203995,30.083217912982647,27.575527596587705,27.255988128987916
20151028,2095,2095,2085,2090,71804,53313,6.324555320336759,16.155494421357396,31.12876483254676,28.973647030192254,28.273189842809195
20151027,2090,2090,2080,2085,104577,60554,4.0,14.739402972933126,31.32391259086259,30.356561619216333,28.94436113762585
20151026,2090,2090,2075,2080,169063,105868,4.0,8.789197915538702,30.81700017847292,31.39090455684308,29.738413943711365
20151023,2090,2090,2070,2075,318099,46695,5.830951894845301,7.5663729751123086,29.702693480558292,31.839004730521374,30.333533653162224
20151022,2090,2090,2060,2080,1144309,95861,5.0990195135927845,6.7268120234260955,28.34607556611673,32.7473493415395,30.991822398080927
