date,open,high,low,close,volume,korcom,standard deviation5,standard deviation10,standard deviation20,standard deviation60,standard deviation120
20201230,17830,18095,17715,18095,165,-57,,,,,
20201229,18015,18015,17720,17810,358,-307,,,,,
20201228,17950,18060,17845,17915,1471,1084,,,,,
20201224,17960,17960,17790,17790,836,356,,,,,
20201223,17845,17845,17830,17830,2,0,111.91961400934154,,,,
20201222,17870,18095,17830,17865,229,-3,44.11349000022555,,,,
20201221,17550,17885,17510,17880,316,48,42.82522621072771,,,,
20201218,17465,17505,17405,17485,18,12,145.84238067173752,,,,
20201217,17320,17320,17310,17310,2,-2,233.01072936669675,,,,
20201216,17170,17270,17170,17270,265,150,263.67783372896554,259.99038443758025,,,
20201215,17090,17125,17045,17125,26,-26,259.7190790065297,283.71817002088767,,,
20201214,16865,16995,16845,16995,847,819,166.7513118389178,332.5811930942605,,,
20201211,16930,17010,16710,16725,370,261,211.730961363708,387.75797864132016,,,
20201210,17040,17040,16890,16930,83,-38,183.66817906213367,393.1542318225801,,,
20201209,17330,17330,17015,17040,484,158,134.85547819795826,365.45348541230726,,,
20201208,17395,17410,17345,17410,135,-135,222.82279955157193,312.02724240040925,,,
20201207,17280,17400,17280,17300,761,572,247.95967414077637,225.23099253878027,,,
20201204,17460,17460,17275,17365,426,159,189.43072612435395,210.24033866031553,,,
20201203,17525,17525,17385,17460,579,-579,147.2412985544477,226.0884782557574,,,
20201202,17535,17550,17445,17550,428,-179,84.82924024179398,253.41665296504078,370.7610416427281,,
20201201,17160,17420,17140,17340,5846,-2848,90.42123644365851,256.09617334119577,341.18717370382024,,
20201130,17200,17250,17200,17240,642,539,105.94338110519222,245.72138694058287,331.05465938421827,,
20201127,16930,17005,16930,17005,152,-79,188.95502110290693,197.02537907590352,318.2305571437174,,
20201126,17200,17200,16860,16930,285,89,225.290923030645,197.02537907590352,313.3627091726148,,
20201125,17455,17460,17200,17200,565,-348,152.2366578718805,184.26882536121892,289.5378861220079,,
20201124,17690,17690,17385,17395,427,-57,167.31407591712062,183.2627894582078,257.718232765943,,
20201123,17525,17580,17425,17580,861,857,241.21774395761187,204.56111556208145,227.43391897428316,,
20201120,17565,17565,17475,17475,5,-3,229.63884688789045,210.28849231473217,226.88915245114913,,
20201119,17230,17435,17225,17435,208,206,124.76377679438852,208.72230355188012,230.63553498973394,,
20201118,17225,17225,17225,17225,5,4,116.17228585166085,194.4125767536745,230.53673785321243,,
20201117,17400,17405,17225,17225,353,-121,141.26570709128242,194.07215153134013,229.14992363079853,,
20201116,17335,17365,17260,17365,1496,-26,104.11532067856297,195.6917218484302,223.38573701111895,,
20201113,17355,17430,17200,17200,93,49,92.951600308978,175.65876010038116,187.66392834000035,,
20201112,17330,17330,17210,17330,2036,35,65.68104749469211,124.16118556136225,169.34506192977932,,
20201111,17705,17705,17330,17330,317,-273,65.0384501660364,114.97391008399667,158.21188324522527,,
20201110,17915,17915,17645,17645,651,88,146.74467622370497,144.20124826090378,172.67364448577783,,
20201109,17690,17930,17645,17915,571,-115,260.679880313,210.30275794673403,214.36475923061792,,
20201106,17860,17880,17460,17460,238,171,221.8873588107263,209.91903200996956,215.46156849888752,,
20201105,17615,17785,17540,17540,204,-1,197.44872752185566,213.3547515290029,217.91210957631702,,
20201104,17170,17305,17170,17305,79,-10,203.8774141487968,207.17202996544324,214.2626892391692,,
20201103,17050,17140,17050,17095,60,34,272.26090428116925,223.1821005367648,221.75704611128097,,
20201102,16750,16875,16750,16865,38,36,246.3452861331022,278.67588700855134,244.50766859139776,,
20201030,16975,16975,16795,16795,38,-38,276.36931812341254,325.68543105273085,261.95371728609,,
20201029,16620,16945,16520,16945,15,-15,181.8350901228913,345.33643016629935,260.86814197981477,,
20201028,16565,16670,16565,16670,113,112,142.70248771482576,391.29943777113164,295.89894812249804,,
20201027,16370,16455,16265,16320,34,28,218.98401768165638,446.5691435824966,362.1242880559115,,
20201026,16255,16330,16075,16325,192,-115,251.1453762265991,406.10466631153776,403.4546907646518,,
20201023,16810,16810,16690,16695,16,-16,239.40342520523802,369.8746409258222,410.04656747740347,,
20201022,16925,16925,16710,16785,264,260,196.86035659827502,291.11853256020356,410.6801523083393,,
20201021,17010,17010,16840,16840,53,-53,225.66789758403831,235.3407104604016,413.4655366532993,,
20201020,16715,16885,16710,16885,45,-1,200.75856146127367,210.16957439174374,414.24600179120716,,
20201019,16890,16930,16780,16780,153,11,63.92182725798755,205.4969586149799,412.71623120492944,,
20201016,16980,16985,16895,16895,4,0,48.228622207149975,212.01179212488793,412.01820348135203,,
20201015,17000,17030,16905,16905,110,108,46.195237849804386,207.9543219074966,406.45564026102625,,
20201014,17165,17165,16935,16940,636,633,53.79591062525106,218.27963716298999,399.43859039907596,,
20201013,16915,17085,16900,17085,819,758,98.05100713404222,191.08963865161846,370.43378288163836,,
20201012,16510,16945,16495,16945,1200,760,68.2934843158555,102.65110812848417,297.5351869947499,,
20201008,16255,16330,16250,16330,254,0,262.8193295783246,188.9550211029227,293.808930259107,,
20201007,16250,16250,16190,16250,454,452,347.778665245584,259.3111065882182,275.68766294486375,,
20201006,16140,16245,16140,16170,10,8,380.75451409011555,316.76529165930833,279.1397499461529,438.0800599078783,
20201005,16145,16220,16085,16110,654,548,301.27064244628946,358.59308414971855,296.0712540926606,442.672086751458,
20200929,16100,16100,15700,16000,3209,3153,113.56055653262712,402.0708892720382,326.978974859242,457.8801623302293,
20200928,15960,16035,15890,15890,46,-44,126.74383614203887,431.0814888162193,362.2198055048906,472.2163757808038,
20200925,15935,16070,15910,15910,18,-18,109.47145746723207,432.2915682730913,381.0022965810059,486.4342767070978,
20200924,16150,16150,15900,15910,65,-12,82.365041127896,404.3451495937714,403.05427674198023,497.22393233722255,
20200923,16095,16110,16040,16110,781,409,82.365041127896,296.9448602013679,410.2389547568597,498.2645646530475,
20200922,16215,16280,16100,16100,616,370,99.11609354691093,142.1126313879608,417.57417005844695,497.41539621215094,
20200921,16380,16380,16185,16185,1087,-294,112.49888888340186,121.57405150775598,419.0372149344265,502.40324524562504,
20200918,16325,16325,16180,16300,275,96,127.45195173083854,129.88552652243618,413.0115010505165,506.60182562069843,
20200917,16350,16360,16135,16325,49,31,93.66963221877195,148.92615619833336,402.3769221762113,510.2276180512229,
20200916,16555,16590,16295,16295,107,-54,85.4049178911847,161.9297687270944,387.1701015057862,515.3464584357058,
20200915,16290,16490,16290,16440,268,197,81.32650244538985,186.07861241961695,376.1797276568752,518.401462564383,
20200914,16680,16680,16240,16240,506,-498,66.10597552415364,166.41889916716136,355.6733051551673,524.5559232976682,
20200911,15970,16195,15910,16195,1343,1030,83.51047838445186,139.74977638625992,330.2351434962681,531.674105224873,
20200910,16220,16220,16065,16065,355,12,122.82507887235408,111.32048329040602,297.0541827680613,540.844401530301,
20200909,17440,17440,15980,16255,865,-864,120.72282302862206,104.57055034764558,225.95837559161376,541.0178871041784,
20200908,17455,17455,16495,16575,4067,-3635,168.35676404587966,133.94495137932302,173.32393804665526,538.4255339000543,
20200907,17095,17110,16695,16695,3324,2298,238.1931988953505,175.77044689028045,204.31348462595608,533.8450930123236,
20200904,17475,17475,16955,17030,784,701,337.91123094682723,270.6201212031516,272.8827587078392,527.8497787144482,
20200903,17605,17605,17475,17475,846,833,416.4180591665064,415.1689415165925,382.3920599332585,526.1519834821735,
20200902,17540,17560,17470,17505,545,-277,384.58289093510126,498.10766908371033,459.8070247397279,529.4087635172768,
20200901,17155,17410,17155,17275,457,304,302.6945655276949,525.5558961709083,490.74146706794687,529.913587033042,
20200831,17320,17515,17320,17340,343,-243,170.08821240756222,526.3924391554327,511.0060542694194,533.8008367671752,
20200828,16900,17305,16830,17305,1252,1243,92.62828941527529,494.5361463027807,519.315896155703,537.4109422344659,
20200827,17100,17100,16670,16780,646,495,243.8319093145932,404.6421258346749,497.25722719735387,535.0317942266015,
20200826,17010,17010,16635,16635,1174,366,297.80194760948086,343.98437464513506,483.05867914778304,529.8675083347647,
20200825,16895,16955,16855,16865,1844,-1308,285.4295009279875,312.5335981938654,467.98664510859794,519.949409932247,
20200824,16605,16895,16590,16895,2086,1668,223.52628480784983,292.3307202467855,455.1617844239571,512.2670202150466,
20200821,16395,16625,16395,16605,958,-813,117.66052864066182,329.47837561819534,445.694612374887,505.2815771648765,
20200820,16580,16580,16295,16305,1311,664,213.0352083576797,369.48477641170183,446.64548301757264,504.7806179145798,
20200819,16710,16735,16580,16580,1043,-543,215.49941995281566,333.21952223722707,436.69611859965136,501.2106108103575,
20200818,16595,16835,16595,16705,460,217,191.7706964058899,304.62312781534854,430.9810755706111,494.3509985043268,
20200814,16155,16375,16150,16375,582,389,149.74645237867907,269.5830113341839,423.6814841363743,492.2523630099621,
20200813,16195,16355,16120,16160,310,-93,194.70490492024078,230.79698871520702,426.1304817775898,490.29087171687326,
20200812,16380,16380,15880,16155,290,32,220.7034209068813,254.43270230064326,419.0652544652214,487.6291495593783,
20200811,16530,16750,16500,16500,2657,241,209.31793998604132,251.96676368125983,407.0730892603941,471.07622053714204,
20200810,16510,16510,16210,16495,1406,61,153.2514273995515,223.31871842729183,409.53205002783454,441.5298215673953,
20200807,17500,17500,16335,16565,1280,-458,179.3042107704111,179.21286226163636,411.9177709203632,427.9262900573238,
20200806,17055,17055,16670,16670,1513,-331,172.9335132355785,185.9677391377553,408.340850270948,410.50526962377893,
20200805,17000,17085,16725,16965,3089,1870,174.79702514631077,233.48661631881134,377.63275811295927,402.9293689828174,
20200804,17115,17165,16855,17005,2720,-822,208.0384579831335,275.9116706484298,340.4871510057329,401.20453186484747,
20200803,16770,17080,16770,17080,2173,708,201.75727991822254,315.74673394986587,326.65071177023447,404.61782379590727,
20200731,16375,16765,16365,16595,1646,-477,193.25113195011303,307.05699796618745,292.1104243261455,403.7422513876373,
20200730,16595,16665,16510,16510,1399,1293,231.93533581582605,270.51617326882143,253.43872533612694,401.1488622970589,
20200729,16220,16615,16220,16510,839,217,250.05999280172747,221.56770974130418,251.8624376519865,401.07296198240016,
20200728,15990,16300,15950,16135,2694,-295,302.3474822121064,273.7078734709819,272.024240647779,403.7410129718778,
20200727,15930,16000,15840,15840,1363,341,287.20376042106415,366.36900796875193,308.34031523626743,413.38852958069765,
20200724,16755,16755,15600,15950,2463,-139,278.53904573685895,413.5625708402633,321.3038865311168,420.45795139215915,
20200723,17500,17500,16350,16755,1815,381,344.4502866888051,417.29156473622584,325.73177232195326,420.2003159869801,
20200722,16540,16875,16495,16725,994,-599,386.566941162847,398.3117497639354,326.48841863073915,419.14856654095297,
20200721,16540,16565,16450,16535,2000,1286,389.4534632019595,363.38719019801476,326.1790152661584,416.8925637646041,
20200720,16260,16425,16100,16355,910,-91,294.5912422323515,299.939993998814,324.7137200673861,416.4569472213078,
20200717,16090,16370,15890,16175,3420,1176,220.50850323740352,297.83216750379535,331.2385847089689,416.38010145645904,
20200716,16910,17035,16110,16110,3463,-1446,227.42031571519726,300.373101325683,333.8528867630184,416.76841257732616,
20200715,17250,17250,16820,17035,3704,-350,331.4754892899323,368.96510675131424,345.70182238455266,418.5638806947207,
20200714,17110,17185,16690,16975,3784,-3120,396.5097728934307,401.97916612681337,359.1875380633365,416.296535603598,
20200713,16580,17130,16555,17025,10788,-7015,426.7833173871725,380.08420119758665,373.47448038654636,417.8039479096518,
20200710,16640,16735,16500,16655,3643,-1827,353.7230555109463,320.3470774020065,373.85985007754016,417.4878158568116,
20200709,16200,16665,16150,16535,5068,-760,208.61447696648477,318.8671353401088,373.3969067895458,416.0122861433595,
20200708,16090,16095,15950,16095,1624,-1012,336.83230248893886,351.0302693501055,375.9221993976956,417.1861012252898,539.3689068794517
20200707,16010,16245,15910,16060,4044,2421,361.97237463651834,380.6652072359752,372.6240565234628,418.0594305837415,531.9495329028467
20200706,15080,15590,15075,15565,3799,-2860,387.6802806437284,473.6042651835057,396.72219499292044,430.63615733006236,536.7744311445515
20200703,14950,14950,14870,14920,10,-2,551.0626098729617,654.4472858832934,509.0831832814759,470.1873444584521,554.4308643404827
20200702,14700,14755,14700,14755,277,-275,558.7611296430703,802.7178831943448,610.4852578072633,515.3730781892127,577.0453823261136
20200701,14480,14725,14480,14605,139,-42,547.9908758364504,866.9019552406207,701.9819709223312,564.1781387312205,601.4360361298259
20200630,14240,14370,14240,14370,2122,2026,403.8143137631454,901.1577275926855,801.0483755679184,622.9689442946234,630.134673381194
20200629,14075,14075,14075,14075,140,140,296.59737018389086,888.2990768879671,909.43371803557,691.0074117225932,665.2056073125075
20200626,13990,13990,13990,13990,500,500,294.7100269756698,860.1778885788776,1006.1017282064477,756.1907277047692,704.5809814173259
20200625,14055,14055,14055,14055,3,-3,233.1823320922921,761.7046671775206,1057.5529242075786,811.6665426077944,740.354264862439
20200624,14220,14260,14175,14175,170,-42,132.53678734600442,658.4117252905044,1083.3989050668274,856.901114967961,770.6137423706887
20200623,14165,14240,14165,14230,1218,-1218,86.1974477580398,470.54117779427094,1100.615055321342,896.3784388055957,798.4855282902074
20200622,14050,14230,13980,14165,4234,366,87.4414089547967,303.8568742023463,1117.7187705321946,934.8646478085603,826.9246867157873
20200619,13800,14060,13800,14060,47,37,68.60029154456998,241.041490204531,1137.2395031390708,974.6232142331843,857.1148055719015
20200618,13715,13725,13715,13725,402,-398,181.53236626012455,221.67543842298272,1167.8271490250604,1023.8950514524865,893.2830209712703
20200617,13760,13760,13625,13625,37,-17,241.81397809059757,213.1103000796118,1128.96567706906,1073.1547826385536,929.2776456518993
20200616,13605,13720,13485,13585,1773,1171,235.87284710199265,223.97600317896254,1070.116932862947,1119.925750887085,961.5578939062054
20200615,13325,13630,13325,13490,7132,7060,196.53498416312553,261.7345984007903,978.2411193054608,1164.580885507267,994.9268922053208
20200612,13405,13405,13085,13210,333,329,175.51638100188825,332.8377983342989,908.5151347115802,1214.2586301251206,1032.5809012897432
20200611,13420,13420,13330,13330,3,-1,156.48003067484362,354.6156369931025,806.0556354867824,1250.7785880757995,1064.1108956607363
20200610,13420,13420,13420,13420,1277,1277,129.21300244170476,338.10353443882286,714.5573804810924,1272.0908969094942,1090.8146794623558
20200609,13505,13505,13415,13425,109,-101,96.95359714832658,291.08460969282584,585.2454079273077,1288.6874136112299,1117.553826692729
20200608,13290,13395,13290,13385,174,-26,79.58643100428615,227.79870500076422,485.3129789115481,1307.7190277561754,1144.3290056901888
20200605,13375,13375,13350,13350,4,-4,37.49666651850535,146.15830458795566,444.00696785073177,1322.9075826459773,1171.8475767161715
20200604,13405,13405,13405,13405,0,0,27.313000567495326,115.17920819325771,402.12521370836816,1333.9007230258517,1197.3000869723082
20200603,13390,13390,13390,13390,909,909,24.779023386727733,93.37558567433963,363.3779024651895,1352.1552138058055,1220.1092840112988
20200602,13350,13350,13350,13350,200,-200,22.22611077089287,70.33669028342233,339.80656262056027,1371.0854859279284,1240.8769160691734
20200601,12945,13245,12945,13245,18,18,55.910642993977454,68.8403951181733,338.7362543336641,1386.4340024161108,1260.6093041495224
20200529,12815,12885,12810,12885,12,8,193.26148090087688,153.00408491287547,364.71384330732604,1408.0620917298597,1286.9891482480898
20200528,12870,12870,12720,12860,1710,1681,228.4162866347319,205.4513324367274,378.836706246901,1432.018932215012,1312.5901953135808
20200527,12970,13060,12945,12945,104,64,201.06217943710845,220.02045359472143,366.41711204582236,1455.036616568654,1336.7797411649012
20200526,12890,12890,12890,12890,150,-150,142.7235089254745,229.48257014428629,339.95367331446903,1472.8731464574794,1360.6190067749437
20200525,12875,12875,12805,12805,3,-1,45.45327270945405,240.94864598089697,312.4363935267477,1487.860423187904,1383.4807244521219
20200522,13110,13110,12800,12800,84,53,54.31390245600108,243.22057889913003,282.24368903484935,1505.636583254184,1406.4309729230351
20200521,13145,13145,13145,13145,1,-1,126.2774722585149,217.18713129471573,261.6075304726543,1516.4983789418745,1421.227606586023
20200520,13160,13240,13160,13220,2001,2001,176.42562172201633,193.86141957601617,245.1748100845614,1524.285759425997,1433.8903859392121
20200519,13365,13365,13135,13175,1208,1009,186.47788072583836,169.1035185915074,229.31896454502132,1525.734759240791,1443.1359059546573
20200518,13270,13270,13270,13270,188,-188,166.45119404798513,172.89375350205188,219.55338189151345,1523.6298466892217,1446.7941998077117
20200515,13170,13170,13150,13150,203,-201,47.18050444834179,173.62027531376663,219.467964632656,1520.2625321524783,1456.3636215807865
20200514,13230,13325,13230,13270,302,-293,48.744230427815765,177.93538152944143,217.6940226556548,1510.565144426269,1462.48344660623
20200513,13090,13270,13090,13270,33,17,53.25410782277739,182.3108608943189,211.41945865979494,1491.447793532624,1470.1402403814764
20200512,13230,13230,13175,13175,751,-751,53.25410782277739,169.13308369454964,202.69604707541967,1469.8415707332388,1480.1772392934026
20200511,13200,13285,13190,13195,239,109,49.457052075512955,130.77079184599023,195.7579819573157,1442.5866139989266,1491.0186301839333
20200508,13135,13135,13135,13135,0,0,53.422841556772326,51.11017511246768,189.72743607607399,1426.4398281502563,1502.452208520759
20200507,12970,12970,12970,12970,1,1,99.66945369570358,85.50438585258192,181.60035104591825,1412.5156931281622,1514.240306753601
20200506,12930,12930,12820,12895,1024,-976,119.5156893466293,120.05103081618,174.98928538627942,1397.1997068541534,1528.2912912247298
20200504,12540,12540,12540,12540,2,-2,230.53416232740864,218.15361560154753,200.2960309142464,1394.9590396216734,1548.7755714865057
20200429,12760,12760,12660,12690,881,-821,209.4134666156883,237.98949556656507,208.52622736720852,1393.6066418549465,1566.1265641481773
20200428,12640,12770,12640,12770,4,2,151.57836257197133,245.8434461197376,213.53629668044903,1386.6040550768466,1579.3452823348518
20200427,12600,12600,12600,12600,0,0,125.39537471533788,251.9007741155805,229.49891067279762,1358.2317216595338,1593.4547193781045
20200424,12595,12600,12575,12575,1500,1500,83.78544026261365,242.5536023233403,247.0647688360296,1327.1172052192255,1606.5961343439458
20200423,12645,12645,12645,12645,0,0,69.23871749245504,223.92018667379998,256.95074917190016,1296.9247252849932,1617.5259657885006
20200422,12600,12600,12600,12600,200,200,69.75672010638115,187.55265927208222,267.01076757314627,1269.5054155063694,1629.083041332018
20200421,12620,12620,12505,12530,147,146,37.54996671103717,143.40589248712942,280.9430547281793,1245.4038250704064,1639.7763307630032
20200420,12620,12620,12620,12620,0,0,39.42080668885405,106.74853628987294,285.15116605057176,1218.4513708209922,1648.3433581596134
20200417,12595,12660,12595,12620,34,-29,39.191835884530846,67.33498347835607,283.0126984783558,1150.1551706907492,1655.775898601291
20200416,12440,12440,12440,12440,0,0,69.39740629158989,83.74962686502276,290.55722327968505,1078.6838012390633,1663.2685645163733
20200414,12370,12370,12370,12370,40,40,98.91410415102591,105.09995242639613,291.40778987528927,994.8436504742282,1672.1342711736272
20200413,12370,12370,12370,12370,1,-1,113.94735626595292,100.02999550150425,294.53607588884717,919.4944678402845,1685.1043056242418
20200410,12420,12470,12410,12410,218,12,92.82241108697835,104.21612159369141,279.94017217970116,838.1382973922351,1697.3510305276745
20200409,12420,12420,12420,12420,1,1,27.85677655436824,106.09547586976157,256.94406005977396,770.3608957639409,1709.2877415266744
20200408,12315,12315,12315,12315,100,-100,37.094473981982816,107.94558814528435,241.7690013215109,695.2545696841308,1722.2213323810502
20200407,12310,12380,12310,12380,700,500,36.932370625238775,101.32250490405121,210.72182492566057,637.5396011665116,1734.3226098193445
20200406,12390,12390,12200,12205,68,-63,79.46068210127572,120.04165943551293,187.73169018575618,611.1801198410237,1748.5242587202958
20200403,12170,12170,12170,12170,15,0,96.88137075826292,119.10079764649745,178.61463405891675,589.077733740538,1762.4064671793458
20200402,12060,12060,12060,12060,100,-100,112.0446339634344,120.03749414258971,180.90812585398353,572.9713973857868,1777.0057505534492
20200401,11885,12075,11885,11995,418,-105,132.46131510746827,144.97327339903902,206.9557621811984,565.2072567258443,1790.5511832758602
20200331,11940,12045,11940,12045,3,-1,79.30952023559341,154.89028374960355,215.44953005286584,563.6587509300276,1802.7869320089521
20200330,11860,11895,11660,11895,123,-121,89.58794561770016,177.9388940058721,225.8831279666561,567.1966639143378,1815.59730567902
20200327,12350,12350,12055,12055,758,227,61.96773353931867,165.3753306876004,228.5366491396965,561.922147632569,1824.8331539980811
20200326,12325,12325,12110,12215,146,-146,103.84603988597736,142.21550548387228,223.11656146507983,546.4589544411249,1831.3515041076228
20200325,12240,12375,12130,12225,882,-880,122.53978945632312,132.9934208900326,210.7747612974588,526.0270047461637,1837.339115689234
20200324,11950,12015,11805,12015,54,48,125.15590277729612,105.00476179694698,207.2587452919677,510.46979315354264,1843.7690112014295
20200323,11970,12095,11970,12000,1120,1118,98.0612053770501,100.05623418874855,205.91184400126366,496.83030721430924,1851.2722802320534
20200320,12135,12220,12065,12220,79,-79,104.25929215182693,106.11903693510257,186.68071003722034,488.05435717300355,1856.107912163852
20200319,12360,12450,12070,12070,2755,1497,97.94896630388705,106.04362309933425,165.1883394795188,484.1735441278585,1862.8646902463686
20200318,12435,12700,12355,12355,31,-17,135.9632303234959,131.36685274464577,159.80378593763274,474.83209751798717,1864.730504434005
20200317,12440,12445,12435,12435,192,-8,164.4810019424736,160.98214186683325,164.04629681891862,466.2356938526051,1862.38861523762
20200316,12705,12765,12675,12675,524,-464,204.04411287758342,202.7936142979674,191.66637681137698,461.9455460332936,1856.2537149233399
20200313,12470,12720,12100,12715,501,257,234.30749027719963,240.1900289354918,217.5216943203614,454.9502720078292,1845.3206356251271
20200312,13370,13405,13145,13145,502,-502,276.40549922170504,348.01903683567633,294.18913984034276,449.06615294655643,1824.9453525874658
20200311,13525,13580,13370,13370,370,-331,339.6704285038661,449.8388600377153,381.1445755877955,447.63899145032536,1802.1634278925337
20200310,13365,13520,13230,13520,1714,-514,340.3086834037592,510.1198388614486,463.38503158820396,451.40486723856276,1781.3478623214662
20200309,12920,13665,12905,13455,4745,225,291.9486256175905,511.3306171158045,518.0860811679858,454.11195389095894,1758.9666691144523
20200306,13805,13830,13750,13790,553,487,209.65209276322523,549.9418151041331,592.172852721231,466.536075477792,1735.419197177037
20200305,13590,13795,13590,13750,682,652,165.09391266791152,509.67048178212906,640.1708268110948,477.4378595400872,1718.615273002442
20200304,13455,13505,13415,13450,526,-512,147.15977711317723,447.1266599074886,650.1922792528383,479.8187953685086,1703.8381427432312
20200303,13480,13645,13480,13480,10198,-2129,151.92103211866353,363.24234334673366,656.4112182923146,485.0427816182793,1685.3593207178678
20200302,13190,13530,13190,13525,1686,-1484,142.21111067704942,291.1528808032403,647.3470379170672,495.4574205272876,1665.6524492214035
20200228,13575,13575,13190,13190,522,478,178.84071124886526,195.19541490523176,626.9389922472527,498.6727105248694,1650.3501711758138
20200227,13535,13750,13535,13750,2524,1306,178.84071124886526,178.94412535768035,634.7406458546677,514.6569178156975,1636.7946312627598
20200226,13790,13860,13740,13740,839,713,205.1243525279239,180.69310999599568,633.2919942648895,529.7762302771471,1619.3305967581978
20200225,13755,13840,13635,13740,958,-958,216.71179017303143,187.1523443615518,605.7080051476955,544.283831184509,1599.556134178769
20200224,13675,13970,13675,13970,636,83,259.3376177880872,212.83855383840725,575.1792655337993,565.196106576193,1583.6847192325229
20200221,13560,13840,13460,13675,2371,-1061,101.09401564880089,207.37888031336422,535.0607442150852,574.5852610555032,1570.2138566308715
20200220,13160,13435,13160,13435,1053,1051,171.01461925812075,210.20763544653852,456.3586172080032,577.8007333847877,1556.8038483451478
20200219,13075,13205,13075,13115,564,-117,291.1116624252625,253.05335405804252,399.314647239493,577.2236893094379,1539.2571254549805
20200218,13200,13200,13015,13055,831,787,343.3656942677879,295.40184495027324,343.676719461765,575.0278737205302,1521.2945139794365
20200217,12880,13100,12855,13100,355,207,240.92322428524818,321.01557594612996,307.7706126322017,574.5672042696317,1501.3260226842572
20200214,12715,12835,12715,12820,350,290,196.3415391607186,369.6079003484987,295.879515174675,571.4006669774027,1480.0591673608628
20200213,12670,12725,12660,12725,241,241,159.6433525080202,409.409635939393,329.9866474571369,568.1691539497708,1453.030941400323
20200212,12685,12755,12685,12755,577,-440,155.99358961188116,419.0990336424398,361.5466774843889,565.9688043523232,1423.6751126534914
20200211,12620,12745,12620,12745,368,-42,139.19051691835907,406.26007679813614,387.4282998181738,563.4387167208145,1391.323544901496
20200210,12370,12545,12370,12545,238,162,92.1737489744233,333.33316666666747,425.54222763434507,562.2302995412292,1368.012913534542
20200207,12400,12400,12350,12350,1004,-1004,157.04776343520464,299.0773311369972,459.97629014983016,564.0789629022579,1346.3748852371193
20200206,12310,12520,12310,12520,14,-14,152.0065788049978,245.75597652962503,470.5509403879677,564.5768818819572,1322.3013234246573
20200205,12205,12325,12170,12170,849,-816,193.94329068054918,275.91710711739165,515.0011529113316,568.8343099903698,1306.2938429644043
20200204,11635,11930,11600,11930,632,-630,230.07824755939012,324.53659269800505,568.8441680284687,578.2608263866151,1296.2267891418285
20200203,11665,11895,11615,11660,416,-366,304.2761903271434,371.6934220564465,631.5534419192098,594.2363446755263,1286.365031029529
20200131,12105,12105,12105,12105,1,-1,283.2595982486736,356.7243333444357,654.7394042670724,599.1498317060021,1255.31050828959
20200130,12140,12140,12085,12085,200,-200,182.83872675120006,340.85224071440757,646.5667018954817,604.1675344821331,1223.104077065145
20200129,12065,12235,12065,12230,115,-115,195.7702735350799,302.9752465136925,621.4702325936462,607.0755490235292,1192.0007624613252
20200128,11870,11975,11860,11960,438,410,193.92266499818942,258.89621472712423,598.4156164406146,614.1214592136183,1165.3341080279856
20200123,12970,12970,12500,12535,532,96,195.71918659140192,257.40483678445753,515.8834049472814,614.1017095906991,1136.6298747711455
20200122,12895,12930,12680,12930,345,55,348.5197268448373,345.2698220233458,458.917476241645,614.8948588986552,1106.3229888037235
20200121,13105,13125,12935,12935,185,-135,384.2473161910178,400.29239313286064,421.491696240864,615.6766602690061,1049.9807537918882
20200120,13010,13060,12960,13060,97,-15,402.80764640210094,465.37189429533896,417.72082483400413,616.6214172587744,991.0352252611319
20200117,12990,12990,12955,12975,696,-684,182.0604295282201,478.0546516874734,412.8446287648669,616.1081423383016,925.5455513957069
20200116,12955,12955,12945,12955,582,-582,47.265209192385896,418.93436240064005,403.53097774520455,615.2959089377671,867.1788060125042
20200115,12940,12940,12870,12870,133,-133,61.59545437773797,394.91802946944614,405.6581072775457,614.267088126617,807.9232250034964
20200114,12990,12990,12965,12975,240,-236,60.54750201288241,355.04401135638074,416.05558522870564,613.763045799343,758.6045989183368
20200113,12885,12940,12885,12930,312,-246,39.16631205513228,313.69770480516655,422.8069151515864,611.7857513505469,706.1886944877222
20200110,12840,12840,12765,12815,1549,-1549,58.770741019660456,135.72398461594372,424.9125645353415,609.9823027942858,666.4094868522792
20200109,12635,12685,12635,12685,2094,1864,100.74720839804942,97.75479527894701,426.30644787523534,605.8754627717535,642.9515153117834
20200108,12745,12820,12730,12730,538,98,111.56164215356459,111.69601604367524,426.16157440576546,600.9917440272259,622.0800625053971
20200107,12595,12690,12585,12690,200,-200,92.57429448826494,125.77857528223596,427.11788478124015,593.9503989298153,603.7573311609623
20200106,12535,12715,12535,12675,9,-8,51.51698748956503,120.06248373255205,418.07325913050306,585.2701833341571,589.7023731416903
20200103,12690,12690,12525,12565,69,-25,55.263007518592396,132.8683559017329,390.19314127749703,577.9449884913097,581.004153504036
20200102,12295,12545,12250,12525,896,136,78.26876771739798,141.48851543510452,323.88694015041847,567.010502303282,573.5064161585751
20191230,12015,12110,11935,12110,198,-128,211.1066081391106,230.5536813846837,323.4589425259421,565.8301178111856,568.0048904328276
20191227,12050,12125,12050,12080,354,324,246.807617386498,265.80490966126035,323.9062364327071,568.4631999718365,560.0947820955026
20191226,12025,12030,12025,12025,109,-109,233.82472067769052,284.7893958700557,340.2310795621128,572.4565667658387,551.0497305648636
20191224,11865,11910,11865,11875,355,-295,216.6702563805194,315.4821706531636,349.2506263416012,575.9536234705766,544.6155563025352
20191223,12050,12050,11890,11890,103,-58,96.71607932500159,332.35560774572815,385.9549034537594,578.6798853616913,539.334054387701
20191220,12065,12070,12030,12030,49,-49,82.03657720797473,310.91839765448543,398.8278920787772,582.3673609119534,537.3164011368061
20191219,12015,12065,12015,12065,170,30,78.52388171760232,276.3856002038331,404.0293151492856,582.4720784915103,535.9123046394276
20191218,12130,12140,12090,12090,232,-122,89.94442728707543,223.0297065416027,395.1691884497079,586.8130676705204,534.4413685231924
20191217,12095,12270,12090,12210,485,-371,103.1309846748299,172.8583234907525,381.99116481929366,589.8123760051892,532.6971400858179
20191216,11835,11835,11835,11835,1,1,121.63058825805291,112.6898398261087,384.4024583688309,602.2418995350234,537.6043680972804
20191213,11705,11820,11705,11820,8,0,152.2957648787385,122.90646850363167,386.071884498212,614.5550049968385,541.4448888930316
20191212,11810,11810,11755,11755,30,-30,176.08520664723656,137.44908148123216,375.7425980641545,625.786499579172,544.9936543973585
20191211,11890,11900,11845,11845,184,-174,161.5735126807609,139.46415310048133,354.246647831706,630.5961905653671,546.8728269798592
20191210,11790,11830,11790,11830,225,150,32.03123475609393,142.2357198457354,335.4850965393258,631.6932931943031,549.0568286085884
20191209,11890,11890,11830,11830,330,-315,31.52776554086889,145.32377644430576,320.8460495315483,632.9550350450543,551.2910210865126
20191206,11830,11850,11810,11810,138,-97,31.52776554086889,145.3237764443062,295.58617609759887,624.6587679596644,552.8935187317805
20191205,11680,11800,11680,11800,193,173,16.0,138.4602831140932,265.5290709131502,615.9702993831918,554.4679632064206
20191204,11680,11680,11680,11680,10,-10,56.213877290220786,131.4733813364328,231.68459163267795,616.6005538884572,557.7764075625535
20191203,11520,11550,11440,11550,123,-123,105.94338110519222,88.58470522632823,208.78502700146086,618.2850104657748,563.7133071947014
20191202,11445,11570,11445,11570,4,-2,109.79981785048643,104.94760597572304,174.21968889881748,616.5676947604526,571.3047688309135
20191129,11485,11485,11450,11450,2,-2,119.83321743156193,134.46560898622306,190.24589351678722,624.2414507935893,580.5729868462795
20191128,11590,11590,11555,11555,62,-62,73.10266752998827,141.28340313014812,193.1726882869334,612.3411982347355,587.4677059682602
20191127,11590,11590,11590,11590,111,-109,48.53864439804639,134.20227270816278,194.00128865551574,597.5424845425881,593.8215220081323
20191126,11535,11535,11535,11535,107,-107,48.47679857416329,127.26350615960676,201.77586575207835,581.4190256031608,601.0087296001701
20191125,11495,11495,11495,11495,56,-56,48.47679857416329,115.60817445162112,209.89565860207958,552.862117379486,608.5159528973833
20191122,11775,11815,11465,11465,333,-333,44.0,99.14131328581776,210.651370752722,534.6287587870831,614.184688507681
20191121,11740,11745,11680,11680,144,-144,76.06576102294646,74.7060907827249,197.13875189825248,518.5363750232157,616.0441325619
20191120,11815,11815,11760,11760,12,-10,113.69256791892775,90.13878188680324,178.37653292964507,509.9453333991302,617.1783856570783
20191119,11735,11735,11735,11735,0,0,123.15031465652046,103.20004844977827,135.88506172497677,502.32052488646787,617.4274797159487
20191118,11565,11565,11530,11530,2,-2,116.2497311824849,104.41384007896943,134.6873694894987,496.05652539693807,620.9459056217283
20191115,11665,11665,11665,11665,5,5,79.96249120681522,97.4371592362815,129.87590230678185,493.3440032629864,621.3859676830403
20191114,11665,11665,11665,11665,0,0,79.96249120681522,97.83148777380632,127.92966817748237,491.8855727368516,621.5379656210782
20191113,11630,11640,11630,11640,2065,-2065,66.52818951391959,97.85703858198646,120.0236955771682,489.56451027644556,622.6479018853894
20191112,11700,11700,11525,11525,44,-44,63.953107821277925,98.73702446416132,114.37984962396456,488.80593598640877,624.6144588642481
20191111,11855,11855,11660,11660,15,-15,53.79591062525106,90.58835466016752,104.86181383135019,488.70659795922785,625.3523881581131
20191108,11840,11940,11840,11935,269,-235,135.01851724856112,111.09567948410965,118.9041105260905,487.93996528488583,624.9669491261561
20191107,11800,11800,11770,11775,93,61,138.87404365107253,114.73447607426448,117.16868182240827,486.1862640319311,626.1692340911343
20191106,11850,11850,11730,11785,131,-18,136.98175060934213,116.51287482521386,121.86339688356281,487.3962211475199,628.6288526428417
20191105,11795,11825,11795,11825,34,-18,88.56635930193812,122.83016730443666,127.63620176110203,488.06972407182644,630.2724223611125
20191104,11730,11730,11725,11725,962,-912,70.59745037889117,108.90362712066016,127.73483275912153,487.24248896781245,632.2804282362465
20191101,11445,11660,11445,11660,136,-128,56.78027826631356,109.16615775979197,119.23165477338955,489.962753686434,635.4292061604679
20191031,11415,11415,11415,11415,512,-512,144.69277798148738,142.36309212726428,128.92124533993902,496.80727875325596,641.1997205218339
20191030,11490,11505,11415,11415,24,-4,166.12043823684067,165.15447314570704,138.5000000000027,502.7199560059853,646.5499129461015
20191029,11560,11560,11560,11560,1,-1,125.81732790041282,162.3491607617238,137.616087359003,506.2867202046175,650.2473554455603
20191028,11470,11470,11470,11470,1,1,94.30800602281866,173.7678048432337,139.08540541696223,506.81963151488316,654.9560404566183
20191025,11350,11350,11350,11350,19,19,70.18546858146635,168.55562879962358,148.44927584869097,499.264041698705,660.638158178683
20191024,11180,11180,11180,11180,4619,-8,127.67145334803705,198.01578219939148,178.46480745514154,493.98534475561735,668.347047604553
20191023,11295,11295,11295,11295,790,790,132.83071933856263,191.47388855934673,187.93549425268432,479.54437287444864,674.7211563964368
20191022,11335,11345,11240,11240,6902,-2283,99.1766101457395,167.95535120988993,199.51362735412522,467.44473083871793,681.6860785744992
20191021,11275,11280,11250,11250,56,-56,56.88585061331157,143.4756076831102,211.02295491249464,453.7614094065947,688.3249545495294
20191018,11360,11360,11360,11360,2,-2,60.0,109.97840697172298,213.29615561467756,439.0423922837233,693.4316036127465
20191017,11400,11400,11400,11400,0,0,62.161081071680215,109.22911699742855,213.13302770805078,417.00768544742044,697.9472082869963
20191016,11490,11490,11435,11435,44,0,78.8416133777081,110.5395856697406,212.199198867481,393.6559058647727,702.1026159568056
20191015,11420,11420,11420,11420,70,70,66.4529909033446,90.63663718407697,213.1342006811688,373.09973160297886,706.2379792487726
20191014,11595,11595,11590,11590,3,-3,78.63841300535,112.38772174947731,211.1709911422512,354.039624273256,708.8451471995768
20191011,11340,11340,11340,11340,0,0,83.04215796810678,112.44554237513348,189.15535942711415,333.976920360264,713.6725719338049
20191010,11190,11190,11190,11190,19,19,130.61393493804556,110.95494581152268,185.62377945726874,316.52896128684057,719.9367147631417
20191008,11105,11105,11105,11105,0,0,170.89177862027185,133.1390250829487,182.52996329370347,299.3137521434911,726.9796236924012
20191007,11100,11100,11100,11100,0,0,184.22811946062956,148.6405059196117,168.18888191554382,285.07673187327765,734.0605059454876
20191004,11160,11160,11160,11160,5,-5,87.31551981177229,155.12897859535522,153.86905959289135,268.3069862841483,739.8356506215499
20191002,11185,11185,11185,11185,0,0,38.54867053479276,158.33903498518072,139.69072982843474,266.69087129732566,745.6500228641308
20191001,11080,11185,11080,11185,168,160,37.49666651850535,156.87255974209896,141.10368528142965,265.1084159777198,751.4721096602847
20190930,11200,11200,11200,11200,0,0,35.41186241925155,147.88931672043975,140.9988918396196,263.9366901150397,756.9838679846127
20190927,11205,11205,11205,11205,1,-1,15.684387141358123,136.4331338056803,129.08717984370386,265.518504795584,762.1518148564271
20190926,11305,11305,11215,11215,14,-14,11.661903789690601,63.00991985424903,122.40787352127617,266.10221511457337,767.0916835957247
20190925,11430,11430,11430,11430,1,-1,92.01086892318754,86.1756926287154,126.19701858602185,259.46815261649374,770.1180904666152
20190924,11455,11455,11455,11455,4,4,115.90513362228612,115.53787257881581,130.0999615680218,250.92611794442723,772.8416136067461
20190923,11455,11455,11415,11420,4,-4,110.86027241532469,121.58227666908732,133.25046904232926,240.93302434954052,775.6445337320378
20190920,11495,11495,11495,11495,0,0,97.49871794028884,128.60793132633097,139.50268814614557,224.0637775029313,777.5933212572918
20190919,11440,11440,11440,11440,9,9,26.19160170741759,126.63332894636429,141.74889770294774,220.4090263325964,778.8053351127335
20190918,11400,11400,11400,11400,0,0,32.341923257592455,119.42466244473114,142.6280126763349,217.12394053984445,779.9445214868038
20190917,11420,11420,11325,11325,13,-13,55.44366510251645,107.51860304169645,141.41671577292675,215.80791356099527,777.8114763285448
20190916,11465,11465,11465,11465,0,0,58.90670590009256,97.3652915572985,142.83622614729342,211.01513900401412,771.5086411268447
20190911,11460,11460,11460,11460,0,0,51.82663407939975,78.43627987122791,144.5447595037632,206.35359351256798,762.6333034660977
20190910,11560,11560,11560,11560,5,5,77.75602870517501,58.09475019343308,141.8474092114507,201.65330534248673,753.665016169173
20190909,11550,11550,11550,11550,2,2,84.41563836162112,65.65820588500209,150.67742863481826,197.25378464189285,738.3947009391777
20190906,11465,11465,11465,11465,2,-2,45.05552130427524,65.69627082291137,150.07164955447362,192.67292016954903,723.6345570951405
20190905,11545,11545,11545,11545,2,2,43.977266854592045,69.0814736382863,146.05991921126324,190.98538338485864,713.1578821906224
20190904,11400,11400,11400,11400,50,50,62.080592780675026,71.54718722659402,133.11085605614872,190.87081145806835,702.5498388311856
20190903,11400,11400,11385,11385,3,-1,69.52697318307479,74.98166442562696,123.36201806066867,190.6438469735746,690.6251080945538
20190902,11305,11305,11305,11305,0,0,80.62257748298549,86.53900854549575,115.97925461047224,191.69572243530857,684.34018810502
20190830,11165,11165,11165,11165,1,-1,124.49899597988733,116.89739090346491,117.85876081140827,194.9320394393773,668.2970571514445
20190829,11200,11200,11200,11200,0,0,94.94208761134337,134.6486167772905,117.85876081140827,196.74920584336553,651.0491732901023
20190828,11235,11235,11180,11200,312,-310,81.81686867633104,145.86380634015342,118.26453399054488,198.9000830958867,632.6239324674768
20190827,11050,11315,11050,11315,96,8,61.04096984812741,133.17657451683434,112.56775737306285,199.41851231906895,605.7220840085121
20190826,11180,11180,11105,11105,4,-4,68.45436436049933,134.25814686654283,129.15567157504447,203.87923645028374,586.9709438200059
20190823,11210,11210,11210,11210,1,1,66.58828725834597,126.07934009994791,133.27509144622917,203.2250223821305,571.782287566745
20190822,11195,11195,11120,11120,5060,5058,75.16648189186454,99.40950658784391,143.36055942971464,202.1065965991318,563.3702157551996
20190821,11195,11195,11140,11165,9,-9,75.53806987208503,85.767126569792,145.3323776727015,200.15429811910343,555.0368794053783
20190820,11220,11310,11220,11250,5150,-4950,54.31390245600108,66.78510312965608,144.6279710152941,200.42418558313284,544.4800016734158
20190819,11130,11175,11130,11175,45,43,43.749285708454714,57.81219594548259,147.43028013268085,199.40973661170875,539.0773995526006
20190816,11120,11120,11050,11050,12,10,65.92419889539804,71.5471872266055,158.5630789307547,200.86721705864426,536.0301349323718
20190814,10985,10985,10945,10945,30,8,107.17275773255068,99.50000000019644,172.16343978905843,205.57201698349516,533.3679090355457
20190813,10845,10845,10845,10845,0,0,147.39742195845895,133.94401815698714,190.90229830989657,215.19233967674464,531.7376585310293
20190812,10845,10845,10845,10845,0,0,126.71227249165726,138.93883546380965,195.96173095786008,221.33019576088472,532.5407587427312
20190809,10850,10850,10845,10845,200,200,81.75573374387878,153.68799562763422,195.39879093791942,216.7897727189908,535.2261188170385
20190808,10865,10865,10865,10865,1,-1,38.781438859330635,151.4834974511743,194.89917265088823,216.6906396993871,535.3844607694505
20190807,10795,10795,10795,10795,4,-4,23.323807579381203,159.1728620086983,186.64320909157328,217.65932861545306,539.7226509334379
20190806,10640,10640,10570,10570,505,493,109.47145746723207,186.93648654032324,208.38950909295014,225.8227396039179,548.5666534378034
20190805,11065,11065,11065,11065,2,-2,158.41717078650282,160.4992211820374,195.2900087050045,219.5535084109393,551.3073855240791
20190802,11130,11130,11130,11130,0,0,200.07498594277098,153.19024120367652,187.5126662388457,213.97746181937853,551.9324620896978
20190801,11170,11170,11170,11170,18,18,229.0720410700529,168.7342585251748,187.6784151147935,213.19761307814684,552.2716911388776
20190731,11265,11315,11265,11315,1091,1077,253.63359398943982,208.72769341905808,194.0463862070117,212.2875408496622,550.5007426955897
20190730,11355,11445,11340,11340,180,120,106.55515003977987,236.1546103721882,201.73993159511267,208.73720852358656,550.3884975759863
20190729,11305,11305,11305,11305,0,0,85.00588214941364,247.19425559676694,201.10880139864776,206.82418392333287,544.967275712299
20190726,11265,11270,11265,11265,300,300,59.61543424315552,246.1727036046838,206.04065132881118,206.36732353311004,532.6262500311875
20190725,11235,11235,11235,11235,10,10,37.36308338453881,238.46173697270444,206.99924516770767,206.2201325175421,519.6820876480979
20190724,11190,11190,11190,11190,3,-3,52.40229002629561,212.8620445265878,208.49025756615282,206.20068433984238,503.36450648506406
20190723,11020,11020,10985,10985,25,-25,112.0,109.3846424322848,208.0040564508316,208.75522282221516,489.78226454898316
20190722,11055,11055,11055,11055,0,0,107.90736768172968,110.65260954915978,203.3525264165674,210.01183829065306,475.08171811694933
20190719,11010,11055,11010,11055,101,99,93.29523031752481,117.41060429126004,201.32126067556985,210.5386445129031,461.4873128598654
20190718,11155,11155,11010,11010,6,-6,70.80960386840192,129.5270242074562,201.4454020324136,211.1090259399883,444.62106212926165
20190717,11170,11170,11170,11170,1,-1,63.48228099241551,120.92973166280916,202.02397753732288,209.33459394524257,426.4477302867617
20190716,11165,11165,11155,11155,5,-5,62.40192304729078,105.26751635732238,197.32761464123755,207.77008861291765,410.28157675221826
20190715,11210,11210,11210,11210,11,11,75.03332592921628,93.84028985483363,192.6596740368901,201.84047262352115,396.12185756624297
20190712,10970,11165,10970,11165,13,-11,68.60029154456998,84.0595027349035,185.0776863914198,201.13297149453084,380.0881111298887
20190711,11150,11150,11055,11055,484,484,51.51698748956503,77.13624310296265,177.358394219165,202.00967729843978,364.89062050239124
20190710,11015,11015,11015,11015,0,0,72.93833011524188,75.7050196488942,163.64901466248045,203.0404140121365,349.32969294788654
20190709,10950,10950,10950,10950,12000,12000,95.78100020358944,80.98765338024974,112.36547512470521,205.1493189253943,336.46172598918355
20190708,10955,10955,10955,10955,1,-1,78.8416133777081,89.66047066594919,118.52320447912614,207.41363664586834,323.632979709455
20190705,11085,11085,11030,11050,2102,2098,45.05552130427524,89.7788950702755,120.01562398288294,208.21348219235068,318.83224429167296
20190704,11110,11110,11110,11110,4,4,60.11655346075655,87.69407049532755,119.79044202272878,208.46622428265053,313.77113695965403
20190703,11220,11220,11125,11125,2,0,74.2024258363566,84.22588675721678,111.98214143335868,208.62131762277883,309.29731067203613
20190702,11200,11245,11190,11245,7094,7094,95.11046209539727,95.8697032437227,104.30094678381758,208.73925454711812,306.2746135234752
20190701,10695,11200,10695,11200,321,304,68.8040696470783,94.63614531477631,97.00515450222605,208.71624810306434,303.1097046543063
20190628,10650,10650,10650,10650,97,-8,213.76154939558236,157.45554928309056,133.5783945853548,217.36100283986866,304.19537535760503
20190627,10695,10745,10680,10720,22,-2,251.3284703331479,183.26483568879206,149.7339306904108,221.90893715415535,302.8960876779708
20190626,10515,10580,10515,10580,7,-5,284.2956207893467,222.45280398331735,178.2372015040652,231.53669915491517,303.32852274126617
20190625,10435,10515,10365,10515,763,749,243.34337878808208,259.3356897922854,209.87436718189466,240.92269103501621,301.9078225773537
20190624,10580,10625,10580,10625,1491,1489,68.60029154456998,272.79296178611474,224.59630451100645,246.1263225798191,304.89751238017857
20190621,10750,10765,10710,10765,23,-21,91.07140056021979,268.6079857339331,228.48468219992503,247.46462990810258,305.4166979309835
20190620,10695,10695,10695,10695,11,-11,87.20091742636656,257.6062887431925,235.48606646678851,251.3866405669845,307.6272743607452
20190619,10590,10590,10590,10590,2,-2,86.0,242.13684147614003,241.9549286540796,255.02233017696256,310.1517997512744
20190618,10380,10380,10380,10380,1,-1,130.20752666416791,204.46515595582997,262.2260475238887,265.6922823284256,316.92654906155417
20190617,10335,10335,10335,10335,1,-1,169.66437457521835,133.4250726064722,276.14251302543175,273.8376825582776,324.1565310113124
20190614,10435,10435,10435,10435,0,0,135.00370365289984,138.52436608785655,278.51155721082876,276.74878299441195,328.86125071569
20190613,10510,10510,10510,10510,0,0,91.15920140062659,128.8642696795455,278.8660072507955,278.5188378827453,331.8050276728105
20190612,10640,10640,10640,10640,1,-1,107.2846680565308,131.81046999401295,274.5035291212132,273.6221035580917,333.777735010822
20190611,10335,10640,10335,10600,151,116,110.51696702316798,132.08425341441176,272.5842759588321,273.06928302782967,337.37442108148275
20190610,10255,10255,10255,10255,11,-11,136.55035701161677,157.3920264817845,286.81821333381316,283.39749273571323,347.1563023537878
20190607,10150,10150,10150,10150,0,0,194.12367192076292,169.5258092446195,298.918362600896,298.35673790875825,359.6366776770984
20190605,10365,10365,10365,10365,2,-2,190.9607289470796,151.53877391625983,286.201851845862,305.95763822609314,366.1066533092342
20190604,10245,10245,10245,10245,2,-2,154.35672968808325,149.5334410760466,272.33710727699366,316.197283704687,374.2421137743424
20190603,10460,10550,10460,10550,3,-3,136.69674465765453,156.74900318676163,224.82479289437973,317.36856422077426,377.1692604676742
20190531,10525,10525,10430,10445,5770,5767,141.61214637170076,155.0556351766789,166.76705310102696,318.1253247105965,381.735053462126
20190530,10405,10415,10365,10415,42,-2,99.91996797437437,154.9717716232326,164.21993636584062,322.5618373101337,386.7279742166736
20190529,10535,10585,10490,10585,1002,948,119.56588142108099,160.96583488443537,157.28636304524542,321.7575325026945,387.1480390841882
20190528,10525,10590,10525,10590,6,-6,72.97944916207575,154.8709139898236,157.60631332532571,321.97708467460217,386.28767345947256
20190527,10405,10440,10405,10440,2,-2,76.22335600063802,143.27944723526622,157.72820768651607,323.8496307444764,387.4899976308476
20190524,10300,10300,10300,10300,2,-2,109.88175462741756,139.17704552131937,158.7679123752679,326.94350514355847,392.87747020831773
20190523,10255,10255,10255,10255,0,0,139.40588222883568,122.20474622551838,149.11907993278643,331.9699618272052,397.3111688974032
20190522,10590,10645,10590,10645,102,-102,153.73353570382747,137.7171013347405,145.17317245276672,331.246498933281,396.1104096048064
20190521,10435,10670,10435,10630,153,127,161.84560543925807,129.4304832720753,147.5305053200888,331.5389201218404,395.16372969182555
20190520,10450,10450,10450,10450,4218,4218,161.72198366332265,127.91501084721456,146.93025556365424,334.554212099226,397.2960343232162
20190517,10600,10600,10600,10600,0,0,147.763324272297,132.58582126322153,148.62263454804165,335.43437841435207,396.02483087141377
20190516,10890,10890,10890,10890,0,0,141.61920773680384,175.11496223921773,176.07100840286213,335.6008190130393,388.28919411175235
20190515,10845,10900,10845,10900,747,693,175.11139311878026,206.21590627311576,198.68001912623407,335.7551190972381,382.96921112111846
20190514,10635,10695,10355,10695,39,-38,172.26723426119082,209.61214182399456,201.00046641737114,335.9941302397351,378.38691801156045
20190513,10635,10635,10635,10635,0,0,127.0196835140129,204.64603587668708,202.01113830677937,335.37974952118,373.33329613103774
20190510,10625,10805,10565,10805,815,743,105.11898020814318,185.82855001329048,203.94178090818158,333.51723052273644,368.4688664671964
20190509,10510,10510,10475,10475,901,899,145.51975810864997,146.5818883765722,185.13694255874688,332.8988418256955,367.21774639027717
20190508,10545,10685,10545,10685,1862,-1862,107.44300814850634,146.32241796813588,182.63539498136922,329.1535756890535,366.6029087560522
20190507,10730,10730,10590,10635,420,-420,106.09429767899876,146.17113258110115,168.0094863393158,321.82115245376156,366.27696857487274
20190503,11245,11335,11245,11335,72,38,293.7618082733016,227.32630732064717,234.61617591291684,321.67124349075635,363.99152920555485
20190502,11250,11335,11250,11335,45,-45,367.49965986378817,275.6247448979153,277.57881763564154,322.5422022344096,362.748284225299
20190430,11255,11345,11255,11315,53,-53,327.87802610117075,310.741452014437,305.0000000000012,323.90970964143787,362.4810244076516
20190429,11325,11475,11250,11440,1635,-1631,291.81500989496755,353.2736191679763,342.1420574849002,329.9273804777189,364.3223446803645
20190426,11315,11315,11315,11315,0,0,46.861498055439924,359.9670123775788,360.87255368065985,332.99486983035325,364.46077940196415
20190425,11765,11765,11655,11655,323,297,130.06152390311286,386.3447294839666,397.42444250448506,350.9198230682086,368.6437205601071
20190424,11610,11720,11585,11720,3,-3,169.62900695340994,413.18155815578075,419.11894194846496,369.54298915462317,373.6790043124632
20190423,11685,11685,11620,11650,803,-803,153.01633899685353,355.97085554865043,418.5985547036692,384.2714607612126,376.8602724228445
20190422,11975,11975,11700,11700,323,-323,148.8825040090339,304.7375920362264,437.7707019662243,400.43847495242363,380.4029091160502
20190419,11695,11745,11695,11700,1000,-1000,27.568097504180443,172.83011890303413,449.23066179859177,413.91947687120734,383.5922223606999
20190418,11725,11730,11700,11700,4407,3793,23.323807579381203,169.1478643082339,441.7954136249048,426.98877001886456,386.87457592876933
20190417,11615,11775,11615,11715,704,-500,22.271057451320086,158.2371637765177,438.04109396265636,439.2547666218326,388.5744758266477
20190416,11355,11460,11355,11455,722,-722,99.66945369570358,138.11227316946312,434.3739028763132,444.4189714922427,389.5024871551722
20190415,11675,11675,11470,11470,321,-249,119.02100654926423,134.78130434164964,429.5907209193429,450.88840544714304,391.34074205090633
20190412,11505,11545,11410,11410,1045,-1045,130.19216566291536,115.80695143227081,409.3821564259986,456.1426738301181,392.84881660557215
20190411,11780,11780,11540,11630,5309,-491,116.33572108342304,115.23888232726117,384.32562691030734,466.7163366423865,396.6157858649695
20190410,11725,11880,11725,11880,1552,1052,172.34848418248419,137.63720427281373,378.4593769481749,484.3725250832835,403.9078875155663
20190409,11640,11810,11640,11750,7501,3065,173.71240600486772,142.21111067717666,317.9759228306457,496.5887173171247,408.8735796878197
20190408,11845,11845,11660,11660,103,-103,154.7384890710776,141.05318146017203,263.1781715872362,505.51961029112357,412.5289867762273
20190405,11680,11705,11655,11660,2799,-834,91.34549797335389,139.77124167737884,167.61917402254656,514.0313436184829,416.0715562624063
20190404,11605,11700,11595,11700,863,-855,81.97560612767678,139.77124167737884,160.22952287266148,522.2038966938323,420.0322077598583
20190403,11410,11460,11410,11455,24,-16,100.59821071967433,146.13692209717703,152.51721214341921,525.5095675204745,421.3672850245426
20190402,11505,11590,11475,11475,13143,-1943,103.29569206893383,144.16657032764698,141.1860474692905,528.9899901909513,421.7205807924888
20190401,11135,11415,11135,11415,3076,2676,115.81882403132921,150.28389800652766,142.7609452896721,531.7373255032355,421.42041351911365
20190329,11080,11080,11080,11080,0,0,199.07285098676815,212.50235292823606,172.732452075459,529.8271468654245,420.0991760387046
20190328,10700,10700,10675,10675,43,37,308.188254156449,340.4041715373611,263.5858493925665,528.0011837107949,419.51251264289374
20190327,10585,10710,10585,10675,2129,-1326,344.9695638748439,385.94332485487797,321.0314431640626,527.5134016201763,419.2822902162146
20190326,10750,10750,10620,10620,17,-17,308.8786169355205,417.72030115860844,370.4823713754823,528.7288937211168,419.683875739372
20190325,10850,10850,10780,10780,32,-32,165.32997308413258,412.95308450239116,391.99003494987056,528.1387654353315,419.44460425869323
20190322,10925,10940,10780,10940,21,-17,113.51651862174069,379.802909414922,397.4055705447531,525.9667025793769,417.59891542810755
20190321,10885,10885,10885,10885,32,32,121.03718436910205,321.27091371619673,401.93003122434226,520.5641904596295,415.8610023360617
20190320,10910,10910,10745,10890,3352,1540,114.08768557561329,283.77852279557777,401.2495327100092,514.0427727555584,413.0476982646577
20190319,10930,11045,10930,10930,3365,-3359,56.74504383644443,222.10132822664653,405.77888067271414,509.14920182813086,410.1705924741809
20190318,10660,10890,10660,10850,370,-222,32.61901286060018,136.45970101110768,411.35568550829674,505.65454693232397,408.2687959203926
20190315,10490,10725,10490,10640,121,-103,102.68398122394748,119.43722200403506,427.3081440834012,505.65454693232397,406.5437634465534
20190314,10595,10605,10450,10450,2165,-2159,181.15186998758804,154.69001260598984,442.23551417768425,507.97049208919,407.83828622187775
20190313,10680,10710,10615,10615,2830,-2667,172.44129435839898,159.20113064938116,418.93458618261724,501.2973377481012,407.59303428455104
20190312,10715,10865,10680,10680,3471,29,128.20296408429877,154.8838274321799,394.6703529529432,490.81487656300317,407.41543089750326
20190311,10480,10615,10405,10615,1251,-1251,78.67655305108377,161.1745947723815,372.9044783855522,486.378988889666,408.35604528681483
20190308,10710,10710,10410,10585,1590,1166,76.11832893594026,154.2530388680936,343.19992351397855,479.3366003018019,409.3131929594018
20190307,10845,10845,10645,10730,3348,-2004,52.630789467763066,143.7193445575149,290.9650967040561,476.95605289050417,409.30681365987334
20190306,10750,10855,10720,10720,6602,1504,57.21887800367987,129.40343890346108,256.5126702523693,472.7020731919847,408.6084022495791
20190305,10630,10720,10630,10670,291,-56,56.868268832451726,99.53516966400335,207.96318784823612,468.3200695037535,409.21214742146543
20190304,10605,10805,10605,10690,3095,-1661,51.61395160225576,77.37732225944515,147.02550799096306,466.8487442416446,409.22935492290935
20190228,10060,10170,10060,10065,19,1,255.8906016249913,188.90738471548,188.77549496690702,479.7824376735777,416.73479443040725
20190227,10195,10230,10100,10100,2559,45,299.8733065812961,236.53963727046374,227.88209670792645,488.55935469045727,423.15373281738533
20190226,10230,10260,10185,10260,3569,-2820,271.8749712643663,249.930490336899,243.60457200143173,489.5636591791607,426.50683651881496
20190225,9745,10185,9730,10185,318,252,225.45509530724738,260.45345073552596,262.7099160671343,491.45652995288793,431.113043872819
20190222,9560,9705,9490,9705,247,-245,191.43144987174912,338.4065602201641,325.6742045357611,517.312197538607,444.7339950902717
20190221,9570,9750,9570,9750,67,-67,228.62633269157777,376.2063928218712,357.96394720697884,539.5781466932195,456.9184201894231
20190220,9445,9540,9440,9540,68,-58,282.92401806845595,404.5556204034802,402.9705324214176,566.5174497165415,473.1981834637557
20190219,9485,9550,9395,9415,622,-55,261.828187940107,415.9278783635999,445.4140629796064,598.7994934310935,491.65737279358177
20190218,9090,9460,9090,9460,252,-251,132.34047000067667,389.64214351125605,466.0576010537761,628.4381212356736,508.1208828588794
20190215,9205,9205,9150,9155,24,-24,192.59802698885574,355.7671288919862,508.0578215124739,668.1025942090707,531.2276645632144
20190214,9210,9305,9210,9305,21,-21,133.67871932360814,364.3161401860307,533.1404013015715,698.132682987666,549.3674629745238
20190213,8975,9200,8975,9200,270,199,118.0084742719776,362.4586183277315,564.8461626850277,729.7710828289478,568.6150923638535
20190212,8860,8975,8845,8920,573,537,178.1740721878467,339.75027593814974,602.9293076306714,770.4717665531667,593.8415660389733
20190211,8755,8810,8755,8810,16,7,183.91846019364124,295.25243436769443,632.5575072671264,811.2516906334049,620.0932053598057
20190208,8635,8635,8635,8635,10,-10,247.13154391942766,330.31651487633843,666.0255250363914,856.8754609367443,649.1023168256281
20190207,8675,8675,8670,8670,19,-19,203.75475454575286,315.26020998541975,683.0067258087586,897.4886682973913,674.4113894517848
20190201,8445,8595,8445,8595,713,-286,121.05370708904374,314.13412740428487,680.4033730075129,934.1920863327143,699.793063410382
20190131,8345,8370,8320,8320,22,-22,160.2934808406131,345.4287191303759,682.6043876214104,977.59407049484,730.8645517848163
20190130,8410,8435,8355,8435,242,-198,132.64237633576985,317.0366698034357,659.9853691560145,1012.7557290218955,757.229049451616
20190129,8280,8385,8280,8385,7608,7592,131.12589370524802,316.0636802925214,617.7032054312174,1044.5359781846803,783.3784339853875
20190128,8345,8505,8335,8385,179,-155,92.97311439335567,264.2200787223668,614.7725189043512,1074.7067138681784,808.2585865355209
20190125,8390,8425,8390,8425,14,-13,40.496913462633174,190.7118244893435,594.9904936215374,1095.2153866046447,831.859061538644
20190124,8270,8345,8270,8345,4,-4,32.2490309931942,156.5159736258715,549.3687286331474,1113.8439323152782,855.6863463115171
20190123,8265,8265,8265,8265,0,0,54.258639865002145,132.26488574090564,495.9173318205372,1133.149602141456,879.994388200262
20190122,8390,8390,8300,8300,45,-45,57.30619512757761,122.19349409872449,473.9521995940105,1147.3339718911677,902.5309464916229
20190121,8335,8410,8330,8395,158,-158,58.855755878248644,87.03447592796303,430.4079460233056,1156.040728809619,921.272896594741
20190118,8230,8280,8230,8280,18,-18,47.391982444291145,57.229799930240524,401.08602568526464,1165.0532891961102,941.3520630440487
20190117,8200,8200,8200,8200,0,0,63.13477647065839,73.31609645947763,377.22100617542594,1172.9816323038615,961.6115587546875
20190116,8255,8255,8220,8250,53,-53,64.4980619863884,70.68238818868203,332.738166581474,1182.3800855336985,980.1592841075812
20190115,8105,8200,8105,8200,28,-28,71.83313998427188,76.04110730424462,312.36437056745245,1190.2245236368965,999.3242847252991
20190114,8105,8105,8065,8065,52,-52,73.64781055808787,99.22827218114719,269.7619320808641,1200.1657611208036,1020.2749825074706
20190111,8090,8105,8090,8105,7,-7,68.22023160324215,96.44817261128391,219.176156321806,1201.4317153574225,1039.8148038900738
20190110,8080,8080,8080,8080,0,0,72.31873892705818,100.41912168534522,194.45098996919697,1193.6221019326993,1058.881596013012
20190109,7955,8110,7955,8110,43,17,46.968074263269514,103.27269726339223,171.44587338282815,1185.479157696729,1076.057902426753
20190108,7945,7945,7945,7945,6,-6,60.28266749240614,121.6593605114562,174.4382053909084,1180.587809690115,1094.899510229164
20190107,7865,7890,7800,7890,94,-94,90.85152722987104,119.67142516096631,171.7911158936944,1173.7377706143232,1113.667139797144
20190104,7700,7700,7700,7700,100,0,147.30919862656236,158.64189232373994,191.23676424788394,1167.0115293870226,1134.0524036245984
20190103,7675,7685,7640,7640,28,-28,170.0470523119998,192.60127206240728,225.0499944456803,1165.337218719693,1154.7500060138345
20190102,7645,7675,7645,7675,9,-9,123.1665539016173,194.75369059419072,240.71456125461282,1158.7060551417858,1176.6279495223987
20181228,7735,7735,7730,7735,9,-9,86.75252157718529,182.4890407669952,248.1274873930753,1148.9251740455393,1196.3115507211953
20181227,7910,7910,7845,7845,2,-2,70.24243731534378,173.65554986829002,244.95152581684553,1142.8495423234447,1213.9006450454372
20181226,7875,7875,7780,7780,48,-48,73.14369419163897,156.68439616011017,238.80156511212556,1145.1604569763315,1232.0195705516549
20181224,7860,7860,7860,7860,12,-12,68.8040696470783,135.44740676756598,231.12550703027293,1143.8162093769051,1247.8949434670442
20181221,7780,7780,7780,7780,0,0,46.151923036857305,94.20721840739525,229.1630151224249,1143.302268163983,1263.7481591370506
20181220,7960,7960,7960,7960,2,0,66.18156843109719,96.82587464133057,218.00501714410322,1133.8250495802142,1276.6944561542757
20181219,8030,8030,7985,7985,5,-5,86.69486720677297,110.24518130085599,195.6545105536817,1117.6286155169087,1289.2034012219654
20181218,8090,8140,8085,8140,27,-27,121.90159966136622,145.36161804292888,186.14829437843565,1098.3161701997483,1299.9684050648032
20181217,8195,8195,8195,8195,1,-1,146.37622757811462,163.25516837165685,185.81173267584785,1075.878788092175,1309.8537105553494
20181214,8335,8335,8335,8335,1,-1,138.58571354941316,191.70354717651324,193.50629834710998,1048.3052294855195,1317.6551431952712
20181213,8305,8440,8305,8440,10,-10,157.3975857502268,222.5893079194444,214.82711071929617,1019.8987252282668,1323.901861502185
20181212,8260,8275,8260,8275,7,-7,105.29007550571896,223.84146175375324,224.45976811001285,997.087912651426,1330.9884321801162
20181211,8195,8195,8195,8195,0,0,92.49864863877742,202.78128611895315,227.92145028496273,978.5544149691309,1338.7571947104339
20181210,8205,8205,8205,8205,1,-1,90.55385138137417,184.7538903516149,232.29776150449823,953.0394761265551,1347.2336986911182
20181207,8310,8310,8220,8270,1003,997,87.78382538941898,139.23002549757814,239.13646731521467,922.2534110355408,1355.002572773308
20181206,8295,8295,8295,8295,1,-1,40.19950248448356,115.78104335363395,247.67418113319914,890.7709636726189,1361.7779406798613
20181205,8500,8500,8470,8495,429,-429,108.33282051160673,107.08524641637506,267.3362816753475,856.487704231663,1366.8832755173173
20181204,8500,8500,8500,8500,1,-1,121.59769734661919,112.815114235884,273.2191199385591,813.2686577769042,1370.7122008284823
20181203,8320,8480,8320,8480,23,-23,102.98543586352393,113.50770898954569,266.80271269235766,766.3260973632738,1374.917582757258
20181130,8185,8185,8185,8185,1,-1,128.27314605949292,123.81033882538031,246.4319125032323,718.3470416325584,1381.6265317602838
20181129,8340,8340,8335,8335,15,5,123.18279100588686,118.72341807771346,230.35556754721762,662.3270162003931,1385.947779775252
20181128,8170,8270,8170,8270,3,-3,120.9710709219357,118.9369580914845,217.94838838587623,631.1078002652027,1390.5417702933692
20181127,8185,8185,8130,8130,4,-4,122.18837915284743,127.24091323177298,196.60938431316228,596.1270604680266,1396.8344115405914
20181126,8170,8170,8155,8155,11,-11,76.3544366752843,132.4018504404512,179.64461444752735,548.2908481515036,1403.148421606074
20181123,8240,8240,8240,8240,1,-1,75.19308478842984,133.6422463147624,146.85260467557512,497.520909666704,1408.609020723618
20181122,8470,8470,8470,8470,2,-2,120.2331069215131,141.92955999387698,137.527042795229,466.76352417474675,1410.2772973977906
20181121,8425,8425,8425,8425,5,-5,139.11865439257238,134.977775948693,123.04750099047419,430.2391453857401,1412.1194761529975
20181120,8410,8410,8410,8410,0,0,121.03718436910205,125.25973016119593,119.31549564076221,400.7889788349794,1414.7810189556837
20181119,8615,8635,8615,8635,10,-10,126.46738710039043,152.06002104450573,134.6892256269994,376.86134349685216,1414.9789726549354
20181116,8590,8600,8590,8600,6,-6,92.22797840135064,164.19805114572856,146.34633579287438,347.81256925729934,1413.2499385773733
20181115,8490,8520,8490,8520,15,-15,90.2551937563706,169.87421817349207,149.7906872939728,330.51637839737884,1411.6690771329497
20181114,8455,8455,8455,8455,0,0,84.6994687114388,166.3249830904999,150.15075757384892,303.2842794585589,1411.7109497186796
20181113,8400,8510,8400,8510,10,-10,64.91532946846992,140.84033513186077,148.1576440822435,279.73264765968486,1411.5538811448398
20181112,8280,8350,8280,8350,16,-16,82.68010643437755,109.84193188420687,142.90818730919773,266.247730819809,1411.0232595138002
20181109,8130,8200,8130,8200,5002,4998,119.81652640600127,118.24233590408625,146.5298604380716,255.83603418775832,1413.4891073500646
20181108,8205,8205,8205,8205,0,0,126.46738710039043,140.13921649579365,150.4916941229673,250.42845230175675,1414.3131277280675
20181107,8385,8385,8385,8385,5,-5,116.91877522451216,140.8225834163503,148.1249472573771,244.58547699237306,1413.9374538019524
20181106,8335,8335,8335,8335,0,0,77.26577508832743,143.5000000001916,145.39149734424205,240.1785215672987,1407.287712799796
20181105,8515,8515,8510,8510,984,-984,116.55899793666725,128.88366847686737,146.72146230187573,242.7630875291748,1399.117616273459
20181102,8360,8515,8360,8515,4033,-4033,116.01724009818541,118.2381072245962,143.93987460047597,244.15870294186388,1390.7050944475184
20181101,8305,8305,8305,8305,2,-2,87.52142594816426,113.64858116164598,144.5845340968416,243.47604262712267,1381.5613594519118
20181031,8100,8165,8100,8165,2,-2,132.68006632497588,126.33685131447358,150.32132250615928,242.61108566782363,1374.3445855863856
20181030,7925,8070,7925,8070,32,2,179.23727290940352,138.30762813401023,155.7032433830482,241.76519543195926,1362.7881856286203
20181029,7970,7970,7970,7970,1,-1,190.3417978269618,169.20106382660802,172.92248986178964,243.03611985790687,1350.2918177400074
20181026,8285,8285,8230,8230,502,498,117.83887304281215,168.26764394872788,173.2936452960718,242.9301883029777,1336.1324758629337
20181025,8275,8275,8275,8275,0,0,110.20889256316842,166.91015547310423,172.49710142492467,242.78499862138702,1320.1578918353127
20181024,8275,8275,8275,8275,0,0,122.8576411950026,162.94170736817472,172.48623133456405,241.6841372996035,1303.3627554224033
20181023,8465,8465,8465,8465,12,-12,158.76397576276554,172.89013852749326,173.9171857523021,243.84698925083734,1284.7249320542214
20181022,8325,8530,8325,8530,12,-12,119.2895636675732,175.65591364954327,166.6290790948589,247.39614824547675,1264.7071026746123
20181019,7880,8130,7880,8130,13,-13,144.32601983010548,161.55571794293144,161.87186290396718,247.5436409336704,1250.1963949882927
20181018,7975,7975,7965,7965,11,-11,208.91625116299593,179.40526748135412,172.43458904755957,249.47890135691546,1235.8160231424465
20181017,8000,8060,7925,8060,414,406,225.54378732299412,184.58331452234862,175.260520368966,249.52592550681248,1220.860591277067
20181016,8100,8100,7985,7985,103,-103,206.43158673032573,192.042313045996,177.0301881036134,250.78314835736344,1201.8109533984075
20181015,8240,8250,8200,8200,50,-50,88.12491134747314,177.73646221317725,175.64790775867712,250.28621116639914,1175.4247983589923
20181012,8250,8305,8250,8305,2,-2,130.40705502387516,179.92776328309134,175.9801125127517,250.32029482251593,1149.7461042189802
20181011,8540,8540,8270,8355,1311,1289,140.76221083799445,183.9728240802323,177.34923174347483,248.6792892239321,1124.3609844102311
20181010,8650,8685,8630,8685,47,-47,228.17537115122659,230.02391180061227,199.3307552787596,252.25234003986273,1096.6971215376393
20181008,9230,9230,8810,8810,133,125,234.59326503546515,277.87812076530184,231.7405607570689,253.6541143412677,1066.7268733008825
20181005,9070,9070,9070,9070,5,-5,286.0594343838357,357.81314956280653,284.4392509834055,262.7008623046104,1040.7814163393182
20181004,9095,9210,9095,9210,251,249,299.6564699785406,429.0480742295142,342.817006579313,277.91890303953153,1013.6791864567458
20181002,9130,9130,9130,9130,2,-2,199.7097894445838,435.71665104750593,381.95966737340314,288.29733638501784,986.5683993506364
20181001,8950,9100,8950,9100,19,-3,135.2922762023021,422.8770506897406,407.4113400483604,298.58257744815694,965.278887988998
20180928,8955,8985,8955,8985,28,-28,73.64781055808787,358.9219970969359,414.4944963446448,300.84689489289303,950.3621668942548
20180927,9060,9060,8985,8990,146,-146,85.88364221433555,304.2433236737536,410.50723197040116,304.3839292553359,935.0040515361113
20180921,8915,9105,8915,9105,10,-10,61.69278726074872,246.42240157918258,421.8474250247366,308.2678308801999,920.3825734971715
20180920,8925,8925,8820,8920,18,2,71.76350047203663,151.31837297582732,421.83786873632,309.94148193207354,902.0805802498704
20180919,8870,8870,8870,8870,4,-4,79.08223567907018,119.59933110202365,417.8609218388347,310.15357978843787,879.8672475231378
20180918,8660,8660,8580,8580,5,-5,175.25980714356615,169.34875257896533,416.152841513789,308.39696415501106,857.9138780916626
20180917,8590,8675,8590,8610,55,-9,197.6765034089788,202.27456587532672,415.37114427942726,307.5275958710848,834.7987115999537
20180914,8775,8775,8710,8710,7005,-7005,136.14697940094007,193.42957374727416,397.69798528531766,309.0421919235556,809.6341594956798
20180913,8740,8740,8630,8630,2,-2,104.30723848324239,192.1327665965711,362.5910230549024,309.88639271338735,785.1124477140895
20180912,8805,8805,8700,8700,15,-15,50.83306010855534,176.96044755835328,330.1155100870008,310.5685199043558,764.153653106238
20180911,8805,8805,8710,8710,24,6,43.08131845707603,168.80832325466912,280.4678011822404,310.210177406695,746.3061629712984
20180910,8985,8985,8825,8825,16,-16,62.609903369994115,155.2385261462275,246.4396477842004,311.54252206654206,724.3099158279692
20180907,8955,9105,8890,8900,34,-8,96.51942809610924,118.24656443234653,217.26409620551837,314.8836976656327,699.9568389471897
20180906,8990,8990,8990,8990,0,0,111.08555261599052,129.8701274352691,187.77047158699034,320.21394757606674,676.4257973902629
20180905,9095,9095,9095,9095,0,0,132.49150916190817,163.4319430223263,188.1249584717582,329.07998858775113,653.1471872893138
20180904,9090,9180,9090,9180,2194,2172,128.16395749195638,188.97089723037396,196.65896877590083,339.9942401473275,625.3848801049974
20180903,9110,9110,8975,9000,5024,-5001,96.0,178.46288129482932,194.48907424326114,345.3601582245902,595.0218468795427
20180831,9155,9155,9155,9155,0,0,77.80745465570763,187.28387544060507,190.60610562099197,351.3814008864351,565.4610888961403
20180830,9345,9345,9165,9165,10,-10,66.1362230551458,173.1069033864674,192.77318278225513,358.96653356858576,533.3965310864452
20180829,9335,9335,9285,9285,4,-4,91.24691775616314,170.12421932238638,205.62997714341347,368.5868188847501,519.2764046007222
20180828,9335,9335,9335,9335,0,0,116.60188677718727,155.0354798104326,224.4296938909839,376.3178694785997,504.4264069218155
20180827,9205,9390,9200,9390,20,-20,92.75774900244184,149.94082165991597,245.06874035666144,385.1324717981546,485.2833579467288
20180824,9070,9070,9055,9055,13,-13,121.01239605924675,130.03845585076223,243.805634676479,385.87094849043973,463.24477570964046
20180823,9115,9115,9115,9115,0,0,129.0891165048394,118.07307059634964,246.0894146443539,390.13191323223566,453.5147844583185
20180822,9165,9165,9115,9115,12,-12,134.0,116.82144494933519,247.15114302790658,393.65815507312647,442.47385162860513
20180821,9155,9170,9155,9170,4,-4,116.33572108342304,116.85568022159025,232.7674536957449,397.7581185008737,436.429879740845
20180820,8890,8925,8795,8925,7,-7,83.80930735902786,129.765172523488,215.3978876405262,399.0844643960021,430.02058857370434
20180817,9075,9075,8960,8960,4,-4,96.26006440887103,144.5173000026319,203.8443033297736,400.64374414464993,422.94601499160046
20180816,9145,9195,9050,9120,21,-21,96.88137075826292,144.7273298311371,181.96771691704203,404.02195863043977,422.49487176381155
20180814,9425,9425,9425,9425,0,0,178.4096409950987,163.01533670195164,178.92928072286196,413.624653722052,424.5749835620553
20180813,9520,9520,9520,9520,1,-1,241.7229819442082,189.97960416858058,178.70279096869402,425.7114551613286,430.03039298280044
20180810,9490,9535,9445,9495,105,-105,223.59338093959758,203.72775952248261,180.01024276412926,434.183492956118,437.9570449986411
20180809,9380,9400,9380,9400,191,183,142.91955779388627,207.12858325216803,175.47417901218614,436.4271289561502,444.7588590555406
20180808,9355,9355,9195,9195,4,-4,114.74319151914854,204.2700418564853,169.08577704822113,433.79475433539733,449.10039515748423
20180807,9170,9190,9050,9190,5,-5,142.51315728731856,201.17156856785257,167.2533631948869,433.8913954615533,453.1949831015192
20180806,9250,9305,9050,9050,81,67,159.91872935963443,208.43704085418761,170.7723265052062,431.0106340529022,455.82056654887987
20180803,9620,9620,9215,9215,552,177,111.66915420114903,182.86880543179066,164.28329190760923,432.4700615842495,459.95953739619273
20180802,9515,9515,9405,9405,43,-43,113.37548235840057,157.5761720567226,168.76833233755895,437.17205963126196,466.91603270531976
20180801,9975,9975,9845,9845,3503,-3503,276.21368539592675,214.05373157235414,215.09242199575684,450.6203363143044,481.8860353254903
20180731,9910,9915,9910,9915,2605,-2605,341.4732786031727,269.12079072425666,258.1879160611525,461.50306216633584,497.668088229213
20180730,9945,9945,9910,9910,12,-12,291.4721255969428,306.0735205796949,291.26995639784195,467.4616665805202,512.6406311118149
20180727,10065,10100,10065,10080,66,-66,226.70244815616792,358.24886601362545,335.00923494733803,474.3569550806099,530.4594297373508
20180726,10195,10195,10195,10195,1,-1,128.9728653632228,407.5107360549512,373.80969422956485,491.03903442938935,549.6678147729549
20180725,10380,10380,10380,10380,10,-10,177.80326206231425,443.23836702168217,422.06901094489365,513.8685724212321,572.4760411653807
20180724,10370,10445,10370,10445,2,-2,195.41238445912276,453.3861488842008,462.83744446619784,536.1761409897672,595.9019759411851
20180723,10270,10270,10270,10270,1,-1,129.89996150884727,381.81016225350254,480.388904950979,552.6545535463965,613.4337426301845
20180720,10290,10290,10290,10290,0,0,87.37276463521113,297.18723054674695,477.02063634606077,568.9221290202197,630.0246013164423
20180719,10300,10300,10300,10300,1,-1,65.69627082262737,201.86876925380213,467.26457976183127,574.1899850127121,646.2211940174009
20180718,10265,10265,10265,10265,1,-1,66.73829485385434,172.95953283946093,458.8106908083123,570.5735175145248,660.5839115257953
20180717,10290,10290,10290,10290,19,-19,13.2664991614216,144.2957033318884,463.1616213591113,568.5015879973982,673.7152266330895
20180716,10330,10430,10330,10430,51,49,58.65151319446072,102.8457582987458,474.75592413365496,565.7561987189322,689.1688028987832
20180713,10390,10405,10370,10405,922,-922,66.37770710110436,78.36453279414006,479.42902237974783,566.9269255282334,703.0615477542549
20180712,10055,10300,10055,10300,7,-3,66.37770710110436,66.03976075095815,470.30807722173,565.9314532010283,714.4641044848055
20180711,10140,10140,10140,10140,1,-1,102.74239631233058,86.63284596528001,436.45045537838627,560.4664476031493,721.1422026125925
20180710,10230,10235,10185,10185,7,-7,115.26491226735047,82.16599053163105,394.11697184972985,562.9884299186143,727.4359925546313
20180709,9885,10145,9885,10145,16,4,102.71319292087068,92.7092228424128,317.89502984475985,565.9660558627987,730.3321114777908
20180706,9770,9880,9750,9880,4,-4,137.65899897936205,149.97999866663687,248.69094776449091,567.2804212987544,728.3250905331031
20180705,9900,9945,9795,9810,26,-26,155.0677271388215,193.99742266340726,198.27758320092755,568.6610675281238,725.5313558103065
20180704,10135,10135,9950,9960,14,-14,146.47184029703456,202.7985453597852,190.15437807213576,571.1248343303693,724.8330219590405
20180703,10050,10050,10050,10050,0,0,119.01260437449471,199.51754308843368,182.8940950386336,574.350085604012,726.206466232073
20180702,10380,10380,10380,10380,1,-1,198.85673234768794,192.45064302320483,175.91901545882055,582.5745302820362,731.163360252039
20180629,10140,10345,10140,10345,6,-6,221.00678722609402,184.4105474208161,175.60805078355818,589.001479671789,735.9067347308865
20180628,10230,10310,10230,10260,6,-6,165.60193235587562,180.8514583851761,175.6566252664577,594.2333062209009,737.725219848185
20180627,10260,10260,10260,10260,6,-6,114.64728518373211,185.9872307445998,172.3289006522143,596.0158461726407,741.2221701727551
20180626,10540,10540,10540,10540,2,-2,102.93687385966217,223.64257197600998,179.60703633210127,602.3988850144611,748.8578235757498
20180625,10750,10855,10720,10720,8,-4,179.4993036198191,278.7512331812085,209.5022374582208,605.3913105495379,760.6310416997688
20180622,10680,10680,10680,10680,4,-4,198.63534428696218,284.2925429905681,229.70347733545685,605.9941327182023,771.4358726139257
20180621,10870,10870,10750,10750,10,-10,180.0,261.0215508344923,252.6978185501425,609.4255947657202,783.9676055790034
20180620,10815,10870,10690,10870,256,-256,106.84568311354465,252.1552101386028,282.3915721122016,612.216737220838,798.7219989441106
20180619,11035,11035,10845,10945,1217,1142,98.97474425326898,240.24986992721227,313.30286864310824,617.1347041412836,812.8140408055273
20180618,11315,11405,11315,11395,172,168,250.97011774312892,332.9493204679082,387.1001162490148,636.3914981274355,834.533800951531
20180615,11340,11345,11275,11340,341,19,259.24891513755654,366.0450791911308,437.8883276590057,653.059652499076,853.782803989951
20180614,11400,11425,11280,11300,362,-182,217.7383751202346,352.14343668459964,473.7839038000349,667.1733230994374,871.6014315933688
20180612,11340,11515,11300,11515,869,605,191.24330053625408,331.8693266935646,514.8643025108662,688.5529310727524,892.9744148381914
20180611,11280,11345,11250,11325,60,-60,76.61592523751182,304.1611415023942,532.2830543986919,702.5660506710698,910.8218930358383
20180608,11405,11405,11235,11265,88,-88,86.79861750051091,282.0819916266176,537.8821897032851,714.2794105872551,926.6653692662077
20180607,11395,11470,11365,11405,1140,-1140,89.30845424706443,245.75190741892263,527.1249258951816,724.3861577608604,944.0734728940737
20180605,11250,11420,11250,11410,3422,3378,84.75848040166836,196.8400365780253,498.1372175415131,735.8417090878437,958.1282525131716
20180604,11120,11275,11120,11260,28,-28,65.00769185258002,143.83671297703555,463.2150553468667,741.3393659826382,970.0559655962867
20180601,11260,11260,11175,11175,68,-68,91.13725912051558,91.56418513828413,423.05555190778523,745.6009693901551,979.3072939796384
20180531,11045,11330,11045,11330,20,-20,89.40917178902845,89.64513372201533,408.69273299142566,753.1752184732347,988.9143870581572
20180530,11350,11350,11125,11145,75,-75,97.74456506629922,105.6692954459247,380.35476860426076,756.0613217340272,995.1621509067141
20180529,11420,11435,11355,11375,692,272,87.78382538941898,107.1319280141923,340.95628385469115,755.4473656200034,1005.1073602136297
20180528,11360,11435,11360,11435,15,-5,113.20777358467925,94.55818314687592,288.27330781742654,755.9249301352482,1017.3320901245955
20180525,11505,11505,11360,11360,601,-201,98.15294188153507,95.59811713646931,253.5399376824108,752.6406245494599,1027.278281025508
20180524,11470,11470,11470,11470,200,-200,113.25193155085701,104.06848706519177,234.52345298498557,751.5405428185347,1038.0999068811839
20180523,11650,11650,11650,11650,0,0,103.95191195932858,139.96070877227595,213.58019571112098,745.7190973967334,1052.8899045207543
20180521,11820,11900,11820,11875,413,407,184.94864151974733,208.82109567770584,213.15179450335563,744.8743881800758,1070.4787058705458
20180518,11710,11740,11625,11740,47,-47,184.61852561430555,224.01395045853127,200.75031133226355,742.138515634961,1084.1694689946107
20180517,11775,11775,11725,11725,354,-354,132.61221663180206,215.75970430095833,186.6043608815205,745.0983296406635,1096.2328675970523
20180516,11850,11850,11850,11850,1,-1,83.34266614405853,228.28983770644868,208.0895240034941,751.78293169562,1109.9862486635943
20180515,11765,11795,11755,11795,86,-86,58.872744118140105,189.38386942935847,219.64445702088807,754.3408224329771,1120.5225707665504
20180514,11590,11715,11590,11715,544,540,50.695167422546305,170.58795385382902,222.16885470290552,750.4584709806645,1127.4367930053902
20180511,11665,11695,11610,11610,1003,-503,81.08020720249795,154.69001260597273,223.64187331535376,735.8280058319579,1132.1203182217923
20180510,11715,11720,11715,11720,7,-5,81.2773031048644,112.36102527138041,225.1271862747828,720.84296236341,1139.543841485146
20180509,11710,11710,11710,11710,7,-7,58.90670590009256,77.77531742163222,221.22655242985806,697.2659852356439,1145.585451217727
20180508,11550,11720,11550,11720,669,659,42.661458015403085,72.41546796117255,222.42470636150279,677.0566199858265,1152.812983983839
20180504,11395,11405,11345,11345,12,-12,144.09718942436038,129.8114016565414,224.95819055993658,654.6135416326591,1154.8636997198466
20180503,11235,11360,11125,11360,43,-18,178.50490189347744,162.09565077458475,219.49644074563201,644.3711997408939,1154.3855117430567
20180502,11150,11175,11150,11175,270,-270,216.57793054695117,214.00934559041212,219.49644074563201,633.0582461792267,1149.825240344545
20180430,11200,11200,11200,11200,0,0,194.7562579225633,226.5502151842651,227.83697570851123,620.8731027530379,1143.6830460063134
20180427,11250,11385,11200,11200,81,-81,79.46068210127572,228.57657360288954,223.23250211382916,612.079396402102,1135.4978717138679
20180426,11580,11595,11275,11275,551,-551,67.86751800382861,220.44330336854745,228.19454419420447,605.7608335803503,1130.9032456588511
20180425,11625,11655,11625,11655,2,-2,180.14993755202914,224.46380554565454,227.8568629644513,607.4816869667433,1130.4185058039104
20180424,11390,11595,11380,11595,351,349,198.77122528172936,211.4006859024764,223.38461786792917,608.4721074589329,1128.5231861141706
20180423,11350,11410,11220,11220,351,-351,195.17684288869927,195.50511502269646,235.2672682291371,601.6399809409494,1124.5453402252303
20180420,11535,11535,11535,11535,1,-1,175.2826289168439,168.87569392910834,234.32136052865675,597.7690642435633,1123.8951974853403
20180419,11375,11500,11375,11485,331,323,150.2531197679436,173.132896931917,222.4752795256155,592.7216181873449,1116.8909103200779
20180418,11395,11495,11135,11335,1206,-1197,137.34627770711518,173.4394707096335,221.00268663525506,584.7424409277812,1105.1063014479905
20180417,11495,11495,11390,11390,1025,-1025,111.2924076476019,161.13348503659222,216.8230845643534,577.1210637484818,1094.5311781763262
20180416,11760,11760,11760,11760,1,1,147.220922426128,181.71406109610052,210.23201468853583,576.8617444606449,1085.8389221844152
20180413,11840,11885,11755,11755,52,-50,180.02777563476144,183.15908385891493,207.49337338816568,575.1397414734768,1079.6341940933569
20180412,11950,11950,11950,11950,1,-1,236.31758292602774,210.0261888432884,225.8565639958262,573.9870546352448,1076.6260562194343
20180411,11805,11970,11805,11850,80,70,189.37792902025305,225.66845149474597,237.47249840771192,564.8737813784976,1072.2476749282068
20180410,11750,11750,11750,11750,0,0,77.82030583337487,230.91340368206525,238.87378989751207,553.8279604012199,1070.4869730057703
20180409,12550,12550,11600,11750,69,-36,79.27168473042566,194.94614640981268,240.67340422240414,539.9715784701151,1069.654142410086
20180406,11710,11710,11710,11710,0,0,87.26969691708571,191.11580259108877,240.25754410632092,513.0690878320776,1070.6897236711748
20180405,11750,11750,11750,11750,1,-1,46.647615158762406,181.25948251066995,242.1569738826465,479.7978741094527,1073.0355686543103
20180404,11685,11750,11660,11685,4384,4379,26.90724809414742,135.38833036874215,240.76895044835152,448.9105562358156,1073.5327551541898
20180403,11620,11620,11620,11620,1,1,48.33218389437829,84.97646733087655,225.01722156315222,417.88763608036714,1072.6798573614335
20180402,11875,11875,11750,11750,11,9,48.33218389437829,85.00588214962265,210.8530293830296,400.68631226095204,1071.431025642057
20180330,11895,11910,11820,11820,2268,-347,67.67569726275453,87.06463116579256,194.56618411224687,380.89966599552514,1070.4639367725624
20180329,11720,11845,11675,11845,4,2,83.51047838445186,68.23488843718847,181.49311281699022,354.3078052107792,1070.5252596726896
20180328,11725,11725,11725,11725,0,0,79.28429857165919,60.30961780707643,182.0274704543266,321.3914625844433,1066.747037987738
20180327,11900,12010,11900,12010,13,-13,100.14988766843426,101.07051993551572,196.0897434849685,305.97231174650454,1064.7828775806577
20180326,11585,11785,11585,11785,31,-31,95.42536350467836,101.04454463272849,165.39649331228503,291.6540354406792,1055.6146305655043
20180323,11670,11670,11670,11670,0,0,117.15801295686096,104.08650248728449,160.68194515875373,272.0019786487452,1045.113689157283
20180322,12055,12120,12055,12120,3,-3,173.2224003990246,148.22617852469673,173.39333897240905,263.8778521082741,1040.085031746898
20180321,12285,12385,12285,12385,4,-4,252.05951678125547,222.6005390829835,196.72696815637846,270.784662293261,1036.4124822354229
20180320,12255,12255,12255,12255,0,0,273.3239835799266,231.75471947737006,196.0387397939518,272.55942267481834,1031.1880612712653
20180319,12305,12355,12305,12355,11,-11,260.51103623455185,253.15212817599252,223.73198251479545,288.42671898103174,1026.5437561708661
20180316,12515,12525,12365,12425,2378,2364,109.52625256074454,274.97499886359446,251.40554886477892,304.80361391475617,1023.7636852972423
20180315,12285,12445,12285,12445,27,25,66.75327707311455,287.2477153956728,277.1257611626908,319.47900296149805,1021.5315290927703
20180314,12375,12375,12375,12375,1870,1870,66.51315659326356,263.64986250713855,292.2588749721738,332.48667475378306,1018.8731213944442
20180313,12550,12550,12490,12505,2040,2004,53.14132102234569,272.9212340585334,310.6818107002738,346.89311514250556,1018.679032974705
20180312,12490,12510,12475,12475,3502,3500,44.27188724235731,235.9004027127389,321.5894121391448,357.42524470928623,1018.4796599384749
20180309,12285,12425,12285,12425,1625,-1455,44.27188724235731,108.02893131023721,323.1558254155427,367.29298780241623,1014.2562409087166
20180308,12225,12225,12120,12195,12,8,109.36178491593853,91.2633551872377,315.5000000000012,370.23036184687754,1008.8760247589353
20180307,12160,12160,12160,12160,0,0,145.17575555167605,113.31482692054044,301.41945441527287,369.2668693956572,1002.6105499797087
20180306,12170,12240,12170,12240,20,-20,126.86212988910441,114.80418110866889,279.7913284932196,367.21224561998025,998.2471269124432
20180305,12195,12195,12195,12195,0,0,94.47751055145346,125.07597691016504,264.5132321831948,367.0666284506903,993.484604673007
20180302,12190,12280,12190,12280,2,0,41.641325627314025,123.23656113358659,252.77509766589102,363.42177822582823,989.7697543705432
20180228,12230,12260,12230,12235,3099,-2901,41.060930335295616,119.60455676951587,239.85099541173628,363.638633199897,979.8606618630657
20180227,12515,12515,12200,12210,10,-10,29.086079144497972,120.66896867062567,212.21142170015435,363.97148659680585,969.889361352081
20180226,12195,12370,12195,12370,111,-111,62.976185975335156,102.22646428412028,207.38535989794636,365.6786973863188,960.8035229547615
20180223,12230,12230,12230,12230,85,-85,57.271284253105414,78.89233169347109,177.45069737817528,365.9297424217129,950.3383132981018
20180222,12000,12260,12000,12260,304,296,56.78027826631356,55.0567888641606,110.36756769993957,368.7205637967573,934.8201466577841
20180221,11930,11930,11930,11930,0,0,145.87666023048376,107.72186407611461,132.09371673172325,368.8269317111854,916.0974738515989
20180220,11930,11930,11930,11930,0,0,180.84247288731703,136.78815738225677,152.6472649607609,368.59719056012983,899.4810222428591
20180219,11775,12070,11775,11960,382,-172,150.11995203836165,151.17870220382636,167.38428839051994,368.3549296081136,887.6857552084854
20180214,11895,11895,11895,11895,0,0,134.08952233489387,169.8675954972972,183.571511951067,368.3648553629924,876.3676920090569
20180213,11990,11990,11945,11945,301,300,21.587033144922902,170.01544047536854,188.72864117563276,368.36994538995475,864.3573710743808
20180212,11810,11920,11740,11920,25,-2,22.135943621178654,170.61652909385353,191.13002772981733,367.8621703693115,849.8352281063752
20180209,11585,11585,11435,11435,242,-242,199.23353131438492,246.35594167795958,246.58910661260109,370.6264966242046,828.5358729158278
20180208,11915,11915,11915,11915,0,0,194.15457759218555,210.98815132616926,236.20158234017134,370.1427933918631,807.9791105317112
20180207,12100,12425,11920,12005,3348,-522,206.98792235297208,190.0322341078866,221.67698910802795,369.88755798956913,783.5512097265556
20180206,12755,12755,12640,12645,1001,999,386.6833329741534,275.0836236493085,242.65446111703932,382.01035289917616,768.3189972903717
20180205,12720,12720,12560,12560,801,801,445.73086049767744,328.4265519108253,262.2193738075063,384.5353978792493,754.909758219892
20180202,12485,12620,12445,12620,1055,-976,320.0843638792748,371.69207685937243,284.3132075722138,388.05086293184814,749.8954915612903
20180201,12700,12700,12470,12530,5970,5912,237.07804622107042,390.60977970352116,296.23934579998104,382.5043481959624,744.1896039765182
20180131,12640,12700,12635,12700,763,757,60.530983801686226,412.7060091639482,319.32301436006884,381.1348095562566,739.9402706750913
20180130,12805,12805,12750,12750,52,-41,82.80096617793781,427.97897144606577,342.3721476697553,379.6860819588481,738.4842020427569
20180129,12985,12990,12805,12805,652,-530,96.97422337920526,430.0933038307291,366.76721159340394,380.8930569507146,738.9148152302319
20180126,12850,13085,12850,13085,14,-9,180.70417814760123,335.72347251872475,411.1809212500025,400.61420725616034,745.7465487218943
20180125,13010,13115,12935,13065,613,-363,161.96913286178943,288.16705224579414,445.70246521642747,416.1621195185209,752.3135324063552
20180124,13060,13060,12990,12990,34,-34,136.72600337902077,195.1281630109546,469.1094621727436,416.6698249879395,754.6612087093234
20180123,12980,12990,12980,12990,1601,1601,98.82307422864359,199.54260196767373,488.88361345007337,424.61351708207866,756.6103124664752
20180122,12715,12900,12715,12900,1041,1040,65.5286197016235,182.3602204430266,489.5775602496511,427.0434127683179,756.7069544616445
20180119,12715,12715,12600,12600,638,612,163.10732662881824,184.8925363556606,476.8209176409952,416.8775799519435,751.9428123571748
20180118,12520,12715,12520,12715,35,30,156.08971779076288,160.43690348554216,465.0271497450453,409.3919186494492,748.318855418639
20180117,12640,12640,12520,12610,11518,10960,156.57586020839867,171.3154984233161,443.8757568284179,408.5027794682119,745.0048366267729
20180116,12585,12705,12545,12610,7182,6521,114.52510641776327,184.23083346722746,422.5088756464185,407.02190768219606,740.8749707084756
20180115,12505,12650,12500,12610,814,191,43.174066289845804,196.49745545433768,395.10251834175995,408.1688784477006,734.6573984216167
20180112,12420,12505,12420,12505,1286,1280,66.40783086353596,194.56939636034687,291.6929035818334,406.26663213806887,724.1120891881284
20180111,12495,12495,12400,12400,15,7,84.0,192.42141252997322,245.15543538743077,401.32117748745804,712.8245410961604
20180110,12435,12455,12360,12435,3823,-1803,86.86771552193599,178.27296486015612,199.13484752800235,396.2263312243079,700.3843984239073
20180109,12325,12380,12300,12380,1014,-2,83.6301381082203,149.2154482620041,211.21908057749124,389.496969036741,681.0633842260178
20180108,12210,12330,12200,12285,875,-755,71.93052203341777,128.51069994374467,227.73490619578007,383.1662226326656,658.152769278073
20180105,12180,12245,12180,12245,1069,-360,71.93052203341777,147.72355939399574,246.5050709417572,374.89453146470504,637.3205411896633
20180104,12130,12160,12130,12145,1330,-270,101.86265262597475,155.61571257437893,269.86976025483244,364.7812891155564,616.9457912775346
20180103,12010,12215,12010,12140,421,-417,90.18869108707588,162.70295018847074,290.5781951557975,358.080724914751,602.867037522055
20180102,11860,11970,11860,11970,686,682,109.1146186356347,182.53835213464694,320.418768957127,355.08645269681415,586.8853995647579
20171228,11680,11815,11675,11795,28,-28,158.8521325006372,210.81982828954406,357.51529687553335,356.2647657757518,568.1643184048052
20171227,11890,11890,11750,11750,2320,2240,166.16257099599778,232.85671560003004,370.8719455553369,355.5796812560304,548.5882623582879
20171226,11915,11915,11785,11820,20043,-27,143.03845636750978,236.68597339097562,368.0709000994248,359.18011382394866,534.4677242490443
20171222,11970,11995,11925,11925,626,-326,82.37718130647589,211.90151014099433,354.90526905077184,356.1405289893399,523.3664466700781
20171221,11770,12025,11770,12025,12352,12338,99.32774033471213,180.26369573498187,328.0406796420236,348.11659924023223,511.1155266642622
20171220,11850,11850,11775,11785,1458,1422,100.7670581092849,165.81616326532952,314.6605313667425,354.0438904836614,499.8493870380218
20171219,11710,11835,11710,11790,10,-10,92.91931984253867,142.09943701519256,317.51141711755935,360.42740831765957,490.46782514255096
20171218,11730,11730,11715,11715,9,-9,111.60645142642964,130.4233491367053,310.66621959910725,368.4045557082393,482.38199478105827
20171215,11885,11885,11735,11735,79,-69,111.26544836560899,100.11992808644622,303.9213508459068,375.4430345899908,480.129583203046
20171214,11205,11925,11205,11880,22,-7,57.21887800367987,90.83501527514164,284.0566624812746,378.7220745112982,476.9205035084262
20171213,11855,11940,11825,11940,636,564,85.82540416450132,96.74838499962225,256.1507124721708,380.65893162008103,473.1462658512197
20171212,11930,11930,11895,11905,34,-22,92.03260291874831,94.02659198351837,233.2556269417755,383.3605425124957,471.42275053531984
20171211,11670,11960,11670,11960,257,249,79.46068210127572,98.53425800215354,214.81896447939772,384.0894264359796,467.7917817167494
20171208,11545,11725,11545,11725,261,-261,83.22259308625273,104.63746938852772,194.61677086006935,389.0208059987539,463.88890365110035
20171207,11735,11735,11615,11615,302,302,135.55072851150598,106.77078252047849,180.14924368423183,396.56485913393846,462.1424274657686
20171206,11610,11610,11610,11610,1,-1,145.41664278891878,121.88621743263434,169.15876418323924,404.4854756353073,460.4667751768101
20171205,11715,11740,11660,11695,2057,1943,127.5695888525161,124.98399897601081,150.21547024191864,410.0349832635271,456.52201936678915
20171204,11680,11850,11680,11850,19,-19,87.71544903835355,124.7407311187304,133.73574690411218,412.67382701101985,450.71168837931316
20171201,11785,11785,11685,11685,67,-67,86.79861750051091,127.8680960992046,116.97088312909648,418.08633976718414,447.56421016686164
20171130,11755,11765,11625,11625,784,740,85.12343978012167,132.0378733547143,117.35736022934712,424.3656704095465,442.1346577182341
20171129,11840,11845,11650,11730,3646,3481,74.60562981437795,117.83462988457889,118.11302849389963,428.3655873069296,439.18200281578794
20171128,11835,11835,11720,11785,567,-563,77.91020472312982,105.9292216531197,117.79218989390063,431.32969472953937,436.61600970488945
20171127,12090,12090,11820,11855,3036,-3036,79.39773296511683,85.68109476445679,118.48285740984113,432.4633173267481,432.903633105129
20171124,12100,12120,11950,12075,1364,632,150.61208450851478,137.44544372235703,130.78871319804605,432.53175862836315,430.2066666635134
20171123,12470,12495,12080,12080,1273,-1273,146.32156368765337,159.8874604214957,135.98161640457414,432.47048711113763,429.0167031681714
20171122,12645,12645,12645,12645,300,-300,302.1853735705949,287.83893065399394,228.38563877792478,435.8157979263078,432.70017645986474
20171121,12400,12630,12400,12630,816,716,321.1635097578802,350.3269901107167,284.70335438838924,438.553327239978,435.52626013129645
20171120,12235,12355,12160,12355,1273,537,250.49151682242655,361.8497616415325,299.1721912210437,438.11715201394554,435.69599293997845
20171117,12395,12395,12300,12310,405,-405,212.30638238168913,347.7125249398323,307.617762003433,436.6814485410636,436.1316518075686
20171116,12300,12415,12300,12400,2428,-2428,141.37185009753534,316.13327885566406,322.41229427551417,436.19421005878826,436.8547543394187
20171115,12585,12585,12340,12340,980,940,115.22152576667261,278.8122127885231,331.9633827698482,434.94335518794105,436.70545112436105
20171114,12670,12670,12595,12595,641,-641,101.73494974687902,248.7172088940213,355.93635315882074,425.6881357153494,437.75246683746667
20171113,12735,12825,12735,12795,9574,3958,182.7730833574791,228.83673219138504,392.5684653662349,429.700347787629,441.87073705321797
20171110,12555,12715,12555,12715,58,39,175.53916941811022,211.54254891163455,408.0560623247751,432.68480316369914,444.6768177252863
20171109,12420,12470,12365,12445,9340,-9188,167.6186147180557,164.51747627541303,396.6850135813058,430.4487645339561,444.8304901090087
20171108,12490,12490,12470,12470,2052,-2052,135.73503600765721,159.850711603143,380.9251895057621,429.5350845842621,441.2034599316068
20171107,12285,12285,12285,12285,9,9,186.85823503394224,166.3550420036357,362.77782457035704,426.8887686895191,436.550157405333
20171106,12160,12290,12145,12290,6637,-5285,156.8884954354525,171.93676163063975,352.0365748043813,425.337537531375,428.7448655346064
20171103,12225,12265,12100,12100,168,-128,133.13902508280583,200.05061859447363,329.2942263386966,421.5056593134357,420.72218829328193
20171102,12225,12255,12175,12195,1802,1444,122.5805857385255,213.5087820208613,294.52705733090255,416.1082591504936,412.46765656036473
20171101,12280,12325,12260,12260,604,-2,71.5122367151245,217.92200439614103,263.86964111091055,409.2066426499087,405.38232125853074
20171031,12255,12255,12240,12240,72,70,66.15134163416491,214.59787976592852,233.6803372130414,393.23113078969686,403.2176809912416
20171030,12315,12315,12165,12245,645,25,58.18934610390462,166.04893856942368,205.84035075757313,376.85061879849775,400.35737290792144
20171027,12320,12320,12265,12310,1764,-1476,37.013511046643494,103.46013725117746,194.88121382011335,362.4716847177779,391.77049820520534
20171026,12220,12285,12220,12285,1721,1681,26.19160170741759,88.63407922482509,183.622574864859,346.9679279925996,387.96982047227357
20171025,12170,12190,12155,12155,1748,995,52.78257288158659,63.72009102341862,181.3739231532492,333.45960108456615,383.1475976660799
20171024,12065,12110,12060,12110,75,-13,76.51143705355429,71.54718722656297,179.64548421822562,328.3280879444461,375.7175634703095
20171023,12100,12100,12050,12080,214,-214,92.87626176801045,78.14089838255622,188.6522925914253,319.84435233742215,369.07621164207546
20171020,12010,12060,11990,12060,204,-192,80.16233529532433,83.86894538524376,197.71112133615736,313.85084700632825,367.31594030216837
20171019,12155,12155,12070,12070,173,-163,34.351128074635334,91.73467174429237,203.91465739372623,307.4408140871831,365.4580815566488
20171018,12060,12135,12055,12095,26019,-25999,17.776388834631177,90.96702699348357,208.58451524502183,300.5931173898459,364.95772205689116
20171017,12100,12145,12050,12100,412,-411,14.966629547095765,89.10106621154009,200.12168173389094,296.0631853543189,363.812098555864
20171016,12175,12230,12130,12150,536,-412,31.304951684997057,83.45807330650108,160.12807374099253,293.54503487527023,361.716308037205
20171013,12130,12190,12130,12190,564,386,43.174066289845804,64.94035725212309,115.88005652397976,290.4715514850739,359.5651212074874
20171012,12125,12155,12125,12135,656,-656,34.84250278036869,39.71460688504248,102.99120108048427,288.0877928493547,356.9683084868391
20171011,12105,12170,12090,12170,1611,-1611,30.72458299147443,41.460824883659214,80.74458186157598,287.1423379130045,354.71878288388086
20171010,12045,12045,12045,12045,0,0,50.05996404313531,46.661011562475714,81.5210862292741,286.4216976571656,351.9427012037923
20170929,11800,11800,11790,11790,180,-180,146.67651482088058,107.0385444596182,110.6037408951467,288.7029783742215,349.9681309896654
20170928,11720,11760,11715,11760,3162,3162,172.53985046939155,144.17784157086635,138.05320532316787,291.3724587570801,349.86336370639776
20170927,11585,11680,11585,11680,125,-55,186.2364089000859,181.53580913977845,167.06361063978218,295.3540601265836,351.34206731325975
20170926,11575,11585,11570,11570,763,739,157.6197957110718,221.34588317841911,198.09972236225053,300.13844027924455,354.49236004940866
20170925,11670,11670,11605,11635,53,11,80.47359815492284,235.24721039798672,214.1510856848518,302.47326557699813,355.5721035646632
20170922,11740,11765,11740,11765,17,-17,74.47147104764348,224.48607974668462,215.79779308417577,303.27719260682943,357.3032651179599
20170921,11775,11775,11775,11775,0,0,77.78174593052023,199.1638772469423,209.74746720759404,304.97399706993593,357.3985651552986
20170920,11665,11775,11665,11775,3707,-1079,85.46344247688599,171.9018615374345,202.10084116599006,307.0583549315306,356.2544736562142
20170919,11745,11750,11665,11665,371,-371,60.4648658313239,121.56891049950066,206.0922123710664,309.1679694490648,359.38158448083436
20170918,11730,11800,11730,11760,1577,332,41.90465367951393,71.03696221007603,205.0067072073515,309.6103734264372,360.98095517640013
20170915,11760,11760,11760,11760,424,-424,41.54515615568198,68.50000000026121,203.87189605240036,308.85517776663204,362.9290349022329
20170914,11740,11740,11740,11740,437,437,39.11521443121589,67.42588523731666,203.0461770140003,308.771040668454,364.7083595149228
20170913,11655,11705,11640,11705,1398,1378,36.52396473549935,66.63332499609923,201.6821447228305,311.173975543393,366.40303969818007
20170912,11720,11765,11685,11685,451,-451,30.166206257996713,47.90876746521159,197.88554141220308,314.3238333663976,368.0773148705151
20170911,11715,11735,11680,11725,1307,606,26.19160170741759,37.11131902850751,190.24063708892677,316.470333873725,369.6369840804165
20170908,11735,11735,11735,11735,0,0,20.396078054371138,35.7945526586893,175.62228645590727,318.7113266298314,370.16245495136536
20170907,11690,11690,11690,11690,0,0,19.390719429665317,34.77067730194123,152.9074474968461,319.31041149454205,371.2444140059505
20170906,11730,11730,11730,11730,0,0,21.118712081942874,30.532769282129603,129.31937209869506,317.1222490353809,372.1815473216434
20170905,11670,11720,11670,11710,100,-94,16.30950643030009,24.97999199430878,88.44489810045995,315.13157525412623,374.13360794947073
20170904,11510,11640,11510,11640,461,415,34.40930106817051,32.496153619094684,55.305402086963845,316.2073423139604,376.77135114248364
20170901,11390,11390,11390,11390,438,-438,124.64349160706307,99.12113800817673,87.4567750377336,326.08276897460746,382.5148667227915
20170831,11365,11365,11310,11335,2880,2878,165.72265988693277,139.00449633028512,115.99676719633503,335.2024264031986,389.0301308490119
20170830,11360,11400,11360,11400,1949,1931,150.2664300500947,152.95097253707291,130.3735019089414,340.85606077432726,394.05815763322073
20170829,11370,11370,11370,11370,5,-5,108.79338215167317,164.98863597241058,143.8306295613029,348.98403139197075,399.4845550484878
20170828,11080,11310,11080,11310,853,671,33.823069050575526,173.38973441365223,161.78902156821627,359.32908160739566,405.7035983600444
20170825,11090,11140,11060,11120,468,440,98.3666610188635,197.51518928942457,193.49160188494162,376.4023685572148,414.33819385733057
20170824,11075,11075,11025,11025,181,-181,146.90132742763083,222.45448972775893,226.0702324500082,396.12549744007697,425.036842765894
20170823,11090,11145,11075,11145,284,-258,127.1770419533337,205.00548773151888,237.98319268385475,409.9022241135804,432.88842545043275
20170822,11165,11165,11140,11140,679,-679,91.90212184710427,172.05013804132292,250.49089304803226,413.31232305463146,440.75609751887265
20170821,11135,11135,11135,11135,0,0,44.78839135311738,130.19600608328417,255.75329909895737,415.77417748892765,448.47364401385505
20170818,11095,11095,11095,11095,0,0,45.12205669071391,125.52390210648623,259.6722694089624,424.54583576640437,456.6923578540462
20170817,11060,11095,11060,11095,2,0,22.271057451320086,121.73844914421605,260.61753586434037,432.92361239206537,464.53096864837687
20170816,10970,11085,10970,11085,261,259,22.80350850198276,100.55346836404532,260.4390523711848,438.7713590874918,472.40439214965835
20170814,10800,11020,10785,11020,232,190,37.20215047547655,76.65507158720331,261.569660893615,446.56575352589664,481.0934521714967
20170811,10970,10970,10965,10965,2000,2000,51.73006862551025,57.19484242516509,258.757970891721,448.5233797943564,487.6964276633791
20170810,11105,11105,11030,11030,1634,1626,47.265209192385896,57.664980707874314,245.7086689557386,440.01214471867814,495.77250152056126
20170809,10895,11000,10890,11000,63616,63610,39.370039370059054,60.199667773497985,232.6177121373193,433.2998063952417,504.1582024083528
20170808,10815,10835,10800,10835,2540,2530,71.06335201775947,87.66413177599897,219.1715937342263,438.66973783111735,511.623532383876
20170807,10710,10785,10675,10785,618,-418,95.84362263604189,109.21194989578713,201.95667852289694,443.27364103143594,520.3365480762956
20170804,10740,10740,10730,10730,2975,2975,118.63389060466659,126.9606238171511,187.5293310391757,452.8345601749302,528.9275690148463
20170803,10880,10895,10755,10790,5605,2933,92.22797840135064,128.45329890680244,186.80805657144646,458.72192617694844,536.7118236048917
20170802,10865,10910,10860,10910,6304,3594,60.08327554319921,116.64047325024208,179.54299624324182,463.8776778418365,540.2115567458113
20170801,10790,10830,10765,10830,989,-675,59.6992462263972,103.86168687268943,166.3601139095569,468.3254077027373,543.926949177675
20170731,10750,10825,10730,10790,200,-100,59.329587896765304,97.69979529170325,152.9646609514784,471.19389586446863,547.066107878157
20170728,10615,10690,10615,10690,7026,7022,71.10555533852471,104.56576877755397,148.0732504539586,476.0935584408018,546.8327221753771
20170727,10540,10615,10540,10615,402,-402,103.9038016628843,102.86520305740481,161.23662735247456,481.67193624561884,547.6131145836041
20170726,10630,10630,10555,10590,2736,1496,94.21252570651102,95.42143365115282,176.32976918263333,484.6631920438767,549.461970110115
20170725,10735,10735,10695,10695,910,890,70.24243731534378,93.11954682042564,174.08241582652954,483.72365704896737,548.71819700306
20170724,10690,10735,10690,10715,3220,2800,49.13247398615299,92.28894841768154,168.26318670464062,484.3475780767646,548.5515633998322
20170721,10750,10775,10730,10735,2369,1631,57.09640969448079,92.27133899560297,159.09902576697553,484.424458048409,551.8875690654354
20170720,10670,10780,10670,10780,2006,1995,63.13477647065839,91.73330910875006,149.35925649252792,483.1630159686684,552.5378930570788
20170719,10470,10620,10470,10620,177,-121,52.66877632905477,76.38062581598594,143.6654098939642,485.0963821756872,556.6766949571361
20170718,10445,10445,10345,10425,784,140,126.29330940315089,102.72414516578803,152.36059201775487,491.03911221221813,563.7789842266405
20170717,10715,10715,10450,10450,4144,3876,144.31216164966833,111.7597870436504,157.5563391298514,494.01026192664335,569.7470869215767
20170714,10750,10750,10725,10750,1103,883,147.17336715588183,116.25940822162332,149.5850510579207,488.3261091615227,571.6461229909836
20170713,10775,10810,10770,10810,202,-202,154.6091847207015,126.73200069454417,135.11545988524313,479.02197815496805,573.5590262538716
20170712,10840,10845,10795,10805,6096,4680,173.33782045474092,131.68238302841354,121.42384444581198,467.2292665276264,574.8423681879722
20170711,10810,10870,10785,10870,1352,-100,148.44527611210805,143.78456106286833,123.34175083888158,454.9386100220921,575.6335142331453
20170710,10860,10860,10820,10820,1510,1508,38.262252939417984,148.54376459495583,124.5050199791187,440.71576882253004,577.6716676068014
20170707,10915,10915,10880,10880,2900,2899,31.559467676119,157.42934923336745,129.2487910968638,428.5854883605821,579.1363885970985
20170706,10880,10910,10840,10910,2505,2495,38.93584466786357,166.85023224449372,134.63747620926628,422.5167567353607,580.8867502936644
20170705,10725,10840,10725,10840,5459,5080,31.368774282716245,164.8605471301165,130.88735615024373,417.3653725054497,583.22413263595
20170704,10810,10810,10720,10720,1005,1005,64.99230723708769,124.42768984450845,128.9079128680654,415.1841208025823,587.8487794493302
20170703,10860,10870,10800,10810,4305,4305,65.54387843269576,54.68317840104927,129.48069354154984,413.3163554980242,591.9279220738136
20170630,10850,10860,10850,10860,3520,3520,63.05553108173778,50.062460986660625,132.3536928083261,409.190121527271,595.4611876871019
20170629,10725,10810,10725,10810,3221,2955,47.916594202843754,50.062460986660625,130.32147750850874,401.898230277203,599.1940058088778
20170628,10815,10815,10815,10815,10,-10,45.56314299957807,49.60090725017952,126.12097367210873,393.47958968661663,602.2902109979509
20170627,10695,10725,10695,10725,5500,5270,43.749285708454714,57.39337940948412,125.56372883918647,385.3455429870037,605.6272789775358
20170626,10585,10725,10585,10725,11882,11881,53.53503525729669,63.9316040784294,125.41331667730005,379.50438256868404,609.9323035637831
20170623,10425,10425,10410,10420,1200,814,144.89306401619092,129.01647181674642,145.48603884909625,376.1597898499385,618.0409784486252
20170622,10580,10580,10550,10550,2190,1812,142.35870187663275,133.27133975480822,151.0320744080566,368.4226418876914,624.2618752486461
20170621,10340,10425,10340,10425,10853,10721,135.6244815658294,154.6738504080175,163.63526514783035,362.9462387491754,631.9130511128362
20170620,10305,10305,10300,10300,3,1,144.13188405068465,192.2082204278527,176.6881079756098,360.7432431798993,640.5668008794681
20170619,10255,10280,10240,10250,4515,4475,105.28057750601485,215.81473536355745,195.99410067652735,359.2345643478296,649.2916011572926
20170616,10195,10195,10190,10195,11032,11027,128.03905654135383,224.0541229257849,224.79657470700204,356.3898458460563,658.6693182723791
20170615,10100,10140,10100,10140,13,9,97.49871794028884,227.90842459207846,250.88891964373545,353.13338485613974,668.1720035955982
20170614,10265,10270,10120,10140,1834,866,62.609903369994115,210.43051109580927,270.5756594743894,349.6659020486711,678.3535405979201
20170613,10205,10240,10205,10240,201,1,47.07440918375928,180.73530369035205,275.1357619430828,339.394671519032,686.9415863489579
20170612,10165,10220,10165,10180,505,505,37.469987990390386,131.41156722314858,282.3396668907873,329.66307505620404,696.1170878523723
20170609,10075,10130,10075,10130,301,-299,40.792156108742276,130.1921656630854,285.37814825245596,322.48526021434407,705.4681648361529
20170608,10040,10115,10040,10095,6309,4207,49.558046773455466,93.47325820813424,283.4259162462049,324.2290428419091,714.2991125727999
20170607,9795,10020,9795,10020,4373,4372,74.67261881037788,77.74316690259518,286.01791901907256,328.8851010948675,724.6052074042041
20170605,9735,9745,9690,9700,1150,170,170.64583206161234,150.74481748983982,318.41835688289194,343.3626504472816,740.1444631887455
20170602,9675,9715,9615,9715,957,-857,186.77794302325958,182.7491450049642,332.98001066130195,355.3085513558988,754.3691245283928
20170601,9705,9740,9705,9710,5200,5200,172.75994906227544,202.5734434718572,334.35862109417894,366.87834798769984,767.79607029186
20170531,9720,9720,9675,9675,3,1,128.7400481590713,219.37923785090965,333.23227634789635,382.54719207782585,780.8348452493799
20170530,9645,9665,9645,9650,2112,1834,24.289915602982237,228.3533446219833,323.6327973181963,398.9850317436966,792.1164676131639
20170529,9645,9645,9625,9630,529,475,33.075670817082454,213.44144396074213,314.0815976780568,411.82833364018643,803.0278367511863
20170526,9650,9670,9615,9615,410,-276,33.67491648096547,192.494155755563,295.27360193556206,423.4446703984518,807.0556041958675
20170525,9525,9615,9510,9615,5996,-96,22.93468988235943,162.2228405621331,295.4609745804016,433.37903605141565,810.4954588947165
20170524,9525,9560,9520,9560,24045,13103,29.899832775452108,119.82904489332945,281.56382491364326,444.45605800794993,817.6916091708424
20170523,9485,9485,9485,9485,11,-11,53.60970061472084,68.57295385243278,276.63818879540247,456.44942369210617,825.9445939179521
20170522,9490,9530,9490,9520,322,-320,51.51698748956503,72.775339230044,272.7694768481267,465.63573626694136,831.7887184990494
20170519,9610,9610,9610,9610,3106,-3106,50.457903246171455,65.1229606210286,262.8824594757146,471.9062995505823,836.2474671943453
20170518,9590,9590,9590,9590,140,138,45.56314299957807,55.36244214310015,253.94192249410247,478.62676104544954,836.9078742195132
20170517,9595,9600,9580,9580,29,15,46.861498055439924,48.55151902925558,245.7610628232242,483.066269608325,833.7372812623506
20170516,9420,9540,9400,9540,1568,1240,33.1058907144937,45.0249930599465,235.538744159004,488.0318395236721,831.6567290238354
20170515,9405,9480,9390,9465,546,364,51.34199061197374,51.43928459891649,213.28546012328346,497.0944676036872,834.0830533769556
20170512,9350,9390,9350,9375,3077,-3077,80.56053624449132,71.37226352056145,194.86918689213218,508.42165216369426,836.8171179469018
20170511,9340,9340,9270,9330,18905,-7305,94.79451460923254,88.24539648077192,176.3349086256058,520.616961722633,842.0491859727035
20170510,9415,9470,9415,9440,1370,-1150,72.73238618387272,88.17737805156548,143.60427396146935,527.5291658603402,844.7712697907992
20170508,9530,9530,9440,9450,2161,-301,51.24451190127583,89.13472948323073,107.77841852616295,530.8666590794677,849.0411002599499
20170504,9790,9790,9790,9790,30,-30,162.52999723128036,126.9881884273044,115.04863102184548,528.3055394897251,847.273306292383
20170502,9770,9770,9770,9770,0,0,187.78711350888804,146.30789452400876,119.13227942082173,526.1963287489407,844.385670012402
20170428,9795,9835,9795,9835,1404,-1396,174.40183485273312,172.05013804135214,129.1692204048656,524.4727246376722,840.5650536246859
20170427,9770,9770,9770,9770,100,-100,138.54963009694396,183.58989623628042,134.35587073143006,524.2656967924836,836.8532950882558
20170426,9755,9855,9755,9810,1368,38,24.899799195977465,195.69172184854438,142.72876374438596,523.552309548252,831.2539682445395
20170425,9710,9800,9705,9765,8227,-3795,27.748873851023216,195.1544260324318,147.61669112942732,521.3866327719853,825.9295731006936
20170424,9995,9995,9790,9860,20763,-20124,36.68787265568828,184.88104283578562,158.47239507245652,517.398138123157,820.9908383150777
20170421,9975,9975,9880,9895,30326,-30324,50.695167422546305,152.10276131631298,170.39219465691716,512.3132179958952,815.8839616569018
20170420,9955,9990,9955,9975,1342,1332,72.069410986909,130.21520648544455,186.12143213504655,505.3732050562886,810.0702890885216
20170419,9915,9915,9885,9885,1860,-1860,67.55738301621814,65.05574532696332,189.5552360131493,501.6986700755071,804.8565434632608
20170418,9945,10075,9930,10025,1599,-493,61.93545026880809,84.04760555807984,202.07919239743794,499.9282170694102,797.9485840005016
20170417,9960,9990,9900,9960,8466,-3524,52.11525688318153,83.25262758643994,209.58232272785017,497.95724381380774,790.7303410280236
20170414,10080,10080,10005,10040,6989,4001,54.8270006474912,94.60576092419711,219.87723847638424,490.28381803012815,782.3877271248753
20170413,9990,10065,9985,10040,5936,-1936,60.249481325568276,92.58644609253659,227.13212014156153,480.69495409133094,772.785811025471
20170412,10125,10160,10090,10090,6045,1033,41.7612260356422,95.70919496080835,233.13676243784622,470.7344365161746,761.6738648456845
20170411,10080,10100,9930,10040,3075,1949,41.7612260356422,74.8264659064282,228.10345788698763,458.286202122139,751.2387443694182
20170410,10065,10100,10050,10050,7106,-7096,19.390719429665317,65.19202405237738,210.9419351385607,446.6191750249633,739.573045703147
20170407,10065,10080,10065,10080,600,-600,20.97617696340303,58.696252010206265,181.3566927356163,432.3782021820727,729.278177187756
20170406,9980,10015,9980,10015,22,-8,27.202941017470888,56.93197695535981,152.90908246406013,415.9895832028883,722.8135985604883
20170405,9790,9965,9790,9965,8683,-6617,38.600518131237564,40.21504693576241,111.49439447793215,400.96663583836414,716.741391453219
20170404,9755,9765,9750,9765,3413,-3374,111.75866856758807,89.37141601231193,113.21743461146232,389.85499441028935,712.9989663679331
20170403,9735,9735,9735,9735,1849,-1849,137.53544997563355,120.60679914518028,115.94179574252223,374.71888537347036,710.565497606634
20170331,9680,9735,9660,9720,256,-7,124.33824833895642,141.59802258522555,123.13889515502706,356.05534643114567,707.1007597047784
20170330,9725,9740,9655,9655,1220,-1220,104.86181383134664,162.66606898811523,132.5339579126827,338.2817694696788,702.0304764970183
20170329,9780,9815,9745,9810,7074,-1270,51.24451190127583,153.36313116276162,132.5339579126827,316.88075000259005,694.9353487116366
20170328,9805,9815,9735,9735,4215,-4185,49.33558553417604,149.48578527755274,134.41912066369406,297.95202587363684,688.0063993565981
20170327,9895,9905,9835,9835,4731,-4699,64.76109943476871,134.29538339066883,135.0580893541766,276.34191532709826,681.481897330343
20170324,9860,9960,9860,9960,764,676,102.14695296483396,115.6168240354612,135.30151514303432,266.75439963045574,672.2165398061583
20170323,9800,9820,9775,9775,530,-490,76.32823854904552,95.7457570863949,138.15389969161473,250.65890945440552,663.7634689468899
20170322,9825,9825,9790,9790,32,-28,77.42092740338364,77.4015503723733,140.51045334778743,238.58278029970808,655.0086394150914
20170321,9665,9760,9665,9760,4553,3347,72.48448109768049,77.5000000003035,140.99290762304588,230.46961416971865,646.5661165384647
20170320,9730,9745,9695,9720,2330,1670,82.84926070883192,78.44743463012064,144.77223490711452,223.64858036657338,638.2751156546564
20170317,9920,9920,9880,9880,8030,-8030,52.91502622129181,81.64557550808837,139.99642852587613,218.06535717528305,627.5586736624434
20170316,9930,9930,9930,9930,0,0,77.61443164772902,77.05355280612828,135.3319991724084,214.23176701876835,615.7911450931041
20170315,9960,9960,9900,9930,605,419,87.77243302996676,83.69737152412092,126.24876237017433,210.27006444090875,604.2819071128685
20170314,9950,9950,9950,9950,0,0,84.23775875461075,83.7615663657659,121.16517651536991,203.152173396052,591.2929556278145
20170313,9990,9990,9980,9980,320,-276,32.61901286060018,91.57647077741377,116.33894446831098,198.27793343908186,577.900040316056
20170310,9920,9920,9920,9920,1,1,21.354156504062622,88.26239289780526,105.17960828982368,193.96062028722838,565.5539918596724
20170309,9895,9895,9895,9895,0,0,28.635642126552707,83.44009827442963,98.30946037895207,190.22399077574548,557.3806237413527
20170308,9975,9975,9905,9905,8896,-8816,31.144823004794873,78.65112840923776,95.17746582043854,188.34607257795375,549.6724782390061
20170307,10000,10000,9990,9990,1000,-1000,39.319206502675,71.44928271190882,99.72305400458184,190.0449325524705,540.0789487041785
20170306,10060,10060,10060,10060,1000,-1000,62.56196927846821,50.882216933286955,106.8994854992331,193.1572473975706,530.3659637982372
20170303,9815,9820,9815,9815,7,-3,84.29709366283039,61.654278035235414,102.59721000105581,192.930237103656,522.4280901474169
20170302,9815,9815,9815,9815,14,14,96.67471230885562,71.86097689320803,91.5761295316675,192.3902825854708,517.1544740211359
20170228,9710,9715,9685,9710,4431,-4413,127.92966817747946,96.6643677889961,97.40989426131591,191.81115930340783,513.6893905178823
20170227,9755,9755,9755,9755,5,5,121.13628688382354,104.74850834282282,96.13629647537265,190.71874288824577,507.86686076566053
20170224,9780,9780,9780,9780,0,0,39.6232255123179,103.69305666266443,97.83404315472578,189.3046303066552,501.6200680878023
20170223,9900,9900,9810,9810,2080,-2004,38.65229618017538,103.0545971805557,96.07419008246048,187.8274178304985,494.9301227334693
20170222,9895,9895,9895,9895,0,0,61.886993787063204,103.0545971805557,94.40471386536133,185.58082620664018,488.1162700173328
20170221,9900,9900,9900,9900,0,0,59.38013135721409,102.81536850124404,93.09940923550883,181.19158062358298,480.976637729677
20170220,9795,9850,9795,9830,827,815,47.286361670147556,92.14662229320561,90.16789894414056,177.1569454842702,474.0203640727199
20170217,9770,9820,9715,9750,3402,-2757,56.0,57.567351858904175,87.82084035125573,175.3210547030947,468.278310824842
20170216,9615,9710,9615,9710,133,-69,76.26270385975047,64.16580086032542,94.86964741159707,173.36129582139188,463.36943616846213
20170215,9710,9750,9685,9690,7248,-7248,78.38367176906169,70.96477999717192,101.05567772273236,171.3642968129751,457.25721965938834
20170214,9775,9775,9665,9665,1424,-1424,57.654141221598294,76.65017938692014,107.45784057015452,168.64119949362856,451.48861804291454
20170213,9660,9790,9655,9790,707,493,44.31703961232068,76.29547824115802,104.99136869286325,162.05803144410513,447.11760314457007
20170210,9660,9670,9635,9670,1941,1933,45.387222871640866,83.39064695783983,105.06515835423627,152.32665466754372,443.99949949930595
20170209,9550,9635,9550,9635,7,7,53.009433122794285,91.35233987176893,109.46574806760673,139.93857779589706,441.6559727479835
20170208,9425,9540,9425,9540,13,-13,80.06247560499239,98.18859404252304,121.32884034721813,135.6815102444138,439.14879588885844
20170207,9460,9460,9460,9460,100,-100,112.8007092176286,105.11422358580995,137.18691628577685,135.2041666023995,435.3559347598633
20170206,9415,9515,9415,9500,789,581,79.64923100695951,102.73266277113544,138.29859001450717,142.02396120210986,432.06363463624064
20170203,9525,9525,9485,9505,304,-302,59.21148537234985,103.03033533890871,126.26237563106733,148.0670596947532,429.0235926562017
20170202,9580,9585,9530,9535,773,-771,28.74021572639983,100.49378090234282,129.46500492411354,152.92597610167385,426.8329570967638
20170201,9585,9625,9580,9625,602,-602,55.40758070878027,96.4170628055435,127.43110883924987,154.96738008004135,424.62704019406
20170131,9710,9710,9695,9695,6919,-3495,76.13146524269712,99.05680188683715,127.34205903785578,155.86610617943435,422.0868706664161
20170126,9580,9635,9580,9635,1222,-1222,69.45502141674135,77.10382610511746,126.82271089990446,157.5712140588604,418.41200289516746
20170125,9640,9645,9625,9630,1011,-1011,51.22499389946279,73.2734604072185,125.17088319573664,159.393359508917,414.25811993325436
20170124,9455,9630,9455,9630,3,0,26.19160170741759,72.88518367986885,121.44854877684108,160.87469243684689,409.55463615991334
20170123,9570,9655,9570,9655,110,80,24.779023386727733,75.40557008635471,109.33320630074262,160.75308879004194,403.6825601572094
20170120,9560,9655,9560,9655,120,-116,11.575836902790225,64.46122865760502,93.494318009175,161.62705700327282,400.01249112450796
20170119,9640,9640,9630,9630,3304,3304,12.24744871391589,53.91892061278641,82.74169142579058,160.56625060490492,398.6732140454149
20170118,9530,9560,9490,9560,2804,2204,34.84250278036869,43.81780460096022,79.28232779125966,162.00949474914378,397.45749030217206
20170117,9490,9495,9375,9435,1767,243,83.58229477586745,67.97058187221873,86.15973537564251,165.03358244102174,392.96733501522476
20170116,9160,9630,9160,9560,115,-95,76.4591394144611,69.78717647281645,84.54140997168633,163.9392672098961,385.87548365887136
20170113,9800,9800,9700,9700,5,-5,87.95453370918409,70.420167566174,86.20433573783134,158.9161204325032,377.61532224911275
20170112,9815,9815,9755,9755,2036,963,113.51651862174069,82.93973715926494,82.6574255587527,154.89357905774523,367.3456213916733
20170111,9945,9945,9945,9945,1,-1,173.59147444503142,127.9697229818357,111.06614020483806,152.2024419426903,357.48744878910884
20170110,10045,10055,10010,10030,518,-494,169.4284509756257,170.22411697537908,143.41025067965242,150.5790674547437,346.015893080026
20170109,9355,10100,9355,10100,879,757,154.77079827926198,208.47301983721366,173.77715615120633,153.34898017987237,333.5687684181
20170106,10010,10010,9955,9955,31,-11,115.52488909321661,215.96527498662164,178.432585308852,153.13254516553155,321.7257717720192
20170105,10035,10045,10030,10030,1501,-1501,56.79788728465171,223.78784596140798,187.83819499771803,156.96036300779934,312.47412115080516
20170104,10000,10035,10000,10035,161,159,45.93473631142341,216.6154426629057,193.87802222015972,160.64937666298837,300.59523992233824
20170103,9940,10030,9940,10010,6437,6433,46.62617290749907,168.62977198598784,196.41855818634028,163.40126138499244,286.5260041283267
20170102,10095,10095,9940,9940,2,-1,39.16631205513228,121.16104984707763,197.30860979693904,163.98041465026608,272.77926248478985
20161229,9880,9940,9880,9940,96,94,42.473521163190604,88.6791971098402,199.29312582224392,165.21776454790353,257.9403462475412
20161228,9905,9905,9905,9905,58,58,48.518037882832814,57.61076288373383,197.37021051820545,165.84252487085382,244.7663852194834
20161227,9900,9980,9900,9940,1384,1371,34.292856398964496,58.0107748616221,195.17876421373495,166.9123189647978,230.76863940023298
20161226,9830,9885,9820,9885,105,-105,22.93468988235943,63.6710295192868,190.59298911555152,165.88723998208266,224.21771413831812
20161223,9985,9985,9960,9960,2,-2,27.09243436828813,47.853944456501935,187.90356569261996,167.37756719460387,214.31886615267473
20161222,9940,9945,9940,9945,1869,-1869,27.676705006196094,48.052055107414276,183.55108280803125,168.5726640221944,207.18408012112025
20161221,9900,9920,9880,9880,1112,-1112,32.95451410656816,46.946778377712626,175.59826308936186,168.90355153816705,202.31800806890152
20161220,9860,9860,9840,9840,78,-76,44.339598554790726,45.57685816339449,160.38936997195526,168.7367072953389,198.1696803809842
20161219,9930,9930,9830,9830,3485,3416,53.14132102234569,43.76356932479666,123.22007750363066,168.43847788827034,194.85963163709894
20161216,9845,9915,9825,9900,3489,-3486,41.7612260356422,42.32316150816604,93.80664955108857,168.07891251824944,192.548113576181
20161215,9910,9910,9865,9880,1052,-950,26.5329983228432,40.80747480604922,79.15925403893561,167.52435560898675,190.10248971883945
20161214,9885,9925,9815,9925,1084,56,35.77708763999664,41.656332052238234,67.63643618642799,167.1638417839936,186.042931126935
20161213,9855,9930,9800,9930,1072,494,36.27671429443411,40.75843471045393,67.70155094235837,166.3496985936743,183.0433122699268
20161212,10380,10400,9935,9935,24168,5337,20.83266665599966,41.9672491360383,64.69688941518552,166.55352409622844,180.85464064199718
20161209,10340,10395,10320,10385,3008,-3004,188.02659386374046,151.34397906770545,112.48888834014116,182.6437599687968,186.79901836992653
20161208,10310,10330,10310,10320,748,128,208.02403707264216,188.57690738806235,138.10571132288754,193.99140874443495,191.81348995999943
20161207,10385,10390,10365,10370,533,-531,209.7283957884578,217.083509277065,163.02971354940408,205.7115024061753,198.69539344202028
20161206,9600,10485,9600,10425,11487,-867,179.18147225648082,235.6268236004662,188.8019795976746,217.9489459840058,206.57655545576344
20161205,10610,10630,10380,10380,14827,7625,33.67491648096547,232.69078194042172,205.54972026252125,229.45654393705772,212.94263947930327
20161202,10735,10735,10610,10610,2246,712,100.2197585309404,254.40911933349494,240.47492072979406,250.28365852009856,224.692552292315
20161201,10715,10775,10695,10715,8729,6772,138.02173741842262,267.1371370664213,277.697677339946,273.44159441375837,238.54969418823694
20161130,10650,10700,10625,10635,35383,-35375,128.47567863218313,252.09571594940593,297.2200363367193,290.5444601662813,248.9609518692332
20161129,10615,10740,10570,10695,25230,-12040,119.77478866606278,220.96606074246588,317.3817693252099,308.683528607076,260.1625560214894
20161128,10580,10615,10565,10600,16993,-16993,45.9782557302906,143.2838092739118,323.2274740797891,321.6210135996571,268.2626686199163
20161125,10540,10610,10470,10560,13615,-13615,57.7408001330082,137.07297326622282,326.6435365960893,332.46704097295884,274.5556985336513
20161124,10530,10600,10530,10545,14735,-13633,54.092513345194085,117.68708510300739,325.90796246793474,342.1593500597564,279.3834699189769
20161123,10430,10550,10430,10530,3013,-1881,59.27900134111572,101.40142997040233,317.9068259726437,350.5938909748289,283.9479088330014
20161122,10395,10430,10395,10430,1959,-1959,56.53317610041028,100.6975670016034,300.71581268699646,355.3751831984255,287.3002899359851
20161121,10470,10470,10440,10440,3952,-1950,54.80875842417888,90.46546302342333,278.5762911663531,359.53336848689923,290.4430254658312
20161118,10530,10530,10455,10455,8131,-8131,47.853944456021594,96.39631735726455,258.22119878120145,363.31536652822194,293.52664085048167
20161117,10540,10540,10340,10485,9773,-9619,36.138621999185304,83.34416596284707,230.90095279145285,366.92740729223635,296.48692764431894
20161116,10395,10430,10380,10430,4495,-3495,20.639767440550294,82.042671824135,201.2639746700853,370.38021005445245,297.514133651329
20161115,10400,10405,10360,10395,5475,-5473,29.563490998188964,64.4282546717113,163.97713255207492,371.37255739872467,296.5745994781653
20161114,10410,10500,10410,10430,19472,-19462,29.899832775452108,53.94441583744317,110.42276712707731,372.00679503946634,295.1286795621167
20161111,10365,10380,10325,10365,33703,-33703,40.17461885320133,53.124852941378606,111.47056786435039,369.19788242738963,294.27587385076964
20161110,10205,10270,10170,10235,10707,-707,72.20803279414278,74.91495177895587,119.24868972026798,362.3455993017065,292.05050933028434
20161109,10000,10190,10000,10190,1605,1405,93.6269192059634,92.20764610401613,133.62728014893045,355.65866126570387,292.538981258283
20161108,10030,10075,10030,10060,2591,-2591,130.66751700403586,132.4018504404062,161.55707195910907,348.2571188551823,292.24935842543516
20161107,10040,10090,10040,10055,2622,-768,116.0775602776006,154.3534904044736,183.5578927750064,341.2666255616,292.2043971645545
20161104,10140,10195,10090,10090,892,-892,73.03423854604085,158.84032863238522,194.55975945709005,336.14600828935613,291.9814848583356
20161103,10100,10165,10100,10165,801,-801,55.37147279962851,144.6037689690152,189.29408337293785,332.4181603542626,292.2880256367578
20161102,10215,10220,10150,10155,216,-156,46.58325879540846,131.7156027205755,187.06215544572544,327.10047725767845,292.28431922353843
20161101,10110,10110,10110,10110,0,0,40.8656334834051,119.75913326358305,178.8076830004817,321.2850067393968,292.4410879658226
20161031,10085,10085,10030,10030,2,-2,48.68264577855234,95.8240575223408,179.9199474766507,315.35808570924706,292.4329932747568
20161028,10110,10110,10110,10110,0,0,47.686476070265456,61.96773353968198,175.03910277421085,309.5912515810711,292.72818438038036
20161027,10100,10100,10080,10080,841,-841,41.182520563948,49.36851223244546,169.79693754600154,303.5852433831039,292.81363764170425
