day,cur_pr,high_pr,low_pr,clo_pr,pr_diff,acc_vol,for_stor,for_stor_diff,for_perc,com_buy_vol,oot_cur_pr,oot_high_pr,oot_low_pr,oot_clo_pr,oot_pr_diff,oot_vol
19800104,7000,7000,7000,7000,2000,300,0,0,0.0,0,0,0,0,0,0,0
19800105,6940,6940,6940,6940,60,0,0,0,0.0,0,0,0,0,0,0,0
19800107,6960,6970,6960,6970,30,180,0,0,0.0,0,0,0,0,0,0,0
19800108,7280,7280,7280,7280,310,150,0,0,0.0,0,0,0,0,0,0,0
19800109,7300,7300,7280,7280,0,400,0,0,0.0,0,0,0,0,0,0,0
19800110,7300,7300,7290,7300,20,900,0,0,0.0,0,0,0,0,0,0,0
19800111,7290,7350,7290,7310,10,530,0,0,0.0,0,0,0,0,0,0,0
19800112,7180,7180,7180,7180,130,200,0,0,0.0,0,0,0,0,0,0,0
19800114,7190,7250,7190,7190,10,1030,0,0,0.0,0,0,0,0,0,0,0
19800115,7000,7000,7000,7000,190,0,0,0,0.0,0,0,0,0,0,0,0
19800116,6950,6950,6940,6940,60,1230,0,0,0.0,0,0,0,0,0,0,0
19800117,6850,6850,6850,6850,90,260,0,0,0.0,0,0,0,0,0,0,0
19800118,6950,6950,6900,6900,50,520,0,0,0.0,0,0,0,0,0,0,0
19800119,6900,6900,6900,6900,0,100,0,0,0.0,0,0,0,0,0,0,0
19800121,6900,6910,6900,6900,0,320,0,0,0.0,0,0,0,0,0,0,0
19800122,6900,6900,6900,6900,0,500,0,0,0.0,0,0,0,0,0,0,0
19800123,6890,6890,6890,6890,10,0,0,0,0.0,0,0,0,0,0,0,0
19800124,6850,6850,6850,6850,40,130,0,0,0.0,0,0,0,0,0,0,0
19800125,6800,6800,6800,6800,50,10,0,0,0.0,0,0,0,0,0,0,0
19800126,6800,6800,6800,6800,0,150,0,0,0.0,0,0,0,0,0,0,0
19800128,6800,6850,6800,6850,50,240,0,0,0.0,0,0,0,0,0,0,0
19800129,6860,6860,6860,6860,10,50,0,0,0.0,0,0,0,0,0,0,0
19800130,6950,6950,6950,6950,90,0,0,0,0.0,0,0,0,0,0,0,0
19800131,7120,7300,7120,7300,350,150,0,0,0.0,0,0,0,0,0,0,0
19800201,7600,7600,7600,7600,300,1100,0,0,0.0,0,0,0,0,0,0,0
19800202,7600,7600,7600,7600,0,800,0,0,0.0,0,0,0,0,0,0,0
19800204,7310,7310,7310,7310,290,20,0,0,0.0,0,0,0,0,0,0,0
19800205,7310,7310,7310,7310,0,150,0,0,0.0,0,0,0,0,0,0,0
19800206,7250,7250,7250,7250,60,160,0,0,0.0,0,0,0,0,0,0,0
19800207,7180,7250,7180,7250,0,450,0,0,0.0,0,0,0,0,0,0,0
19800208,7260,7260,7260,7260,10,500,0,0,0.0,0,0,0,0,0,0,0
19800209,7210,7210,7210,7210,50,100,0,0,0.0,0,0,0,0,0,0,0
19800211,7210,7210,7210,7210,0,0,0,0,0.0,0,0,0,0,0,0,0
19800212,7210,7210,7200,7200,10,200,0,0,0.0,0,0,0,0,0,0,0
19800213,7300,7300,7200,7200,0,400,0,0,0.0,0,0,0,0,0,0,0
19800214,7200,7200,7200,7200,0,90,0,0,0.0,0,0,0,0,0,0,0
19800215,7220,7220,7200,7200,0,90,0,0,0.0,0,0,0,0,0,0,0
19800216,7200,7200,7200,7200,0,0,0,0,0.0,0,0,0,0,0,0,0
19800218,7200,7200,7200,7200,0,400,0,0,0.0,0,0,0,0,0,0,0
19800219,7300,7450,7300,7450,250,20,0,0,0.0,0,0,0,0,0,0,0
19800220,7000,7000,7000,7000,450,30,0,0,0.0,0,0,0,0,0,0,0
19800221,7020,7020,7020,7020,20,120,0,0,0.0,0,0,0,0,0,0,0
19800222,7100,7100,7100,7100,80,10,0,0,0.0,0,0,0,0,0,0,0
19800223,7200,7200,7200,7200,100,0,0,0,0.0,0,0,0,0,0,0,0
19800225,7300,7300,7200,7250,50,430,0,0,0.0,0,0,0,0,0,0,0
19800226,7200,7200,7110,7110,140,360,0,0,0.0,0,0,0,0,0,0,0
19800227,7100,7100,7010,7010,100,180,0,0,0.0,0,0,0,0,0,0,0
19800228,7010,7050,7010,7050,40,50,0,0,0.0,0,0,0,0,0,0,0
19800229,7050,7050,7050,7050,0,90,0,0,0.0,0,0,0,0,0,0,0
19800303,7060,7060,7060,7060,10,20,0,0,0.0,0,0,0,0,0,0,0
19800304,7110,7200,7110,7200,140,300,0,0,0.0,0,0,0,0,0,0,0
19800305,7490,7490,7490,7490,290,10,0,0,0.0,0,0,0,0,0,0,0
19800306,7490,7490,7490,7490,0,740,0,0,0.0,0,0,0,0,0,0,0
19800307,7510,7510,7510,7510,20,70,0,0,0.0,0,0,0,0,0,0,0
19800308,7550,7550,7550,7550,40,350,0,0,0.0,0,0,0,0,0,0,0
19800311,7600,7600,7600,7600,50,620,0,0,0.0,0,0,0,0,0,0,0
19800312,7600,7620,7600,7620,20,590,0,0,0.0,0,0,0,0,0,0,0
19800313,7620,7620,7600,7600,20,1550,0,0,0.0,0,0,0,0,0,0,0
19800314,7600,7600,7600,7600,0,1100,0,0,0.0,0,0,0,0,0,0,0
19800315,7610,7610,7610,7610,10,350,0,0,0.0,0,0,0,0,0,0,0
19800317,7620,7700,7620,7700,90,220,0,0,0.0,0,0,0,0,0,0,0
19800318,7630,7630,7620,7620,80,180,0,0,0.0,0,0,0,0,0,0,0
19800319,7650,7650,7630,7630,10,50,0,0,0.0,0,0,0,0,0,0,0
19800320,7630,7630,7630,7630,0,110,0,0,0.0,0,0,0,0,0,0,0
19800321,7650,7660,7650,7650,20,430,0,0,0.0,0,0,0,0,0,0,0
19800322,7660,7660,7660,7660,10,200,0,0,0.0,0,0,0,0,0,0,0
19800324,7660,7660,7660,7660,0,340,0,0,0.0,0,0,0,0,0,0,0
19800325,7700,7800,7700,7700,40,260,0,0,0.0,0,0,0,0,0,0,0
19800326,7700,7800,7700,7700,0,1090,0,0,0.0,0,0,0,0,0,0,0
19800327,7700,7700,7650,7700,0,1130,0,0,0.0,0,0,0,0,0,0,0
19800328,7650,7650,7650,7650,50,210,0,0,0.0,0,0,0,0,0,0,0
19800329,7650,7650,7600,7600,50,660,0,0,0.0,0,0,0,0,0,0,0
19800331,7600,7600,7520,7520,80,960,0,0,0.0,0,0,0,0,0,0,0
19800401,7500,7510,7500,7500,20,380,0,0,0.0,0,0,0,0,0,0,0
19800402,7500,7500,7450,7450,50,470,0,0,0.0,0,0,0,0,0,0,0
19800403,7450,7500,7450,7450,0,710,0,0,0.0,0,0,0,0,0,0,0
19800404,7500,7500,7450,7450,0,480,0,0,0.0,0,0,0,0,0,0,0
19800407,7500,7700,7500,7700,250,50,0,0,0.0,0,0,0,0,0,0,0
19800408,7900,7900,7800,7800,100,640,0,0,0.0,0,0,0,0,0,0,0
19800409,7820,7820,7820,7820,20,300,0,0,0.0,0,0,0,0,0,0,0
19800410,7700,7710,7700,7710,110,420,0,0,0.0,0,0,0,0,0,0,0
19800411,7700,7700,7700,7700,10,700,0,0,0.0,0,0,0,0,0,0,0
19800412,7700,7700,7700,7700,0,100,0,0,0.0,0,0,0,0,0,0,0
19800414,7700,7700,7700,7700,0,220,0,0,0.0,0,0,0,0,0,0,0
19800415,7680,7700,7670,7700,0,440,0,0,0.0,0,0,0,0,0,0,0
19800416,7700,7700,7680,7680,20,310,0,0,0.0,0,0,0,0,0,0,0
19800417,7650,7650,7640,7640,40,340,0,0,0.0,0,0,0,0,0,0,0
19800418,7650,7650,7650,7650,10,270,0,0,0.0,0,0,0,0,0,0,0
19800419,7650,7650,7650,7650,0,70,0,0,0.0,0,0,0,0,0,0,0
19800421,7910,7910,7660,7890,240,2280,0,0,0.0,0,0,0,0,0,0,0
19800422,8020,8200,8020,8200,310,1380,0,0,0.0,0,0,0,0,0,0,0
19800423,8200,8200,7700,7700,500,510,0,0,0.0,0,0,0,0,0,0,0
19800424,7860,7980,7860,7910,210,890,0,0,0.0,0,0,0,0,0,0,0
19800425,7900,7900,7890,7890,20,110,0,0,0.0,0,0,0,0,0,0,0
19800426,7850,7850,7800,7850,40,1260,0,0,0.0,0,0,0,0,0,0,0
19800428,7950,8350,7950,8350,500,2360,0,0,0.0,0,0,0,0,0,0,0
19800429,8300,8300,8000,8200,150,130,0,0,0.0,0,0,0,0,0,0,0
19800430,8000,8000,7810,7810,390,450,0,0,0.0,0,0,0,0,0,0,0
19800501,7800,8000,7800,8000,190,10490,0,0,0.0,0,0,0,0,0,0,0
19800502,8000,8200,8000,8200,200,150,0,0,0.0,0,0,0,0,0,0,0
19800503,8200,8210,8200,8200,0,2470,0,0,0.0,0,0,0,0,0,0,0
19800506,8300,8300,8230,8260,60,800,0,0,0.0,0,0,0,0,0,0,0
19800507,8300,8350,8300,8300,40,1050,0,0,0.0,0,0,0,0,0,0,0
19800508,8300,8310,8300,8310,10,600,0,0,0.0,0,0,0,0,0,0,0
19800509,8410,8410,8350,8350,40,800,0,0,0.0,0,0,0,0,0,0,0
19800510,8300,8300,8300,8300,50,0,0,0,0.0,0,0,0,0,0,0,0
19800512,8250,8250,8200,8200,100,720,0,0,0.0,0,0,0,0,0,0,0
19800513,8150,8150,8150,8150,50,0,0,0,0.0,0,0,0,0,0,0,0
19800514,7890,7890,7890,7890,260,20,0,0,0.0,0,0,0,0,0,0,0
19800515,7880,7880,7700,7700,190,1090,0,0,0.0,0,0,0,0,0,0,0
19800516,7830,7880,7830,7880,180,13760,0,0,0.0,0,0,0,0,0,0,0
19800517,7950,7950,7950,7950,70,0,0,0,0.0,0,0,0,0,0,0,0
19800519,7710,7710,7710,7710,240,200,0,0,0.0,0,0,0,0,0,0,0
19800520,7650,7650,7650,7650,60,10,0,0,0.0,0,0,0,0,0,0,0
19800522,7810,7810,7810,7810,160,9240,0,0,0.0,0,0,0,0,0,0,0
19800523,7700,7700,7700,7700,110,10,0,0,0.0,0,0,0,0,0,0,0
19800524,8000,8000,8000,8000,300,0,0,0,0.0,0,0,0,0,0,0,0
19800526,7710,7710,7700,7700,300,40,0,0,0.0,0,0,0,0,0,0,0
19800527,7800,7800,7800,7800,100,60,0,0,0.0,0,0,0,0,0,0,0
19800528,7850,7850,7850,7850,50,0,0,0,0.0,0,0,0,0,0,0,0
19800529,7850,7850,7800,7800,50,570,0,0,0.0,0,0,0,0,0,0,0
19800530,7800,7800,7800,7800,0,0,0,0,0.0,0,0,0,0,0,0,0
19800531,7800,7800,7800,7800,0,0,0,0,0.0,0,0,0,0,0,0,0
19800602,7900,7900,7900,7900,100,20,0,0,0.0,0,0,0,0,0,0,0
19800603,7910,7910,7910,7910,10,500,0,0,0.0,0,0,0,0,0,0,0
19800604,8010,8010,8000,8000,90,360,0,0,0.0,0,0,0,0,0,0,0
19800605,7800,7800,7800,7800,200,0,0,0,0.0,0,0,0,0,0,0,0
19800607,7700,7700,7700,7700,100,100,0,0,0.0,0,0,0,0,0,0,0
19800609,7500,7700,7500,7700,0,740,0,0,0.0,0,0,0,0,0,0,0
19800610,7700,7700,7700,7700,0,100,0,0,0.0,0,0,0,0,0,0,0
19800611,7700,7700,7700,7700,0,830,0,0,0.0,0,0,0,0,0,0,0
19800612,7700,7700,7650,7650,50,80,0,0,0.0,0,0,0,0,0,0,0
19800613,7650,7650,7650,7650,0,140,0,0,0.0,0,0,0,0,0,0,0
19800614,7660,7660,7660,7660,10,0,0,0,0.0,0,0,0,0,0,0,0
19800616,7660,7660,7660,7660,0,800,0,0,0.0,0,0,0,0,0,0,0
19800617,7660,7660,7510,7510,150,2780,0,0,0.0,0,0,0,0,0,0,0
19800618,7800,7800,7530,7800,290,1170,0,0,0.0,0,0,0,0,0,0,0
19800619,7600,7600,7600,7600,200,10,0,0,0.0,0,0,0,0,0,0,0
19800620,7550,7550,7550,7550,50,30,0,0,0.0,0,0,0,0,0,0,0
19800621,7650,7650,7650,7650,100,0,0,0,0.0,0,0,0,0,0,0,0
19800623,7680,7680,7680,7680,30,0,0,0,0.0,0,0,0,0,0,0,0
19800624,7700,7700,7700,7700,20,0,0,0,0.0,0,0,0,0,0,0,0
19800625,7700,7700,7700,7700,0,10,0,0,0.0,0,0,0,0,0,0,0
19800626,7710,7710,7710,7710,10,20,0,0,0.0,0,0,0,0,0,0,0
19800627,7800,7800,7800,7800,90,0,0,0,0.0,0,0,0,0,0,0,0
19800628,7810,7810,7810,7810,10,50,0,0,0.0,0,0,0,0,0,0,0
19800630,7900,7900,7900,7900,90,10,0,0,0.0,0,0,0,0,0,0,0
19800701,7900,7900,7900,7900,0,0,0,0,0.0,0,0,0,0,0,0,0
19800702,7710,7710,7710,7710,190,30,0,0,0.0,0,0,0,0,0,0,0
19800703,7800,7800,7750,7750,40,190,0,0,0.0,0,0,0,0,0,0,0
19800704,7810,7850,7810,7850,100,700,0,0,0.0,0,0,0,0,0,0,0
19800705,7900,7900,7900,7900,50,200,0,0,0.0,0,0,0,0,0,0,0
19800707,7900,7900,7900,7900,0,260,0,0,0.0,0,0,0,0,0,0,0
19800708,7900,7900,7900,7900,0,180,0,0,0.0,0,0,0,0,0,0,0
19800709,7900,7900,7900,7900,0,190,0,0,0.0,0,0,0,0,0,0,0
19800710,7900,7900,7900,7900,0,70,0,0,0.0,0,0,0,0,0,0,0
19800711,7900,7900,7900,7900,0,500,0,0,0.0,0,0,0,0,0,0,0
19800712,7890,7890,7890,7890,10,0,0,0,0.0,0,0,0,0,0,0,0
19800714,7850,7850,7850,7850,40,10,0,0,0.0,0,0,0,0,0,0,0
19800715,7900,7900,7900,7900,50,20,0,0,0.0,0,0,0,0,0,0,0
19800716,7900,7900,7900,7900,0,0,0,0,0.0,0,0,0,0,0,0,0
19800718,7900,7900,7900,7900,0,0,0,0,0.0,0,0,0,0,0,0,0
19800719,7800,7800,7800,7800,100,10,0,0,0.0,0,0,0,0,0,0,0
19800721,7700,7700,7700,7700,100,10,0,0,0.0,0,0,0,0,0,0,0
19800722,7750,7750,7750,7750,50,70,0,0,0.0,0,0,0,0,0,0,0
19800723,7750,7750,7750,7750,0,80,0,0,0.0,0,0,0,0,0,0,0
19800724,7700,7700,7700,7700,50,530,0,0,0.0,0,0,0,0,0,0,0
19800725,7700,7750,7700,7750,50,760,0,0,0.0,0,0,0,0,0,0,0
19800726,7750,7750,7750,7750,0,0,0,0,0.0,0,0,0,0,0,0,0
19800728,7780,7780,7780,7780,30,30,0,0,0.0,0,0,0,0,0,0,0
19800729,7800,7800,7800,7800,20,10,0,0,0.0,0,0,0,0,0,0,0
19800730,7850,7850,7820,7820,20,11060,0,0,0.0,0,0,0,0,0,0,0
19800731,7820,7820,7820,7820,0,120,0,0,0.0,0,0,0,0,0,0,0
19800801,7820,7820,7820,7820,0,0,0,0,0.0,0,0,0,0,0,0,0
19800802,7800,7800,7800,7800,20,0,0,0,0.0,0,0,0,0,0,0,0
19800804,7800,7800,7800,7800,0,0,0,0,0.0,0,0,0,0,0,0,0
19800805,7800,7800,7800,7800,0,0,0,0,0.0,0,0,0,0,0,0,0
19800806,7850,7860,7850,7860,60,1000,0,0,0.0,0,0,0,0,0,0,0
19800807,7700,7700,7700,7700,160,0,0,0,0.0,0,0,0,0,0,0,0
19800808,7700,7700,7700,7700,0,0,0,0,0.0,0,0,0,0,0,0,0
19800809,7600,7600,7600,7600,100,30,0,0,0.0,0,0,0,0,0,0,0
19800811,7650,7650,7650,7650,50,0,0,0,0.0,0,0,0,0,0,0,0
19800812,7500,7500,7500,7500,150,0,0,0,0.0,0,0,0,0,0,0,0
19800813,7500,7500,7500,7500,0,0,0,0,0.0,0,0,0,0,0,0,0
19800814,7500,7500,7500,7500,0,0,0,0,0.0,0,0,0,0,0,0,0
19800816,7500,7500,7500,7500,0,150,0,0,0.0,0,0,0,0,0,0,0
19800818,7500,7500,7500,7500,0,50,0,0,0.0,0,0,0,0,0,0,0
19800819,7500,7500,7500,7500,0,10,0,0,0.0,0,0,0,0,0,0,0
19800820,7490,7490,7490,7490,10,0,0,0,0.0,0,0,0,0,0,0,0
19800821,7480,7480,7480,7480,10,20,0,0,0.0,0,0,0,0,0,0,0
19800822,7490,7490,7490,7490,10,800,0,0,0.0,0,0,0,0,0,0,0
19800823,7400,7400,7400,7400,90,100,0,0,0.0,0,0,0,0,0,0,0
19800825,7400,7400,7400,7400,0,10,0,0,0.0,0,0,0,0,0,0,0
19800826,7400,7400,7400,7400,0,350,0,0,0.0,0,0,0,0,0,0,0
19800827,7400,7400,7400,7400,0,500,0,0,0.0,0,0,0,0,0,0,0
19800828,7300,7300,7300,7300,100,70,0,0,0.0,0,0,0,0,0,0,0
19800829,7280,7300,7280,7300,0,710,0,0,0.0,0,0,0,0,0,0,0
19800830,7300,7300,7300,7300,0,50,0,0,0.0,0,0,0,0,0,0,0
19800902,7300,7300,7300,7300,0,200,0,0,0.0,0,0,0,0,0,0,0
19800903,7300,7300,7300,7300,0,200,0,0,0.0,0,0,0,0,0,0,0
19800904,7300,7300,7300,7300,0,40,0,0,0.0,0,0,0,0,0,0,0
19800905,7310,7310,7300,7300,0,300,0,0,0.0,0,0,0,0,0,0,0
19800906,7200,7200,7200,7200,100,20,0,0,0.0,0,0,0,0,0,0,0
19800908,7200,7200,7200,7200,0,40,0,0,0.0,0,0,0,0,0,0,0
19800909,7180,7180,7180,7180,20,0,0,0,0.0,0,0,0,0,0,0,0
19800910,7180,7200,7180,7200,20,360,0,0,0.0,0,0,0,0,0,0,0
19800911,7200,7200,7200,7200,0,200,0,0,0.0,0,0,0,0,0,0,0
19800912,7200,7200,7190,7190,10,310,0,0,0.0,0,0,0,0,0,0,0
19800913,7200,7200,7200,7200,10,200,0,0,0.0,0,0,0,0,0,0,0
19800915,7150,7150,7150,7150,50,0,0,0,0.0,0,0,0,0,0,0,0
19800916,7200,7200,7200,7200,50,300,0,0,0.0,0,0,0,0,0,0,0
19800917,7200,7200,7200,7200,0,140,0,0,0.0,0,0,0,0,0,0,0
19800918,7200,7200,7200,7200,0,300,0,0,0.0,0,0,0,0,0,0,0
19800919,7200,7200,7200,7200,0,300,0,0,0.0,0,0,0,0,0,0,0
19800920,7180,7180,7180,7180,20,200,0,0,0.0,0,0,0,0,0,0,0
19800922,7200,7200,7200,7200,20,200,0,0,0.0,0,0,0,0,0,0,0
19800924,7200,7200,7200,7200,0,0,0,0,0.0,0,0,0,0,0,0,0
19800925,7000,7200,7000,7000,200,40,0,0,0.0,0,0,0,0,0,0,0
19800926,7010,7200,7010,7200,200,1720,0,0,0.0,0,0,0,0,0,0,0
19800927,7150,7200,7150,7200,0,710,0,0,0.0,0,0,0,0,0,0,0
19800929,7200,7200,7200,7200,0,540,0,0,0.0,0,0,0,0,0,0,0
19800930,7200,7200,7100,7100,100,1900,0,0,0.0,0,0,0,0,0,0,0
19801002,7000,7000,7000,7000,100,0,0,0,0.0,0,0,0,0,0,0,0
19801004,6970,6970,6970,6970,30,0,0,0,0.0,0,0,0,0,0,0,0
19801006,6950,6950,6950,6950,20,0,0,0,0.0,0,0,0,0,0,0,0
19801007,6930,6930,6930,6930,20,0,0,0,0.0,0,0,0,0,0,0,0
19801008,6890,6890,6890,6890,40,0,0,0,0.0,0,0,0,0,0,0,0
19801010,6840,6850,6840,6850,40,3810,0,0,0.0,0,0,0,0,0,0,0
19801011,6850,6850,6850,6850,0,10,0,0,0.0,0,0,0,0,0,0,0
19801013,6860,6860,6860,6860,10,30,0,0,0.0,0,0,0,0,0,0,0
19801014,6850,6850,6850,6850,10,0,0,0,0.0,0,0,0,0,0,0,0
19801015,6850,6850,6850,6850,0,150,0,0,0.0,0,0,0,0,0,0,0
19801016,6850,6860,6840,6850,0,420,0,0,0.0,0,0,0,0,0,0,0
19801017,6850,6900,6850,6900,50,1190,0,0,0.0,0,0,0,0,0,0,0
19801018,6920,6920,6920,6920,20,0,0,0,0.0,0,0,0,0,0,0,0
19801020,6890,6890,6890,6890,30,0,0,0,0.0,0,0,0,0,0,0,0
19801021,6900,6900,6900,6900,10,100,0,0,0.0,0,0,0,0,0,0,0
19801023,6930,6930,6930,6930,30,60,0,0,0.0,0,0,0,0,0,0,0
19801024,6900,6900,6900,6900,30,210,0,0,0.0,0,0,0,0,0,0,0
19801025,7000,7000,7000,7000,100,10,0,0,0.0,0,0,0,0,0,0,0
19801027,6950,6950,6950,6950,50,330,0,0,0.0,0,0,0,0,0,0,0
19801028,6900,6900,6900,6900,50,50,0,0,0.0,0,0,0,0,0,0,0
19801029,6900,6900,6800,6800,100,110,0,0,0.0,0,0,0,0,0,0,0
19801030,6800,6800,6800,6800,0,20,0,0,0.0,0,0,0,0,0,0,0
19801031,6800,6800,6800,6800,0,0,0,0,0.0,0,0,0,0,0,0,0
19801101,6800,6800,6800,6800,0,0,0,0,0.0,0,0,0,0,0,0,0
19801103,6790,6790,6790,6790,10,0,0,0,0.0,0,0,0,0,0,0,0
19801104,6290,6790,6290,6790,0,180,0,0,0.0,0,0,0,0,0,0,0
19801105,6790,6790,6790,6790,0,0,0,0,0.0,0,0,0,0,0,0,0
19801106,6790,6790,6790,6790,0,0,0,0,0.0,0,0,0,0,0,0,0
19801107,6590,6590,6590,6590,200,190,0,0,0.0,0,0,0,0,0,0,0
19801108,6500,6500,6500,6500,90,0,0,0,0.0,0,0,0,0,0,0,0
19801110,6510,6510,6500,6510,10,660,0,0,0.0,0,0,0,0,0,0,0
19801111,6500,6500,6500,6500,10,150,0,0,0.0,0,0,0,0,0,0,0
19801112,6500,6500,6500,6500,0,100,0,0,0.0,0,0,0,0,0,0,0
19801113,6470,6470,6420,6420,80,120,0,0,0.0,0,0,0,0,0,0,0
19801114,6380,6380,6380,6380,40,50,0,0,0.0,0,0,0,0,0,0,0
19801115,6350,6350,6350,6350,30,200,0,0,0.0,0,0,0,0,0,0,0
19801117,6300,6300,6300,6300,50,100,0,0,0.0,0,0,0,0,0,0,0
19801118,6250,6250,6250,6250,50,0,0,0,0.0,0,0,0,0,0,0,0
19801119,6250,6250,6250,6250,0,0,0,0,0.0,0,0,0,0,0,0,0
19801120,6200,6200,6200,6200,50,10,0,0,0.0,0,0,0,0,0,0,0
19801121,6100,6100,6100,6100,100,0,0,0,0.0,0,0,0,0,0,0,0
19801122,6000,6000,5800,5800,300,520,0,0,0.0,0,0,0,0,0,0,0
19801124,5800,6000,5800,6000,200,110,0,0,0.0,0,0,0,0,0,0,0
19801125,6000,6000,5900,5900,100,600,0,0,0.0,0,0,0,0,0,0,0
19801126,5900,5900,5900,5900,0,50,0,0,0.0,0,0,0,0,0,0,0
19801127,5950,5950,5900,5900,0,320,0,0,0.0,0,0,0,0,0,0,0
19801128,5850,5850,5850,5850,50,60,0,0,0.0,0,0,0,0,0,0,0
19801129,5850,5850,5850,5850,0,0,0,0,0.0,0,0,0,0,0,0,0
19801201,5930,5930,5900,5900,50,260,0,0,0.0,0,0,0,0,0,0,0
19801202,5900,5900,5900,5900,0,150,0,0,0.0,0,0,0,0,0,0,0
19801203,5950,5950,5950,5950,50,30,0,0,0.0,0,0,0,0,0,0,0
19801204,5850,5850,5800,5800,150,440,0,0,0.0,0,0,0,0,0,0,0
19801205,5830,5830,5830,5830,30,40,0,0,0.0,0,0,0,0,0,0,0
19801206,5830,5830,5830,5830,0,0,0,0,0.0,0,0,0,0,0,0,0
19801208,5850,5900,5850,5900,70,420,0,0,0.0,0,0,0,0,0,0,0
19801209,6000,6000,6000,6000,100,80,0,0,0.0,0,0,0,0,0,0,0
19801210,6000,6000,6000,6000,0,80,0,0,0.0,0,0,0,0,0,0,0
19801211,6000,6000,6000,6000,0,0,0,0,0.0,0,0,0,0,0,0,0
19801212,6010,6010,6010,6010,10,0,0,0,0.0,0,0,0,0,0,0,0
19801213,6000,6000,6000,6000,10,0,0,0,0.0,0,0,0,0,0,0,0
19801215,6010,6010,6010,6010,10,20,0,0,0.0,0,0,0,0,0,0,0
19801216,6030,6030,6010,6010,0,100,0,0,0.0,0,0,0,0,0,0,0
19801217,6010,6010,6010,6010,0,180,0,0,0.0,0,0,0,0,0,0,0
19801218,6010,6030,6010,6030,20,1320,0,0,0.0,0,0,0,0,0,0,0
19801219,6050,6050,6050,6050,20,10,0,0,0.0,0,0,0,0,0,0,0
19801220,6100,6100,6100,6100,50,0,0,0,0.0,0,0,0,0,0,0,0
19801222,6100,6100,6100,6100,0,10,0,0,0.0,0,0,0,0,0,0,0
19801223,6110,6190,6110,6190,90,120,0,0,0.0,0,0,0,0,0,0,0
19801224,6150,6500,6150,6200,10,1110,0,0,0.0,0,0,0,0,0,0,0
19810105,5100,5100,5100,5100,1100,0,0,0,0.0,0,0,0,0,0,0,0
19810106,5170,5170,5170,5170,70,0,0,0,0.0,0,0,0,0,0,0,0
19810107,5220,5220,5220,5220,50,0,0,0,0.0,0,0,0,0,0,0,0
19810108,5200,5300,5200,5300,80,30,0,0,0.0,0,0,0,0,0,0,0
19810109,5400,5400,5400,5400,100,50,0,0,0.0,0,0,0,0,0,0,0
19810110,5420,5420,5420,5420,20,0,0,0,0.0,0,0,0,0,0,0,0
19810112,5420,5420,5420,5420,0,0,0,0,0.0,0,0,0,0,0,0,0
19810113,5420,5420,5420,5420,0,210,0,0,0.0,0,0,0,0,0,0,0
19810114,5920,5920,5920,5920,500,0,0,0,0.0,0,0,0,0,0,0,0
19810115,6420,6420,6420,6420,500,840,0,0,0.0,0,0,0,0,0,0,0
19810116,6900,6900,6900,6900,480,700,0,0,0.0,0,0,0,0,0,0,0
19810117,6780,6780,6780,6780,120,50,0,0,0.0,0,0,0,0,0,0,0
19810119,6650,6650,6650,6650,130,0,0,0,0.0,0,0,0,0,0,0,0
19810120,6600,6600,6600,6600,50,0,0,0,0.0,0,0,0,0,0,0,0
19810121,6500,6500,6500,6500,100,0,0,0,0.0,0,0,0,0,0,0,0
19810122,6500,6500,6500,6500,0,30,0,0,0.0,0,0,0,0,0,0,0
19810123,6400,6400,6400,6400,100,50,0,0,0.0,0,0,0,0,0,0,0
19810124,6400,6400,6400,6400,0,0,0,0,0.0,0,0,0,0,0,0,0
19810126,6390,6390,6390,6390,10,390,0,0,0.0,0,0,0,0,0,0,0
19810127,6200,6200,6200,6200,190,0,0,0,0.0,0,0,0,0,0,0,0
19810128,6200,6200,6200,6200,0,10,0,0,0.0,0,0,0,0,0,0,0
19810129,6100,6200,6100,6200,0,100,0,0,0.0,0,0,0,0,0,0,0
19810130,6200,6200,6200,6200,0,100,0,0,0.0,0,0,0,0,0,0,0
19810131,6210,6210,6210,6210,10,90,0,0,0.0,0,0,0,0,0,0,0
19810202,6250,6250,6230,6230,20,320,0,0,0.0,0,0,0,0,0,0,0
19810203,6230,6230,6230,6230,0,0,0,0,0.0,0,0,0,0,0,0,0
19810204,6230,6230,6230,6230,0,0,0,0,0.0,0,0,0,0,0,0,0
19810205,6230,6230,6230,6230,0,0,0,0,0.0,0,0,0,0,0,0,0
19810206,6200,6200,6200,6200,30,0,0,0,0.0,0,0,0,0,0,0,0
19810207,6300,6300,6300,6300,100,90,0,0,0.0,0,0,0,0,0,0,0
19810209,6300,6300,6300,6300,0,0,0,0,0.0,0,0,0,0,0,0,0
19810210,6300,6300,6300,6300,0,0,0,0,0.0,0,0,0,0,0,0,0
19810212,6300,6300,6300,6300,0,120,0,0,0.0,0,0,0,0,0,0,0
19810213,6300,6300,6300,6300,0,300,0,0,0.0,0,0,0,0,0,0,0
19810214,6290,6290,6290,6290,10,0,0,0,0.0,0,0,0,0,0,0,0
19810216,6250,6250,6250,6250,40,0,0,0,0.0,0,0,0,0,0,0,0
19810217,6240,6250,6240,6250,0,1210,0,0,0.0,0,0,0,0,0,0,0
19810218,6250,6250,6250,6250,0,0,0,0,0.0,0,0,0,0,0,0,0
19810219,6250,6250,6250,6250,0,0,0,0,0.0,0,0,0,0,0,0,0
19810220,6270,6270,6270,6270,20,60,0,0,0.0,0,0,0,0,0,0,0
19810221,6270,6270,6270,6270,0,500,0,0,0.0,0,0,0,0,0,0,0
19810223,6220,6220,6220,6220,50,0,0,0,0.0,0,0,0,0,0,0,0
19810224,6200,6200,6200,6200,20,0,0,0,0.0,0,0,0,0,0,0,0
19810225,6200,6200,6200,6200,0,500,0,0,0.0,0,0,0,0,0,0,0
19810226,6200,6200,6200,6200,0,0,0,0,0.0,0,0,0,0,0,0,0
19810227,6200,6200,6200,6200,0,0,0,0,0.0,0,0,0,0,0,0,0
19810228,6190,6190,6190,6190,10,0,0,0,0.0,0,0,0,0,0,0,0
19810302,6180,6180,6180,6180,10,0,0,0,0.0,0,0,0,0,0,0,0
19810304,6100,6100,6100,6100,80,0,0,0,0.0,0,0,0,0,0,0,0
19810305,6100,6100,6100,6100,0,190,0,0,0.0,0,0,0,0,0,0,0
19810306,6100,6100,6050,6050,50,320,0,0,0.0,0,0,0,0,0,0,0
19810307,6050,6100,6050,6100,50,100,0,0,0.0,0,0,0,0,0,0,0
19810309,6100,6100,6100,6100,0,0,0,0,0.0,0,0,0,0,0,0,0
19810311,6050,6100,6020,6100,0,160,0,0,0.0,0,0,0,0,0,0,0
19810312,6100,6100,6100,6100,0,660,0,0,0.0,0,0,0,0,0,0,0
19810313,6150,6150,6150,6150,50,0,0,0,0.0,0,0,0,0,0,0,0
19810314,6500,6500,6500,6500,350,20,0,0,0.0,0,0,0,0,0,0,0
19810316,6500,6500,6500,6500,0,90,0,0,0.0,0,0,0,0,0,0,0
19810317,6550,6550,6500,6500,0,700,0,0,0.0,0,0,0,0,0,0,0
19810318,6510,6510,6510,6510,10,620,0,0,0.0,0,0,0,0,0,0,0
19810319,6520,6520,6520,6520,10,4610,0,0,0.0,0,0,0,0,0,0,0
19810320,6560,6560,6560,6560,40,10,0,0,0.0,0,0,0,0,0,0,0
19810321,6600,6600,6600,6600,40,70,0,0,0.0,0,0,0,0,0,0,0
19810323,6660,6660,6660,6660,60,0,0,0,0.0,0,0,0,0,0,0,0
19810324,6700,6700,6660,6660,0,160,0,0,0.0,0,0,0,0,0,0,0
19810326,6700,6700,6700,6700,40,100,0,0,0.0,0,0,0,0,0,0,0
19810327,6700,6700,6700,6700,0,0,0,0,0.0,0,0,0,0,0,0,0
19810328,6700,6700,6700,6700,0,490,0,0,0.0,0,0,0,0,0,0,0
19810330,6700,6700,6700,6700,0,860,0,0,0.0,0,0,0,0,0,0,0
19810331,6700,6700,6700,6700,0,0,0,0,0.0,0,0,0,0,0,0,0
19810401,7000,7000,7000,7000,300,150,0,0,0.0,0,0,0,0,0,0,0
19810402,6990,7050,6990,6990,10,90,0,0,0.0,0,0,0,0,0,0,0
19810403,7000,7000,7000,7000,10,90,0,0,0.0,0,0,0,0,0,0,0
19810404,7050,7050,7050,7050,50,30,0,0,0.0,0,0,0,0,0,0,0
19810406,7050,7100,7050,7100,50,400,0,0,0.0,0,0,0,0,0,0,0
19810407,7150,7150,7100,7100,0,260,0,0,0.0,0,0,0,0,0,0,0
19810408,7000,7100,7000,7100,0,1100,0,0,0.0,0,0,0,0,0,0,0
19810409,7100,7100,7100,7100,0,730,0,0,0.0,0,0,0,0,0,0,0
19810410,7100,7100,7100,7100,0,580,0,0,0.0,0,0,0,0,0,0,0
19810411,7110,7120,7110,7120,20,20,0,0,0.0,0,0,0,0,0,0,0
19810413,7200,7200,7200,7200,80,200,0,0,0.0,0,0,0,0,0,0,0
19810414,7200,7200,7200,7200,0,490,0,0,0.0,0,0,0,0,0,0,0
19810415,7200,7200,7200,7200,0,140,0,0,0.0,0,0,0,0,0,0,0
19810416,7200,7200,7200,7200,0,0,0,0,0.0,0,0,0,0,0,0,0
19810417,7200,7200,7200,7200,0,0,0,0,0.0,0,0,0,0,0,0,0
19810418,7200,7200,7200,7200,0,0,0,0,0.0,0,0,0,0,0,0,0
19810420,7200,7200,7200,7200,0,0,0,0,0.0,0,0,0,0,0,0,0
19810421,7200,7200,7200,7200,0,0,0,0,0.0,0,0,0,0,0,0,0
19810422,7200,7200,7200,7200,0,0,0,0,0.0,0,0,0,0,0,0,0
19810423,7150,7150,7000,7000,200,350,0,0,0.0,0,0,0,0,0,0,0
19810424,7050,7050,7050,7050,50,1000,0,0,0.0,0,0,0,0,0,0,0
19810425,7100,7100,7100,7100,50,0,0,0,0.0,0,0,0,0,0,0,0
19810427,7160,7160,7160,7160,60,20,0,0,0.0,0,0,0,0,0,0,0
19810428,7160,7160,7160,7160,0,80,0,0,0.0,0,0,0,0,0,0,0
19810429,7200,7200,7200,7200,40,680,0,0,0.0,0,0,0,0,0,0,0
19810430,7200,7200,7200,7200,0,1020,0,0,0.0,0,0,0,0,0,0,0
19810501,7200,7200,7200,7200,0,740,0,0,0.0,0,0,0,0,0,0,0
19810502,7200,7200,7200,7200,0,300,0,0,0.0,0,0,0,0,0,0,0
19810504,7200,7200,7200,7200,0,940,0,0,0.0,0,0,0,0,0,0,0
19810506,7200,7200,7200,7200,0,0,0,0,0.0,0,0,0,0,0,0,0
19810507,7250,7250,7250,7250,50,0,0,0,0.0,0,0,0,0,0,0,0
19810508,7250,7250,7250,7250,0,110,0,0,0.0,0,0,0,0,0,0,0
19810509,7250,7250,7250,7250,0,50,0,0,0.0,0,0,0,0,0,0,0
19810512,7250,7250,7250,7250,0,10,0,0,0.0,0,0,0,0,0,0,0
19810513,7250,7250,7250,7250,0,10,0,0,0.0,0,0,0,0,0,0,0
19810514,7250,7300,7250,7300,50,140,0,0,0.0,0,0,0,0,0,0,0
19810515,7320,7320,7320,7320,20,80,0,0,0.0,0,0,0,0,0,0,0
19810516,7300,7300,7300,7300,20,0,0,0,0.0,0,0,0,0,0,0,0
19810518,7300,7300,7300,7300,0,30,0,0,0.0,0,0,0,0,0,0,0
19810519,7300,7300,7300,7300,0,10,0,0,0.0,0,0,0,0,0,0,0
19810520,7300,7350,7300,7350,50,190,0,0,0.0,0,0,0,0,0,0,0
19810521,7350,7350,7350,7350,0,130,0,0,0.0,0,0,0,0,0,0,0
19810522,7300,7300,7200,7200,150,1080,0,0,0.0,0,0,0,0,0,0,0
19810523,7210,7210,7210,7210,10,100,0,0,0.0,0,0,0,0,0,0,0
19810525,7200,7200,7200,7200,10,10,0,0,0.0,0,0,0,0,0,0,0
19810526,7200,7200,7200,7200,0,0,0,0,0.0,0,0,0,0,0,0,0
19810527,7100,7100,7100,7100,100,0,0,0,0.0,0,0,0,0,0,0,0
19810528,7050,7100,7050,7100,0,9020,0,0,0.0,0,0,0,0,0,0,0
19810529,7100,7100,7100,7100,0,820,0,0,0.0,0,0,0,0,0,0,0
19810530,7200,7200,7200,7200,100,1100,0,0,0.0,0,0,0,0,0,0,0
19810601,7200,7200,7200,7200,0,500,0,0,0.0,0,0,0,0,0,0,0
19810602,7100,7100,7100,7100,100,0,0,0,0.0,0,0,0,0,0,0,0
19810603,7100,7300,7100,7200,100,1360,0,0,0.0,0,0,0,0,0,0,0
19810604,7200,7200,7200,7200,0,1010,0,0,0.0,0,0,0,0,0,0,0
19810605,7200,7200,7200,7200,0,4140,0,0,0.0,0,0,0,0,0,0,0
19810608,7200,7200,7200,7200,0,0,0,0,0.0,0,0,0,0,0,0,0
19810609,7200,7200,7200,7200,0,1360,0,0,0.0,0,0,0,0,0,0,0
19810610,7200,7320,7200,7310,110,5640,0,0,0.0,0,0,0,0,0,0,0
19810611,7410,7500,7320,7500,190,2640,0,0,0.0,0,0,0,0,0,0,0
19810612,7490,7550,7480,7550,50,1300,0,0,0.0,0,0,0,0,0,0,0
19810613,7550,7550,7550,7550,0,0,0,0,0.0,0,0,0,0,0,0,0
19810615,7550,7700,7550,7700,150,230,0,0,0.0,0,0,0,0,0,0,0
19810616,8000,8000,7900,7900,200,160,0,0,0.0,0,0,0,0,0,0,0
19810617,7950,7950,7890,7900,0,1820,0,0,0.0,0,0,0,0,0,0,0
19810618,7800,7800,7800,7800,100,1000,0,0,0.0,0,0,0,0,0,0,0
19810619,7800,7800,7800,7800,0,180,0,0,0.0,0,0,0,0,0,0,0
19810620,7500,7500,7500,7500,300,10,0,0,0.0,0,0,0,0,0,0,0
19810622,7500,7500,7500,7500,0,100,0,0,0.0,0,0,0,0,0,0,0
19810623,7450,7500,7430,7450,50,1650,0,0,0.0,0,0,0,0,0,0,0
19810624,7400,7400,7400,7400,50,130,0,0,0.0,0,0,0,0,0,0,0
19810625,7400,7450,7400,7450,50,1340,0,0,0.0,0,0,0,0,0,0,0
19810626,7450,7450,7450,7450,0,510,0,0,0.0,0,0,0,0,0,0,0
19810627,7420,7420,7420,7420,30,20430,0,0,0.0,0,0,0,0,0,0,0
19810629,7420,7420,7420,7420,0,240,0,0,0.0,0,0,0,0,0,0,0
19810630,7450,7450,7420,7420,0,280,0,0,0.0,0,0,0,0,0,0,0
19810701,7450,7500,7450,7500,80,130,0,0,0.0,0,0,0,0,0,0,0
19810702,7500,7500,7500,7500,0,250,0,0,0.0,0,0,0,0,0,0,0
19810703,7610,7610,7610,7610,110,1100,0,0,0.0,0,0,0,0,0,0,0
19810704,7600,7600,7600,7600,10,100,0,0,0.0,0,0,0,0,0,0,0
19810706,7650,7650,7500,7500,100,520,0,0,0.0,0,0,0,0,0,0,0
19810707,7490,7490,7490,7490,10,300,0,0,0.0,0,0,0,0,0,0,0
19810708,7490,7490,7490,7490,0,2000,0,0,0.0,0,0,0,0,0,0,0
19810709,7450,7450,7290,7290,200,830,0,0,0.0,0,0,0,0,0,0,0
19810710,7200,7200,7200,7200,90,620,0,0,0.0,0,0,0,0,0,0,0
19810711,7100,7100,7100,7100,100,0,0,0,0.0,0,0,0,0,0,0,0
19810713,7000,7050,7000,7050,50,1000,0,0,0.0,0,0,0,0,0,0,0
19810714,7000,7000,7000,7000,50,500,0,0,0.0,0,0,0,0,0,0,0
19810715,6900,6900,6900,6900,100,0,0,0,0.0,0,0,0,0,0,0,0
19810716,6900,6900,6900,6900,0,30,0,0,0.0,0,0,0,0,0,0,0
19810718,6900,6900,6900,6900,0,300,0,0,0.0,0,0,0,0,0,0,0
19810720,6850,6850,6850,6850,50,0,0,0,0.0,0,0,0,0,0,0,0
19810721,6790,6790,6790,6790,60,0,0,0,0.0,0,0,0,0,0,0,0
19810722,6790,6790,6750,6750,40,40,0,0,0.0,0,0,0,0,0,0,0
19810723,6500,6500,6500,6500,250,20,0,0,0.0,0,0,0,0,0,0,0
19810724,6450,6450,6450,6450,50,10,0,0,0.0,0,0,0,0,0,0,0
19810725,6450,6450,6450,6450,0,0,0,0,0.0,0,0,0,0,0,0,0
19810727,6200,6250,6200,6250,200,740,0,0,0.0,0,0,0,0,0,0,0
19810728,6300,6300,6300,6300,50,100,0,0,0.0,0,0,0,0,0,0,0
19810729,6300,6300,6300,6300,0,140,0,0,0.0,0,0,0,0,0,0,0
19810730,6300,6300,6300,6300,0,300,0,0,0.0,0,0,0,0,0,0,0
19810731,6200,6200,6200,6200,100,0,0,0,0.0,0,0,0,0,0,0,0
19810801,6200,6200,6200,6200,0,0,0,0,0.0,0,0,0,0,0,0,0
19810803,6190,6190,6190,6190,10,150,0,0,0.0,0,0,0,0,0,0,0
19810804,6190,6190,6190,6190,0,150,0,0,0.0,0,0,0,0,0,0,0
19810805,6270,6270,6270,6270,80,490,0,0,0.0,0,0,0,0,0,0,0
19810806,6250,6250,6250,6250,20,50,0,0,0.0,0,0,0,0,0,0,0
19810807,6250,6250,6250,6250,0,1400,0,0,0.0,0,0,0,0,0,0,0
19810808,6250,6250,6250,6250,0,0,0,0,0.0,0,0,0,0,0,0,0
19810810,6250,6250,6250,6250,0,0,0,0,0.0,0,0,0,0,0,0,0
19810811,6250,6250,6250,6250,0,0,0,0,0.0,0,0,0,0,0,0,0
19810812,6000,6000,6000,6000,250,390,0,0,0.0,0,0,0,0,0,0,0
19810813,5900,5900,5900,5900,100,40,0,0,0.0,0,0,0,0,0,0,0
19810814,5900,5900,5900,5900,0,0,0,0,0.0,0,0,0,0,0,0,0
19810817,5700,5700,5700,5700,200,20,0,0,0.0,0,0,0,0,0,0,0
19810818,5490,5490,5490,5490,210,0,0,0,0.0,0,0,0,0,0,0,0
19810819,5290,5290,5290,5290,200,0,0,0,0.0,0,0,0,0,0,0,0
19810820,5020,5050,5020,5050,240,210,0,0,0.0,0,0,0,0,0,0,0
19810821,5060,5060,5060,5060,10,0,0,0,0.0,0,0,0,0,0,0,0
19810822,5060,5060,5060,5060,0,0,0,0,0.0,0,0,0,0,0,0,0
19810824,5080,5080,5080,5080,20,100,0,0,0.0,0,0,0,0,0,0,0
19810825,5100,5100,5100,5100,20,0,0,0,0.0,0,0,0,0,0,0,0
19810826,5200,5200,5200,5200,100,0,0,0,0.0,0,0,0,0,0,0,0
19810827,5250,5250,5250,5250,50,10,0,0,0.0,0,0,0,0,0,0,0
19810828,5450,5450,5450,5450,200,30,0,0,0.0,0,0,0,0,0,0,0
19810829,5450,5450,5450,5450,0,0,0,0,0.0,0,0,0,0,0,0,0
19810831,5450,5450,5450,5450,0,0,0,0,0.0,0,0,0,0,0,0,0
19810901,5460,5460,5460,5460,10,0,0,0,0.0,0,0,0,0,0,0,0
19810902,5500,5500,5500,5500,40,10,0,0,0.0,0,0,0,0,0,0,0
19810903,5550,5550,5550,5550,50,0,0,0,0.0,0,0,0,0,0,0,0
19810904,5600,5600,5600,5600,50,0,0,0,0.0,0,0,0,0,0,0,0
19810905,5650,5650,5650,5650,50,0,0,0,0.0,0,0,0,0,0,0,0
19810907,5700,5700,5700,5700,50,0,0,0,0.0,0,0,0,0,0,0,0
19810908,5700,5700,5700,5700,0,0,0,0,0.0,0,0,0,0,0,0,0
19810909,5750,5750,5750,5750,50,0,0,0,0.0,0,0,0,0,0,0,0
19810910,5750,5750,5750,5750,0,0,0,0,0.0,0,0,0,0,0,0,0
19810911,5750,5750,5750,5750,0,0,0,0,0.0,0,0,0,0,0,0,0
19810914,5800,5800,5800,5800,50,0,0,0,0.0,0,0,0,0,0,0,0
19810915,6000,6000,6000,6000,200,0,0,0,0.0,0,0,0,0,0,0,0
19810916,6000,6000,6000,6000,0,10,0,0,0.0,0,0,0,0,0,0,0
19810917,6000,6000,6000,6000,0,10,0,0,0.0,0,0,0,0,0,0,0
19810918,6010,6010,6010,6010,10,50,0,0,0.0,0,0,0,0,0,0,0
19810919,6050,6050,6050,6050,40,0,0,0,0.0,0,0,0,0,0,0,0
19810921,6050,6050,6050,6050,0,10,0,0,0.0,0,0,0,0,0,0,0
19810922,6080,6080,6080,6080,30,0,0,0,0.0,0,0,0,0,0,0,0
19810923,6100,6100,6100,6100,20,0,0,0,0.0,0,0,0,0,0,0,0
19810924,6100,6100,6100,6100,0,40,0,0,0.0,0,0,0,0,0,0,0
19810925,6100,6100,6100,6100,0,10,0,0,0.0,0,0,0,0,0,0,0
19810926,6100,6100,6100,6100,0,0,0,0,0.0,0,0,0,0,0,0,0
19810928,6100,6100,6100,6100,0,100,0,0,0.0,0,0,0,0,0,0,0
19810929,6100,6100,6100,6100,0,110,0,0,0.0,0,0,0,0,0,0,0
19810930,6100,6100,6100,6100,0,100,0,0,0.0,0,0,0,0,0,0,0
19811002,6100,6100,6100,6100,0,140,0,0,0.0,0,0,0,0,0,0,0
19811005,6100,6100,6100,6100,0,500,0,0,0.0,0,0,0,0,0,0,0
19811006,6100,6100,6100,6100,0,0,0,0,0.0,0,0,0,0,0,0,0
19811007,6100,6100,6100,6100,0,0,0,0,0.0,0,0,0,0,0,0,0
19811008,6100,6100,6100,6100,0,0,0,0,0.0,0,0,0,0,0,0,0
19811010,6000,6000,6000,6000,100,110,0,0,0.0,0,0,0,0,0,0,0
19811012,6000,6000,6000,6000,0,340,0,0,0.0,0,0,0,0,0,0,0
19811013,6000,6000,6000,6000,0,0,0,0,0.0,0,0,0,0,0,0,0
19811014,6000,6000,6000,6000,0,0,0,0,0.0,0,0,0,0,0,0,0
19811015,6000,6000,6000,6000,0,0,0,0,0.0,0,0,0,0,0,0,0
19811016,6000,6000,6000,6000,0,0,0,0,0.0,0,0,0,0,0,0,0
19811017,6000,6000,6000,6000,0,0,0,0,0.0,0,0,0,0,0,0,0
19811019,6000,6000,6000,6000,0,0,0,0,0.0,0,0,0,0,0,0,0
19811020,6000,6000,6000,6000,0,140,0,0,0.0,0,0,0,0,0,0,0
19811021,6000,6000,6000,6000,0,370,0,0,0.0,0,0,0,0,0,0,0
19811022,6000,6000,6000,6000,0,0,0,0,0.0,0,0,0,0,0,0,0
19811023,5800,5800,5800,5800,200,20,0,0,0.0,0,0,0,0,0,0,0
19811024,5800,5800,5800,5800,0,0,0,0,0.0,0,0,0,0,0,0,0
19811026,5800,5800,5800,5800,0,0,0,0,0.0,0,0,0,0,0,0,0
19811027,5810,5850,5810,5850,50,1420,0,0,0.0,0,0,0,0,0,0,0
19811028,5850,5850,5850,5850,0,170,0,0,0.0,0,0,0,0,0,0,0
19811029,5850,5850,5850,5850,0,0,0,0,0.0,0,0,0,0,0,0,0
19811030,5850,5850,5850,5850,0,0,0,0,0.0,0,0,0,0,0,0,0
19811031,5850,5850,5850,5850,0,0,0,0,0.0,0,0,0,0,0,0,0
19811102,5850,5850,5850,5850,0,0,0,0,0.0,0,0,0,0,0,0,0
19811103,5850,5850,5850,5850,0,0,0,0,0.0,0,0,0,0,0,0,0
19811104,5850,5850,5850,5850,0,40,0,0,0.0,0,0,0,0,0,0,0
19811105,5800,5800,5800,5800,50,100,0,0,0.0,0,0,0,0,0,0,0
19811106,5800,5800,5800,5800,0,0,0,0,0.0,0,0,0,0,0,0,0
19811107,5800,5800,5800,5800,0,0,0,0,0.0,0,0,0,0,0,0,0
19811109,5700,5700,5700,5700,100,20,0,0,0.0,0,0,0,0,0,0,0
19811110,5690,5690,5690,5690,10,10,0,0,0.0,0,0,0,0,0,0,0
19811111,5690,5690,5690,5690,0,250,0,0,0.0,0,0,0,0,0,0,0
19811112,5690,5690,5690,5690,0,20,0,0,0.0,0,0,0,0,0,0,0
19811113,5690,5690,5690,5690,0,0,0,0,0.0,0,0,0,0,0,0,0
19811114,5650,5650,5650,5650,40,0,0,0,0.0,0,0,0,0,0,0,0
19811116,5600,5600,5600,5600,50,100,0,0,0.0,0,0,0,0,0,0,0
19811117,5600,5600,5600,5600,0,20,0,0,0.0,0,0,0,0,0,0,0
19811118,5600,5800,5600,5800,200,2350,0,0,0.0,0,0,0,0,0,0,0
19811119,5800,5800,5800,5800,0,430,0,0,0.0,0,0,0,0,0,0,0
19811120,5800,6000,5800,6000,200,160,0,0,0.0,0,0,0,0,0,0,0
19811121,6000,6000,6000,6000,0,0,0,0,0.0,0,0,0,0,0,0,0
19811123,6030,6030,6030,6030,30,0,0,0,0.0,0,0,0,0,0,0,0
19811124,6060,6060,6060,6060,30,70,0,0,0.0,0,0,0,0,0,0,0
19811125,6060,6060,6060,6060,0,500,0,0,0.0,0,0,0,0,0,0,0
19811126,6070,6070,6070,6070,10,0,0,0,0.0,0,0,0,0,0,0,0
19811127,6090,6090,6090,6090,20,20,0,0,0.0,0,0,0,0,0,0,0
19811128,6090,6090,6090,6090,0,0,0,0,0.0,0,0,0,0,0,0,0
19811130,6100,6100,6100,6100,10,0,0,0,0.0,0,0,0,0,0,0,0
19811201,6110,6110,6110,6110,10,0,0,0,0.0,0,0,0,0,0,0,0
19811202,6130,6130,6130,6130,20,160,0,0,0.0,0,0,0,0,0,0,0
19811203,6130,6130,6130,6130,0,760,0,0,0.0,0,0,0,0,0,0,0
19811204,6160,6160,6160,6160,30,0,0,0,0.0,0,0,0,0,0,0,0
19811205,6160,6160,6160,6160,0,0,0,0,0.0,0,0,0,0,0,0,0
19811207,6180,6180,6180,6180,20,200,0,0,0.0,0,0,0,0,0,0,0
19811208,6210,6210,6210,6210,30,200,0,0,0.0,0,0,0,0,0,0,0
19811209,6240,6240,6240,6240,30,50,0,0,0.0,0,0,0,0,0,0,0
19811210,6280,6280,6280,6280,40,0,0,0,0.0,0,0,0,0,0,0,0
19811211,6280,6280,6270,6270,10,400,0,0,0.0,0,0,0,0,0,0,0
19811212,6270,6270,6270,6270,0,1370,0,0,0.0,0,0,0,0,0,0,0
19811214,6280,6280,6280,6280,10,30,0,0,0.0,0,0,0,0,0,0,0
19811215,6410,6410,6410,6410,130,0,0,0,0.0,0,0,0,0,0,0,0
19811216,6510,6510,6510,6510,100,10,0,0,0.0,0,0,0,0,0,0,0
19811217,6600,6600,6600,6600,90,0,0,0,0.0,0,0,0,0,0,0,0
19811218,7010,7010,7010,7010,410,1000,0,0,0.0,0,0,0,0,0,0,0
19811219,6880,6880,6880,6880,130,4820,0,0,0.0,0,0,0,0,0,0,0
19811221,6790,6790,6790,6790,90,0,0,0,0.0,0,0,0,0,0,0,0
19811222,6790,6840,6790,6840,50,410,0,0,0.0,0,0,0,0,0,0,0
19811223,6900,7000,6900,7000,160,650,0,0,0.0,0,0,0,0,0,0,0
19811224,7000,7000,7000,7000,0,0,0,0,0.0,0,0,0,0,0,0,0
19820104,7000,7000,7000,7000,0,0,0,0,0.0,0,0,0,0,0,0,0
19820105,5800,5800,5800,5800,1200,0,0,0,0.0,0,0,0,0,0,0,0
19820106,5800,5800,5800,5800,0,0,0,0,0.0,0,0,0,0,0,0,0
19820107,5800,5800,5800,5800,0,0,0,0,0.0,0,0,0,0,0,0,0
19820108,5800,5800,5800,5800,0,0,0,0,0.0,0,0,0,0,0,0,0
19820109,5790,5790,5790,5790,10,0,0,0,0.0,0,0,0,0,0,0,0
19820111,5900,5900,5900,5900,110,50,0,0,0.0,0,0,0,0,0,0,0
19820112,5900,5900,5900,5900,0,0,0,0,0.0,0,0,0,0,0,0,0
19820113,5900,5900,5900,5900,0,0,0,0,0.0,0,0,0,0,0,0,0
19820114,5900,5900,5900,5900,0,0,0,0,0.0,0,0,0,0,0,0,0
19820115,5900,5900,5900,5900,0,0,0,0,0.0,0,0,0,0,0,0,0
19820116,5900,5900,5900,5900,0,0,0,0,0.0,0,0,0,0,0,0,0
19820118,5900,5900,5900,5900,0,0,0,0,0.0,0,0,0,0,0,0,0
19820119,5900,5900,5900,5900,0,0,0,0,0.0,0,0,0,0,0,0,0
19820120,5900,5900,5900,5900,0,0,0,0,0.0,0,0,0,0,0,0,0
19820121,5900,5900,5900,5900,0,0,0,0,0.0,0,0,0,0,0,0,0
19820122,5900,5900,5900,5900,0,0,0,0,0.0,0,0,0,0,0,0,0
19820123,5900,5900,5900,5900,0,0,0,0,0.0,0,0,0,0,0,0,0
19820125,5900,5900,5900,5900,0,0,0,0,0.0,0,0,0,0,0,0,0
19820126,5900,5900,5900,5900,0,0,0,0,0.0,0,0,0,0,0,0,0
19820127,5900,5900,5900,5900,0,0,0,0,0.0,0,0,0,0,0,0,0
19820128,5890,5890,5890,5890,10,40,0,0,0.0,0,0,0,0,0,0,0
19820129,6100,6100,6100,6100,210,30,0,0,0.0,0,0,0,0,0,0,0
19820130,6100,6100,6100,6100,0,0,0,0,0.0,0,0,0,0,0,0,0
19820201,6100,6100,6100,6100,0,0,0,0,0.0,0,0,0,0,0,0,0
19820202,6100,6100,6100,6100,0,0,0,0,0.0,0,0,0,0,0,0,0
19820203,6100,6100,6100,6100,0,0,0,0,0.0,0,0,0,0,0,0,0
19820204,6050,6050,6050,6050,50,0,0,0,0.0,0,0,0,0,0,0,0
19820205,6040,6040,6040,6040,10,0,0,0,0.0,0,0,0,0,0,0,0
19820206,6030,6030,6030,6030,10,0,0,0,0.0,0,0,0,0,0,0,0
19820208,6020,6020,6020,6020,10,0,0,0,0.0,0,0,0,0,0,0,0
19820209,6000,6000,6000,6000,20,2760,0,0,0.0,0,0,0,0,0,0,0
19820210,5950,5950,5950,5950,50,0,0,0,0.0,0,0,0,0,0,0,0
19820211,5950,5950,5950,5950,0,0,0,0,0.0,0,0,0,0,0,0,0
19820212,5950,5950,5950,5950,0,0,0,0,0.0,0,0,0,0,0,0,0
19820213,5950,5950,5950,5950,0,0,0,0,0.0,0,0,0,0,0,0,0
19820215,5950,5950,5950,5950,0,0,0,0,0.0,0,0,0,0,0,0,0
19820216,5950,5950,5950,5950,0,0,0,0,0.0,0,0,0,0,0,0,0
19820217,5950,5950,5950,5950,0,0,0,0,0.0,0,0,0,0,0,0,0
19820218,5950,5950,5950,5950,0,0,0,0,0.0,0,0,0,0,0,0,0
19820219,5950,5950,5950,5950,0,0,0,0,0.0,0,0,0,0,0,0,0
19820220,6000,6000,6000,6000,50,0,0,0,0.0,0,0,0,0,0,0,0
19820222,6000,6000,6000,6000,0,20,0,0,0.0,0,0,0,0,0,0,0
19820223,5990,5990,5990,5990,10,0,0,0,0.0,0,0,0,0,0,0,0
19820224,5950,5950,5950,5950,40,0,0,0,0.0,0,0,0,0,0,0,0
19820225,5700,5700,5700,5700,250,0,0,0,0.0,0,0,0,0,0,0,0
19820226,5700,5700,5700,5700,0,0,0,0,0.0,0,0,0,0,0,0,0
19820227,5600,5600,5600,5600,100,0,0,0,0.0,0,0,0,0,0,0,0
19820302,5500,5500,5500,5500,100,0,0,0,0.0,0,0,0,0,0,0,0
19820303,5400,5400,5400,5400,100,20,0,0,0.0,0,0,0,0,0,0,0
19820304,5400,5750,5400,5750,350,1540,0,0,0.0,0,0,0,0,0,0,0
19820305,5750,5750,5750,5750,0,0,0,0,0.0,0,0,0,0,0,0,0
19820306,5800,5800,5800,5800,50,30,0,0,0.0,0,0,0,0,0,0,0
19820308,5800,5800,5800,5800,0,0,0,0,0.0,0,0,0,0,0,0,0
19820309,5800,5800,5800,5800,0,0,0,0,0.0,0,0,0,0,0,0,0
19820311,5790,5790,5790,5790,10,540,0,0,0.0,0,0,0,0,0,0,0
19820312,5770,5770,5770,5770,20,100,0,0,0.0,0,0,0,0,0,0,0
19820313,5760,5760,5750,5750,20,330,0,0,0.0,0,0,0,0,0,0,0
19820315,5730,5730,5730,5730,20,0,0,0,0.0,0,0,0,0,0,0,0
19820316,5730,5730,5730,5730,0,0,0,0,0.0,0,0,0,0,0,0,0
19820317,5750,5750,5750,5750,20,20,0,0,0.0,0,0,0,0,0,0,0
19820318,5690,5690,5690,5690,60,0,0,0,0.0,0,0,0,0,0,0,0
19820319,5690,5690,5690,5690,0,30,0,0,0.0,0,0,0,0,0,0,0
19820320,5680,5680,5680,5680,10,70,0,0,0.0,0,0,0,0,0,0,0
19820322,5680,5680,5680,5680,0,0,0,0,0.0,0,0,0,0,0,0,0
19820323,5720,5720,5720,5720,40,0,0,0,0.0,0,0,0,0,0,0,0
19820324,5680,5680,5680,5680,40,0,0,0,0.0,0,0,0,0,0,0,0
19820325,5680,5680,5680,5680,0,0,0,0,0.0,0,0,0,0,0,0,0
19820326,5680,5680,5680,5680,0,0,0,0,0.0,0,0,0,0,0,0,0
19820327,5670,5670,5670,5670,10,0,0,0,0.0,0,0,0,0,0,0,0
19820329,5610,5610,5610,5610,60,20,0,0,0.0,0,0,0,0,0,0,0
19820330,5610,5610,5610,5610,0,0,0,0,0.0,0,0,0,0,0,0,0
19820331,5600,5600,5600,5600,10,320,0,0,0.0,0,0,0,0,0,0,0
19820401,5600,5600,5600,5600,0,0,0,0,0.0,0,0,0,0,0,0,0
19820402,5600,5600,5600,5600,0,0,0,0,0.0,0,0,0,0,0,0,0
19820403,5600,5600,5600,5600,0,0,0,0,0.0,0,0,0,0,0,0,0
19820406,5600,5600,5600,5600,0,50,0,0,0.0,0,0,0,0,0,0,0
19820407,5650,5650,5650,5650,50,0,0,0,0.0,0,0,0,0,0,0,0
19820408,5650,5650,5650,5650,0,0,0,0,0.0,0,0,0,0,0,0,0
19820409,5650,5650,5650,5650,0,0,0,0,0.0,0,0,0,0,0,0,0
19820410,5650,5650,5650,5650,0,0,0,0,0.0,0,0,0,0,0,0,0
19820412,5650,5650,5650,5650,0,0,0,0,0.0,0,0,0,0,0,0,0
19820413,5710,5710,5710,5710,60,0,0,0,0.0,0,0,0,0,0,0,0
19820414,5770,5770,5770,5770,60,0,0,0,0.0,0,0,0,0,0,0,0
19820415,5770,5770,5770,5770,0,20,0,0,0.0,0,0,0,0,0,0,0
19820416,5770,5770,5770,5770,0,10,0,0,0.0,0,0,0,0,0,0,0
19820417,5700,5700,5700,5700,70,0,0,0,0.0,0,0,0,0,0,0,0
19820419,5600,5600,5600,5600,100,10,0,0,0.0,0,0,0,0,0,0,0
19820420,5550,5700,5550,5700,100,130,0,0,0.0,0,0,0,0,0,0,0
19820421,5700,5700,5700,5700,0,0,0,0,0.0,0,0,0,0,0,0,0
19820422,5700,5700,5700,5700,0,0,0,0,0.0,0,0,0,0,0,0,0
19820423,5700,5700,5700,5700,0,0,0,0,0.0,0,0,0,0,0,0,0
19820424,5700,5700,5700,5700,0,0,0,0,0.0,0,0,0,0,0,0,0
19820426,5700,5700,5700,5700,0,0,0,0,0.0,0,0,0,0,0,0,0
19820427,5700,5700,5700,5700,0,0,0,0,0.0,0,0,0,0,0,0,0
19820428,5700,5700,5700,5700,0,0,0,0,0.0,0,0,0,0,0,0,0
19820429,5700,5700,5700,5700,0,0,0,0,0.0,0,0,0,0,0,0,0
19820430,5700,5700,5700,5700,0,0,0,0,0.0,0,0,0,0,0,0,0
19820503,5600,5600,5600,5600,100,0,0,0,0.0,0,0,0,0,0,0,0
19820504,5600,5600,5600,5600,0,0,0,0,0.0,0,0,0,0,0,0,0
19820506,5600,5600,5600,5600,0,0,0,0,0.0,0,0,0,0,0,0,0
19820507,5500,5500,5500,5500,100,0,0,0,0.0,0,0,0,0,0,0,0
19820508,5500,5500,5500,5500,0,0,0,0,0.0,0,0,0,0,0,0,0
19820510,5500,5500,5500,5500,0,0,0,0,0.0,0,0,0,0,0,0,0
19820511,5500,5500,5500,5500,0,0,0,0,0.0,0,0,0,0,0,0,0
19820512,5500,5500,5500,5500,0,0,0,0,0.0,0,0,0,0,0,0,0
19820513,5600,5700,5600,5700,200,140,0,0,0.0,0,0,0,0,0,0,0
19820514,5700,5700,5700,5700,0,0,0,0,0.0,0,0,0,0,0,0,0
19820515,5700,5700,5700,5700,0,50,0,0,0.0,0,0,0,0,0,0,0
19820517,5700,5700,5700,5700,0,0,0,0,0.0,0,0,0,0,0,0,0
19820518,5680,5680,5680,5680,20,0,0,0,0.0,0,0,0,0,0,0,0
19820519,5680,5680,5680,5680,0,0,0,0,0.0,0,0,0,0,0,0,0
19820520,5630,5630,5630,5630,50,0,0,0,0.0,0,0,0,0,0,0,0
19820521,5600,5600,5600,5600,30,0,0,0,0.0,0,0,0,0,0,0,0
19820522,5300,5300,5300,5300,300,100,0,0,0.0,0,0,0,0,0,0,0
19820524,5300,5300,5300,5300,0,410,0,0,0.0,0,0,0,0,0,0,0
19820525,5400,5400,5400,5400,100,0,0,0,0.0,0,0,0,0,0,0,0
19820526,5400,5400,5400,5400,0,0,0,0,0.0,0,0,0,0,0,0,0
19820527,5400,5400,5400,5400,0,10,0,0,0.0,0,0,0,0,0,0,0
19820528,5400,5400,5400,5400,0,100,0,0,0.0,0,0,0,0,0,0,0
19820529,5400,5400,5400,5400,0,240,0,0,0.0,0,0,0,0,0,0,0
19820531,5400,5400,5400,5400,0,170,0,0,0.0,0,0,0,0,0,0,0
19820601,5400,5400,5400,5400,0,10,0,0,0.0,0,0,0,0,0,0,0
19820602,5400,5400,5400,5400,0,0,0,0,0.0,0,0,0,0,0,0,0
19820603,5400,5400,5400,5400,0,0,0,0,0.0,0,0,0,0,0,0,0
19820604,5500,5500,5500,5500,100,10,0,0,0.0,0,0,0,0,0,0,0
19820605,5500,5500,5500,5500,0,0,0,0,0.0,0,0,0,0,0,0,0
19820607,5500,5500,5500,5500,0,0,0,0,0.0,0,0,0,0,0,0,0
19820608,5500,5500,5500,5500,0,0,0,0,0.0,0,0,0,0,0,0,0
19820609,5500,5500,5500,5500,0,0,0,0,0.0,0,0,0,0,0,0,0
19820610,5500,5500,5500,5500,0,0,0,0,0.0,0,0,0,0,0,0,0
19820611,5500,5500,5500,5500,0,0,0,0,0.0,0,0,0,0,0,0,0
19820612,5500,5500,5500,5500,0,0,0,0,0.0,0,0,0,0,0,0,0
19820614,5500,5500,5500,5500,0,50,0,0,0.0,0,0,0,0,0,0,0
19820615,5500,5500,5500,5500,0,0,0,0,0.0,0,0,0,0,0,0,0
19820616,5500,5500,5500,5500,0,0,0,0,0.0,0,0,0,0,0,0,0
19820617,5500,5500,5500,5500,0,0,0,0,0.0,0,0,0,0,0,0,0
19820618,5500,5500,5500,5500,0,0,0,0,0.0,0,0,0,0,0,0,0
19820619,5500,5500,5500,5500,0,0,0,0,0.0,0,0,0,0,0,0,0
19820621,5500,5500,5500,5500,0,0,0,0,0.0,0,0,0,0,0,0,0
19820622,5490,5490,5490,5490,10,0,0,0,0.0,0,0,0,0,0,0,0
19820623,5490,5490,5490,5490,0,0,0,0,0.0,0,0,0,0,0,0,0
19820624,5490,5490,5490,5490,0,0,0,0,0.0,0,0,0,0,0,0,0
19820625,5490,5490,5490,5490,0,0,0,0,0.0,0,0,0,0,0,0,0
19820626,5490,5490,5490,5490,0,0,0,0,0.0,0,0,0,0,0,0,0
19820628,5550,5550,5550,5550,60,0,0,0,0.0,0,0,0,0,0,0,0
19820629,5600,5600,5600,5600,50,150,0,0,0.0,0,0,0,0,0,0,0
19820630,5600,5600,5600,5600,0,620,0,0,0.0,0,0,0,0,0,0,0
19820701,5300,5300,5300,5300,300,0,0,0,0.0,0,0,0,0,0,0,0
19820702,5300,5300,5300,5300,0,40,0,0,0.0,0,0,0,0,0,0,0
19820703,5310,5310,5310,5310,10,0,0,0,0.0,0,0,0,0,0,0,0
19820705,5310,5310,5310,5310,0,0,0,0,0.0,0,0,0,0,0,0,0
19820706,5400,5400,5400,5400,90,0,0,0,0.0,0,0,0,0,0,0,0
19820707,5400,5400,5400,5400,0,200,0,0,0.0,0,0,0,0,0,0,0
19820708,5420,5420,5420,5420,20,40,0,0,0.0,0,0,0,0,0,0,0
19820709,5500,5500,5500,5500,80,20,0,0,0.0,0,0,0,0,0,0,0
19820710,5500,5500,5500,5500,0,0,0,0,0.0,0,0,0,0,0,0,0
19820712,5500,5500,5500,5500,0,0,0,0,0.0,0,0,0,0,0,0,0
19820713,5500,5500,5500,5500,0,0,0,0,0.0,0,0,0,0,0,0,0
19820714,5500,5500,5500,5500,0,0,0,0,0.0,0,0,0,0,0,0,0
19820715,5400,5400,5400,5400,100,10,0,0,0.0,0,0,0,0,0,0,0
19820716,5400,5400,5400,5400,0,0,0,0,0.0,0,0,0,0,0,0,0
19820719,5400,5400,5400,5400,0,0,0,0,0.0,0,0,0,0,0,0,0
19820720,5400,5400,5400,5400,0,50,0,0,0.0,0,0,0,0,0,0,0
19820721,5430,5430,5430,5430,30,0,0,0,0.0,0,0,0,0,0,0,0
19820722,5500,5500,5500,5500,70,0,0,0,0.0,0,0,0,0,0,0,0
19820723,6000,6000,6000,6000,500,60,0,0,0.0,0,0,0,0,0,0,0
19820724,5900,5900,5900,5900,100,0,0,0,0.0,0,0,0,0,0,0,0
19820726,5890,5890,5890,5890,10,0,0,0,0.0,0,0,0,0,0,0,0
19820727,5890,5890,5890,5890,0,0,0,0,0.0,0,0,0,0,0,0,0
19820728,5890,5890,5890,5890,0,0,0,0,0.0,0,0,0,0,0,0,0
19820729,5890,5890,5890,5890,0,0,0,0,0.0,0,0,0,0,0,0,0
19820730,5790,5790,5790,5790,100,0,0,0,0.0,0,0,0,0,0,0,0
19820731,5790,5790,5790,5790,0,0,0,0,0.0,0,0,0,0,0,0,0
19820802,5750,5750,5750,5750,40,0,0,0,0.0,0,0,0,0,0,0,0
19820803,5750,5750,5750,5750,0,0,0,0,0.0,0,0,0,0,0,0,0
19820804,5750,5750,5750,5750,0,0,0,0,0.0,0,0,0,0,0,0,0
19820805,5650,5650,5650,5650,100,0,0,0,0.0,0,0,0,0,0,0,0
19820806,5650,5650,5650,5650,0,0,0,0,0.0,0,0,0,0,0,0,0
19820807,5650,5650,5650,5650,0,0,0,0,0.0,0,0,0,0,0,0,0
19820809,5650,5650,5650,5650,0,0,0,0,0.0,0,0,0,0,0,0,0
19820810,5650,5650,5650,5650,0,20,0,0,0.0,0,0,0,0,0,0,0
19820811,5700,5700,5700,5700,50,490,0,0,0.0,0,0,0,0,0,0,0
19820812,5950,6200,5950,6200,500,210,0,0,0.0,0,0,0,0,0,0,0
19820813,6000,6000,6000,6000,200,0,0,0,0.0,0,0,0,0,0,0,0
19820814,6000,6000,6000,6000,0,0,0,0,0.0,0,0,0,0,0,0,0
19820816,5880,5880,5880,5880,120,10,0,0,0.0,0,0,0,0,0,0,0
19820817,5880,5880,5880,5880,0,0,0,0,0.0,0,0,0,0,0,0,0
19820818,5730,5730,5730,5730,150,0,0,0,0.0,0,0,0,0,0,0,0
19820819,5500,5500,5500,5500,230,10,0,0,0.0,0,0,0,0,0,0,0
19820820,5500,5500,5500,5500,0,90,0,0,0.0,0,0,0,0,0,0,0
19820821,5600,5600,5600,5600,100,2970,0,0,0.0,0,0,0,0,0,0,0
19820823,5600,5600,5600,5600,0,1530,0,0,0.0,0,0,0,0,0,0,0
19820824,5590,5590,5590,5590,10,1430,0,0,0.0,0,0,0,0,0,0,0
19820825,5590,5590,5590,5590,0,2700,0,0,0.0,0,0,0,0,0,0,0
19820826,5590,5590,5590,5590,0,2420,0,0,0.0,0,0,0,0,0,0,0
19820827,5580,5580,5580,5580,10,0,0,0,0.0,0,0,0,0,0,0,0
19820828,5560,5560,5560,5560,20,0,0,0,0.0,0,0,0,0,0,0,0
19820830,5550,5550,5550,5550,10,0,0,0,0.0,0,0,0,0,0,0,0
19820831,5550,5550,5550,5550,0,20,0,0,0.0,0,0,0,0,0,0,0
19820901,5530,5530,5530,5530,20,1500,0,0,0.0,0,0,0,0,0,0,0
19820902,5400,5400,5400,5400,130,100,0,0,0.0,0,0,0,0,0,0,0
19820903,5400,5400,5400,5400,0,0,0,0,0.0,0,0,0,0,0,0,0
19820904,5400,5400,5400,5400,0,20,0,0,0.0,0,0,0,0,0,0,0
19820906,5360,5360,5360,5360,40,0,0,0,0.0,0,0,0,0,0,0,0
19820907,5360,5360,5360,5360,0,0,0,0,0.0,0,0,0,0,0,0,0
19820908,5360,5360,5360,5360,0,0,0,0,0.0,0,0,0,0,0,0,0
19820909,5360,5360,5360,5360,0,0,0,0,0.0,0,0,0,0,0,0,0
19820910,5360,5360,5360,5360,0,10,0,0,0.0,0,0,0,0,0,0,0
19820911,5360,5360,5360,5360,0,1840,0,0,0.0,0,0,0,0,0,0,0
19820913,5360,5360,5360,5360,0,100,0,0,0.0,0,0,0,0,0,0,0
19820914,5360,5360,5360,5360,0,0,0,0,0.0,0,0,0,0,0,0,0
19820915,5360,5360,5360,5360,0,0,0,0,0.0,0,0,0,0,0,0,0
19820916,5360,5360,5360,5360,0,690,0,0,0.0,0,0,0,0,0,0,0
19820917,5360,5360,5360,5360,0,10,0,0,0.0,0,0,0,0,0,0,0
19820918,5360,5400,5360,5400,40,600,0,0,0.0,0,0,0,0,0,0,0
19820920,5400,5400,5400,5400,0,100,0,0,0.0,0,0,0,0,0,0,0
19820921,5400,5400,5400,5400,0,0,0,0,0.0,0,0,0,0,0,0,0
19820922,5400,5400,5400,5400,0,1840,0,0,0.0,0,0,0,0,0,0,0
19820923,5400,5400,5400,5400,0,0,0,0,0.0,0,0,0,0,0,0,0
19820924,5400,5400,5400,5400,0,0,0,0,0.0,0,0,0,0,0,0,0
19820925,5400,5400,5400,5400,0,0,0,0,0.0,0,0,0,0,0,0,0
19820927,5400,5400,5400,5400,0,0,0,0,0.0,0,0,0,0,0,0,0
19820928,5400,5400,5400,5400,0,0,0,0,0.0,0,0,0,0,0,0,0
19820929,5400,5400,5400,5400,0,0,0,0,0.0,0,0,0,0,0,0,0
19820930,5400,5400,5400,5400,0,0,0,0,0.0,0,0,0,0,0,0,0
19821004,5400,5400,5400,5400,0,0,0,0,0.0,0,0,0,0,0,0,0
19821005,5500,5500,5500,5500,100,920,0,0,0.0,0,0,0,0,0,0,0
19821006,5500,5500,5500,5500,0,0,0,0,0.0,0,0,0,0,0,0,0
19821007,5700,5700,5700,5700,200,10,0,0,0.0,0,0,0,0,0,0,0
19821008,5730,5730,5730,5730,30,0,0,0,0.0,0,0,0,0,0,0,0
19821011,5730,5730,5730,5730,0,0,0,0,0.0,0,0,0,0,0,0,0
19821012,5730,5730,5730,5730,0,0,0,0,0.0,0,0,0,0,0,0,0
19821013,5730,5730,5730,5730,0,300,0,0,0.0,0,0,0,0,0,0,0
19821014,5730,5730,5730,5730,0,700,0,0,0.0,0,0,0,0,0,0,0
19821015,5730,5730,5730,5730,0,150,0,0,0.0,0,0,0,0,0,0,0
19821016,5730,5730,5730,5730,0,0,0,0,0.0,0,0,0,0,0,0,0
19821018,5740,5740,5740,5740,10,0,0,0,0.0,0,0,0,0,0,0,0
19821019,5740,5740,5740,5740,0,0,0,0,0.0,0,0,0,0,0,0,0
19821020,5780,5780,5780,5780,40,0,0,0,0.0,0,0,0,0,0,0,0
19821021,5800,5800,5800,5800,20,0,0,0,0.0,0,0,0,0,0,0,0
19821022,5800,5800,5800,5800,0,20,0,0,0.0,0,0,0,0,0,0,0
19821023,5800,5800,5800,5800,0,0,0,0,0.0,0,0,0,0,0,0,0
19821025,5900,5900,5900,5900,100,0,0,0,0.0,0,0,0,0,0,0,0
19821026,5900,5900,5900,5900,0,0,0,0,0.0,0,0,0,0,0,0,0
19821027,5990,5990,5990,5990,90,0,0,0,0.0,0,0,0,0,0,0,0
19821028,6010,6010,6010,6010,20,80,0,0,0.0,0,0,0,0,0,0,0
19821029,6010,6010,6010,6010,0,0,0,0,0.0,0,0,0,0,0,0,0
19821030,6010,6010,6010,6010,0,0,0,0,0.0,0,0,0,0,0,0,0
19821101,6010,6010,6010,6010,0,0,0,0,0.0,0,0,0,0,0,0,0
19821102,6010,6010,6010,6010,0,0,0,0,0.0,0,0,0,0,0,0,0
19821103,5510,6250,5510,6250,240,110,0,0,0.0,0,0,0,0,0,0,0
19821104,6000,6000,6000,6000,250,10,0,0,0.0,0,0,0,0,0,0,0
19821105,6290,6290,6290,6290,290,1200,0,0,0.0,0,0,0,0,0,0,0
19821106,6200,6200,6200,6200,90,0,0,0,0.0,0,0,0,0,0,0,0
19821108,6100,6210,6100,6100,100,1500,0,0,0.0,0,0,0,0,0,0,0
19821109,6000,6000,6000,6000,100,40,0,0,0.0,0,0,0,0,0,0,0
19821110,5950,5950,5950,5950,50,2000,0,0,0.0,0,0,0,0,0,0,0
19821111,5950,5950,5950,5950,0,0,0,0,0.0,0,0,0,0,0,0,0
19821112,5930,5930,5930,5930,20,2350,0,0,0.0,0,0,0,0,0,0,0
19821113,5900,5900,5900,5900,30,120,0,0,0.0,0,0,0,0,0,0,0
19821115,5880,5900,5880,5900,0,2170,0,0,0.0,0,0,0,0,0,0,0
19821116,5840,5840,5840,5840,60,20,0,0,0.0,0,0,0,0,0,0,0
19821117,5900,5900,5900,5900,60,3040,0,0,0.0,0,0,0,0,0,0,0
19821118,5980,5980,5900,5980,80,450,0,0,0.0,0,0,0,0,0,0,0
19821119,5950,5980,5950,5980,0,3470,0,0,0.0,0,0,0,0,0,0,0
19821120,6000,6000,6000,6000,20,560,0,0,0.0,0,0,0,0,0,0,0
19821122,6000,6000,6000,6000,0,400,0,0,0.0,0,0,0,0,0,0,0
19821123,6000,6000,6000,6000,0,10,0,0,0.0,0,0,0,0,0,0,0
19821124,6000,6200,6200,6200,200,20,0,0,0.0,0,0,0,0,0,0,0
19821125,6200,6200,6200,6200,0,0,0,0,0.0,0,0,0,0,0,0,0
19821126,6200,6200,6200,6200,0,50,0,0,0.0,0,0,0,0,0,0,0
19821127,6200,6200,6200,6200,0,0,0,0,0.0,0,0,0,0,0,0,0
19821129,6200,6200,6200,6200,0,200,0,0,0.0,0,0,0,0,0,0,0
19821130,6100,6100,6100,6100,100,200,0,0,0.0,0,0,0,0,0,0,0
19821201,6000,6100,6000,6100,0,30,0,0,0.0,0,0,0,0,0,0,0
19821202,6100,6100,6000,6000,100,590,0,0,0.0,0,0,0,0,0,0,0
19821203,6100,6100,6100,6100,100,20,0,0,0.0,0,0,0,0,0,0,0
19821204,6180,6180,6180,6180,80,100,0,0,0.0,0,0,0,0,0,0,0
19821206,6180,6200,6180,6200,20,930,0,0,0.0,0,0,0,0,0,0,0
19821207,6200,6200,6200,6200,0,0,0,0,0.0,0,0,0,0,0,0,0
19821208,6250,6250,6250,6250,50,0,0,0,0.0,0,0,0,0,0,0,0
19821209,6280,6280,6280,6280,30,50,0,0,0.0,0,0,0,0,0,0,0
19821210,6300,6600,6300,6600,320,670,0,0,0.0,0,0,0,0,0,0,0
19821211,6600,6600,6600,6600,0,0,0,0,0.0,0,0,0,0,0,0,0
19821213,6600,6600,6600,6600,0,500,0,0,0.0,0,0,0,0,0,0,0
19821214,6600,6600,6600,6600,0,110,0,0,0.0,0,0,0,0,0,0,0
19821215,6500,6500,6500,6500,100,0,0,0,0.0,0,0,0,0,0,0,0
19821216,6500,6500,6500,6500,0,0,0,0,0.0,0,0,0,0,0,0,0
19821217,6500,6500,6500,6500,0,930,0,0,0.0,0,0,0,0,0,0,0
19821218,6500,6500,6500,6500,0,90,0,0,0.0,0,0,0,0,0,0,0
19821220,6300,6500,6300,6500,0,1110,0,0,0.0,0,0,0,0,0,0,0
19821221,6490,6490,6490,6490,10,10,0,0,0.0,0,0,0,0,0,0,0
19821222,6500,6500,6500,6500,10,860,0,0,0.0,0,0,0,0,0,0,0
19821223,6500,6500,6500,6500,0,0,0,0,0.0,0,0,0,0,0,0,0
19821224,6500,6500,6400,6500,0,170,0,0,0.0,0,0,0,0,0,0,0
19830104,5760,5760,5760,5760,740,0,0,0,0.0,0,0,0,0,0,0,0
19830105,5750,5750,5750,5750,10,0,0,0,0.0,0,0,0,0,0,0,0
19830106,5750,5750,5750,5750,0,500,0,0,0.0,0,0,0,0,0,0,0
19830107,5750,5750,5750,5750,0,0,0,0,0.0,0,0,0,0,0,0,0
19830108,5750,5750,5750,5750,0,0,0,0,0.0,0,0,0,0,0,0,0
19830110,5750,5750,5750,5750,0,300,0,0,0.0,0,0,0,0,0,0,0
19830111,5750,5750,5750,5750,0,0,0,0,0.0,0,0,0,0,0,0,0
19830112,5750,5750,5750,5750,0,0,0,0,0.0,0,0,0,0,0,0,0
19830113,5750,5750,5750,5750,0,0,0,0,0.0,0,0,0,0,0,0,0
19830114,5750,5750,5750,5750,0,0,0,0,0.0,0,0,0,0,0,0,0
19830115,5740,5740,5740,5740,10,0,0,0,0.0,0,0,0,0,0,0,0
19830117,5700,5700,5700,5700,40,0,0,0,0.0,0,0,0,0,0,0,0
19830118,5690,6000,5650,6000,300,640,0,0,0.0,0,0,0,0,0,0,0
19830119,6100,6200,6100,6200,200,1270,0,0,0.0,0,0,0,0,0,0,0
19830120,6280,6300,6280,6300,100,390,0,0,0.0,0,0,0,0,0,0,0
19830121,6350,6350,6350,6350,50,10,0,0,0.0,0,0,0,0,0,0,0
19830122,6300,6300,6300,6300,50,0,0,0,0.0,0,0,0,0,0,0,0
19830124,6200,6200,6200,6200,100,0,0,0,0.0,0,0,0,0,0,0,0
19830125,6200,6200,6200,6200,0,0,0,0,0.0,0,0,0,0,0,0,0
19830126,6200,6200,6200,6200,0,0,0,0,0.0,0,0,0,0,0,0,0
19830127,6150,6150,6150,6150,50,0,0,0,0.0,0,0,0,0,0,0,0
19830128,6150,6150,6150,6150,0,0,0,0,0.0,0,0,0,0,0,0,0
19830129,6150,6150,6150,6150,0,0,0,0,0.0,0,0,0,0,0,0,0
19830131,6080,6080,6080,6080,70,0,0,0,0.0,0,0,0,0,0,0,0
19830201,6080,6080,6080,6080,0,0,0,0,0.0,0,0,0,0,0,0,0
19830202,6080,6080,6080,6080,0,0,0,0,0.0,0,0,0,0,0,0,0
19830203,6080,6080,6080,6080,0,0,0,0,0.0,0,0,0,0,0,0,0
19830204,6200,6330,6200,6330,250,1310,0,0,0.0,0,0,0,0,0,0,0
19830205,6350,6400,6350,6400,70,400,0,0,0.0,0,0,0,0,0,0,0
19830207,6400,6450,6400,6450,50,560,0,0,0.0,0,0,0,0,0,0,0
19830208,6450,6450,6450,6450,0,0,0,0,0.0,0,0,0,0,0,0,0
19830209,6450,6450,6450,6450,0,0,0,0,0.0,0,0,0,0,0,0,0
19830210,6450,6450,6450,6450,0,40,0,0,0.0,0,0,0,0,0,0,0
19830211,6450,6450,6450,6450,0,320,0,0,0.0,0,0,0,0,0,0,0
19830212,6440,6440,6440,6440,10,0,0,0,0.0,0,0,0,0,0,0,0
19830214,6430,6430,6430,6430,10,0,0,0,0.0,0,0,0,0,0,0,0
19830215,6400,6400,6400,6400,30,50,0,0,0.0,0,0,0,0,0,0,0
19830216,6410,6410,6410,6410,10,100,0,0,0.0,0,0,0,0,0,0,0
19830217,6420,6420,6400,6420,10,1500,0,0,0.0,0,0,0,0,0,0,0
19830218,6450,6450,6450,6450,30,0,0,0,0.0,0,0,0,0,0,0,0
19830219,6450,6450,6450,6450,0,320,0,0,0.0,0,0,0,0,0,0,0
19830221,6450,6450,6450,6450,0,0,0,0,0.0,0,0,0,0,0,0,0
19830222,6400,6400,6400,6400,50,0,0,0,0.0,0,0,0,0,0,0,0
19830223,6400,6400,6400,6400,0,0,0,0,0.0,0,0,0,0,0,0,0
19830224,6400,6400,6400,6400,0,0,0,0,0.0,0,0,0,0,0,0,0
19830225,6210,6210,6210,6210,190,130,0,0,0.0,0,0,0,0,0,0,0
19830226,6250,6250,6250,6250,40,50,0,0,0.0,0,0,0,0,0,0,0
19830228,6260,6350,6250,6350,100,200,0,0,0.0,0,0,0,0,0,0,0
19830302,6420,6420,6420,6420,70,50,0,0,0.0,0,0,0,0,0,0,0
19830303,6200,6310,6200,6310,110,90,0,0,0.0,0,0,0,0,0,0,0
19830304,6400,6400,6100,6100,210,1100,0,0,0.0,0,0,0,0,0,0,0
19830305,6120,6120,6120,6120,20,50,0,0,0.0,0,0,0,0,0,0,0
19830307,6220,6220,6220,6220,100,0,0,0,0.0,0,0,0,0,0,0,0
19830308,6400,6400,6400,6400,180,20,0,0,0.0,0,0,0,0,0,0,0
19830309,6400,6400,6400,6400,0,0,0,0,0.0,0,0,0,0,0,0,0
19830311,6200,6210,6200,6210,190,80,0,0,0.0,0,0,0,0,0,0,0
19830312,6300,6300,6300,6300,90,600,0,0,0.0,0,0,0,0,0,0,0
19830314,6300,6300,6300,6300,0,0,0,0,0.0,0,0,0,0,0,0,0
19830315,6300,6300,6300,6300,0,0,0,0,0.0,0,0,0,0,0,0,0
19830316,6350,6350,6350,6350,50,0,0,0,0.0,0,0,0,0,0,0,0
19830317,6350,6350,6350,6350,0,0,0,0,0.0,0,0,0,0,0,0,0
19830318,6360,6360,6350,6360,10,380,0,0,0.0,0,0,0,0,0,0,0
19830319,6360,6590,6360,6590,230,50,0,0,0.0,0,0,0,0,0,0,0
19830321,6660,6660,6660,6660,70,200,0,0,0.0,0,0,0,0,0,0,0
19830322,6600,6600,6600,6600,60,50,0,0,0.0,0,0,0,0,0,0,0
19830323,6600,6600,6590,6590,10,430,0,0,0.0,0,0,0,0,0,0,0
19830324,6550,6550,6550,6550,40,0,0,0,0.0,0,0,0,0,0,0,0
19830325,6550,6550,6550,6550,0,60,0,0,0.0,0,0,0,0,0,0,0
19830326,6500,6500,6500,6500,50,70,0,0,0.0,0,0,0,0,0,0,0
19830328,6500,6500,6500,6500,0,20,0,0,0.0,0,0,0,0,0,0,0
19830329,6500,6550,6500,6550,50,50,0,0,0.0,0,0,0,0,0,0,0
19830330,6560,6600,6560,6600,50,280,0,0,0.0,0,0,0,0,0,0,0
19830331,6630,6630,6630,6630,30,10,0,0,0.0,0,0,0,0,0,0,0
19830401,6650,6650,6650,6650,20,840,0,0,0.0,0,0,0,0,0,0,0
19830402,6660,6660,6660,6660,10,0,0,0,0.0,0,0,0,0,0,0,0
19830404,6660,6660,6660,6660,0,0,0,0,0.0,0,0,0,0,0,0,0
19830406,6690,6690,6690,6690,30,200,0,0,0.0,0,0,0,0,0,0,0
19830407,6690,6690,6690,6690,0,0,0,0,0.0,0,0,0,0,0,0,0
19830408,6690,6690,6690,6690,0,0,0,0,0.0,0,0,0,0,0,0,0
19830409,6700,6700,6700,6700,10,200,0,0,0.0,0,0,0,0,0,0,0
19830411,6750,6800,6750,6800,100,730,0,0,0.0,0,0,0,0,0,0,0
19830412,6800,6800,6800,6800,0,270,0,0,0.0,0,0,0,0,0,0,0
19830413,6800,7000,6800,7000,200,2470,0,0,0.0,0,0,0,0,0,0,0
19830414,7060,7100,7060,7100,100,400,0,0,0.0,0,0,0,0,0,0,0
19830415,7100,7100,7100,7100,0,300,0,0,0.0,0,0,0,0,0,0,0
19830416,7100,7100,7100,7100,0,0,0,0,0.0,0,0,0,0,0,0,0
19830418,7100,7100,7050,7100,0,900,0,0,0.0,0,0,0,0,0,0,0
19830419,7000,7100,7000,7100,0,710,0,0,0.0,0,0,0,0,0,0,0
19830420,7050,7050,7050,7050,50,90,0,0,0.0,0,0,0,0,0,0,0
19830421,7050,7050,7000,7000,50,800,0,0,0.0,0,0,0,0,0,0,0
19830422,7000,7000,7000,7000,0,300,0,0,0.0,0,0,0,0,0,0,0
19830423,7000,7000,7000,7000,0,1800,0,0,0.0,0,0,0,0,0,0,0
19830425,7000,7000,7000,7000,0,400,0,0,0.0,0,0,0,0,0,0,0
19830426,7000,7000,7000,7000,0,550,0,0,0.0,0,0,0,0,0,0,0
19830427,7000,7000,7000,7000,0,170,0,0,0.0,0,0,0,0,0,0,0
19830428,7000,7000,7000,7000,0,110,0,0,0.0,0,0,0,0,0,0,0
19830429,7000,7000,7000,7000,0,280,0,0,0.0,0,0,0,0,0,0,0
19830430,7000,7000,7000,7000,0,380,0,0,0.0,0,0,0,0,0,0,0
19830502,7000,7000,7000,7000,0,0,0,0,0.0,0,0,0,0,0,0,0
19830503,7100,7150,7100,7150,150,710,0,0,0.0,0,0,0,0,0,0,0
19830504,7200,7240,7200,7200,50,1010,0,0,0.0,0,0,0,0,0,0,0
19830506,7200,7200,7200,7200,0,40,0,0,0.0,0,0,0,0,0,0,0
19830507,7200,7200,7200,7200,0,0,0,0,0.0,0,0,0,0,0,0,0
19830509,7200,7240,7200,7240,40,600,0,0,0.0,0,0,0,0,0,0,0
19830510,7200,7200,7200,7200,40,500,0,0,0.0,0,0,0,0,0,0,0
19830511,7100,7100,7100,7100,100,0,0,0,0.0,0,0,0,0,0,0,0
19830512,7100,7100,7100,7100,0,200,0,0,0.0,0,0,0,0,0,0,0
19830513,7100,7100,7100,7100,0,100,0,0,0.0,0,0,0,0,0,0,0
19830514,7100,7100,7100,7100,0,0,0,0,0.0,0,0,0,0,0,0,0
19830516,7000,7000,7000,7000,100,0,0,0,0.0,0,0,0,0,0,0,0
19830517,7000,7000,7000,7000,0,200,0,0,0.0,0,0,0,0,0,0,0
19830518,7000,7000,7000,7000,0,50,0,0,0.0,0,0,0,0,0,0,0
19830519,7000,7000,7000,7000,0,50,0,0,0.0,0,0,0,0,0,0,0
19830521,6990,6990,6990,6990,10,100,0,0,0.0,0,0,0,0,0,0,0
19830523,6900,6900,6900,6900,90,0,0,0,0.0,0,0,0,0,0,0,0
19830524,6850,6850,6850,6850,50,100,0,0,0.0,0,0,0,0,0,0,0
19830525,6850,6850,6850,6850,0,390,0,0,0.0,0,0,0,0,0,0,0
19830526,6850,7000,6850,7000,150,40,0,0,0.0,0,0,0,0,0,0,0
19830527,6850,6850,6850,6850,150,20,0,0,0.0,0,0,0,0,0,0,0
19830528,6850,6850,6850,6850,0,500,0,0,0.0,0,0,0,0,0,0,0
19830530,6850,6850,6850,6850,0,70,0,0,0.0,0,0,0,0,0,0,0
19830531,6900,6900,6900,6900,50,560,0,0,0.0,0,0,0,0,0,0,0
19830601,7000,7000,7000,7000,100,820,0,0,0.0,0,0,0,0,0,0,0
19830602,7000,7000,7000,7000,0,0,0,0,0.0,0,0,0,0,0,0,0
19830603,7000,7000,7000,7000,0,0,0,0,0.0,0,0,0,0,0,0,0
19830604,7000,7000,7000,7000,0,0,0,0,0.0,0,0,0,0,0,0,0
19830607,6990,6990,6990,6990,10,0,0,0,0.0,0,0,0,0,0,0,0
19830608,6900,6900,6900,6900,90,0,0,0,0.0,0,0,0,0,0,0,0
19830609,6510,6510,6510,6510,390,200,0,0,0.0,0,0,0,0,0,0,0
19830610,6520,6520,6520,6520,10,100,0,0,0.0,0,0,0,0,0,0,0
19830611,6520,6520,6520,6520,0,10,0,0,0.0,0,0,0,0,0,0,0
19830613,6550,6550,6550,6550,30,100,0,0,0.0,0,0,0,0,0,0,0
19830614,6550,6550,6550,6550,0,0,0,0,0.0,0,0,0,0,0,0,0
19830615,6610,6610,6610,6610,60,40,0,0,0.0,0,0,0,0,0,0,0
19830616,6610,6610,6610,6610,0,0,0,0,0.0,0,0,0,0,0,0,0
19830617,6610,6610,6610,6610,0,0,0,0,0.0,0,0,0,0,0,0,0
19830618,6610,6610,6610,6610,0,0,0,0,0.0,0,0,0,0,0,0,0
19830620,6610,6610,6610,6610,0,70,0,0,0.0,0,0,0,0,0,0,0
19830621,6610,6610,6610,6610,0,460,0,0,0.0,0,0,0,0,0,0,0
19830622,6610,6610,6610,6610,0,300,0,0,0.0,0,0,0,0,0,0,0
19830623,6700,6700,6650,6650,40,550,0,0,0.0,0,0,0,0,0,0,0
19830624,6600,6600,6510,6510,140,410,0,0,0.0,0,0,0,0,0,0,0
19830625,6550,6550,6550,6550,40,0,0,0,0.0,0,0,0,0,0,0,0
19830627,6550,6550,6550,6550,0,20,0,0,0.0,0,0,0,0,0,0,0
19830628,6550,6550,6550,6550,0,0,0,0,0.0,0,0,0,0,0,0,0
19830629,6550,6550,6520,6520,30,100,0,0,0.0,0,0,0,0,0,0,0
19830630,6520,6600,6520,6600,80,920,0,0,0.0,0,0,0,0,0,0,0
19830701,6600,6600,6600,6600,0,0,0,0,0.0,0,0,0,0,0,0,0
19830702,6600,6600,6600,6600,0,0,0,0,0.0,0,0,0,0,0,0,0
19830704,6500,6500,6500,6500,100,200,0,0,0.0,0,0,0,0,0,0,0
19830705,6500,6500,6500,6500,0,400,0,0,0.0,0,0,0,0,0,0,0
19830706,6600,6600,6500,6500,0,1600,0,0,0.0,0,0,0,0,0,0,0
19830707,6500,6500,6500,6500,0,1890,0,0,0.0,0,0,0,0,0,0,0
19830708,6500,6500,6500,6500,0,440,0,0,0.0,0,0,0,0,0,0,0
19830709,6500,6500,6410,6410,90,350,0,0,0.0,0,0,0,0,0,0,0
19830711,6420,6420,6420,6420,10,1000,0,0,0.0,0,0,0,0,0,0,0
19830712,6410,6410,6410,6410,10,0,0,0,0.0,0,0,0,0,0,0,0
19830713,6400,6400,6400,6400,10,0,0,0,0.0,0,0,0,0,0,0,0
19830714,6410,6410,6410,6410,10,0,0,0,0.0,0,0,0,0,0,0,0
19830715,6500,6500,6400,6400,10,250,0,0,0.0,0,0,0,0,0,0,0
19830716,6400,6400,6400,6400,0,300,0,0,0.0,0,0,0,0,0,0,0
19830718,6400,6400,6400,6400,0,1130,0,0,0.0,0,0,0,0,0,0,0
19830719,6400,6420,6400,6400,0,2980,0,0,0.0,0,0,0,0,0,0,0
19830720,6400,6400,6400,6400,0,6000,0,0,0.0,0,0,0,0,0,0,0
19830721,6700,6800,6700,6800,400,3330,0,0,0.0,0,0,0,0,0,0,0
19830722,6880,6880,6800,6810,10,5540,0,0,0.0,0,0,0,0,0,0,0
19830723,6800,6800,6800,6800,10,2300,0,0,0.0,0,0,0,0,0,0,0
19830725,6780,6780,6750,6750,50,1800,0,0,0.0,0,0,0,0,0,0,0
19830726,6750,6750,6700,6700,50,390,0,0,0.0,0,0,0,0,0,0,0
19830727,6700,6700,6700,6700,0,2000,0,0,0.0,0,0,0,0,0,0,0
19830728,6760,6760,6760,6760,60,2200,0,0,0.0,0,0,0,0,0,0,0
19830729,6760,6800,6710,6800,40,5710,0,0,0.0,0,0,0,0,0,0,0
19830730,6790,6790,6790,6790,10,10,0,0,0.0,0,0,0,0,0,0,0
19830801,6690,6690,6690,6690,100,520,0,0,0.0,0,0,0,0,0,0,0
19830802,6600,6600,6600,6600,90,0,0,0,0.0,0,0,0,0,0,0,0
19830803,6500,6500,6430,6430,170,720,0,0,0.0,0,0,0,0,0,0,0
19830804,6600,6600,6600,6600,170,20,0,0,0.0,0,0,0,0,0,0,0
19830805,6790,6810,6490,6700,100,1990,0,0,0.0,0,0,0,0,0,0,0
19830806,6710,6710,6690,6700,0,1340,0,0,0.0,0,0,0,0,0,0,0
19830808,6680,6680,6680,6680,20,0,0,0,0.0,0,0,0,0,0,0,0
19830809,6680,6680,6680,6680,0,20,0,0,0.0,0,0,0,0,0,0,0
19830810,6680,6680,6680,6680,0,0,0,0,0.0,0,0,0,0,0,0,0
19830811,6500,6500,6500,6500,180,200,0,0,0.0,0,0,0,0,0,0,0
19830812,6490,6490,6490,6490,10,0,0,0,0.0,0,0,0,0,0,0,0
19830813,6430,6430,6430,6430,60,10,0,0,0.0,0,0,0,0,0,0,0
19830816,6400,6400,6400,6400,30,370,0,0,0.0,0,0,0,0,0,0,0
19830817,6410,6410,6400,6400,0,1310,0,0,0.0,0,0,0,0,0,0,0
19830818,6400,6400,6400,6400,0,170,0,0,0.0,0,0,0,0,0,0,0
19830819,6400,6400,6400,6400,0,2000,0,0,0.0,0,0,0,0,0,0,0
19830820,6400,6400,6400,6400,0,0,0,0,0.0,0,0,0,0,0,0,0
19830822,6400,6400,6400,6400,0,0,0,0,0.0,0,0,0,0,0,0,0
19830823,6390,6390,6390,6390,10,0,0,0,0.0,0,0,0,0,0,0,0
19830824,6300,6300,6300,6300,90,0,0,0,0.0,0,0,0,0,0,0,0
19830825,6290,6290,6290,6290,10,0,0,0,0.0,0,0,0,0,0,0,0
19830826,6240,6240,6240,6240,50,0,0,0,0.0,0,0,0,0,0,0,0
19830827,6240,6240,6240,6240,0,0,0,0,0.0,0,0,0,0,0,0,0
19830829,6230,6240,6230,6240,0,1160,0,0,0.0,0,0,0,0,0,0,0
19830830,6240,6240,6240,6240,0,340,0,0,0.0,0,0,0,0,0,0,0
19830831,6000,6000,6000,6000,240,100,0,0,0.0,0,0,0,0,0,0,0
19830901,6000,6000,6000,6000,0,70,0,0,0.0,0,0,0,0,0,0,0
19830902,5990,5990,5700,5700,300,550,0,0,0.0,0,0,0,0,0,0,0
19830903,5700,5700,5700,5700,0,0,0,0,0.0,0,0,0,0,0,0,0
19830905,5700,5700,5700,5700,0,600,0,0,0.0,0,0,0,0,0,0,0
19830906,5700,5700,5700,5700,0,200,0,0,0.0,0,0,0,0,0,0,0
19830907,5700,5700,5700,5700,0,0,0,0,0.0,0,0,0,0,0,0,0
19830908,5700,5710,5700,5710,10,320,0,0,0.0,0,0,0,0,0,0,0
19830909,5700,5700,5700,5700,10,540,0,0,0.0,0,0,0,0,0,0,0
19830910,5700,5700,5700,5700,0,10,0,0,0.0,0,0,0,0,0,0,0
19830912,5690,5690,5690,5690,10,0,0,0,0.0,0,0,0,0,0,0,0
19830913,5690,5690,5690,5690,0,0,0,0,0.0,0,0,0,0,0,0,0
19830914,5680,5680,5680,5680,10,0,0,0,0.0,0,0,0,0,0,0,0
19830915,5600,5600,5600,5600,80,100,0,0,0.0,0,0,0,0,0,0,0
19830916,5600,5600,5500,5500,100,690,0,0,0.0,0,0,0,0,0,0,0
19830917,5500,5500,5450,5450,50,560,0,0,0.0,0,0,0,0,0,0,0
19830919,5460,5480,5460,5480,30,1900,0,0,0.0,0,0,0,0,0,0,0
19830920,5480,5500,5480,5500,20,3810,0,0,0.0,0,0,0,0,0,0,0
19830922,5510,5510,5510,5510,10,660,0,0,0.0,0,0,0,0,0,0,0
19830923,5700,5700,5700,5700,190,170,0,0,0.0,0,0,0,0,0,0,0
19830924,5680,5680,5680,5680,20,0,0,0,0.0,0,0,0,0,0,0,0
19830926,5680,5680,5680,5680,0,0,0,0,0.0,0,0,0,0,0,0,0
19830927,5650,5650,5500,5500,180,730,0,0,0.0,0,0,0,0,0,0,0
19830928,5450,5500,5450,5500,0,1270,0,0,0.0,0,0,0,0,0,0,0
19830929,5500,5500,5500,5500,0,440,0,0,0.0,0,0,0,0,0,0,0
19830930,5510,5510,5510,5510,10,100,0,0,0.0,0,0,0,0,0,0,0
19831004,5530,5530,5530,5530,20,100,0,0,0.0,0,0,0,0,0,0,0
19831005,5550,5550,5550,5550,20,480,0,0,0.0,0,0,0,0,0,0,0
19831006,5560,5600,5560,5600,50,980,0,0,0.0,0,0,0,0,0,0,0
19831007,5600,5720,5600,5720,120,1300,0,0,0.0,0,0,0,0,0,0,0
19831008,5750,5750,5750,5750,30,0,0,0,0.0,0,0,0,0,0,0,0
19831010,5760,5760,5760,5760,10,700,0,0,0.0,0,0,0,0,0,0,0
19831011,5890,5890,5810,5890,130,700,0,0,0.0,0,0,0,0,0,0,0
19831012,5950,5990,5950,5990,100,330,0,0,0.0,0,0,0,0,0,0,0
19831013,6050,6300,6050,6300,310,1940,0,0,0.0,0,0,0,0,0,0,0
19831014,6350,6490,6350,6450,150,3150,0,0,0.0,0,0,0,0,0,0,0
19831015,6500,6500,6500,6500,50,5650,0,0,0.0,0,0,0,0,0,0,0
19831017,6500,6560,6500,6560,60,2490,0,0,0.0,0,0,0,0,0,0,0
19831018,6550,6550,6550,6550,10,2620,0,0,0.0,0,0,0,0,0,0,0
19831019,6600,6600,6600,6600,50,900,0,0,0.0,0,0,0,0,0,0,0
19831020,6610,6700,6610,6700,100,1870,0,0,0.0,0,0,0,0,0,0,0
19831021,6700,6750,6700,6750,50,2620,0,0,0.0,0,0,0,0,0,0,0
19831022,6750,6750,6750,6750,0,1110,0,0,0.0,0,0,0,0,0,0,0
19831024,6750,6770,6750,6770,20,2200,0,0,0.0,0,0,0,0,0,0,0
19831025,6750,6900,6750,6900,130,2780,0,0,0.0,0,0,0,0,0,0,0
19831026,6910,7000,6910,7000,100,4280,0,0,0.0,0,0,0,0,0,0,0
19831027,7000,7200,6960,7200,200,3410,0,0,0.0,0,0,0,0,0,0,0
19831028,7210,7210,7210,7210,10,1140,0,0,0.0,0,0,0,0,0,0,0
19831029,7260,7260,7260,7260,50,350,0,0,0.0,0,0,0,0,0,0,0
19831031,7260,7260,7260,7260,0,500,0,0,0.0,0,0,0,0,0,0,0
19831101,7250,7250,7250,7250,10,0,0,0,0.0,0,0,0,0,0,0,0
19831102,7240,7240,7240,7240,10,30,0,0,0.0,0,0,0,0,0,0,0
19831103,7170,7170,7170,7170,70,0,0,0,0.0,0,0,0,0,0,0,0
19831104,7100,7100,7100,7100,70,0,0,0,0.0,0,0,0,0,0,0,0
19831105,7100,7100,7100,7100,0,0,0,0,0.0,0,0,0,0,0,0,0
19831107,7000,7000,7000,7000,100,0,0,0,0.0,0,0,0,0,0,0,0
19831108,7000,7000,7000,7000,0,0,0,0,0.0,0,0,0,0,0,0,0
19831109,7000,7000,7000,7000,0,0,0,0,0.0,0,0,0,0,0,0,0
19831110,7000,7000,7000,7000,0,0,0,0,0.0,0,0,0,0,0,0,0
19831111,6900,6900,6900,6900,100,0,0,0,0.0,0,0,0,0,0,0,0
19831112,6900,6900,6900,6900,0,0,0,0,0.0,0,0,0,0,0,0,0
19831114,6900,6900,6900,6900,0,3010,0,0,0.0,0,0,0,0,0,0,0
19831115,6900,6900,6900,6900,0,300,0,0,0.0,0,0,0,0,0,0,0
19831116,6900,7000,6900,7000,100,5220,0,0,0.0,0,0,0,0,0,0,0
19831117,7010,7010,7010,7010,10,500,0,0,0.0,0,0,0,0,0,0,0
19831118,7010,7010,7000,7000,10,5000,0,0,0.0,0,0,0,0,0,0,0
19831119,7000,7000,7000,7000,0,900,0,0,0.0,0,0,0,0,0,0,0
19831121,6900,6900,6900,6900,100,1000,0,0,0.0,0,0,0,0,0,0,0
19831122,6800,6810,6800,6800,100,4220,0,0,0.0,0,0,0,0,0,0,0
19831123,6790,6790,6750,6750,50,220,0,0,0.0,0,0,0,0,0,0,0
19831124,6730,6730,6730,6730,20,880,0,0,0.0,0,0,0,0,0,0,0
19831125,6680,6800,6680,6800,70,5030,0,0,0.0,0,0,0,0,0,0,0
19831126,6800,6800,6800,6800,0,0,0,0,0.0,0,0,0,0,0,0,0
19831128,6800,6850,6800,6850,50,11890,0,0,0.0,0,0,0,0,0,0,0
19831129,6880,6880,6880,6880,30,5350,0,0,0.0,0,0,0,0,0,0,0
19831130,6820,6820,6820,6820,60,150,0,0,0.0,0,0,0,0,0,0,0
19831201,6880,6980,6800,6980,160,5210,0,0,0.0,0,0,0,0,0,0,0
19831202,6850,6850,6850,6850,130,6010,0,0,0.0,0,0,0,0,0,0,0
19831203,6850,6850,6850,6850,0,100,0,0,0.0,0,0,0,0,0,0,0
19831205,6830,6830,6830,6830,20,1930,0,0,0.0,0,0,0,0,0,0,0
19831206,6850,6850,6850,6850,20,500,0,0,0.0,0,0,0,0,0,0,0
19831207,6850,6850,6850,6850,0,0,0,0,0.0,0,0,0,0,0,0,0
19831208,6850,6850,6850,6850,0,0,0,0,0.0,0,0,0,0,0,0,0
19831209,6800,6800,6800,6800,50,7710,0,0,0.0,0,0,0,0,0,0,0
19831210,6880,6880,6880,6880,80,5390,0,0,0.0,0,0,0,0,0,0,0
19831212,6880,6880,6880,6880,0,0,0,0,0.0,0,0,0,0,0,0,0
19831213,6930,6930,6930,6930,50,3260,0,0,0.0,0,0,0,0,0,0,0
19831214,6980,6980,6950,6950,20,3320,0,0,0.0,0,0,0,0,0,0,0
19831215,6950,6950,6950,6950,0,0,0,0,0.0,0,0,0,0,0,0,0
19831216,6940,6940,6940,6940,10,0,0,0,0.0,0,0,0,0,0,0,0
19831217,6930,6930,6930,6930,10,0,0,0,0.0,0,0,0,0,0,0,0
19831219,6930,6930,6930,6930,0,0,0,0,0.0,0,0,0,0,0,0,0
19831220,6900,6910,6900,6900,30,1240,0,0,0.0,0,0,0,0,0,0,0
19831221,6890,6890,6890,6890,10,2890,0,0,0.0,0,0,0,0,0,0,0
19831222,6880,6880,6750,6750,140,740,0,0,0.0,0,0,0,0,0,0,0
19831223,6700,6750,6700,6750,0,1720,0,0,0.0,0,0,0,0,0,0,0
19831224,6800,6800,6750,6800,50,1610,0,0,0.0,0,0,0,0,0,0,0
19840104,6410,6410,6410,6410,390,0,0,0,0.0,0,0,0,0,0,0,0
19840105,6310,6310,6310,6310,100,200,0,0,0.0,0,0,0,0,0,0,0
19840106,6210,6210,6210,6210,100,100,0,0,0.0,0,0,0,0,0,0,0
19840107,6210,6210,6210,6210,0,0,0,0,0.0,0,0,0,0,0,0,0
19840109,6210,6210,6210,6210,0,0,0,0,0.0,0,0,0,0,0,0,0
19840110,6220,6220,6220,6220,10,20,0,0,0.0,0,0,0,0,0,0,0
19840111,6220,6220,6220,6220,0,10,0,0,0.0,0,0,0,0,0,0,0
19840112,6310,6320,6310,6310,90,930,0,0,0.0,0,0,0,0,0,0,0
19840113,6320,6360,6320,6360,50,390,0,0,0.0,0,0,0,0,0,0,0
19840114,6360,6360,6360,6360,0,700,0,0,0.0,0,0,0,0,0,0,0
19840116,6360,6360,6360,6360,0,0,0,0,0.0,0,0,0,0,0,0,0
19840117,6400,6400,6400,6400,40,150,0,0,0.0,0,0,0,0,0,0,0
19840118,6350,6350,6350,6350,50,0,0,0,0.0,0,0,0,0,0,0,0
19840119,6320,6320,6320,6320,30,100,0,0,0.0,0,0,0,0,0,0,0
19840120,6320,6320,6320,6320,0,0,0,0,0.0,0,0,0,0,0,0,0
19840121,6320,6450,6320,6410,90,2010,0,0,0.0,0,0,0,0,0,0,0
19840123,6460,6750,6460,6680,270,3470,0,0,0.0,0,0,0,0,0,0,0
19840124,6780,6800,6710,6720,40,4100,0,0,0.0,0,0,0,0,0,0,0
19840125,6720,6840,6660,6840,120,3750,0,0,0.0,0,0,0,0,0,0,0
19840126,6750,6750,6700,6700,140,510,0,0,0.0,0,0,0,0,0,0,0
19840127,6690,6840,6690,6750,50,2500,0,0,0.0,0,0,0,0,0,0,0
19840128,6800,6800,6780,6800,50,1060,0,0,0.0,0,0,0,0,0,0,0
19840130,6900,7100,6890,7050,250,4110,0,0,0.0,0,0,0,0,0,0,0
19840131,7240,7550,7240,7540,490,7450,0,0,0.0,0,0,0,0,0,0,0
19840201,7400,7900,7400,7850,310,5560,0,0,0.0,0,0,0,0,0,0,0
19840202,7790,7790,7700,7700,150,3220,0,0,0.0,0,0,0,0,0,0,0
19840203,7600,7700,7400,7410,290,1450,0,0,0.0,0,0,0,0,0,0,0
19840204,7350,7400,7350,7400,10,1140,0,0,0.0,0,0,0,0,0,0,0
19840206,7610,7610,7510,7510,110,5000,0,0,0.0,0,0,0,0,0,0,0
19840207,7510,7510,7400,7400,110,1300,0,0,0.0,0,0,0,0,0,0,0
19840208,7240,7240,7240,7240,160,0,0,0,0.0,0,0,0,0,0,0,0
19840209,7000,7050,7000,7050,190,1580,0,0,0.0,0,0,0,0,0,0,0
19840210,7000,7000,7000,7000,50,250,0,0,0.0,0,0,0,0,0,0,0
19840211,7000,7000,7000,7000,0,70,0,0,0.0,0,0,0,0,0,0,0
19840213,7100,7300,7100,7150,150,3850,0,0,0.0,0,0,0,0,0,0,0
19840214,7350,7350,7200,7200,50,350,0,0,0.0,0,0,0,0,0,0,0
19840215,7150,7200,7000,7200,0,3770,0,0,0.0,0,0,0,0,0,0,0
19840216,7250,7600,7220,7220,20,6330,0,0,0.0,0,0,0,0,0,0,0
19840217,7220,7220,7150,7200,20,6010,0,0,0.0,0,0,0,0,0,0,0
19840218,7150,7400,7150,7360,160,8710,0,0,0.0,0,0,0,0,0,0,0
19840220,7510,7530,7490,7490,130,3420,0,0,0.0,0,0,0,0,0,0,0
19840221,7480,7480,7480,7480,10,300,0,0,0.0,0,0,0,0,0,0,0
19840222,7300,7410,7300,7300,180,860,0,0,0.0,0,0,0,0,0,0,0
19840223,7500,7540,7310,7450,150,2430,0,0,0.0,0,0,0,0,0,0,0
19840224,7400,7400,7400,7400,50,300,0,0,0.0,0,0,0,0,0,0,0
19840225,7460,7460,7400,7400,0,250,0,0,0.0,0,0,0,0,0,0,0
19840227,7400,7400,7300,7300,100,650,0,0,0.0,0,0,0,0,0,0,0
19840228,7300,7500,7300,7490,190,3250,0,0,0.0,0,0,0,0,0,0,0
19840229,7300,7400,7300,7400,90,120,0,0,0.0,0,0,0,0,0,0,0
19840302,7480,7480,7300,7300,100,80,0,0,0.0,0,0,0,0,0,0,0
19840303,7250,7250,7250,7250,50,300,0,0,0.0,0,0,0,0,0,0,0
19840305,7250,7250,7250,7250,0,0,0,0,0.0,0,0,0,0,0,0,0
19840306,7400,7400,7400,7400,150,20,0,0,0.0,0,0,0,0,0,0,0
19840307,7250,7250,7250,7250,150,0,0,0,0.0,0,0,0,0,0,0,0
19840308,7100,7100,7050,7050,200,420,0,0,0.0,0,0,0,0,0,0,0
19840309,7240,7250,7100,7250,200,500,0,0,0.0,0,0,0,0,0,0,0
19840312,7250,7250,7200,7200,50,50,0,0,0.0,0,0,0,0,0,0,0
19840313,7200,7240,7200,7240,40,1310,0,0,0.0,0,0,0,0,0,0,0
19840314,7250,7400,7250,7400,160,660,0,0,0.0,0,0,0,0,0,0,0
19840315,7390,7690,7390,7650,250,1810,0,0,0.0,0,0,0,0,0,0,0
19840316,7640,7640,7640,7640,10,100,0,0,0.0,0,0,0,0,0,0,0
19840317,7580,7580,7580,7580,60,0,0,0,0.0,0,0,0,0,0,0,0
19840319,7700,7700,7700,7700,120,20,0,0,0.0,0,0,0,0,0,0,0
19840320,7500,7500,7500,7500,200,2000,0,0,0.0,0,0,0,0,0,0,0
19840321,7500,7500,7450,7450,50,1010,0,0,0.0,0,0,0,0,0,0,0
19840322,7490,7590,7450,7590,140,7050,0,0,0.0,0,0,0,0,0,0,0
19840323,7600,7600,7600,7600,10,310,0,0,0.0,0,0,0,0,0,0,0
19840324,7650,8100,7650,8100,500,3450,0,0,0.0,0,0,0,0,0,0,0
19840326,8230,8230,8220,8220,120,1800,0,0,0.0,0,0,0,0,0,0,0
19840327,8050,8050,7950,7950,270,1000,0,0,0.0,0,0,0,0,0,0,0
19840328,7850,7850,7850,7850,100,680,0,0,0.0,0,0,0,0,0,0,0
19840329,7850,7850,7600,7800,50,1140,0,0,0.0,0,0,0,0,0,0,0
19840330,7700,7750,7700,7750,50,1220,0,0,0.0,0,0,0,0,0,0,0
19840331,7750,7800,7750,7800,50,1680,0,0,0.0,0,0,0,0,0,0,0
19840402,7820,8000,7820,7850,50,1090,0,0,0.0,0,0,0,0,0,0,0
19840403,7960,8000,7950,7950,100,6100,0,0,0.0,0,0,0,0,0,0,0
19840404,8030,8290,8030,8290,340,9100,0,0,0.0,0,0,0,0,0,0,0
19840406,8400,8790,8400,8600,310,9140,0,0,0.0,0,0,0,0,0,0,0
19840407,8500,8600,8500,8510,90,2900,0,0,0.0,0,0,0,0,0,0,0
19840409,8600,8600,8500,8500,10,2510,0,0,0.0,0,0,0,0,0,0,0
19840410,8400,8510,8400,8430,70,7080,0,0,0.0,0,0,0,0,0,0,0
19840411,8430,8500,8400,8400,30,4610,0,0,0.0,0,0,0,0,0,0,0
19840412,8370,8400,8200,8200,200,1960,0,0,0.0,0,0,0,0,0,0,0
19840413,8330,8330,8300,8330,130,3050,0,0,0.0,0,0,0,0,0,0,0
19840414,8400,8550,8400,8550,220,3500,0,0,0.0,0,0,0,0,0,0,0
19840416,8760,8880,8600,8700,150,8980,0,0,0.0,0,0,0,0,0,0,0
19840417,8770,8850,8770,8800,100,4430,0,0,0.0,0,0,0,0,0,0,0
19840418,8850,8850,8550,8700,100,1980,0,0,0.0,0,0,0,0,0,0,0
19840419,8600,8800,8600,8800,100,140,0,0,0.0,0,0,0,0,0,0,0
19840420,8600,8680,8600,8600,200,970,0,0,0.0,0,0,0,0,0,0,0
19840421,8600,8600,8600,8600,0,4080,0,0,0.0,0,0,0,0,0,0,0
19840423,8350,8580,8350,8580,20,30,0,0,0.0,0,0,0,0,0,0,0
19840424,8500,8580,8500,8500,80,160,0,0,0.0,0,0,0,0,0,0,0
19840425,8500,8560,8500,8560,60,1500,0,0,0.0,0,0,0,0,0,0,0
19840426,8550,8550,8550,8550,10,0,0,0,0.0,0,0,0,0,0,0,0
19840427,8400,8500,8400,8500,50,20,0,0,0.0,0,0,0,0,0,0,0
19840428,8700,8900,8700,8900,400,540,0,0,0.0,0,0,0,0,0,0,0
19840430,9050,9050,8910,8910,10,2870,0,0,0.0,0,0,0,0,0,0,0
19840501,8780,8780,8780,8780,130,0,0,0,0.0,0,0,0,0,0,0,0
19840502,8710,8900,8410,8410,370,2480,0,0,0.0,0,0,0,0,0,0,0
19840503,8900,8900,8900,8900,490,820,0,0,0.0,0,0,0,0,0,0,0
19840504,8900,8900,8460,8850,50,320,0,0,0.0,0,0,0,0,0,0,0
19840507,8850,8850,8850,8850,0,0,0,0,0.0,0,0,0,0,0,0,0
19840509,8500,8500,8500,8500,350,200,0,0,0.0,0,0,0,0,0,0,0
19840510,8300,8300,8030,8030,470,700,0,0,0.0,0,0,0,0,0,0,0
19840511,8300,8300,8300,8300,270,20,0,0,0.0,0,0,0,0,0,0,0
19840512,8300,8300,8300,8300,0,1000,0,0,0.0,0,0,0,0,0,0,0
19840514,8300,8300,8100,8100,200,1130,0,0,0.0,0,0,0,0,0,0,0
19840515,8000,8020,8000,8020,80,350,0,0,0.0,0,0,0,0,0,0,0
19840516,8050,8050,8050,8050,30,410,0,0,0.0,0,0,0,0,0,0,0
19840517,8050,8050,8050,8050,0,1830,0,0,0.0,0,0,0,0,0,0,0
19840518,8050,8050,8050,8050,0,10,0,0,0.0,0,0,0,0,0,0,0
19840519,8100,8100,8100,8100,50,0,0,0,0.0,0,0,0,0,0,0,0
19840521,8120,8120,8120,8120,20,1720,0,0,0.0,0,0,0,0,0,0,0
19840522,8250,8250,8150,8150,30,710,0,0,0.0,0,0,0,0,0,0,0
19840523,8200,8300,8200,8300,150,1070,0,0,0.0,0,0,0,0,0,0,0
19840524,8780,8800,8590,8800,500,4070,0,0,0.0,0,0,0,0,0,0,0
19840525,8700,8700,8700,8700,100,1300,0,0,0.0,0,0,0,0,0,0,0
19840526,8700,8700,8700,8700,0,0,0,0,0.0,0,0,0,0,0,0,0
19840528,8210,8700,8210,8700,0,240,0,0,0.0,0,0,0,0,0,0,0
19840529,8700,8700,8400,8650,50,770,0,0,0.0,0,0,0,0,0,0,0
19840530,8510,8600,8500,8500,150,2950,0,0,0.0,0,0,0,0,0,0,0
19840531,8500,8500,8500,8500,0,1900,0,0,0.0,0,0,0,0,0,0,0
19840601,8500,8500,8500,8500,0,0,0,0,0.0,0,0,0,0,0,0,0
19840602,8500,8600,8500,8600,100,340,0,0,0.0,0,0,0,0,0,0,0
19840604,8760,8760,8750,8750,150,500,0,0,0.0,0,0,0,0,0,0,0
19840605,8910,9110,8810,9000,250,5420,0,0,0.0,0,0,0,0,0,0,0
19840607,9160,9500,9160,9500,500,4340,0,0,0.0,0,0,0,0,0,0,0
19840608,9850,10000,9850,10000,500,9090,0,0,0.0,0,0,0,0,0,0,0
19840609,10450,10460,10110,10110,110,6850,0,0,0.0,0,0,0,0,0,0,0
19840611,10000,10250,9890,10250,140,5370,0,0,0.0,0,0,0,0,0,0,0
19840612,10300,10950,10300,10950,700,10430,0,0,0.0,0,0,0,0,0,0,0
19840613,11300,11650,11200,11650,700,25210,0,0,0.0,0,0,0,0,0,0,0
19840614,11850,11850,11050,11350,300,7710,0,0,0.0,0,0,0,0,0,0,0
19840615,11350,11610,11200,11500,150,4130,0,0,0.0,0,0,0,0,0,0,0
19840616,11500,11510,11400,11400,100,1230,0,0,0.0,0,0,0,0,0,0,0
19840618,10850,10850,10850,10850,550,500,0,0,0.0,0,0,0,0,0,0,0
19840619,10410,11000,10410,10800,50,1730,0,0,0.0,0,0,0,0,0,0,0
19840620,11000,11000,10510,10510,290,1220,0,0,0.0,0,0,0,0,0,0,0
19840621,10410,10500,10400,10500,10,2820,0,0,0.0,0,0,0,0,0,0,0
19840622,10800,11150,10800,10900,400,3200,0,0,0.0,0,0,0,0,0,0,0
19840623,10500,10500,10500,10500,400,1610,0,0,0.0,0,0,0,0,0,0,0
19840625,9990,10010,9800,9800,700,1600,0,0,0.0,0,0,0,0,0,0,0
19840626,9800,9950,9800,9800,0,2460,0,0,0.0,0,0,0,0,0,0,0
19840627,9800,9800,9700,9700,100,2790,0,0,0.0,0,0,0,0,0,0,0
19840628,9700,9700,9700,9700,0,480,0,0,0.0,0,0,0,0,0,0,0
19840629,10010,10200,9850,9850,150,900,0,0,0.0,0,0,0,0,0,0,0
19840630,50,10050,9950,9950,100,2900,0,0,0.0,0,0,0,0,0,0,0
19840702,10120,10120,9950,9950,0,450,0,0,0.0,0,0,0,0,0,0,0
19840703,10100,10100,10000,10000,50,500,0,0,0.0,0,0,0,0,0,0,0
19840704,10000,10000,9950,9950,50,370,0,0,0.0,0,0,0,0,0,0,0
19840705,9700,9700,9700,9700,250,350,0,0,0.0,0,0,0,0,0,0,0
19840706,9500,10000,9500,9800,100,2840,0,0,0.0,0,0,0,0,0,0,0
19840707,9850,10000,9850,10000,200,530,0,0,0.0,0,0,0,0,0,0,0
19840709,10010,10240,10010,10240,240,3770,0,0,0.0,0,0,0,0,0,0,0
19840710,10400,10400,10050,10050,190,2460,0,0,0.0,0,0,0,0,0,0,0
19840711,10100,10150,10020,10150,100,6470,0,0,0.0,0,0,0,0,0,0,0
19840712,10170,10170,10050,10050,100,2150,0,0,0.0,0,0,0,0,0,0,0
19840713,10050,10050,10000,10050,0,1760,0,0,0.0,0,0,0,0,0,0,0
19840714,10000,10000,9990,9990,60,350,0,0,0.0,0,0,0,0,0,0,0
19840716,9800,9800,9800,9800,190,1130,0,0,0.0,0,0,0,0,0,0,0
19840718,9780,9800,9780,9800,0,2910,0,0,0.0,0,0,0,0,0,0,0
19840719,9800,9800,9800,9800,0,500,0,0,0.0,0,0,0,0,0,0,0
19840720,9800,9800,9800,9800,0,4610,0,0,0.0,0,0,0,0,0,0,0
19840721,9800,9800,9800,9800,0,2670,0,0,0.0,0,0,0,0,0,0,0
19840723,9790,9790,9700,9770,30,2800,0,0,0.0,0,0,0,0,0,0,0
19840724,9740,9850,9740,9850,80,3310,0,0,0.0,0,0,0,0,0,0,0
19840725,9950,10350,9950,10350,500,1640,0,0,0.0,0,0,0,0,0,0,0
19840726,10500,10500,10170,10170,180,380,0,0,0.0,0,0,0,0,0,0,0
19840727,9990,10120,9990,10100,70,3520,0,0,0.0,0,0,0,0,0,0,0
19840728,10200,10200,9990,9990,110,4550,0,0,0.0,0,0,0,0,0,0,0
19840730,9810,9810,9800,9800,190,610,0,0,0.0,0,0,0,0,0,0,0
19840731,9800,9800,9800,9800,0,590,0,0,0.0,0,0,0,0,0,0,0
19840801,9800,10110,9800,10110,310,300,0,0,0.0,0,0,0,0,0,0,0
19840802,10200,10390,10200,10300,190,7150,0,0,0.0,0,0,0,0,0,0,0
19840803,10200,10300,10190,10300,0,2470,0,0,0.0,0,0,0,0,0,0,0
19840804,10300,10300,10300,10300,0,2100,0,0,0.0,0,0,0,0,0,0,0
19840806,10250,10260,10250,10260,40,2400,0,0,0.0,0,0,0,0,0,0,0
19840807,10260,10500,10260,10500,240,1810,0,0,0.0,0,0,0,0,0,0,0
19840808,10460,10500,10460,10500,0,2000,0,0,0.0,0,0,0,0,0,0,0
19840809,10580,10580,10580,10580,80,2000,0,0,0.0,0,0,0,0,0,0,0
19840810,10450,10450,10450,10450,130,2000,0,0,0.0,0,0,0,0,0,0,0
19840811,10450,10450,10450,10450,0,2000,0,0,0.0,0,0,0,0,0,0,0
19840813,10430,10430,10430,10430,20,10,0,0,0.0,0,0,0,0,0,0,0
19840814,10400,10400,10400,10400,30,100,0,0,0.0,0,0,0,0,0,0,0
19840816,10380,10380,10380,10380,20,2960,0,0,0.0,0,0,0,0,0,0,0
19840817,10400,10510,10400,10510,130,5690,0,0,0.0,0,0,0,0,0,0,0
19840818,10510,10590,10510,10590,80,4960,0,0,0.0,0,0,0,0,0,0,0
19840820,10550,10570,10550,10570,20,1630,0,0,0.0,0,0,0,0,0,0,0
19840821,10500,10560,10500,10560,10,1030,0,0,0.0,0,0,0,0,0,0,0
19840822,10550,10550,10500,10550,10,3200,0,0,0.0,0,0,0,0,0,0,0
19840823,10530,10550,10530,10550,0,1270,0,0,0.0,0,0,0,0,0,0,0
19840824,10600,10600,10600,10600,50,1220,0,0,0.0,0,0,0,0,0,0,0
19840825,10630,10750,10630,10750,150,1070,0,0,0.0,0,0,0,0,0,0,0
19840827,10200,10550,10200,10550,200,400,0,0,0.0,0,0,0,0,0,0,0
19840828,10650,10730,10650,10730,180,1300,0,0,0.0,0,0,0,0,0,0,0
19840829,10700,10700,10700,10700,30,2130,0,0,0.0,0,0,0,0,0,0,0
19840830,10700,10700,10700,10700,0,520,0,0,0.0,0,0,0,0,0,0,0
19840831,10700,10700,10700,10700,0,0,0,0,0.0,0,0,0,0,0,0,0
19840901,10700,10700,10700,10700,0,0,0,0,0.0,0,0,0,0,0,0,0
19840903,11100,11100,11100,11100,400,300,0,0,0.0,0,0,0,0,0,0,0
19840904,10950,10950,10950,10950,150,0,0,0,0.0,0,0,0,0,0,0,0
19840905,10790,10790,10790,10790,160,0,0,0,0.0,0,0,0,0,0,0,0
19840906,10790,10790,10790,10790,0,500,0,0,0.0,0,0,0,0,0,0,0
19840907,10700,10700,10700,10700,90,650,0,0,0.0,0,0,0,0,0,0,0
19840908,10700,10700,10700,10700,0,920,0,0,0.0,0,0,0,0,0,0,0
19840911,10700,10700,10700,10700,0,200,0,0,0.0,0,0,0,0,0,0,0
19840912,10500,10700,10500,10700,0,1240,0,0,0.0,0,0,0,0,0,0,0
19840913,10700,10700,10700,10700,0,4540,0,0,0.0,0,0,0,0,0,0,0
19840914,10700,10700,10650,10700,0,950,0,0,0.0,0,0,0,0,0,0,0
19840915,10700,10700,10700,10700,0,400,0,0,0.0,0,0,0,0,0,0,0
19840917,10650,10700,10600,10700,0,2620,0,0,0.0,0,0,0,0,0,0,0
19840918,10500,10700,10500,10700,0,2970,0,0,0.0,0,0,0,0,0,0,0
19840919,10510,10700,10510,10700,0,2010,0,0,0.0,0,0,0,0,0,0,0
19840920,10550,10550,10550,10550,150,210,0,0,0.0,0,0,0,0,0,0,0
19840921,10550,10550,10550,10550,0,500,0,0,0.0,0,0,0,0,0,0,0
19840922,10550,10550,10550,10550,0,0,0,0,0.0,0,0,0,0,0,0,0
19840924,10500,10550,10500,10550,0,1260,0,0,0.0,0,0,0,0,0,0,0
19840925,10580,10580,10580,10580,30,1230,0,0,0.0,0,0,0,0,0,0,0
19840926,10500,10500,10500,10500,80,2070,0,0,0.0,0,0,0,0,0,0,0
19840927,10350,10400,10350,10400,100,220,0,0,0.0,0,0,0,0,0,0,0
19840928,10400,10400,10400,10400,0,210,0,0,0.0,0,0,0,0,0,0,0
19840929,10600,10600,10600,10600,200,610,0,0,0.0,0,0,0,0,0,0,0
19841002,10650,10650,10650,10650,50,0,0,0,0.0,0,0,0,0,0,0,0
19841004,10500,10700,10500,10700,50,10830,0,0,0.0,0,0,0,0,0,0,0
19841005,10700,10700,10700,10700,0,4890,0,0,0.0,0,0,0,0,0,0,0
19841006,10700,10700,10700,10700,0,2000,0,0,0.0,0,0,0,0,0,0,0
19841008,10500,10700,10500,10700,0,2110,0,0,0.0,0,0,0,0,0,0,0
19841010,10700,10700,10680,10700,0,1040,0,0,0.0,0,0,0,0,0,0,0
19841011,10760,10760,10720,10720,20,900,0,0,0.0,0,0,0,0,0,0,0
19841012,10700,10750,10700,10720,0,2110,0,0,0.0,0,0,0,0,0,0,0
19841013,10700,10730,10700,10730,10,1150,0,0,0.0,0,0,0,0,0,0,0
19841015,10730,10730,10730,10730,0,30,0,0,0.0,0,0,0,0,0,0,0
19841016,10730,10730,10700,10730,0,1070,0,0,0.0,0,0,0,0,0,0,0
19841017,10730,10730,10730,10730,0,0,0,0,0.0,0,0,0,0,0,0,0
19841018,10710,10710,10710,10710,20,20,0,0,0.0,0,0,0,0,0,0,0
19841019,10700,10700,10700,10700,10,550,0,0,0.0,0,0,0,0,0,0,0
19841020,10700,10700,10700,10700,0,0,0,0,0.0,0,0,0,0,0,0,0
19841022,10700,10700,10700,10700,0,0,0,0,0.0,0,0,0,0,0,0,0
19841023,10790,10800,10790,10800,100,1700,0,0,0.0,0,0,0,0,0,0,0
19841024,10800,10800,10800,10800,0,1000,0,0,0.0,0,0,0,0,0,0,0
19841025,10900,10900,10900,10900,100,800,0,0,0.0,0,0,0,0,0,0,0
19841026,11000,11000,11000,11000,100,400,0,0,0.0,0,0,0,0,0,0,0
19841027,11000,11000,11000,11000,0,1200,0,0,0.0,0,0,0,0,0,0,0
19841029,11200,11400,11200,11400,400,900,0,0,0.0,0,0,0,0,0,0,0
19841030,11400,11400,11400,11400,0,1060,0,0,0.0,0,0,0,0,0,0,0
19841031,11490,11490,11490,11490,90,3000,0,0,0.0,0,0,0,0,0,0,0
19841101,11400,11400,11400,11400,90,0,0,0,0.0,0,0,0,0,0,0,0
19841102,11350,11400,11350,11400,0,1350,0,0,0.0,0,0,0,0,0,0,0
19841103,11400,11400,11400,11400,0,0,0,0,0.0,0,0,0,0,0,0,0
19841105,11400,11400,11400,11400,0,0,0,0,0.0,0,0,0,0,0,0,0
19841106,10900,11000,10900,11000,400,680,0,0,0.0,0,0,0,0,0,0,0
19841107,11290,11290,11290,11290,290,890,0,0,0.0,0,0,0,0,0,0,0
19841108,11390,11460,11390,11460,170,3140,0,0,0.0,0,0,0,0,0,0,0
19841109,11510,11550,11510,11550,90,870,0,0,0.0,0,0,0,0,0,0,0
19841110,11550,11550,11550,11550,0,0,0,0,0.0,0,0,0,0,0,0,0
19841112,11550,11550,11550,11550,0,3500,0,0,0.0,0,0,0,0,0,0,0
19841113,11480,11480,11480,11480,70,0,0,0,0.0,0,0,0,0,0,0,0
19841114,11450,11450,11450,11450,30,0,0,0,0.0,0,0,0,0,0,0,0
19841115,11450,11450,11450,11450,0,0,0,0,0.0,0,0,0,0,0,0,0
19841116,11400,11400,11400,11400,50,3000,0,0,0.0,0,0,0,0,0,0,0
19841117,11290,11300,11290,11300,100,110,0,0,0.0,0,0,0,0,0,0,0
19841119,11300,11400,11300,11400,100,1500,0,0,0.0,0,0,0,0,0,0,0
19841120,11400,11500,11400,11500,100,210,0,0,0.0,0,0,0,0,0,0,0
19841121,11500,11500,11500,11500,0,0,0,0,0.0,0,0,0,0,0,0,0
19841122,11500,11500,11500,11500,0,0,0,0,0.0,0,0,0,0,0,0,0
19841123,11500,11500,11500,11500,0,0,0,0,0.0,0,0,0,0,0,0,0
19841124,11390,11390,11390,11390,110,0,0,0,0.0,0,0,0,0,0,0,0
19841126,11350,11350,11350,11350,40,0,0,0,0.0,0,0,0,0,0,0,0
19841127,11250,11250,11250,11250,100,0,0,0,0.0,0,0,0,0,0,0,0
19841128,11200,11200,11200,11200,50,0,0,0,0.0,0,0,0,0,0,0,0
19841129,10900,10900,10900,10900,300,0,0,0,0.0,0,0,0,0,0,0,0
19841130,10900,10900,10900,10900,0,500,0,0,0.0,0,0,0,0,0,0,0
19841201,10900,10900,10900,10900,0,0,0,0,0.0,0,0,0,0,0,0,0
19841203,10960,10960,10960,10960,60,1000,0,0,0.0,0,0,0,0,0,0,0
19841204,10950,10960,10950,10960,0,430,0,0,0.0,0,0,0,0,0,0,0
19841205,10950,10950,10950,10950,10,0,0,0,0.0,0,0,0,0,0,0,0
19841206,10700,10700,10700,10700,250,0,0,0,0.0,0,0,0,0,0,0,0
19841207,10700,10700,10200,10250,450,1070,0,0,0.0,0,0,0,0,0,0,0
19841208,10450,10450,10450,10450,200,120,0,0,0.0,0,0,0,0,0,0,0
19841210,10400,10400,10400,10400,50,0,0,0,0.0,0,0,0,0,0,0,0
19841211,10350,10350,10350,10350,50,0,0,0,0.0,0,0,0,0,0,0,0
19841212,10000,10000,10000,10000,350,500,0,0,0.0,0,0,0,0,0,0,0
19841213,10010,10010,10000,10000,0,670,0,0,0.0,0,0,0,0,0,0,0
19841214,10000,10000,9810,9810,190,620,0,0,0.0,0,0,0,0,0,0,0
19841215,9850,10000,9850,10000,190,1140,0,0,0.0,0,0,0,0,0,0,0
19841217,9820,9850,9820,9820,180,3160,0,0,0.0,0,0,0,0,0,0,0
19841218,9820,9860,9820,9860,40,260,0,0,0.0,0,0,0,0,0,0,0
19841219,9860,9860,9800,9800,60,780,0,0,0.0,0,0,0,0,0,0,0
19841220,9800,9860,9800,9860,60,2920,0,0,0.0,0,0,0,0,0,0,0
19841221,9800,9900,9800,9900,40,1390,0,0,0.0,0,0,0,0,0,0,0
19841222,9900,9900,9800,9870,30,3700,0,0,0.0,0,0,0,0,0,0,0
19841224,9800,9850,9800,9800,70,2340,0,0,0.0,0,0,0,0,0,0,0
19850104,9200,9200,9200,9200,600,0,0,0,0.0,0,0,0,0,0,0,0
19850105,9170,9170,9170,9170,30,0,0,0,0.0,0,0,0,0,0,0,0
19850107,9200,9200,9200,9200,30,20,0,0,0.0,0,0,0,0,0,0,0
19850108,9250,9300,9250,9300,100,2230,0,0,0.0,0,0,0,0,0,0,0
19850109,9300,9300,9300,9300,0,3260,0,0,0.0,0,0,0,0,0,0,0
19850110,9300,9300,9300,9300,0,0,0,0,0.0,0,0,0,0,0,0,0
19850111,9300,9300,9290,9300,0,2900,0,0,0.0,0,0,0,0,0,0,0
19850112,9300,9300,9300,9300,0,0,0,0,0.0,0,0,0,0,0,0,0
19850114,9090,9090,9090,9090,210,100,0,0,0.0,0,0,0,0,0,0,0
19850115,8820,9000,8820,9000,90,4020,0,0,0.0,0,0,0,0,0,0,0
19850116,9010,9050,9010,9050,50,90,0,0,0.0,0,0,0,0,0,0,0
19850117,9300,9500,9300,9500,450,40,0,0,0.0,0,0,0,0,0,0,0
19850118,9710,10000,9700,10000,500,4790,0,0,0.0,0,0,0,0,0,0,0
19850119,10360,10600,10300,10600,600,5110,0,0,0.0,0,0,0,0,0,0,0
19850121,10600,11000,10300,10300,300,4060,0,0,0.0,0,0,0,0,0,0,0
19850122,10300,10300,10100,10100,200,1240,0,0,0.0,0,0,0,0,0,0,0
19850123,9910,10090,9900,10050,50,1130,0,0,0.0,0,0,0,0,0,0,0
19850124,10110,10110,10110,10110,60,100,0,0,0.0,0,0,0,0,0,0,0
19850125,10110,10110,10110,10110,0,0,0,0,0.0,0,0,0,0,0,0,0
19850126,10100,10100,10100,10100,10,0,0,0,0.0,0,0,0,0,0,0,0
19850128,10000,10000,10000,10000,100,0,0,0,0.0,0,0,0,0,0,0,0
19850129,9800,9800,9800,9800,200,100,0,0,0.0,0,0,0,0,0,0,0
19850130,9700,9700,9700,9700,100,100,0,0,0.0,0,0,0,0,0,0,0
19850131,9800,9800,9600,9600,100,1750,0,0,0.0,0,0,0,0,0,0,0
19850201,9600,9700,9600,9700,100,1140,0,0,0.0,0,0,0,0,0,0,0
19850202,9750,9750,9750,9750,50,440,0,0,0.0,0,0,0,0,0,0,0
19850204,9750,9990,9750,9990,240,60,0,0,0.0,0,0,0,0,0,0,0
19850205,9800,9990,9800,9990,0,1160,0,0,0.0,0,0,0,0,0,0,0
19850206,10000,10000,10000,10000,10,100,0,0,0.0,0,0,0,0,0,0,0
19850207,10000,10000,10000,10000,0,650,0,0,0.0,0,0,0,0,0,0,0
19850208,10000,10000,10000,10000,0,310,0,0,0.0,0,0,0,0,0,0,0
19850209,10000,10000,10000,10000,0,1000,0,0,0.0,0,0,0,0,0,0,0
19850211,10000,10000,10000,10000,0,1310,0,0,0.0,0,0,0,0,0,0,0
19850213,10000,10000,10000,10000,0,0,0,0,0.0,0,0,0,0,0,0,0
19850214,9900,9900,9900,9900,100,0,0,0,0.0,0,0,0,0,0,0,0
19850215,9890,9900,9890,9900,0,1010,0,0,0.0,0,0,0,0,0,0,0
19850216,9910,9910,9910,9910,10,0,0,0,0.0,0,0,0,0,0,0,0
19850218,9910,9910,9910,9910,0,0,0,0,0.0,0,0,0,0,0,0,0
19850219,9910,9910,9910,9910,0,0,0,0,0.0,0,0,0,0,0,0,0
19850221,9910,9910,9910,9910,0,150,0,0,0.0,0,0,0,0,0,0,0
19850222,9900,9900,9900,9900,10,0,0,0,0.0,0,0,0,0,0,0,0
19850223,10000,10300,10000,10300,400,2440,0,0,0.0,0,0,0,0,0,0,0
19850225,10300,10300,10300,10300,0,740,0,0,0.0,0,0,0,0,0,0,0
19850226,10300,10300,10300,10300,0,2000,0,0,0.0,0,0,0,0,0,0,0
19850227,10300,10480,10300,10480,180,1640,0,0,0.0,0,0,0,0,0,0,0
19850228,10480,10580,10480,10580,100,1340,0,0,0.0,0,0,0,0,0,0,0
19850302,10580,10580,10580,10580,0,0,0,0,0.0,0,0,0,0,0,0,0
19850304,10500,10500,10500,10500,80,0,0,0,0.0,0,0,0,0,0,0,0
19850305,10500,10500,10500,10500,0,0,0,0,0.0,0,0,0,0,0,0,0
19850306,10480,10480,10480,10480,20,0,0,0,0.0,0,0,0,0,0,0,0
19850307,10450,10450,10450,10450,30,0,0,0,0.0,0,0,0,0,0,0,0
19850308,10450,10450,10450,10450,0,20,0,0,0.0,0,0,0,0,0,0,0
19850309,10400,10400,10400,10400,50,0,0,0,0.0,0,0,0,0,0,0,0
19850311,10300,10300,10300,10300,100,0,0,0,0.0,0,0,0,0,0,0,0
19850312,10300,10300,10300,10300,0,0,0,0,0.0,0,0,0,0,0,0,0
19850313,10300,10300,10300,10300,0,0,0,0,0.0,0,0,0,0,0,0,0
19850314,10290,10300,10290,10300,0,2750,0,0,0.0,0,0,0,0,0,0,0
19850315,10300,10300,10300,10300,0,1000,0,0,0.0,0,0,0,0,0,0,0
19850316,10300,10300,10300,10300,0,2000,0,0,0.0,0,0,0,0,0,0,0
19850318,10250,10250,10250,10250,50,0,0,0,0.0,0,0,0,0,0,0,0
19850319,10250,10250,10250,10250,0,460,0,0,0.0,0,0,0,0,0,0,0
19850320,10250,10250,10250,10250,0,0,0,0,0.0,0,0,0,0,0,0,0
19850321,10250,10300,10250,10300,50,980,0,0,0.0,0,0,0,0,0,0,0
19850322,10300,10300,10300,10300,0,1770,0,0,0.0,0,0,0,0,0,0,0
19850323,10330,10500,10330,10500,200,1770,0,0,0.0,0,0,0,0,0,0,0
19850325,10590,10700,10590,10700,200,1760,0,0,0.0,0,0,0,0,0,0,0
19850326,10750,10750,10700,10700,0,170,0,0,0.0,0,0,0,0,0,0,0
19850327,10610,10750,10600,10750,50,1530,0,0,0.0,0,0,0,0,0,0,0
19850328,10550,11400,10550,11400,650,930,0,0,0.0,0,0,0,0,0,0,0
19850329,10990,10990,10990,10990,410,0,0,0,0.0,0,0,0,0,0,0,0
19850330,11190,11300,11190,11300,310,6920,0,0,0.0,0,0,0,0,0,0,0
19850401,10800,10800,10790,10790,510,10190,0,0,0.0,0,0,0,0,0,0,0
19850402,10950,11000,10950,11000,210,1440,0,0,0.0,0,0,0,0,0,0,0
19850403,11000,11000,11000,11000,0,0,0,0,0.0,0,0,0,0,0,0,0
19850404,11000,11000,11000,11000,0,0,0,0,0.0,0,0,0,0,0,0,0
19850406,11190,11190,11190,11190,190,50,0,0,0.0,0,0,0,0,0,0,0
19850408,11090,11090,11090,11090,100,0,0,0,0.0,0,0,0,0,0,0,0
19850409,10500,10500,10410,10410,680,50,0,0,0.0,0,0,0,0,0,0,0
19850410,10420,10430,10420,10430,20,2310,0,0,0.0,0,0,0,0,0,0,0
19850411,10390,10390,10150,10150,280,780,0,0,0.0,0,0,0,0,0,0,0
19850412,10090,10100,10090,10100,50,390,0,0,0.0,0,0,0,0,0,0,0
19850413,10100,10100,10100,10100,0,0,0,0,0.0,0,0,0,0,0,0,0
19850415,10700,10700,10700,10700,600,20,0,0,0.0,0,0,0,0,0,0,0
19850416,10700,10700,10700,10700,0,0,0,0,0.0,0,0,0,0,0,0,0
19850417,10510,10630,10510,10630,70,1690,0,0,0.0,0,0,0,0,0,0,0
19850418,10600,10600,10600,10600,30,150,0,0,0.0,0,0,0,0,0,0,0
19850419,10650,10650,10650,10650,50,880,0,0,0.0,0,0,0,0,0,0,0
19850420,10650,10650,10650,10650,0,0,0,0,0.0,0,0,0,0,0,0,0
19850422,10650,10650,10650,10650,0,0,0,0,0.0,0,0,0,0,0,0,0
19850423,10680,10680,10450,10680,30,40,0,0,0.0,0,0,0,0,0,0,0
19850424,10460,10680,10460,10680,0,90,0,0,0.0,0,0,0,0,0,0,0
19850425,10680,10680,10680,10680,0,0,0,0,0.0,0,0,0,0,0,0,0
19850426,10680,10680,10680,10680,0,0,0,0,0.0,0,0,0,0,0,0,0
19850427,10680,10680,10680,10680,0,0,0,0,0.0,0,0,0,0,0,0,0
19850429,10460,10630,10460,10630,50,760,0,0,0.0,0,0,0,0,0,0,0
19850430,10600,10630,10600,10630,0,200,0,0,0.0,0,0,0,0,0,0,0
19850501,10460,10460,10460,10460,170,500,0,0,0.0,0,0,0,0,0,0,0
19850502,10460,10460,10100,10460,0,390,0,0,0.0,0,0,0,0,0,0,0
19850503,10460,10460,10460,10460,0,0,0,0,0.0,0,0,0,0,0,0,0
19850504,10460,10460,10460,10460,0,560,0,0,0.0,0,0,0,0,0,0,0
19850506,10350,10400,10350,10400,60,380,0,0,0.0,0,0,0,0,0,0,0
19850507,10400,10400,10400,10400,0,310,0,0,0.0,0,0,0,0,0,0,0
19850508,10850,10850,10850,10850,450,310,0,0,0.0,0,0,0,0,0,0,0
19850509,10400,10400,10400,10400,450,3850,0,0,0.0,0,0,0,0,0,0,0
19850510,10540,10600,10540,10590,190,7560,0,0,0.0,0,0,0,0,0,0,0
19850511,10590,10650,10590,10650,60,8430,0,0,0.0,0,0,0,0,0,0,0
19850513,10770,10900,10750,10900,250,10810,0,0,0.0,0,0,0,0,0,0,0
19850514,11000,11000,10890,10910,10,5230,0,0,0.0,0,0,0,0,0,0,0
19850515,10940,11000,10910,10940,30,7740,0,0,0.0,0,0,0,0,0,0,0
19850516,11020,11150,10950,11010,70,3310,0,0,0.0,0,0,0,0,0,0,0
19850517,11100,11500,10990,11500,490,1310,0,0,0.0,0,0,0,0,0,0,0
19850518,11100,11370,11100,11370,130,3570,0,0,0.0,0,0,0,0,0,0,0
19850520,11370,11370,11370,11370,0,30,0,0,0.0,0,0,0,0,0,0,0
19850521,11350,11400,11350,11400,30,5060,0,0,0.0,0,0,0,0,0,0,0
19850522,11410,11410,11410,11410,10,5120,0,0,0.0,0,0,0,0,0,0,0
19850523,11410,11410,11410,11410,0,0,0,0,0.0,0,0,0,0,0,0,0
19850524,11450,11450,11450,11450,40,10000,0,0,0.0,0,0,0,0,0,0,0
19850525,11450,11500,11450,11500,50,3920,0,0,0.0,0,0,0,0,0,0,0
19850528,11450,11600,11450,11600,100,5470,0,0,0.0,0,0,0,0,0,0,0
19850529,11660,11900,11660,11900,300,3610,0,0,0.0,0,0,0,0,0,0,0
19850530,12110,12110,12000,12000,100,4830,0,0,0.0,0,0,0,0,0,0,0
19850531,12100,12100,12100,12100,100,5000,0,0,0.0,0,0,0,0,0,0,0
19850601,11980,11980,11980,11980,120,5000,0,0,0.0,0,0,0,0,0,0,0
19850603,11970,12000,11970,12000,20,7330,0,0,0.0,0,0,0,0,0,0,0
19850604,12000,12000,12000,12000,0,5100,0,0,0.0,0,0,0,0,0,0,0
19850605,12100,12100,12000,12000,0,4110,0,0,0.0,0,0,0,0,0,0,0
19850607,12000,12000,12000,12000,0,5790,0,0,0.0,0,0,0,0,0,0,0
19850608,12000,12000,12000,12000,0,3650,0,0,0.0,0,0,0,0,0,0,0
19850610,11980,11980,11980,11980,20,0,0,0,0.0,0,0,0,0,0,0,0
19850611,12000,12000,11990,11990,10,700,0,0,0.0,0,0,0,0,0,0,0
19850612,12000,12000,11990,12000,10,7000,0,0,0.0,0,0,0,0,0,0,0
19850613,12000,12000,12000,12000,0,800,0,0,0.0,0,0,0,0,0,0,0
19850614,11900,11900,11900,11900,100,100,0,0,0.0,0,0,0,0,0,0,0
19850615,11900,11900,11900,11900,0,0,0,0,0.0,0,0,0,0,0,0,0
19850617,12000,12000,12000,12000,100,3000,0,0,0.0,0,0,0,0,0,0,0
19850618,12000,12000,12000,12000,0,2430,0,0,0.0,0,0,0,0,0,0,0
19850619,11990,11990,11990,11990,10,0,0,0,0.0,0,0,0,0,0,0,0
19850620,11980,11980,11980,11980,10,0,0,0,0.0,0,0,0,0,0,0,0
19850621,11880,11880,11880,11880,100,0,0,0,0.0,0,0,0,0,0,0,0
19850622,11870,11870,11870,11870,10,0,0,0,0.0,0,0,0,0,0,0,0
19850624,11740,11740,11740,11740,130,10,0,0,0.0,0,0,0,0,0,0,0
19850625,11690,11690,11690,11690,50,0,0,0,0.0,0,0,0,0,0,0,0
19850626,11640,11640,11640,11640,50,0,0,0,0.0,0,0,0,0,0,0,0
19850627,11640,11640,11640,11640,0,0,0,0,0.0,0,0,0,0,0,0,0
19850628,11640,11640,11640,11640,0,1180,0,0,0.0,0,0,0,0,0,0,0
19850629,12000,12000,12000,12000,360,3100,0,0,0.0,0,0,0,0,0,0,0
19850701,11950,11950,11950,11950,50,0,0,0,0.0,0,0,0,0,0,0,0
19850702,11900,11900,11900,11900,50,0,0,0,0.0,0,0,0,0,0,0,0
19850703,11850,11850,11850,11850,50,0,0,0,0.0,0,0,0,0,0,0,0
19850704,11850,11850,11850,11850,0,0,0,0,0.0,0,0,0,0,0,0,0
19850705,11400,11830,11400,11830,20,1250,0,0,0.0,0,0,0,0,0,0,0
19850706,11750,11750,11750,11750,80,2500,0,0,0.0,0,0,0,0,0,0,0
19850708,11700,11700,11700,11700,50,0,0,0,0.0,0,0,0,0,0,0,0
19850709,11400,11700,11400,11700,0,3010,0,0,0.0,0,0,0,0,0,0,0
19850710,11600,11600,11400,11400,300,3010,0,0,0.0,0,0,0,0,0,0,0
19850711,11400,11500,11400,11400,0,10400,0,0,0.0,0,0,0,0,0,0,0
19850712,11400,11500,11400,11500,100,4440,0,0,0.0,0,0,0,0,0,0,0
19850713,11400,11400,11400,11400,100,100,0,0,0.0,0,0,0,0,0,0,0
19850715,11400,11400,11400,11400,0,2950,0,0,0.0,0,0,0,0,0,0,0
19850716,11400,11400,11400,11400,0,420,0,0,0.0,0,0,0,0,0,0,0
19850718,11400,11900,11400,11900,500,710,0,0,0.0,0,0,0,0,0,0,0
19850719,11750,11750,11750,11750,150,120,0,0,0.0,0,0,0,0,0,0,0
19850720,11750,11750,11400,11400,350,3320,0,0,0.0,0,0,0,0,0,0,0
19850722,11400,11400,11390,11390,10,50,0,0,0.0,0,0,0,0,0,0,0
19850723,11300,11300,11300,11300,90,0,0,0,0.0,0,0,0,0,0,0,0
19850724,11300,11300,11300,11300,0,0,0,0,0.0,0,0,0,0,0,0,0
19850725,11300,11300,11300,11300,0,0,0,0,0.0,0,0,0,0,0,0,0
19850726,11100,11100,11100,11100,200,0,0,0,0.0,0,0,0,0,0,0,0
19850727,11100,11100,11100,11100,0,0,0,0,0.0,0,0,0,0,0,0,0
19850729,11000,11000,10900,10900,200,100,0,0,0.0,0,0,0,0,0,0,0
19850730,10900,10900,10900,10900,0,0,0,0,0.0,0,0,0,0,0,0,0
19850731,10900,10900,10900,10900,0,7400,0,0,0.0,0,0,0,0,0,0,0
19850801,10900,10900,10900,10900,0,3300,0,0,0.0,0,0,0,0,0,0,0
19850802,10900,10900,10900,10900,0,7660,0,0,0.0,0,0,0,0,0,0,0
19850803,10900,10900,10900,10900,0,2830,0,0,0.0,0,0,0,0,0,0,0
19850805,10900,10900,10890,10900,0,2270,0,0,0.0,0,0,0,0,0,0,0
19850806,10900,10900,10600,10900,0,240,0,0,0.0,0,0,0,0,0,0,0
19850807,10900,10900,10900,10900,0,0,0,0,0.0,0,0,0,0,0,0,0
19850808,10900,10900,10900,10900,0,0,0,0,0.0,0,0,0,0,0,0,0
19850809,10910,10910,10910,10910,10,30,0,0,0.0,0,0,0,0,0,0,0
19850810,10900,10900,10900,10900,10,40,0,0,0.0,0,0,0,0,0,0,0
19850812,10900,10900,10900,10900,0,8460,0,0,0.0,0,0,0,0,0,0,0
19850813,10910,10910,10910,10910,10,20,0,0,0.0,0,0,0,0,0,0,0
19850814,10800,10800,10800,10800,110,2000,0,0,0.0,0,0,0,0,0,0,0
19850816,10850,10850,10850,10850,50,2760,0,0,0.0,0,0,0,0,0,0,0
19850817,10850,10850,10850,10850,0,700,0,0,0.0,0,0,0,0,0,0,0
19850819,10500,10500,10500,10500,350,0,0,0,0.0,0,0,0,0,0,0,0
19850820,10500,10500,10500,10500,0,1540,0,0,0.0,0,0,0,0,0,0,0
19850821,10500,10600,10500,10600,100,370,0,0,0.0,0,0,0,0,0,0,0
19850822,10800,10800,10800,10800,200,2790,0,0,0.0,0,0,0,0,0,0,0
19850823,10780,10780,10780,10780,20,0,0,0,0.0,0,0,0,0,0,0,0
19850824,10780,10780,10780,10780,0,0,0,0,0.0,0,0,0,0,0,0,0
19850826,10780,10780,10780,10780,0,0,0,0,0.0,0,0,0,0,0,0,0
19850827,10750,10750,10750,10750,30,10,0,0,0.0,0,0,0,0,0,0,0
19850828,10730,10730,10730,10730,20,0,0,0,0.0,0,0,0,0,0,0,0
19850829,10720,10720,10720,10720,10,0,0,0,0.0,0,0,0,0,0,0,0
19850830,10700,10700,10700,10700,20,0,0,0,0.0,0,0,0,0,0,0,0
19850831,10700,10700,10700,10700,0,0,0,0,0.0,0,0,0,0,0,0,0
19850902,10700,10700,10700,10700,0,0,0,0,0.0,0,0,0,0,0,0,0
19850903,10700,10700,10700,10700,0,0,0,0,0.0,0,0,0,0,0,0,0
19850904,10700,10700,10700,10700,0,0,0,0,0.0,0,0,0,0,0,0,0
19850905,10700,10700,10700,10700,0,0,0,0,0.0,0,0,0,0,0,0,0
19850906,10500,10500,10500,10500,200,50,0,0,0.0,0,0,0,0,0,0,0
19850907,10500,10500,10500,10500,0,0,0,0,0.0,0,0,0,0,0,0,0
19850909,10500,10500,10500,10500,0,0,0,0,0.0,0,0,0,0,0,0,0
19850910,10500,10500,10500,10500,0,0,0,0,0.0,0,0,0,0,0,0,0
19850911,10500,10500,10500,10500,0,0,0,0,0.0,0,0,0,0,0,0,0
19850912,10400,10400,10400,10400,100,0,0,0,0.0,0,0,0,0,0,0,0
19850913,10400,10400,10400,10400,0,0,0,0,0.0,0,0,0,0,0,0,0
19850914,10390,10390,10390,10390,10,0,0,0,0.0,0,0,0,0,0,0,0
19850916,10390,10390,10390,10390,0,50,0,0,0.0,0,0,0,0,0,0,0
19850917,10400,10400,10400,10400,10,400,0,0,0.0,0,0,0,0,0,0,0
19850918,10350,10350,10350,10350,50,0,0,0,0.0,0,0,0,0,0,0,0
19850919,10300,10300,10300,10300,50,0,0,0,0.0,0,0,0,0,0,0,0
19850920,10290,10290,10290,10290,10,80,0,0,0.0,0,0,0,0,0,0,0
19850921,10200,10200,10200,10200,90,0,0,0,0.0,0,0,0,0,0,0,0
19850923,10190,10190,10190,10190,10,5000,0,0,0.0,0,0,0,0,0,0,0
19850924,10190,10190,10190,10190,0,5000,0,0,0.0,0,0,0,0,0,0,0
19850925,10000,10000,10000,10000,190,8000,0,0,0.0,0,0,0,0,0,0,0
19850926,9990,9990,9990,9990,10,5410,0,0,0.0,0,0,0,0,0,0,0
19850927,9790,10000,9760,10000,10,330,0,0,0.0,0,0,0,0,0,0,0
19850928,10000,10000,10000,10000,0,0,0,0,0.0,0,0,0,0,0,0,0
19850930,9900,9900,9900,9900,100,0,0,0,0.0,0,0,0,0,0,0,0
19851002,9900,9900,9900,9900,0,0,0,0,0.0,0,0,0,0,0,0,0
19851004,9600,9900,9600,9700,200,50750,0,0,0.0,0,0,0,0,0,0,0
19851005,9700,9700,9700,9700,0,6600,0,0,0.0,0,0,0,0,0,0,0
19851007,9600,9700,9600,9700,0,3080,0,0,0.0,0,0,0,0,0,0,0
19851008,9700,9700,9700,9700,0,320,0,0,0.0,0,0,0,0,0,0,0
19851010,9600,9600,9600,9600,100,6710,0,0,0.0,0,0,0,0,0,0,0
19851011,9500,9800,9400,9800,200,5820,0,0,0.0,0,0,0,0,0,0,0
19851012,9770,9770,9770,9770,30,0,0,0,0.0,0,0,0,0,0,0,0
19851014,9750,9750,9750,9750,20,0,0,0,0.0,0,0,0,0,0,0,0
19851015,9730,9730,9730,9730,20,0,0,0,0.0,0,0,0,0,0,0,0
19851016,9700,9700,9700,9700,30,0,0,0,0.0,0,0,0,0,0,0,0
19851017,9800,9800,9800,9800,100,12000,0,0,0.0,0,0,0,0,0,0,0
19851018,9700,10000,9700,10000,200,7040,0,0,0.0,0,0,0,0,0,0,0
19851019,9900,9900,9900,9900,100,0,0,0,0.0,0,0,0,0,0,0,0
19851021,9900,9900,9900,9900,0,0,0,0,0.0,0,0,0,0,0,0,0
19851022,9800,9800,9800,9800,100,5000,0,0,0.0,0,0,0,0,0,0,0
19851023,9800,9800,9800,9800,0,4000,0,0,0.0,0,0,0,0,0,0,0
19851024,9800,9800,9800,9800,0,3000,0,0,0.0,0,0,0,0,0,0,0
19851025,9800,9800,9800,9800,0,4600,0,0,0.0,0,0,0,0,0,0,0
19851026,9700,9700,9700,9700,100,10,0,0,0.0,0,0,0,0,0,0,0
19851028,9700,9700,9700,9700,0,0,0,0,0.0,0,0,0,0,0,0,0
19851029,9700,9700,9700,9700,0,4330,0,0,0.0,0,0,0,0,0,0,0
19851030,9600,9600,9600,9600,100,0,0,0,0.0,0,0,0,0,0,0,0
19851031,9600,9600,9600,9600,0,0,0,0,0.0,0,0,0,0,0,0,0
19851101,9400,9400,9400,9400,200,0,0,0,0.0,0,0,0,0,0,0,0
19851102,9300,9300,9300,9300,100,0,0,0,0.0,0,0,0,0,0,0,0
19851104,9290,9290,9290,9290,10,0,0,0,0.0,0,0,0,0,0,0,0
19851105,9300,9300,9300,9300,10,10,0,0,0.0,0,0,0,0,0,0,0
19851106,9290,9290,9290,9290,10,370,0,0,0.0,0,0,0,0,0,0,0
19851107,9400,9400,9400,9400,110,4120,0,0,0.0,0,0,0,0,0,0,0
19851108,9400,9400,9400,9400,0,0,0,0,0.0,0,0,0,0,0,0,0
19851109,9400,9400,9400,9400,0,0,0,0,0.0,0,0,0,0,0,0,0
19851111,9290,9290,9290,9290,110,9650,0,0,0.0,0,0,0,0,0,0,0
19851112,9200,9200,9200,9200,90,0,0,0,0.0,0,0,0,0,0,0,0
19851113,9200,9200,9200,9200,0,200,0,0,0.0,0,0,0,0,0,0,0
19851114,9200,9200,9200,9200,0,0,0,0,0.0,0,0,0,0,0,0,0
19851115,9200,9200,9200,9200,0,0,0,0,0.0,0,0,0,0,0,0,0
19851116,9180,9180,9180,9180,20,0,0,0,0.0,0,0,0,0,0,0,0
19851118,9180,9180,9180,9180,0,0,0,0,0.0,0,0,0,0,0,0,0
19851119,9100,9100,9100,9100,80,0,0,0,0.0,0,0,0,0,0,0,0
19851120,9100,9100,9100,9100,0,0,0,0,0.0,0,0,0,0,0,0,0
19851121,9080,9080,9080,9080,20,0,0,0,0.0,0,0,0,0,0,0,0
19851122,9080,9080,9080,9080,0,0,0,0,0.0,0,0,0,0,0,0,0
19851123,9040,9040,9040,9040,40,0,0,0,0.0,0,0,0,0,0,0,0
19851125,9010,9010,9010,9010,30,0,0,0,0.0,0,0,0,0,0,0,0
19851126,9100,9100,9100,9100,90,2490,0,0,0.0,0,0,0,0,0,0,0
19851127,9100,9100,9100,9100,0,960,0,0,0.0,0,0,0,0,0,0,0
19851128,9100,9100,9100,9100,0,0,0,0,0.0,0,0,0,0,0,0,0
19851129,9100,9100,9100,9100,0,300,0,0,0.0,0,0,0,0,0,0,0
19851130,9100,9100,9100,9100,0,0,0,0,0.0,0,0,0,0,0,0,0
19851202,9100,9100,9100,9100,0,100,0,0,0.0,0,0,0,0,0,0,0
19851203,9100,9110,9100,9110,10,200,0,0,0.0,0,0,0,0,0,0,0
19851204,9200,9200,9200,9200,90,2700,0,0,0.0,0,0,0,0,0,0,0
19851205,9200,9200,9200,9200,0,30,0,0,0.0,0,0,0,0,0,0,0
19851206,9200,9200,9200,9200,0,0,0,0,0.0,0,0,0,0,0,0,0
19851207,9210,9210,9210,9210,10,0,0,0,0.0,0,0,0,0,0,0,0
19851209,9210,9210,9210,9210,0,0,0,0,0.0,0,0,0,0,0,0,0
19851210,9210,9210,9210,9210,0,0,0,0,0.0,0,0,0,0,0,0,0
19851211,9210,9210,9210,9210,0,0,0,0,0.0,0,0,0,0,0,0,0
19851212,9100,9200,9100,9200,10,250,0,0,0.0,0,0,0,0,0,0,0
19851213,9100,9100,9100,9100,100,30,0,0,0.0,0,0,0,0,0,0,0
19851214,9100,9100,9100,9100,0,1420,0,0,0.0,0,0,0,0,0,0,0
19851216,9100,9100,9100,9100,0,0,0,0,0.0,0,0,0,0,0,0,0
19851217,9120,9120,9120,9120,20,0,0,0,0.0,0,0,0,0,0,0,0
19851218,9210,9210,9210,9210,90,0,0,0,0.0,0,0,0,0,0,0,0
19851219,9260,9260,9260,9260,50,0,0,0,0.0,0,0,0,0,0,0,0
19851220,9310,9310,9310,9310,50,0,0,0,0.0,0,0,0,0,0,0,0
19851221,9300,9300,9300,9300,10,0,0,0,0.0,0,0,0,0,0,0,0
19851223,9300,9400,9300,9400,100,540,0,0,0.0,0,0,0,0,0,0,0
19851224,9500,9500,9500,9500,100,400,0,0,0.0,0,0,0,0,0,0,0
19851226,9500,9600,9500,9600,100,40,0,0,0.0,0,0,0,0,0,0,0
19860104,9200,9200,9200,9200,400,10,0,0,0.0,0,0,0,0,0,0,0
19860106,9100,9100,9100,9100,100,110,0,0,0.0,0,0,0,0,0,0,0
19860107,9400,9400,9200,9200,100,580,0,0,0.0,0,0,0,0,0,0,0
19860108,9210,9400,9100,9400,200,3120,0,0,0.0,0,0,0,0,0,0,0
19860109,9460,9460,9460,9460,60,100,0,0,0.0,0,0,0,0,0,0,0
19860110,9600,9600,9480,9480,20,630,0,0,0.0,0,0,0,0,0,0,0
19860111,9460,9460,9460,9460,20,20,0,0,0.0,0,0,0,0,0,0,0
19860113,9460,9700,9460,9700,240,420,0,0,0.0,0,0,0,0,0,0,0
19860114,9700,9700,9700,9700,0,300,0,0,0.0,0,0,0,0,0,0,0
19860115,9680,9680,9680,9680,20,0,0,0,0.0,0,0,0,0,0,0,0
19860116,9680,9680,9680,9680,0,0,0,0,0.0,0,0,0,0,0,0,0
19860117,9680,9680,9680,9680,0,0,0,0,0.0,0,0,0,0,0,0,0
19860118,9680,9700,9680,9700,20,450,0,0,0.0,0,0,0,0,0,0,0
19860120,9720,9720,9720,9720,20,260,0,0,0.0,0,0,0,0,0,0,0
19860121,9720,9720,9720,9720,0,3360,0,0,0.0,0,0,0,0,0,0,0
19860122,9600,9600,9600,9600,120,0,0,0,0.0,0,0,0,0,0,0,0
19860123,9600,9600,9590,9590,10,260,0,0,0.0,0,0,0,0,0,0,0
19860124,9510,9510,9500,9500,90,200,0,0,0.0,0,0,0,0,0,0,0
19860125,9500,9500,9500,9500,0,600,0,0,0.0,0,0,0,0,0,0,0
19860127,9460,9460,9460,9460,40,30,0,0,0.0,0,0,0,0,0,0,0
19860128,9500,9500,9470,9500,40,1420,0,0,0.0,0,0,0,0,0,0,0
19860129,9600,9600,9550,9550,50,1950,0,0,0.0,0,0,0,0,0,0,0
19860130,9520,9520,9520,9520,30,3630,0,0,0.0,0,0,0,0,0,0,0
19860131,9600,9700,9550,9700,180,1710,0,0,0.0,0,0,0,0,0,0,0
19860201,10200,10200,10200,10200,500,6640,0,0,0.0,0,0,0,0,0,0,0
19860203,10510,10550,10400,10410,210,3720,0,0,0.0,0,0,0,0,0,0,0
19860204,10500,10500,10300,10400,10,3150,0,0,0.0,0,0,0,0,0,0,0
19860205,10200,10350,10200,10350,50,3080,0,0,0.0,0,0,0,0,0,0,0
19860206,10210,10300,10210,10300,50,1630,0,0,0.0,0,0,0,0,0,0,0
19860207,10250,10250,10250,10250,50,180,0,0,0.0,0,0,0,0,0,0,0
19860208,10250,10250,10250,10250,0,0,0,0,0.0,0,0,0,0,0,0,0
19860210,10250,10260,10250,10250,0,950,0,0,0.0,0,0,0,0,0,0,0
19860211,10250,10250,10070,10150,100,420,0,0,0.0,0,0,0,0,0,0,0
19860212,10150,10150,10150,10150,0,300,0,0,0.0,0,0,0,0,0,0,0
19860213,10200,10200,10100,10200,50,1110,0,0,0.0,0,0,0,0,0,0,0
19860214,10180,10180,10130,10130,70,1990,0,0,0.0,0,0,0,0,0,0,0
19860215,10130,10130,10130,10130,0,0,0,0,0.0,0,0,0,0,0,0,0
19860217,10280,10280,10130,10130,0,770,0,0,0.0,0,0,0,0,0,0,0
19860218,10130,10130,10100,10130,0,6160,0,0,0.0,0,0,0,0,0,0,0
19860219,10150,10300,10150,10250,120,14950,0,0,0.0,0,0,0,0,0,0,0
19860220,10300,10400,10300,10390,140,15530,0,0,0.0,0,0,0,0,0,0,0
19860221,10400,10500,10350,10500,110,13000,0,0,0.0,0,0,0,0,0,0,0
19860222,10520,11110,10520,10610,110,20380,0,0,0.0,0,0,0,0,0,0,0
19860224,10900,11310,10890,11310,700,15600,0,0,0.0,0,0,0,0,0,0,0
19860225,11610,12000,11600,11840,530,22370,0,0,0.0,0,0,0,0,0,0,0
19860226,11780,11780,11400,11500,340,7540,0,0,0.0,0,0,0,0,0,0,0
19860227,11400,11400,11100,11100,400,2150,0,0,0.0,0,0,0,0,0,0,0
19860228,11220,11450,11220,11410,310,9580,0,0,0.0,0,0,0,0,0,0,0
19860303,11530,11650,11530,11590,180,3120,0,0,0.0,0,0,0,0,0,0,0
19860304,11600,11600,11420,11590,0,10220,0,0,0.0,0,0,0,0,0,0,0
19860305,11590,11590,11440,11440,150,2230,0,0,0.0,0,0,0,0,0,0,0
19860306,11400,11500,11400,11440,0,6010,0,0,0.0,0,0,0,0,0,0,0
19860307,11400,11400,11350,11400,40,1340,0,0,0.0,0,0,0,0,0,0,0
19860308,10700,11200,10700,11200,200,600,0,0,0.0,0,0,0,0,0,0,0
19860311,11000,11000,10900,11000,200,2210,0,0,0.0,0,0,0,0,0,0,0
19860312,11000,11000,10800,10820,180,4700,0,0,0.0,0,0,0,0,0,0,0
19860313,10790,10800,10710,10790,30,1500,0,0,0.0,0,0,0,0,0,0,0
19860314,10790,10800,10790,10800,10,1020,0,0,0.0,0,0,0,0,0,0,0
19860315,11000,11000,11000,11000,200,30,0,0,0.0,0,0,0,0,0,0,0
19860317,11000,11000,11000,11000,0,300,0,0,0.0,0,0,0,0,0,0,0
19860318,11000,11000,10800,10800,200,1340,0,0,0.0,0,0,0,0,0,0,0
19860319,10800,10800,10800,10800,0,1700,0,0,0.0,0,0,0,0,0,0,0
19860320,11000,11480,11000,11480,680,11650,0,0,0.0,0,0,0,0,0,0,0
19860321,11800,12180,11600,12180,700,10360,0,0,0.0,0,0,0,0,0,0,0
19860322,12340,12700,12300,12600,420,15190,0,0,0.0,0,0,0,0,0,0,0
19860324,12610,12700,12440,12440,160,7230,0,0,0.0,0,0,0,0,0,0,0
19860325,12600,12600,12200,12400,40,8900,0,0,0.0,0,0,0,0,0,0,0
19860326,12290,12290,12000,12000,400,2900,0,0,0.0,0,0,0,0,0,0,0
19860327,12000,12100,12000,12000,0,6210,0,0,0.0,0,0,0,0,0,0,0
19860328,12100,12100,12000,12000,0,1750,0,0,0.0,0,0,0,0,0,0,0
19860329,12000,12000,12000,12000,0,550,0,0,0.0,0,0,0,0,0,0,0
19860331,12100,12100,11950,12000,0,2020,0,0,0.0,0,0,0,0,0,0,0
19860401,12100,12100,12000,12090,90,6790,0,0,0.0,0,0,0,0,0,0,0
19860402,12100,12100,12000,12100,10,5880,0,0,0.0,0,0,0,0,0,0,0
19860403,12420,12800,12320,12650,550,21500,0,0,0.0,0,0,0,0,0,0,0
19860404,12810,13350,12750,13350,700,17860,0,0,0.0,0,0,0,0,0,0,0
19860407,13840,13840,13100,13390,40,5450,0,0,0.0,0,0,0,0,0,0,0
19860408,13400,13450,13290,13300,90,13730,0,0,0.0,0,0,0,0,0,0,0
19860409,13200,13500,13100,13390,90,18480,0,0,0.0,0,0,0,0,0,0,0
19860410,13500,13600,13250,13250,140,12210,0,0,0.0,0,0,0,0,0,0,0
19860411,13400,13450,13300,13400,150,8510,0,0,0.0,0,0,0,0,0,0,0
19860412,13500,13550,13400,13400,0,6610,0,0,0.0,0,0,0,0,0,0,0
19860414,12990,13400,12990,13400,0,5840,0,0,0.0,0,0,0,0,0,0,0
19860415,13510,14100,13510,14100,700,21760,0,0,0.0,0,0,0,0,0,0,0
19860416,14490,14700,14300,14500,400,25160,0,0,0.0,0,0,0,0,0,0,0
19860417,13800,14300,13800,14200,300,10460,0,0,0.0,0,0,0,0,0,0,0
19860418,14210,14400,14000,14200,0,11060,0,0,0.0,0,0,0,0,0,0,0
19860419,13700,14000,13700,14000,200,4930,0,0,0.0,0,0,0,0,0,0,0
19860421,13700,13990,13700,13800,200,5160,0,0,0.0,0,0,0,0,0,0,0
19860422,13700,13700,13510,13510,290,6210,0,0,0.0,0,0,0,0,0,0,0
19860423,13600,13600,13010,13010,500,1440,0,0,0.0,0,0,0,0,0,0,0
19860424,12330,12500,12330,12330,680,800,0,0,0.0,0,0,0,0,0,0,0
19860425,12300,12300,12100,12200,130,580,0,0,0.0,0,0,0,0,0,0,0
19860426,12190,12610,12190,12600,400,820,0,0,0.0,0,0,0,0,0,0,0
19860428,13200,13200,12710,13200,600,790,0,0,0.0,0,0,0,0,0,0,0
19860429,13000,13100,12900,12900,300,3940,0,0,0.0,0,0,0,0,0,0,0
19860430,12900,13200,12900,13190,290,4270,0,0,0.0,0,0,0,0,0,0,0
19860501,13400,13400,13350,13350,160,800,0,0,0.0,0,0,0,0,0,0,0
19860502,13400,13600,13400,13600,250,4040,0,0,0.0,0,0,0,0,0,0,0
19860503,13600,13600,13300,13450,150,440,0,0,0.0,0,0,0,0,0,0,0
19860506,13650,13650,13650,13650,200,2190,0,0,0.0,0,0,0,0,0,0,0
19860507,13650,13650,13600,13600,50,2130,0,0,0.0,0,0,0,0,0,0,0
19860508,13500,13600,13500,13600,0,5120,0,0,0.0,0,0,0,0,0,0,0
19860509,13400,13400,13400,13400,200,5150,0,0,0.0,0,0,0,0,0,0,0
19860510,13390,13390,13390,13390,10,0,0,0,0.0,0,0,0,0,0,0,0
19860512,13400,13400,13400,13400,10,4330,0,0,0.0,0,0,0,0,0,0,0
19860513,13300,13300,13300,13300,100,0,0,0,0.0,0,0,0,0,0,0,0
19860514,13200,13200,13200,13200,100,370,0,0,0.0,0,0,0,0,0,0,0
19860515,13050,13200,13050,13200,0,1690,0,0,0.0,0,0,0,0,0,0,0
19860517,13190,13190,13190,13190,10,0,0,0,0.0,0,0,0,0,0,0,0
19860519,13200,13300,13200,13200,10,1270,0,0,0.0,0,0,0,0,0,0,0
19860520,13200,13200,13200,13200,0,850,0,0,0.0,0,0,0,0,0,0,0
19860521,13210,13450,13210,13450,250,4210,0,0,0.0,0,0,0,0,0,0,0
19860522,13500,13550,13490,13500,50,1830,0,0,0.0,0,0,0,0,0,0,0
19860523,13500,14000,13300,13300,200,5230,0,0,0.0,0,0,0,0,0,0,0
19860524,13250,13400,13250,13400,100,980,0,0,0.0,0,0,0,0,0,0,0
19860526,13700,13700,13400,13400,0,1020,0,0,0.0,0,0,0,0,0,0,0
19860527,13300,13600,13300,13600,200,2220,0,0,0.0,0,0,0,0,0,0,0
19860528,13600,13600,13320,13320,280,720,0,0,0.0,0,0,0,0,0,0,0
19860529,13340,13340,13340,13340,20,300,0,0,0.0,0,0,0,0,0,0,0
19860530,13390,13500,13380,13500,160,4420,0,0,0.0,0,0,0,0,0,0,0
19860531,13650,14180,13650,14100,600,4000,0,0,0.0,0,0,0,0,0,0,0
19860602,13990,14300,13950,14300,200,6400,0,0,0.0,0,0,0,0,0,0,0
19860603,14310,14320,14000,14290,10,8520,0,0,0.0,0,0,0,0,0,0,0
19860604,14200,14300,14000,14000,290,4010,0,0,0.0,0,0,0,0,0,0,0
19860605,14300,14300,14000,14250,250,6820,0,0,0.0,0,0,0,0,0,0,0
19860607,14250,14300,14240,14250,0,3200,0,0,0.0,0,0,0,0,0,0,0
19860609,14100,14100,14100,14100,150,1300,0,0,0.0,0,0,0,0,0,0,0
19860610,14000,14200,14000,14200,100,2390,0,0,0.0,0,0,0,0,0,0,0
19860611,14290,14360,14250,14360,160,5820,0,0,0.0,0,0,0,0,0,0,0
19860612,14500,14650,14500,14650,290,3610,0,0,0.0,0,0,0,0,0,0,0
19860613,14650,14650,14650,14650,0,2020,0,0,0.0,0,0,0,0,0,0,0
19860614,14600,14600,14600,14600,50,0,0,0,0.0,0,0,0,0,0,0,0
19860616,14400,14400,14400,14400,200,0,0,0,0.0,0,0,0,0,0,0,0
19860617,14300,14390,14280,14390,10,17230,0,0,0.0,0,0,0,0,0,0,0
19860618,14300,14300,14300,14300,90,400,0,0,0.0,0,0,0,0,0,0,0
19860619,14190,14450,14190,14300,0,7040,0,0,0.0,0,0,0,0,0,0,0
19860620,14300,14600,14300,14600,300,9570,0,0,0.0,0,0,0,0,0,0,0
19860621,14700,15100,14600,15100,500,5160,0,0,0.0,0,0,0,0,0,0,0
19860623,15110,15400,15000,15300,200,8000,0,0,0.0,0,0,0,0,0,0,0
19860624,15500,15500,15300,15300,0,3500,0,0,0.0,0,0,0,0,0,0,0
19860625,15100,15490,15100,15490,190,8000,0,0,0.0,0,0,0,0,0,0,0
19860626,15300,15300,15200,15200,290,4600,0,0,0.0,0,0,0,0,0,0,0
19860627,14900,15000,14900,15000,200,5000,0,0,0.0,0,0,0,0,0,0,0
19860628,14890,14890,14890,14890,110,0,0,0,0.0,0,0,0,0,0,0,0
19860630,14700,14700,14700,14700,190,0,0,0,0.0,0,0,0,0,0,0,0
19860701,14700,14700,14700,14700,0,0,0,0,0.0,0,0,0,0,0,0,0
19860702,14500,14550,14500,14550,150,250,0,0,0.0,0,0,0,0,0,0,0
19860703,14200,14300,14200,14200,350,480,0,0,0.0,0,0,0,0,0,0,0
19860704,14100,14100,14100,14100,100,0,0,0,0.0,0,0,0,0,0,0,0
19860705,13990,13990,13990,13990,110,980,0,0,0.0,0,0,0,0,0,0,0
19860707,14100,14100,13980,13980,10,130,0,0,0.0,0,0,0,0,0,0,0
19860708,13900,13900,13800,13800,180,470,0,0,0.0,0,0,0,0,0,0,0
19860709,13800,13900,13800,13800,0,1950,0,0,0.0,0,0,0,0,0,0,0
19860710,13800,13800,13750,13750,50,210,0,0,0.0,0,0,0,0,0,0,0
19860711,13750,13750,13750,13750,0,890,0,0,0.0,0,0,0,0,0,0,0
19860712,13750,13750,13750,13750,0,0,0,0,0.0,0,0,0,0,0,0,0
19860714,13990,13990,13750,13750,0,110,0,0,0.0,0,0,0,0,0,0,0
19860715,13750,13750,13750,13750,0,0,0,0,0.0,0,0,0,0,0,0,0
19860716,13750,13750,13750,13750,0,3000,0,0,0.0,0,0,0,0,0,0,0
19860718,14000,14000,14000,14000,250,5000,0,0,0.0,0,0,0,0,0,0,0
19860719,14000,14000,14000,14000,0,0,0,0,0.0,0,0,0,0,0,0,0
19860721,13950,13950,13950,13950,50,0,0,0,0.0,0,0,0,0,0,0,0
19860722,13950,13950,13950,13950,0,0,0,0,0.0,0,0,0,0,0,0,0
19860723,13950,13950,13950,13950,0,150,0,0,0.0,0,0,0,0,0,0,0
19860724,13940,13940,13900,13900,50,1230,0,0,0.0,0,0,0,0,0,0,0
19860725,13850,13850,13850,13850,50,100,0,0,0.0,0,0,0,0,0,0,0
19860726,13800,13800,13800,13800,50,290,0,0,0.0,0,0,0,0,0,0,0
19860728,13900,14010,13900,14010,210,450,0,0,0.0,0,0,0,0,0,0,0
19860729,14200,14200,14100,14200,190,420,0,0,0.0,0,0,0,0,0,0,0
19860730,14300,14410,14050,14410,210,1970,0,0,0.0,0,0,0,0,0,0,0
19860731,14200,14900,14200,14850,440,4480,0,0,0.0,0,0,0,0,0,0,0
19860801,14890,14890,14580,14580,270,80,0,0,0.0,0,0,0,0,0,0,0
19860802,14000,14000,14000,14000,580,300,0,0,0.0,0,0,0,0,0,0,0
19860804,14050,14050,13990,13990,10,510,0,0,0.0,0,0,0,0,0,0,0
19860805,14000,14510,14000,14510,520,2420,0,0,0.0,0,0,0,0,0,0,0
19860806,14500,14500,14050,14050,460,1680,0,0,0.0,0,0,0,0,0,0,0
19860807,14500,14500,14100,14100,50,1500,0,0,0.0,0,0,0,0,0,0,0
19860808,14100,14200,14100,14200,100,350,0,0,0.0,0,0,0,0,0,0,0
19860809,14300,14400,14300,14400,200,140,0,0,0.0,0,0,0,0,0,0,0
19860811,14410,14500,14400,14400,0,930,0,0,0.0,0,0,0,0,0,0,0
19860812,14400,14400,14400,14400,0,0,0,0,0.0,0,0,0,0,0,0,0
19860813,14110,14110,14110,14110,290,190,0,0,0.0,0,0,0,0,0,0,0
19860814,14110,14110,14110,14110,0,320,0,0,0.0,0,0,0,0,0,0,0
19860816,14200,14210,14200,14200,90,1000,0,0,0.0,0,0,0,0,0,0,0
19860818,14200,14200,14100,14100,100,420,0,0,0.0,0,0,0,0,0,0,0
19860819,14100,14100,14100,14100,0,0,0,0,0.0,0,0,0,0,0,0,0
19860820,14000,14000,13900,13900,200,760,0,0,0.0,0,0,0,0,0,0,0
19860821,13900,13900,13700,13700,200,570,0,0,0.0,0,0,0,0,0,0,0
19860822,13800,13800,13800,13800,100,480,0,0,0.0,0,0,0,0,0,0,0
19860823,13810,13850,13810,13810,10,750,0,0,0.0,0,0,0,0,0,0,0
19860825,13810,13810,13810,13810,0,0,0,0,0.0,0,0,0,0,0,0,0
19860826,13810,13810,13810,13810,0,0,0,0,0.0,0,0,0,0,0,0,0
19860827,13810,14200,13810,14200,390,160,0,0,0.0,0,0,0,0,0,0,0
19860828,14200,14200,14200,14200,0,0,0,0,0.0,0,0,0,0,0,0,0
19860829,14000,14000,14000,14000,200,0,0,0,0.0,0,0,0,0,0,0,0
19860830,14000,14000,14000,14000,0,0,0,0,0.0,0,0,0,0,0,0,0
19860901,14000,14000,14000,14000,0,0,0,0,0.0,0,0,0,0,0,0,0
19860902,14000,14000,14000,14000,0,0,0,0,0.0,0,0,0,0,0,0,0
19860903,14400,14400,14400,14400,400,10,0,0,0.0,0,0,0,0,0,0,0
19860904,13900,13900,13900,13900,500,0,0,0,0.0,0,0,0,0,0,0,0
19860905,13900,13900,13900,13900,0,0,0,0,0.0,0,0,0,0,0,0,0
19860906,13890,13890,13890,13890,10,0,0,0,0.0,0,0,0,0,0,0,0
19860908,13880,13880,13880,13880,10,0,0,0,0.0,0,0,0,0,0,0,0
19860909,13600,13600,13600,13600,280,200,0,0,0.0,0,0,0,0,0,0,0
19860910,13590,13590,13590,13590,10,0,0,0,0.0,0,0,0,0,0,0,0
19860911,13500,13500,13500,13500,90,2980,0,0,0.0,0,0,0,0,0,0,0
19860912,13400,13400,13000,13000,500,1410,0,0,0.0,0,0,0,0,0,0,0
19860913,13000,13000,13000,13000,0,400,0,0,0.0,0,0,0,0,0,0,0
19860915,13000,13000,13000,13000,0,100,0,0,0.0,0,0,0,0,0,0,0
19860916,12990,12990,12990,12990,10,0,0,0,0.0,0,0,0,0,0,0,0
19860917,13000,13000,13000,13000,10,100,0,0,0.0,0,0,0,0,0,0,0
19860920,13000,13000,13000,13000,0,50,0,0,0.0,0,0,0,0,0,0,0
19860922,12970,12970,12970,12970,30,10000,0,0,0.0,0,0,0,0,0,0,0
19860923,12900,12900,12900,12900,70,500,0,0,0.0,0,0,0,0,0,0,0
19860924,12500,12500,12210,12210,690,110,0,0,0.0,0,0,0,0,0,0,0
19860925,12100,12100,12100,12100,110,50,0,0,0.0,0,0,0,0,0,0,0
19860926,12100,12100,12100,12100,0,0,0,0,0.0,0,0,0,0,0,0,0
19860927,12100,12100,12100,12100,0,0,0,0,0.0,0,0,0,0,0,0,0
19860929,11980,11980,11980,11980,120,0,0,0,0.0,0,0,0,0,0,0,0
19860930,11950,12500,11950,12500,520,3180,0,0,0.0,0,0,0,0,0,0,0
19861002,12500,12500,12500,12500,0,860,0,0,0.0,0,0,0,0,0,0,0
19861004,12500,12500,12500,12500,0,0,0,0,0.0,0,0,0,0,0,0,0
19861006,12500,12500,12500,12500,0,0,0,0,0.0,0,0,0,0,0,0,0
19861007,12500,12500,12500,12500,0,0,0,0,0.0,0,0,0,0,0,0,0
19861008,12500,12500,12500,12500,0,0,0,0,0.0,0,0,0,0,0,0,0
19861010,12500,12500,12500,12500,0,0,0,0,0.0,0,0,0,0,0,0,0
19861011,12200,12200,12200,12200,300,0,0,0,0.0,0,0,0,0,0,0,0
19861013,12200,12200,12200,12200,0,0,0,0,0.0,0,0,0,0,0,0,0
19861014,12200,12200,12200,12200,0,0,0,0,0.0,0,0,0,0,0,0,0
19861015,12000,12000,12000,12000,200,0,0,0,0.0,0,0,0,0,0,0,0
19861016,12010,12010,12010,12010,10,10,0,0,0.0,0,0,0,0,0,0,0
19861017,11980,11980,11980,11980,30,0,0,0,0.0,0,0,0,0,0,0,0
19861018,11900,11900,11900,11900,80,0,0,0,0.0,0,0,0,0,0,0,0
19861020,11800,11850,11700,11850,50,21360,0,0,0.0,0,0,0,0,0,0,0
19861021,11850,11850,11850,11850,0,2300,0,0,0.0,0,0,0,0,0,0,0
19861022,12400,12400,12300,12400,550,1970,0,0,0.0,0,0,0,0,0,0,0
19861023,12400,12500,12250,12300,100,6100,0,0,0.0,0,0,0,0,0,0,0
19861024,11900,11900,11900,11900,400,0,0,0,0.0,0,0,0,0,0,0,0
19861025,11700,12500,11700,12500,600,1000,0,0,0.0,0,0,0,0,0,0,0
19861027,12400,12500,12400,12500,0,5000,0,0,0.0,0,0,0,0,0,0,0
19861028,12290,12290,12290,12290,210,0,0,0,0.0,0,0,0,0,0,0,0
19861029,12300,12300,12300,12300,10,100,0,0,0.0,0,0,0,0,0,0,0
19861030,12250,12250,12250,12250,50,0,0,0,0.0,0,0,0,0,0,0,0
19861031,12250,12250,12250,12250,0,0,0,0,0.0,0,0,0,0,0,0,0
19861101,12230,12230,12230,12230,20,0,0,0,0.0,0,0,0,0,0,0,0
19861103,12200,12200,12200,12200,30,0,0,0,0.0,0,0,0,0,0,0,0
19861104,12200,12200,12200,12200,0,0,0,0,0.0,0,0,0,0,0,0,0
19861105,11600,12200,11600,12200,0,60,0,0,0.0,0,0,0,0,0,0,0
19861106,12200,12200,12200,12200,0,0,0,0,0.0,0,0,0,0,0,0,0
19861107,12200,12200,12200,12200,0,0,0,0,0.0,0,0,0,0,0,0,0
19861108,12200,12200,12200,12200,0,0,0,0,0.0,0,0,0,0,0,0,0
19861110,12190,12190,12190,12190,10,0,0,0,0.0,0,0,0,0,0,0,0
19861111,12110,12110,12110,12110,80,0,0,0,0.0,0,0,0,0,0,0,0
19861112,12100,12100,12100,12100,10,0,0,0,0.0,0,0,0,0,0,0,0
19861113,12040,12040,12040,12040,60,0,0,0,0.0,0,0,0,0,0,0,0
19861114,12030,12030,12030,12030,10,0,0,0,0.0,0,0,0,0,0,0,0
19861115,12030,12030,12030,12030,0,0,0,0,0.0,0,0,0,0,0,0,0
19861117,11800,12100,11800,12100,70,1000,0,0,0.0,0,0,0,0,0,0,0
19861118,12000,12000,12000,12000,100,20020,0,0,0.0,0,0,0,0,0,0,0
19861119,11950,11950,11950,11950,50,10560,0,0,0.0,0,0,0,0,0,0,0
19861120,12000,12000,11980,11980,30,26100,0,0,0.0,0,0,0,0,0,0,0
19861121,12100,12310,12000,12270,290,21280,0,0,0.0,0,0,0,0,0,0,0
19861122,12450,12500,12370,12440,170,8140,0,0,0.0,0,0,0,0,0,0,0
19861124,12520,12520,12300,12330,110,4160,0,0,0.0,0,0,0,0,0,0,0
19861125,12200,12200,12030,12030,300,680,0,0,0.0,0,0,0,0,0,0,0
19861126,12010,12010,12010,12010,20,500,0,0,0.0,0,0,0,0,0,0,0
19861127,11890,11890,11890,11890,120,480,0,0,0.0,0,0,0,0,0,0,0
19861128,11890,11890,11890,11890,0,30,0,0,0.0,0,0,0,0,0,0,0
19861129,11980,11980,11890,11890,0,100,0,0,0.0,0,0,0,0,0,0,0
19861201,11890,11890,11680,11680,210,9850,0,0,0.0,0,0,0,0,0,0,0
19861202,11570,11720,11500,11720,40,1470,0,0,0.0,0,0,0,0,0,0,0
19861203,11900,11900,11900,11900,180,1610,0,0,0.0,0,0,0,0,0,0,0
19861204,11900,11900,11900,11900,0,3540,0,0,0.0,0,0,0,0,0,0,0
19861205,11900,11900,11900,11900,0,0,0,0,0.0,0,0,0,0,0,0,0
19861206,11800,11900,11800,11900,0,25680,0,0,0.0,0,0,0,0,0,0,0
19861208,11900,11900,11900,11900,0,0,0,0,0.0,0,0,0,0,0,0,0
19861209,11850,11850,11850,11850,50,1000,0,0,0.0,0,0,0,0,0,0,0
19861210,11500,11500,11500,11500,350,100,0,0,0.0,0,0,0,0,0,0,0
19861211,11000,11010,11000,11000,500,790,0,0,0.0,0,0,0,0,0,0,0
19861212,10800,11000,10800,11000,0,590,0,0,0.0,0,0,0,0,0,0,0
19861213,11000,11000,11000,11000,0,220,0,0,0.0,0,0,0,0,0,0,0
19861215,11000,11600,11000,11600,600,1230,0,0,0.0,0,0,0,0,0,0,0
19861216,11010,11650,11010,11650,50,16330,0,0,0.0,0,0,0,0,0,0,0
19861217,11550,11550,11550,11550,100,20,0,0,0.0,0,0,0,0,0,0,0
19861218,11500,11900,11500,11900,350,3240,0,0,0.0,0,0,0,0,0,0,0
19861219,11850,11850,11500,11850,50,24320,0,0,0.0,0,0,0,0,0,0,0
19861220,11620,11620,11620,11620,230,2000,0,0,0.0,0,0,0,0,0,0,0
19861222,11500,11500,11020,11500,120,1130,0,0,0.0,0,0,0,0,0,0,0
19861223,11500,11500,11020,11020,480,1070,0,0,0.0,0,0,0,0,0,0,0
19861224,11020,11020,11020,11020,0,0,0,0,0.0,0,0,0,0,0,0,0
19861226,11500,11500,11500,11500,480,100,0,0,0.0,0,0,0,0,0,0,0
19870105,10950,10950,10950,10950,550,0,0,0,0.0,0,0,0,0,0,0,0
19870106,10950,10950,10950,10950,0,0,0,0,0.0,0,0,0,0,0,0,0
19870107,10950,10950,10950,10950,0,0,0,0,0.0,0,0,0,0,0,0,0
19870108,10900,10900,10900,10900,50,70,0,0,0.0,0,0,0,0,0,0,0
19870109,10500,10500,10500,10500,400,180,0,0,0.0,0,0,0,0,0,0,0
19870110,10500,10500,10400,10450,50,450,0,0,0.0,0,0,0,0,0,0,0
19870112,10500,11150,10500,11150,700,5350,0,0,0.0,0,0,0,0,0,0,0
19870113,11850,11850,11500,11510,360,3140,0,0,0.0,0,0,0,0,0,0,0
19870114,11440,11980,11400,11510,0,15870,0,0,0.0,0,0,0,0,0,0,0
19870115,11500,11510,11500,11510,0,1850,0,0,0.0,0,0,0,0,0,0,0
19870116,11400,11400,11050,11340,170,5820,0,0,0.0,0,0,0,0,0,0,0
19870117,11300,11420,11300,11340,0,570,0,0,0.0,0,0,0,0,0,0,0
19870119,11360,11450,11150,11150,190,1260,0,0,0.0,0,0,0,0,0,0,0
19870120,11000,11000,11000,11000,150,1000,0,0,0.0,0,0,0,0,0,0,0
19870121,11000,11500,11000,11500,500,1870,0,0,0.0,0,0,0,0,0,0,0
19870122,11200,11500,11200,11300,200,450,0,0,0.0,0,0,0,0,0,0,0
19870123,11300,11300,11000,11000,300,550,0,0,0.0,0,0,0,0,0,0,0
19870124,10900,11000,10900,10900,100,360,0,0,0.0,0,0,0,0,0,0,0
19870126,10900,10900,10700,10900,0,2860,0,0,0.0,0,0,0,0,0,0,0
19870127,11600,11600,11600,11600,700,11120,0,0,0.0,0,0,0,0,0,0,0
19870128,12300,12300,12000,12100,500,38810,0,0,0.0,0,0,0,0,0,0,0
19870130,12800,12800,12400,12800,700,16870,0,0,0.0,0,0,0,0,0,0,0
19870131,13400,13450,13200,13380,580,10485,0,0,0.0,0,0,0,0,0,0,0
19870202,12900,13200,12690,12700,680,4420,0,0,0.0,0,0,0,0,0,0,0
19870203,12400,12400,12200,12200,500,1150,0,0,0.0,0,0,0,0,0,0,0
19870204,12100,12500,12100,12250,50,6920,0,0,0.0,0,0,0,0,0,0,0
19870205,12500,12800,12400,12550,300,35230,0,0,0.0,0,0,0,0,0,0,0
19870206,12800,13100,12000,12460,90,11340,0,0,0.0,0,0,0,0,0,0,0
19870207,12380,12700,12380,12700,240,1020,0,0,0.0,0,0,0,0,0,0,0
19870209,12700,12700,12000,12400,300,7340,0,0,0.0,0,0,0,0,0,0,0
19870210,12010,12200,12000,12200,200,3150,0,0,0.0,0,0,0,0,0,0,0
19870211,12400,12650,12300,12300,100,4630,0,0,0.0,0,0,0,0,0,0,0
19870212,12100,12200,11850,12100,200,3430,0,0,0.0,0,0,0,0,0,0,0
19870213,12400,12400,12000,12100,0,2640,0,0,0.0,0,0,0,0,0,0,0
19870214,12300,12300,12100,12100,0,840,0,0,0.0,0,0,0,0,0,0,0
19870216,12070,12300,12000,12300,200,3330,0,0,0.0,0,0,0,0,0,0,0
19870217,12100,12200,12100,12150,150,3250,0,0,0.0,0,0,0,0,0,0,0
19870218,12150,12200,12100,12100,50,5870,0,0,0.0,0,0,0,0,0,0,0
19870219,12300,12800,12100,12200,100,15770,0,0,0.0,0,0,0,0,0,0,0
19870220,12520,12800,12500,12800,600,10000,0,0,0.0,0,0,0,0,0,0,0
19870221,13100,13500,13020,13300,500,36520,0,0,0.0,0,0,0,0,0,0,0
19870223,13510,13810,13500,13500,200,28190,0,0,0.0,0,0,0,0,0,0,0
19870224,13750,13750,13500,13670,170,16620,0,0,0.0,0,0,0,0,0,0,0
19870225,13750,13750,13300,13300,370,5070,0,0,0.0,0,0,0,0,0,0,0
19870226,13500,13500,13290,13300,0,11660,0,0,0.0,0,0,0,0,0,0,0
19870227,13390,13490,13300,13300,0,11180,0,0,0.0,0,0,0,0,0,0,0
19870228,13510,13600,13500,13500,200,5890,0,0,0.0,0,0,0,0,0,0,0
19870302,13700,14150,13600,13930,430,19710,0,0,0.0,0,0,0,0,0,0,0
19870303,14210,14430,14000,14000,70,50810,0,0,0.0,0,0,0,0,0,0,0
19870304,14580,14600,14100,14200,200,34610,0,0,0.0,0,0,0,0,0,0,0
19870305,14100,14100,13500,13750,450,10470,0,0,0.0,0,0,0,0,0,0,0
19870306,13650,13700,13500,13700,50,5310,0,0,0.0,0,0,0,0,0,0,0
19870307,13700,13700,13500,13500,200,3570,0,0,0.0,0,0,0,0,0,0,0
19870309,13500,13500,13000,13450,50,22370,0,0,0.0,0,0,0,0,0,0,0
19870311,13750,14000,13650,13800,350,11860,0,0,0.0,0,0,0,0,0,0,0
19870312,14000,14400,14000,14200,400,25120,0,0,0.0,0,0,0,0,0,0,0
19870313,14200,14390,13900,14390,190,16878,0,0,0.0,0,0,0,0,0,0,0
19870314,14500,14800,14500,14800,410,28900,0,0,0.0,0,0,0,0,0,0,0
19870316,15200,15500,15110,15500,700,37820,0,0,0.0,0,0,0,0,0,0,0
19870317,16020,16200,15600,16200,700,69880,0,0,0.0,0,0,0,0,0,0,0
19870318,16900,16900,16900,16900,700,32960,0,0,0.0,0,0,0,0,0,0,0
19870319,17200,17200,16400,16850,50,42250,0,0,0.0,0,0,0,0,0,0,0
19870320,16690,16690,16150,16400,450,19020,0,0,0.0,0,0,0,0,0,0,0
19870321,16000,16400,15900,16400,0,11210,0,0,0.0,0,0,0,0,0,0,0
19870323,16650,16900,16000,16200,200,33550,0,0,0.0,0,0,0,0,0,0,0
19870324,16200,16200,15600,15700,500,4040,0,0,0.0,0,0,0,0,0,0,0
19870325,15700,15700,15500,15500,200,6210,0,0,0.0,0,0,0,0,0,0,0
19870326,15600,16200,15510,16100,600,17380,0,0,0.0,0,0,0,0,0,0,0
19870327,16100,16500,15900,16200,100,9950,0,0,0.0,0,0,0,0,0,0,0
19870328,15900,16000,15600,15900,300,4520,0,0,0.0,0,0,0,0,0,0,0
19870330,16000,16190,15900,16000,100,4170,0,0,0.0,0,0,0,0,0,0,0
19870331,16210,16210,16000,16200,200,16730,0,0,0.0,0,0,0,0,0,0,0
19870401,16000,16200,15990,16000,200,8090,0,0,0.0,0,0,0,0,0,0,0
19870402,16000,16000,15900,15910,90,2680,0,0,0.0,0,0,0,0,0,0,0
19870403,15210,15210,15210,15210,700,2710,0,0,0.0,0,0,0,0,0,0,0
19870404,14950,15310,14950,15310,100,1730,0,0,0.0,0,0,0,0,0,0,0
19870406,15620,16000,15620,16000,690,5020,0,0,0.0,0,0,0,0,0,0,0
19870407,15800,15800,15680,15700,300,4510,0,0,0.0,0,0,0,0,0,0,0
19870408,15580,15590,15000,15200,500,17320,0,0,0.0,0,0,0,0,0,0,0
19870409,15300,15400,15210,15400,200,1350,0,0,0.0,0,0,0,0,0,0,0
19870410,15800,15950,15500,15950,550,6570,0,0,0.0,0,0,0,0,0,0,0
19870411,15950,15950,15620,15620,330,740,0,0,0.0,0,0,0,0,0,0,0
19870413,15600,15600,15000,15000,620,3310,0,0,0.0,0,0,0,0,0,0,0
19870414,15100,15100,14610,14900,100,4520,0,0,0.0,0,0,0,0,0,0,0
19870415,14900,14900,14700,14800,100,4090,0,0,0.0,0,0,0,0,0,0,0
19870416,14490,14700,14490,14500,300,3250,0,0,0.0,0,0,0,0,0,0,0
19870417,14300,14300,13800,14100,400,2710,0,0,0.0,0,0,0,0,0,0,0
19870418,13800,14000,13800,13800,300,1410,0,0,0.0,0,0,0,0,0,0,0
19870420,13800,14000,13500,13800,0,1310,0,0,0.0,0,0,0,0,0,0,0
19870421,13800,14400,13650,14400,600,4640,0,0,0.0,0,0,0,0,0,0,0
19870422,14710,14980,14600,14600,200,1330,0,0,0.0,0,0,0,0,0,0,0
19870423,14650,14700,14600,14610,10,1310,0,0,0.0,0,0,0,0,0,0,0
19870424,14720,14720,14600,14650,40,500,0,0,0.0,0,0,0,0,0,0,0
19870425,14480,14480,14300,14300,350,530,0,0,0.0,0,0,0,0,0,0,0
19870427,14110,14110,14050,14100,200,600,0,0,0.0,0,0,0,0,0,0,0
19870428,14100,14100,13800,13800,300,1350,0,0,0.0,0,0,0,0,0,0,0
19870429,14100,14100,13800,13800,0,970,0,0,0.0,0,0,0,0,0,0,0
19870430,13800,14000,13600,14000,200,1900,0,0,0.0,0,0,0,0,0,0,0
19870501,14200,14300,14160,14200,200,1050,0,0,0.0,0,0,0,0,0,0,0
19870502,14400,14400,14200,14350,150,995,0,0,0.0,0,0,0,0,0,0,0
19870504,14200,14360,14200,14300,50,2400,0,0,0.0,0,0,0,0,0,0,0
19870506,14320,15000,14320,14800,500,4460,0,0,0.0,0,0,0,0,0,0,0
19870507,15000,15400,15000,15400,600,8650,0,0,0.0,0,0,0,0,0,0,0
19870508,15800,15800,15200,15500,100,3670,0,0,0.0,0,0,0,0,0,0,0
19870509,15500,15700,15500,15500,0,1230,0,0,0.0,0,0,0,0,0,0,0
19870511,15500,15500,15400,15450,50,1640,0,0,0.0,0,0,0,0,0,0,0
19870512,15800,16250,15560,16250,800,13600,0,0,0.0,0,0,0,0,0,0,0
19870513,17000,17050,16300,16850,600,31810,0,0,0.0,0,0,0,0,0,0,0
19870514,16840,16840,16600,16750,100,10590,0,0,0.0,0,0,0,0,0,0,0
19870515,16700,16700,16290,16500,250,6090,0,0,0.0,0,0,0,0,0,0,0
19870516,16500,16500,16500,16500,0,1850,0,0,0.0,0,0,0,0,0,0,0
19870518,16500,16600,16310,16310,190,3960,0,0,0.0,0,0,0,0,0,0,0
19870519,16300,16600,16250,16400,90,10100,0,0,0.0,0,0,0,0,0,0,0
19870520,16600,16600,16200,16200,200,4800,0,0,0.0,0,0,0,0,0,0,0
19870521,16000,16000,15800,15800,400,1540,0,0,0.0,0,0,0,0,0,0,0
19870522,15700,15700,15500,15700,100,1540,0,0,0.0,0,0,0,0,0,0,0
19870523,15760,15800,15760,15800,100,2530,0,0,0.0,0,0,0,0,0,0,0
19870525,16000,16000,15800,15800,0,2790,0,0,0.0,0,0,0,0,0,0,0
19870526,15800,15800,15240,15240,560,1650,0,0,0.0,0,0,0,0,0,0,0
19870527,15200,15200,14800,15000,240,3440,0,0,0.0,0,0,0,0,0,0,0
19870528,14890,14900,14500,14500,500,1880,0,0,0.0,0,0,0,0,0,0,0
19870529,14600,15000,14600,14800,300,3530,0,0,0.0,0,0,0,0,0,0,0
19870530,15000,15000,15000,15000,200,200,0,0,0.0,0,0,0,0,0,0,0
19870601,15280,15280,15000,15000,0,1330,0,0,0.0,0,0,0,0,0,0,0
19870602,15000,15000,15000,15000,0,310,0,0,0.0,0,0,0,0,0,0,0
19870603,14900,14900,14600,14700,300,130,0,0,0.0,0,0,0,0,0,0,0
19870604,14500,14700,14500,14600,100,5510,0,0,0.0,0,0,0,0,0,0,0
19870605,14600,14600,14500,14600,0,2220,0,0,0.0,0,0,0,0,0,0,0
19870608,14800,14820,14800,14800,200,1560,0,0,0.0,0,0,0,0,0,0,0
19870609,14800,14810,14800,14800,0,1910,0,0,0.0,0,0,0,0,0,0,0
19870610,14810,14810,14500,14800,0,1740,0,0,0.0,0,0,0,0,0,0,0
19870611,14800,14800,14600,14600,200,2290,0,0,0.0,0,0,0,0,0,0,0
19870612,14810,15200,14800,14800,200,11870,0,0,0.0,0,0,0,0,0,0,0
19870613,15000,15000,14800,14800,0,1080,0,0,0.0,0,0,0,0,0,0,0
19870615,14800,14850,14600,14700,100,1180,0,0,0.0,0,0,0,0,0,0,0
19870616,14800,14800,14500,14500,200,3850,0,0,0.0,0,0,0,0,0,0,0
19870617,14300,14500,14300,14500,0,430,0,0,0.0,0,0,0,0,0,0,0
19870618,14600,14780,14500,14780,280,1300,0,0,0.0,0,0,0,0,0,0,0
19870619,14200,14500,14200,14300,480,2810,0,0,0.0,0,0,0,0,0,0,0
19870620,14290,14290,14200,14200,100,60,0,0,0.0,0,0,0,0,0,0,0
19870622,14200,14300,14200,14200,0,1600,0,0,0.0,0,0,0,0,0,0,0
19870623,14300,14500,14300,14300,100,3680,0,0,0.0,0,0,0,0,0,0,0
19870624,14300,14400,14200,14400,100,6260,0,0,0.0,0,0,0,0,0,0,0
19870625,14200,14200,13850,14100,300,1600,0,0,0.0,0,0,0,0,0,0,0
19870626,14100,14100,13850,14100,0,620,0,0,0.0,0,0,0,0,0,0,0
19870627,14300,14500,14300,14500,400,30,0,0,0.0,0,0,0,0,0,0,0
19870629,15000,15100,15000,15100,600,820,0,0,0.0,0,0,0,0,0,0,0
19870630,15800,15800,15400,15400,300,3010,0,0,0.0,0,0,0,0,0,0,0
19870701,15300,15700,15200,15700,300,14000,0,0,0.0,0,0,0,0,0,0,0
19870702,15400,15430,15000,15000,700,7900,0,0,0.0,0,0,0,0,0,0,0
19870703,15400,15800,15300,15510,510,9760,0,0,0.0,0,0,0,0,0,0,0
19870704,15870,15990,15710,15900,390,5650,0,0,0.0,0,0,0,0,0,0,0
19870706,16000,16000,15800,16000,100,3510,0,0,0.0,0,0,0,0,0,0,0
19870707,16000,16200,15700,16050,50,12010,0,0,0.0,0,0,0,0,0,0,0
19870708,16000,16040,15700,16000,50,3690,0,0,0.0,0,0,0,0,0,0,0
19870709,15900,15900,15700,15700,300,7070,0,0,0.0,0,0,0,0,0,0,0
19870710,15800,15900,15800,15900,200,8010,0,0,0.0,0,0,0,0,0,0,0
19870711,16250,16600,16050,16200,300,5480,0,0,0.0,0,0,0,0,0,0,0
19870713,16300,16500,15900,15900,300,3450,0,0,0.0,0,0,0,0,0,0,0
19870714,15900,16200,15900,16000,100,9960,0,0,0.0,0,0,0,0,0,0,0
19870715,16100,16300,16050,16200,200,8270,0,0,0.0,0,0,0,0,0,0,0
19870716,16100,16200,16000,16000,200,9210,0,0,0.0,0,0,0,0,0,0,0
19870718,16100,16300,16100,16290,290,3110,0,0,0.0,0,0,0,0,0,0,0
19870720,16300,16400,16000,16200,90,5100,0,0,0.0,0,0,0,0,0,0,0
19870721,16000,16200,16000,16100,100,6480,0,0,0.0,0,0,0,0,0,0,0
19870722,16100,16100,16000,16000,100,9140,0,0,0.0,0,0,0,0,0,0,0
19870723,16000,16000,15800,15800,200,1560,0,0,0.0,0,0,0,0,0,0,0
19870724,15700,15800,15510,15700,100,1360,0,0,0.0,0,0,0,0,0,0,0
19870725,15810,16000,15810,15900,200,1040,0,0,0.0,0,0,0,0,0,0,0
19870727,15900,15900,15800,15880,20,3170,0,0,0.0,0,0,0,0,0,0,0
19870728,15910,16000,15190,15800,80,8020,0,0,0.0,0,0,0,0,0,0,0
19870729,15700,15700,15000,15000,800,3620,0,0,0.0,0,0,0,0,0,0,0
19870730,14800,14800,14500,14500,500,1540,0,0,0.0,0,0,0,0,0,0,0
19870731,14550,14800,14550,14700,200,4170,0,0,0.0,0,0,0,0,0,0,0
19870801,14700,14700,14600,14700,0,2790,0,0,0.0,0,0,0,0,0,0,0
19870803,14700,14700,14600,14700,0,1640,0,0,0.0,0,0,0,0,0,0,0
19870804,14890,15000,14840,14840,140,2740,0,0,0.0,0,0,0,0,0,0,0
19870805,14900,15000,14600,14700,140,1650,0,0,0.0,0,0,0,0,0,0,0
19870806,14800,14800,14500,14500,200,1950,0,0,0.0,0,0,0,0,0,0,0
19870807,14500,14500,14300,14300,200,1320,0,0,0.0,0,0,0,0,0,0,0
19870808,14000,14000,13800,14000,300,2560,0,0,0.0,0,0,0,0,0,0,0
19870810,14000,14000,13800,14000,0,2210,0,0,0.0,0,0,0,0,0,0,0
19870811,14000,14100,14000,14000,0,480,0,0,0.0,0,0,0,0,0,0,0
19870812,13900,13900,13900,13900,100,0,0,0,0.0,0,0,0,0,0,0,0
19870813,13800,13800,13500,13800,100,880,0,0,0.0,0,0,0,0,0,0,0
19870814,13900,13900,13800,13890,90,1480,0,0,0.0,0,0,0,0,0,0,0
19870817,13790,13790,13600,13600,290,220,0,0,0.0,0,0,0,0,0,0,0
19870818,13200,13200,13100,13100,500,2020,0,0,0.0,0,0,0,0,0,0,0
19870819,13000,13100,13000,13000,100,4480,0,0,0.0,0,0,0,0,0,0,0
19870820,13300,13400,13200,13200,200,1890,0,0,0.0,0,0,0,0,0,0,0
19870821,13200,13400,13000,13150,50,740,0,0,0.0,0,0,0,0,0,0,0
19870822,12900,12900,12900,12900,250,250,0,0,0.0,0,0,0,0,0,0,0
19870824,12700,12700,12500,12500,400,1940,0,0,0.0,0,0,0,0,0,0,0
19870825,12400,12490,12400,12410,90,1260,0,0,0.0,0,0,0,0,0,0,0
19870826,12420,12550,12420,12510,100,720,0,0,0.0,0,0,0,0,0,0,0
19870827,12610,13110,12610,13110,600,1040,0,0,0.0,0,0,0,0,0,0,0
19870828,13110,13110,13100,13100,10,1090,0,0,0.0,0,0,0,0,0,0,0
19870829,12900,12900,12900,12900,200,100,0,0,0.0,0,0,0,0,0,0,0
19870831,12350,12700,12350,12600,300,1290,0,0,0.0,0,0,0,0,0,0,0
19870901,12800,12980,12600,12600,0,610,0,0,0.0,0,0,0,0,0,0,0
19870902,12300,12300,12300,12300,300,700,0,0,0.0,0,0,0,0,0,0,0
19870903,12100,12100,12000,12000,300,1920,0,0,0.0,0,0,0,0,0,0,0
19870904,11900,11900,11700,11700,300,770,0,0,0.0,0,0,0,0,0,0,0
19870905,11700,11700,11500,11700,0,620,0,0,0.0,0,0,0,0,0,0,0
19870907,11750,12000,11750,12000,300,670,0,0,0.0,0,0,0,0,0,0,0
19870908,11900,12000,11750,12000,0,2330,0,0,0.0,0,0,0,0,0,0,0
19870909,12110,12340,11800,12340,340,1790,0,0,0.0,0,0,0,0,0,0,0
19870910,12500,12540,12500,12540,200,4560,0,0,0.0,0,0,0,0,0,0,0
19870911,12400,12400,12400,12400,140,230,0,0,0.0,0,0,0,0,0,0,0
19870912,12200,12200,12050,12050,350,600,0,0,0.0,0,0,0,0,0,0,0
19870914,12050,12100,12050,12100,50,3390,0,0,0.0,0,0,0,0,0,0,0
19870915,11900,12100,11900,12000,100,530,0,0,0.0,0,0,0,0,0,0,0
19870916,12000,12000,11850,11900,100,1720,0,0,0.0,0,0,0,0,0,0,0
19870917,11900,11900,11800,11900,0,1090,0,0,0.0,0,0,0,0,0,0,0
19870918,11900,11990,11900,11900,0,1580,0,0,0.0,0,0,0,0,0,0,0
19870919,12000,12000,11800,11800,100,40,0,0,0.0,0,0,0,0,0,0,0
19870921,12000,12000,11900,11900,100,770,0,0,0.0,0,0,0,0,0,0,0
19870922,11900,12000,11800,11800,100,1110,0,0,0.0,0,0,0,0,0,0,0
19870923,11800,12000,11800,11810,10,1630,0,0,0.0,0,0,0,0,0,0,0
19870924,12000,12200,11900,12000,190,5350,0,0,0.0,0,0,0,0,0,0,0
19870925,12000,12000,11990,12000,0,600,0,0,0.0,0,0,0,0,0,0,0
19870926,12150,12200,12150,12200,200,1290,0,0,0.0,0,0,0,0,0,0,0
19870928,12250,12250,12020,12020,180,1990,0,0,0.0,0,0,0,0,0,0,0
19870929,12030,12100,11900,11900,120,1760,0,0,0.0,0,0,0,0,0,0,0
19870930,11890,11900,11800,11800,100,1530,0,0,0.0,0,0,0,0,0,0,0
19871002,11900,12190,11900,12190,390,1270,0,0,0.0,0,0,0,0,0,0,0
19871005,12500,12500,12390,12400,210,850,0,0,0.0,0,0,0,0,0,0,0
19871006,12500,12500,12200,12300,100,1380,0,0,0.0,0,0,0,0,0,0,0
19871010,12300,12300,12300,12300,0,140,0,0,0.0,0,0,0,0,0,0,0
19871012,12330,12880,12330,12600,300,1820,0,0,0.0,0,0,0,0,0,0,0
19871013,12900,13200,12900,13200,600,2530,0,0,0.0,0,0,0,0,0,0,0
19871014,13600,13800,13600,13700,500,10980,0,0,0.0,0,0,0,0,0,0,0
19871015,13500,13900,13400,13700,0,3580,0,0,0.0,0,0,0,0,0,0,0
19871016,13500,13700,13300,13390,310,2680,0,0,0.0,0,0,0,0,0,0,0
19871017,13400,13400,13180,13180,210,450,0,0,0.0,0,0,0,0,0,0,0
19871019,13020,13100,13000,13000,180,1500,0,0,0.0,0,0,0,0,0,0,0
19871020,13000,13000,12400,12400,600,330,0,0,0.0,0,0,0,0,0,0,0
19871021,12890,12890,12600,12600,200,450,0,0,0.0,0,0,0,0,0,0,0
19871022,12600,12990,12600,12990,390,750,0,0,0.0,0,0,0,0,0,0,0
19871023,12990,13200,12990,12990,0,550,0,0,0.0,0,0,0,0,0,0,0
19871024,12700,12700,12700,12700,290,130,0,0,0.0,0,0,0,0,0,0,0
19871026,12600,12600,12200,12200,500,780,0,0,0.0,0,0,0,0,0,0,0
19871028,12200,12250,12200,12250,50,210,0,0,0.0,0,0,0,0,0,0,0
19871029,12300,12400,12300,12300,50,790,0,0,0.0,0,0,0,0,0,0,0
19871030,12250,12250,12100,12200,100,3460,0,0,0.0,0,0,0,0,0,0,0
19871031,12200,12500,12200,12500,300,560,0,0,0.0,0,0,0,0,0,0,0
19871102,12500,12570,12500,12500,0,550,0,0,0.0,0,0,0,0,0,0,0
19871103,12500,12500,12500,12500,0,120,0,0,0.0,0,0,0,0,0,0,0
19871104,12200,12500,12200,12200,300,500,0,0,0.0,0,0,0,0,0,0,0
19871105,12500,12500,12300,12300,100,940,0,0,0.0,0,0,0,0,0,0,0
19871106,12360,12500,12200,12250,50,2450,0,0,0.0,0,0,0,0,0,0,0
19871107,12120,12120,12120,12120,130,710,0,0,0.0,0,0,0,0,0,0,0
19871109,12500,12720,12150,12600,480,1700,0,0,0.0,0,0,0,0,0,0,0
19871110,12500,12500,12200,12200,400,360,0,0,0.0,0,0,0,0,0,0,0
19871111,12010,12300,12010,12200,0,690,0,0,0.0,0,0,0,0,0,0,0
19871112,12200,12200,12000,12000,200,1440,0,0,0.0,0,0,0,0,0,0,0
19871113,12000,12000,12000,12000,0,880,0,0,0.0,0,0,0,0,0,0,0
19871114,11900,12000,11900,11900,100,490,0,0,0.0,0,0,0,0,0,0,0
19871116,12000,12000,11850,11850,50,1010,0,0,0.0,0,0,0,0,0,0,0
19871117,11600,11750,11600,11750,100,1500,0,0,0.0,0,0,0,0,0,0,0
19871118,12350,12350,12350,12350,600,420,0,0,0.0,0,0,0,0,0,0,0
19871119,12550,12550,12200,12200,150,1810,0,0,0.0,0,0,0,0,0,0,0
19871120,12200,12200,11700,12200,0,3310,0,0,0.0,0,0,0,0,0,0,0
19871121,12300,12500,12200,12300,100,3140,0,0,0.0,0,0,0,0,0,0,0
19871123,12500,12700,12400,12400,100,2070,0,0,0.0,0,0,0,0,0,0,0
19871124,12500,12720,12500,12700,300,19820,0,0,0.0,0,0,0,0,0,0,0
19871125,13000,13100,12830,13100,400,9220,0,0,0.0,0,0,0,0,0,0,0
19871126,12900,13200,12900,13200,100,18030,0,0,0.0,0,0,0,0,0,0,0
19871127,13300,13400,13300,13400,200,11980,0,0,0.0,0,0,0,0,0,0,0
19871128,13500,13700,13500,13700,300,3070,0,0,0.0,0,0,0,0,0,0,0
19871130,13800,14000,13800,14000,300,7340,0,0,0.0,0,0,0,0,0,0,0
19871201,14200,14600,14200,14600,600,6810,0,0,0.0,0,0,0,0,0,0,0
19871202,14800,14810,14500,14600,0,13140,0,0,0.0,0,0,0,0,0,0,0
19871203,14310,14500,14310,14400,200,14940,0,0,0.0,0,0,0,0,0,0,0
19871204,14500,14500,14100,14300,100,5550,0,0,0.0,0,0,0,0,0,0,0
19871205,14200,14400,14200,14400,100,4060,0,0,0.0,0,0,0,0,0,0,0
19871207,14500,14600,14500,14500,100,11680,0,0,0.0,0,0,0,0,0,0,0
19871208,14500,14700,14500,14700,200,39070,0,0,0.0,0,0,0,0,0,0,0
19871209,14900,15200,14900,15000,300,16310,0,0,0.0,0,0,0,0,0,0,0
19871210,15200,15350,15200,15350,350,33340,0,0,0.0,0,0,0,0,0,0,0
19871211,15500,15900,15500,15900,550,34710,0,0,0.0,0,0,0,0,0,0,0
19871212,16100,16200,16100,16200,300,19260,0,0,0.0,0,0,0,0,0,0,0
19871214,16100,16400,16000,16400,200,30380,0,0,0.0,0,0,0,0,0,0,0
19871215,16500,16600,15900,16600,200,39880,0,0,0.0,0,0,0,0,0,0,0
19871217,16800,17400,16800,17400,800,3390,0,0,0.0,0,0,0,0,0,0,0
19871218,17500,17900,17200,17200,200,1810,0,0,0.0,0,0,0,0,0,0,0
19871219,16990,16990,16990,16990,210,0,0,0,0.0,0,0,0,0,0,0,0
19871221,16190,16190,16190,16190,800,0,0,0,0.0,0,0,0,0,0,0,0
19871222,16300,16500,16250,16500,310,2310,0,0,0.0,0,0,0,0,0,0,0
19871223,16500,16500,16000,16200,300,2350,0,0,0.0,0,0,0,0,0,0,0
19871224,16700,16800,16400,16800,600,4530,0,0,0.0,0,0,0,0,0,0,0
19871226,17220,17400,16800,17100,300,13230,0,0,0.0,0,0,0,0,0,0,0
19880104,17300,17300,17300,17300,200,520,0,0,0.0,0,0,0,0,0,0,0
19880105,17150,17150,16900,16900,400,1260,0,0,0.0,0,0,0,0,0,0,0
19880106,17100,17100,17000,17000,100,1390,0,0,0.0,0,0,0,0,0,0,0
19880107,17100,17200,16950,16950,50,3160,0,0,0.0,0,0,0,0,0,0,0
19880108,16700,17000,16700,17000,50,3300,0,0,0.0,0,0,0,0,0,0,0
19880109,17000,17000,16900,17000,0,880,0,0,0.0,0,0,0,0,0,0,0
19880111,16800,16800,16500,16800,200,170,0,0,0.0,0,0,0,0,0,0,0
19880112,16000,17300,16000,17200,400,4720,0,0,0.0,0,0,0,0,0,0,0
19880113,16800,17010,16800,17000,200,5240,0,0,0.0,0,0,0,0,0,0,0
19880114,16800,16800,16720,16720,280,870,0,0,0.0,0,0,0,0,0,0,0
19880115,16200,16200,16200,16200,520,10,0,0,0.0,0,0,0,0,0,0,0
19880116,16000,16000,15870,16000,200,1300,0,0,0.0,0,0,0,0,0,0,0
19880118,16500,16500,16000,16010,10,1130,0,0,0.0,0,0,0,0,0,0,0
19880119,16200,16200,15800,16000,10,2130,0,0,0.0,0,0,0,0,0,0,0
19880120,16000,16700,16000,16500,500,2170,0,0,0.0,0,0,0,0,0,0,0
19880121,16500,16500,16500,16500,0,1260,0,0,0.0,0,0,0,0,0,0,0
19880122,16200,16200,16000,16000,500,210,0,0,0.0,0,0,0,0,0,0,0
19880123,16400,16400,16400,16400,400,130,0,0,0.0,0,0,0,0,0,0,0
19880125,16100,16100,16100,16100,300,100,0,0,0.0,0,0,0,0,0,0,0
19880126,16000,16010,16000,16010,90,170,0,0,0.0,0,0,0,0,0,0,0
19880127,16100,16100,15800,15900,110,520,0,0,0.0,0,0,0,0,0,0,0
19880128,15800,16000,15800,15900,0,2100,0,0,0.0,0,0,0,0,0,0,0
19880129,15900,16700,15700,16700,800,8520,0,0,0.0,0,0,0,0,0,0,0
19880130,16690,17500,16690,17000,300,490,0,0,0.0,0,0,0,0,0,0,0
19880201,17000,17500,17000,17500,500,2100,0,0,0.0,0,0,0,0,0,0,0
19880202,17400,17450,17000,17100,400,1610,0,0,0.0,0,0,0,0,0,0,0
19880203,16900,16900,16300,16700,400,450,0,0,0.0,0,0,0,0,0,0,0
19880204,16100,16500,16100,16350,350,820,0,0,0.0,0,0,0,0,0,0,0
19880205,15550,15850,15550,15550,800,1280,0,0,0.0,0,0,0,0,0,0,0
19880206,15200,15200,15150,15150,400,5790,0,0,0.0,0,0,0,0,0,0,0
19880208,15200,15950,15200,15950,800,3140,0,0,0.0,0,0,0,0,0,0,0
19880209,15700,15800,15650,15800,150,21550,0,0,0.0,0,0,0,0,0,0,0
19880210,16400,16600,16400,16600,800,10970,0,0,0.0,0,0,0,0,0,0,0
19880211,16600,16900,16500,16500,100,4240,0,0,0.0,0,0,0,0,0,0,0
19880212,16400,16700,16200,16200,300,30570,0,0,0.0,0,0,0,0,0,0,0
19880213,16200,16200,16100,16100,100,390,0,0,0.0,0,0,0,0,0,0,0
19880215,16100,16200,16000,16000,100,2030,0,0,0.0,0,0,0,0,0,0,0
19880216,15900,16000,15600,15650,350,6070,0,0,0.0,0,0,0,0,0,0,0
19880217,16000,16400,16000,16400,750,1480,0,0,0.0,0,0,0,0,0,0,0
19880219,16700,17200,16700,16700,300,3390,0,0,0.0,0,0,0,0,0,0,0
19880220,16850,16850,16500,16500,200,710,0,0,0.0,0,0,0,0,0,0,0
19880222,16300,16300,15900,16200,300,1820,0,0,0.0,0,0,0,0,0,0,0
19880223,16200,16400,16000,16000,200,1200,0,0,0.0,0,0,0,0,0,0,0
19880224,16200,16200,16000,16200,200,140,0,0,0.0,0,0,0,0,0,0,0
19880226,16200,16400,15950,16200,0,2600,0,0,0.0,0,0,0,0,0,0,0
19880227,16100,16100,16100,16100,100,150,0,0,0.0,0,0,0,0,0,0,0
19880229,15700,16100,15700,16000,100,930,0,0,0.0,0,0,0,0,0,0,0
19880302,15800,15800,15800,15800,200,10,0,0,0.0,0,0,0,0,0,0,0
19880303,15800,15800,15500,15500,300,570,0,0,0.0,0,0,0,0,0,0,0
19880304,15400,15500,15300,15500,0,540,0,0,0.0,0,0,0,0,0,0,0
19880305,15500,15500,15500,15500,0,250,0,0,0.0,0,0,0,0,0,0,0
19880307,15400,15500,15300,15500,0,350,0,0,0.0,0,0,0,0,0,0,0
19880308,15500,15500,15200,15300,200,860,0,0,0.0,0,0,0,0,0,0,0
19880309,15300,15400,15250,15400,100,1190,0,0,0.0,0,0,0,0,0,0,0
19880311,15800,15900,15500,15800,400,610,0,0,0.0,0,0,0,0,0,0,0
19880312,15900,16000,15900,16000,200,90,0,0,0.0,0,0,0,0,0,0,0
19880314,15800,15900,15800,15900,100,160,0,0,0.0,0,0,0,0,0,0,0
19880315,15900,15900,15900,15900,0,420,0,0,0.0,0,0,0,0,0,0,0
19880316,15700,15700,15700,15700,200,80,0,0,0.0,0,0,0,0,0,0,0
19880317,15700,15700,15700,15700,0,190,0,0,0.0,0,0,0,0,0,0,0
19880318,15700,15700,15000,15000,700,220,0,0,0.0,0,0,0,0,0,0,0
19880319,14900,14900,14900,14900,100,5300,0,0,0.0,0,0,0,0,0,0,0
19880321,14900,15500,14900,15200,300,3570,0,0,0.0,0,0,0,0,0,0,0
19880322,15200,15200,15100,15100,100,2550,0,0,0.0,0,0,0,0,0,0,0
19880323,15000,15000,14900,15000,100,1790,0,0,0.0,0,0,0,0,0,0,0
19880324,15000,15000,14800,14800,200,110,0,0,0.0,0,0,0,0,0,0,0
19880325,14800,14800,14800,14800,0,4060,0,0,0.0,0,0,0,0,0,0,0
19880326,14800,15000,14800,15000,200,9710,0,0,0.0,0,0,0,0,0,0,0
19880328,15000,15200,14700,15200,200,8360,0,0,0.0,0,0,0,0,0,0,0
19880329,15200,15200,14900,15000,200,4660,0,0,0.0,0,0,0,0,0,0,0
19880330,15000,15000,14800,14900,100,10140,0,0,0.0,0,0,0,0,0,0,0
19880331,14900,14900,14800,14900,0,5650,0,0,0.0,0,0,0,0,0,0,0
19880401,14900,15500,14900,15500,600,6360,0,0,0.0,0,0,0,0,0,0,0
19880402,15800,15800,15600,15700,200,2450,0,0,0.0,0,0,0,0,0,0,0
19880404,15600,15700,15300,15700,0,5400,0,0,0.0,0,0,0,0,0,0,0
19880406,15700,16000,15700,15800,100,14910,0,0,0.0,0,0,0,0,0,0,0
19880407,15800,16200,15700,15700,100,9240,0,0,0.0,0,0,0,0,0,0,0
19880408,15700,16000,15700,16000,300,3870,0,0,0.0,0,0,0,0,0,0,0
19880409,15700,15900,15700,15800,200,690,0,0,0.0,0,0,0,0,0,0,0
19880411,15600,15800,15600,15800,0,810,0,0,0.0,0,0,0,0,0,0,0
19880412,15500,15500,15400,15500,300,1220,0,0,0.0,0,0,0,0,0,0,0
19880413,15500,15750,15500,15650,150,1530,0,0,0.0,0,0,0,0,0,0,0
19880414,15800,15800,15700,15700,50,890,0,0,0.0,0,0,0,0,0,0,0
19880415,15800,15800,15200,15700,0,550,0,0,0.0,0,0,0,0,0,0,0
19880416,15200,15200,15200,15200,500,400,0,0,0.0,0,0,0,0,0,0,0
19880418,15400,15400,15300,15300,100,2110,0,0,0.0,0,0,0,0,0,0,0
19880419,15300,15300,15000,15200,100,280,0,0,0.0,0,0,0,0,0,0,0
19880420,15200,15200,15200,15200,0,1090,0,0,0.0,0,0,0,0,0,0,0
19880421,15100,15100,15000,15100,100,12670,0,0,0.0,0,0,0,0,0,0,0
19880422,15100,15100,15000,15100,0,1130,0,0,0.0,0,0,0,0,0,0,0
19880423,15100,15200,15100,15150,50,960,0,0,0.0,0,0,0,0,0,0,0
19880425,15200,15700,15200,15400,250,2760,0,0,0.0,0,0,0,0,0,0,0
19880427,14600,14700,14600,14600,800,650,0,0,0.0,0,0,0,0,0,0,0
19880428,14500,15200,14500,15200,600,260,0,0,0.0,0,0,0,0,0,0,0
19880429,16000,16000,15600,15700,500,5590,0,0,0.0,0,0,0,0,0,0,0
19880430,15600,15600,15600,15600,100,40,0,0,0.0,0,0,0,0,0,0,0
19880502,15400,15400,15000,15400,200,1310,0,0,0.0,0,0,0,0,0,0,0
19880503,15400,15500,15300,15450,50,1390,0,0,0.0,0,0,0,0,0,0,0
19880504,15500,15700,15450,15600,150,5590,0,0,0.0,0,0,0,0,0,0,0
19880506,15200,15800,15200,15700,100,3380,0,0,0.0,0,0,0,0,0,0,0
19880507,15500,15500,15300,15300,400,350,0,0,0.0,0,0,0,0,0,0,0
19880509,15400,15400,15200,15400,100,90,0,0,0.0,0,0,0,0,0,0,0
19880510,15400,15600,15400,15600,200,1880,0,0,0.0,0,0,0,0,0,0,0
19880511,15600,15600,15600,15600,0,1530,0,0,0.0,0,0,0,0,0,0,0
19880512,15600,15800,15600,15800,200,910,0,0,0.0,0,0,0,0,0,0,0
19880513,15800,15900,15800,15800,0,2370,0,0,0.0,0,0,0,0,0,0,0
19880514,15800,16000,15700,16000,200,3990,0,0,0.0,0,0,0,0,0,0,0
19880516,15700,16200,15700,16000,0,2510,0,0,0.0,0,0,0,0,0,0,0
19880517,16000,16200,16000,16100,100,7150,0,0,0.0,0,0,0,0,0,0,0
19880518,16300,16500,16150,16300,200,5740,0,0,0.0,0,0,0,0,0,0,0
19880519,16500,17000,16500,16500,200,5960,0,0,0.0,0,0,0,0,0,0,0
19880520,16800,17200,16800,16800,300,8200,0,0,0.0,0,0,0,0,0,0,0
19880521,17000,17000,16800,16800,0,450,0,0,0.0,0,0,0,0,0,0,0
19880524,16800,16800,16700,16700,100,1390,0,0,0.0,0,0,0,0,0,0,0
19880525,16900,16900,16500,16500,200,3360,0,0,0.0,0,0,0,0,0,0,0
19880526,16500,16700,16500,16600,100,13960,0,0,0.0,0,0,0,0,0,0,0
19880527,17000,17200,16800,17000,400,10570,0,0,0.0,0,0,0,0,0,0,0
19880528,17200,17500,17000,17000,0,3940,0,0,0.0,0,0,0,0,0,0,0
19880530,17200,17400,17100,17250,250,3640,0,0,0.0,0,0,0,0,0,0,0
19880531,17350,17400,17200,17200,50,7570,0,0,0.0,0,0,0,0,0,0,0
19880601,17100,17200,17000,17100,100,2350,0,0,0.0,0,0,0,0,0,0,0
19880602,17100,17100,16800,16900,200,1830,0,0,0.0,0,0,0,0,0,0,0
19880603,16800,17500,16700,17500,600,4090,0,0,0.0,0,0,0,0,0,0,0
19880604,17500,17500,17200,17500,0,4230,0,0,0.0,0,0,0,0,0,0,0
19880607,17700,18000,17700,18000,500,5130,0,0,0.0,0,0,0,0,0,0,0
19880608,18200,18300,17900,18000,0,4080,0,0,0.0,0,0,0,0,0,0,0
19880609,18000,18000,17700,17800,200,1240,0,0,0.0,0,0,0,0,0,0,0
19880610,17500,17500,17000,17200,600,2210,0,0,0.0,0,0,0,0,0,0,0
19880611,16800,17000,16800,17000,200,1100,0,0,0.0,0,0,0,0,0,0,0
19880613,16800,17000,16800,16900,100,2180,0,0,0.0,0,0,0,0,0,0,0
19880614,16900,16900,16700,16800,100,1460,0,0,0.0,0,0,0,0,0,0,0
19880615,16800,17000,16500,16700,100,1050,0,0,0.0,0,0,0,0,0,0,0
19880616,16500,16700,16500,16700,0,4920,0,0,0.0,0,0,0,0,0,0,0
19880617,17000,17100,16950,17100,400,4290,0,0,0.0,0,0,0,0,0,0,0
19880618,17100,17300,17100,17100,0,560,0,0,0.0,0,0,0,0,0,0,0
19880620,17200,17500,17000,17100,0,1930,0,0,0.0,0,0,0,0,0,0,0
19880621,17000,17000,16700,16900,200,1320,0,0,0.0,0,0,0,0,0,0,0
19880622,17000,17000,16700,16900,0,1300,0,0,0.0,0,0,0,0,0,0,0
19880623,16700,16700,16400,16600,300,460,0,0,0.0,0,0,0,0,0,0,0
19880624,16600,16700,16600,16600,0,700,0,0,0.0,0,0,0,0,0,0,0
19880625,16600,16600,16500,16500,100,550,0,0,0.0,0,0,0,0,0,0,0
19880627,16300,16600,16300,16600,100,340,0,0,0.0,0,0,0,0,0,0,0
19880628,16600,16700,16600,16700,100,1040,0,0,0.0,0,0,0,0,0,0,0
19880629,16800,16800,16600,16700,0,230,0,0,0.0,0,0,0,0,0,0,0
19880630,16700,16800,16700,16800,100,690,0,0,0.0,0,0,0,0,0,0,0
19880701,16800,17100,16800,17000,200,3650,0,0,0.0,0,0,0,0,0,0,0
19880702,17000,17000,17000,17000,0,300,0,0,0.0,0,0,0,0,0,0,0
19880704,16500,16800,16500,16800,200,80,0,0,0.0,0,0,0,0,0,0,0
19880705,16500,16700,16500,16700,100,840,0,0,0.0,0,0,0,0,0,0,0
19880706,16700,16800,16700,16700,0,320,0,0,0.0,0,0,0,0,0,0,0
19880707,16500,16600,15900,16600,100,810,0,0,0.0,0,0,0,0,0,0,0
19880708,16500,16800,16500,16600,0,1340,0,0,0.0,0,0,0,0,0,0,0
19880709,16800,16800,16600,16800,200,1220,0,0,0.0,0,0,0,0,0,0,0
19880711,16600,16800,16600,16800,0,1090,0,0,0.0,0,0,0,0,0,0,0
19880712,16800,16800,16800,16800,0,700,0,0,0.0,0,0,0,0,0,0,0
19880713,16500,16500,16500,16500,300,350,0,0,0.0,0,0,0,0,0,0,0
19880714,16250,16300,16200,16300,200,580,0,0,0.0,0,0,0,0,0,0,0
19880715,16200,16500,16000,16000,300,690,0,0,0.0,0,0,0,0,0,0,0
19880716,16000,16100,16000,16000,0,1110,0,0,0.0,0,0,0,0,0,0,0
19880718,16000,16000,15800,15800,200,220,0,0,0.0,0,0,0,0,0,0,0
19880719,15700,15900,15700,15900,100,840,0,0,0.0,0,0,0,0,0,0,0
19880720,15900,15900,15800,15800,100,920,0,0,0.0,0,0,0,0,0,0,0
19880721,15800,15800,15600,15700,100,860,0,0,0.0,0,0,0,0,0,0,0
19880722,15200,15800,15200,15800,100,1430,0,0,0.0,0,0,0,0,0,0,0
19880723,16100,16200,15900,16200,400,820,0,0,0.0,0,0,0,0,0,0,0
19880725,16600,16600,16400,16500,300,940,0,0,0.0,0,0,0,0,0,0,0
19880726,16500,16500,16300,16400,100,2780,0,0,0.0,0,0,0,0,0,0,0
19880727,16300,16300,15900,15900,500,760,0,0,0.0,0,0,0,0,0,0,0
19880728,15900,15900,15500,15500,400,1300,0,0,0.0,0,0,0,0,0,0,0
19880729,15900,15900,15900,15900,400,130,0,0,0.0,0,0,0,0,0,0,0
19880730,16100,16200,15900,16100,200,15870,0,0,0.0,0,0,0,0,0,0,0
19880801,16000,16000,15900,15900,200,290,0,0,0.0,0,0,0,0,0,0,0
19880802,16000,16100,16000,16000,100,1220,0,0,0.0,0,0,0,0,0,0,0
19880803,15900,15900,15700,15700,300,450,0,0,0.0,0,0,0,0,0,0,0
19880804,15900,15900,15700,15700,0,870,0,0,0.0,0,0,0,0,0,0,0
19880805,15500,15500,15500,15500,200,340,0,0,0.0,0,0,0,0,0,0,0
19880806,15900,16300,15750,15750,250,700,0,0,0.0,0,0,0,0,0,0,0
19880808,15800,15800,15750,15800,50,660,0,0,0.0,0,0,0,0,0,0,0
19880809,15800,15800,15000,15500,300,390,0,0,0.0,0,0,0,0,0,0,0
19880810,15500,15500,15500,15500,0,120,0,0,0.0,0,0,0,0,0,0,0
19880811,14700,16300,14700,16300,800,3930,0,0,0.0,0,0,0,0,0,0,0
19880812,16300,16300,16000,16100,200,1930,0,0,0.0,0,0,0,0,0,0,0
19880813,16000,16000,16000,16000,100,300,0,0,0.0,0,0,0,0,0,0,0
19880816,16000,16000,15500,15800,200,1830,0,0,0.0,0,0,0,0,0,0,0
19880817,15800,16000,15800,15900,100,12360,0,0,0.0,0,0,0,0,0,0,0
19880818,15500,15900,15500,15900,0,1010,0,0,0.0,0,0,0,0,0,0,0
19880819,15900,15900,15800,15900,0,1720,0,0,0.0,0,0,0,0,0,0,0
19880820,16100,16100,15900,15900,0,600,0,0,0.0,0,0,0,0,0,0,0
19880822,15800,15800,15800,15800,100,0,0,0,0.0,0,0,0,0,0,0,0
19880823,15700,15700,15500,15500,300,290,0,0,0.0,0,0,0,0,0,0,0
19880824,15200,15200,15000,15000,500,840,0,0,0.0,0,0,0,0,0,0,0
19880825,15100,15500,15100,15500,500,110,0,0,0.0,0,0,0,0,0,0,0
19880826,15600,15700,15500,15500,0,440,0,0,0.0,0,0,0,0,0,0,0
19880827,15500,15500,15500,15500,0,70,0,0,0.0,0,0,0,0,0,0,0
19880829,15400,15400,15000,15000,500,110,0,0,0.0,0,0,0,0,0,0,0
19880830,14900,15000,14900,15000,0,470,0,0,0.0,0,0,0,0,0,0,0
19880831,15200,15200,15000,15000,0,60,0,0,0.0,0,0,0,0,0,0,0
19880901,15000,15050,15000,15050,50,230,0,0,0.0,0,0,0,0,0,0,0
19880902,15100,15400,15100,15400,350,510,0,0,0.0,0,0,0,0,0,0,0
19880903,15400,15400,15000,15000,400,150,0,0,0.0,0,0,0,0,0,0,0
19880905,15000,15000,15000,15000,0,310,0,0,0.0,0,0,0,0,0,0,0
19880906,15300,15300,15200,15200,200,300,0,0,0.0,0,0,0,0,0,0,0
19880907,15200,15300,15000,15200,0,1370,0,0,0.0,0,0,0,0,0,0,0
19880908,15200,15600,15200,15600,400,3490,0,0,0.0,0,0,0,0,0,0,0
19880909,15600,15600,15500,15600,0,1100,0,0,0.0,0,0,0,0,0,0,0
19880910,16000,16000,15700,16000,400,2210,0,0,0.0,0,0,0,0,0,0,0
19880912,16100,16100,15900,16000,0,2430,0,0,0.0,0,0,0,0,0,0,0
19880913,15800,15800,15800,15800,200,200,0,0,0.0,0,0,0,0,0,0,0
19880914,15500,15800,15450,15800,0,1940,0,0,0.0,0,0,0,0,0,0,0
19880915,16000,16000,15750,15750,50,1100,0,0,0.0,0,0,0,0,0,0,0
19880916,15600,15600,15600,15600,150,890,0,0,0.0,0,0,0,0,0,0,0
19880919,15500,15500,15500,15500,100,0,0,0,0.0,0,0,0,0,0,0,0
19880920,15500,15500,15500,15500,0,600,0,0,0.0,0,0,0,0,0,0,0
19880921,15500,15600,15500,15600,100,3580,0,0,0.0,0,0,0,0,0,0,0
19880922,15600,15600,15600,15600,0,100,0,0,0.0,0,0,0,0,0,0,0
19880923,15600,15600,15600,15600,0,640,0,0,0.0,0,0,0,0,0,0,0
19880924,15600,15600,15600,15600,0,690,0,0,0.0,0,0,0,0,0,0,0
19880927,15600,15600,15600,15600,0,260,0,0,0.0,0,0,0,0,0,0,0
19880928,15700,15700,15700,15700,100,3000,0,0,0.0,0,0,0,0,0,0,0
19880929,15700,15800,15700,15800,100,1630,0,0,0.0,0,0,0,0,0,0,0
19880930,15600,15600,15600,15600,200,0,0,0,0.0,0,0,0,0,0,0,0
19881004,15500,15600,15400,15600,0,820,0,0,0.0,0,0,0,0,0,0,0
19881005,15100,15100,15100,15100,500,0,0,0,0.0,0,0,0,0,0,0,0
19881006,15200,15200,15200,15200,100,0,0,0,0.0,0,0,0,0,0,0,0
19881007,15000,15000,15000,15000,200,10,0,0,0.0,0,0,0,0,0,0,0
19881008,15000,15000,15000,15000,0,70,0,0,0.0,0,0,0,0,0,0,0
19881010,15000,15000,15000,15000,0,530,0,0,0.0,0,0,0,0,0,0,0
19881011,14800,15000,14800,15000,0,150,0,0,0.0,0,0,0,0,0,0,0
19881012,14800,15000,14800,15000,0,330,0,0,0.0,0,0,0,0,0,0,0
19881013,15300,15300,15300,15300,300,500,0,0,0.0,0,0,0,0,0,0,0
19881014,15300,15300,15300,15300,0,0,0,0,0.0,0,0,0,0,0,0,0
19881015,15300,15700,15300,15700,400,400,0,0,0.0,0,0,0,0,0,0,0
19881017,15700,15700,15600,15600,100,310,0,0,0.0,0,0,0,0,0,0,0
19881018,15200,15200,15000,15200,400,1000,0,0,0.0,0,0,0,0,0,0,0
19881019,15200,15500,15200,15400,200,5500,0,0,0.0,0,0,0,0,0,0,0
19881020,15600,16200,15600,16000,600,4200,0,0,0.0,0,0,0,0,0,0,0
19881021,15900,16000,15900,16000,0,1230,0,0,0.0,0,0,0,0,0,0,0
19881022,16200,16200,16200,16200,200,800,0,0,0.0,0,0,0,0,0,0,0
19881024,16000,16100,16000,16100,100,1200,0,0,0.0,0,0,0,0,0,0,0
19881025,16100,16200,16000,16000,100,5610,0,0,0.0,0,0,0,0,0,0,0
19881026,16000,16000,15800,15800,200,770,0,0,0.0,0,0,0,0,0,0,0
19881027,15600,15800,15600,15700,100,950,0,0,0.0,0,0,0,0,0,0,0
19881028,15600,16000,15600,15700,0,4730,0,0,0.0,0,0,0,0,0,0,0
19881029,15800,15800,15800,15800,100,160,0,0,0.0,0,0,0,0,0,0,0
19881031,15700,15700,15700,15700,100,700,0,0,0.0,0,0,0,0,0,0,0
19881101,15600,15600,15500,15500,200,730,0,0,0.0,0,0,0,0,0,0,0
19881102,15700,16000,15700,15700,200,1230,0,0,0.0,0,0,0,0,0,0,0
19881103,15800,16000,15800,15900,200,4040,0,0,0.0,0,0,0,0,0,0,0
19881104,16000,16100,15200,16000,100,6610,0,0,0.0,0,0,0,0,0,0,0
19881105,15900,16000,15900,16000,0,4000,0,0,0.0,0,0,0,0,0,0,0
19881107,15900,16000,15900,16000,0,8700,0,0,0.0,0,0,0,0,0,0,0
19881108,16200,16500,16100,16100,100,7030,0,0,0.0,0,0,0,0,0,0,0
19881109,16200,16400,16200,16400,300,6440,0,0,0.0,0,0,0,0,0,0,0
19881110,16500,16900,16400,16700,300,8420,0,0,0.0,0,0,0,0,0,0,0
19881111,17000,17200,17000,17000,300,3220,0,0,0.0,0,0,0,0,0,0,0
19881112,17000,17000,16900,17000,0,2710,0,0,0.0,0,0,0,0,0,0,0
19881114,16900,16900,16200,16850,150,3000,0,0,0.0,0,0,0,0,0,0,0
19881115,16900,17000,16900,16900,50,1430,0,0,0.0,0,0,0,0,0,0,0
19881116,16950,16950,16900,16900,0,1060,0,0,0.0,0,0,0,0,0,0,0
19881117,16900,16900,16800,16800,100,1270,0,0,0.0,0,0,0,0,0,0,0
19881118,16800,17000,16800,16800,0,3550,0,0,0.0,0,0,0,0,0,0,0
19881119,16700,16700,16700,16700,100,0,0,0,0.0,0,0,0,0,0,0,0
19881121,16500,16500,16400,16400,300,830,0,0,0.0,0,0,0,0,0,0,0
19881122,16600,16600,16600,16600,200,2000,0,0,0.0,0,0,0,0,0,0,0
19881123,16700,16800,16700,16700,100,3000,0,0,0.0,0,0,0,0,0,0,0
19881124,16500,16500,16500,16500,200,10,0,0,0.0,0,0,0,0,0,0,0
19881125,16500,16500,16500,16500,0,1110,0,0,0.0,0,0,0,0,0,0,0
19881126,16900,16900,16500,16700,200,110,0,0,0.0,0,0,0,0,0,0,0
19881128,16700,16700,16500,16700,0,1120,0,0,0.0,0,0,0,0,0,0,0
19881129,16900,17000,16600,16900,200,3530,0,0,0.0,0,0,0,0,0,0,0
19881130,16800,16900,16600,16900,0,1880,0,0,0.0,0,0,0,0,0,0,0
19881201,16800,16900,16700,16900,0,6640,0,0,0.0,0,0,0,0,0,0,0
19881202,17200,17200,16900,16900,0,2050,0,0,0.0,0,0,0,0,0,0,0
19881203,16900,16900,16900,16900,0,520,0,0,0.0,0,0,0,0,0,0,0
19881205,17000,17000,16900,16900,0,12490,0,0,0.0,0,0,0,0,0,0,0
19881206,16900,17400,16900,17200,300,13770,0,0,0.0,0,0,0,0,0,0,0
19881207,17100,17400,17000,17400,200,4620,0,0,0.0,0,0,0,0,0,0,0
19881208,17600,17600,17300,17300,100,2190,0,0,0.0,0,0,0,0,0,0,0
19881209,17500,17500,17400,17500,200,1360,0,0,0.0,0,0,0,0,0,0,0
19881210,17900,17900,17300,17600,100,1750,0,0,0.0,0,0,0,0,0,0,0
19881212,17900,18000,17900,17900,300,3180,0,0,0.0,0,0,0,0,0,0,0
19881213,17900,18000,17700,17800,100,1520,0,0,0.0,0,0,0,0,0,0,0
19881214,17700,17700,17500,17700,100,640,0,0,0.0,0,0,0,0,0,0,0
19881215,17700,17900,17700,17700,0,4180,0,0,0.0,0,0,0,0,0,0,0
19881216,17700,17700,17700,17700,0,3810,0,0,0.0,0,0,0,0,0,0,0
19881217,17700,18000,17700,18000,300,1920,0,0,0.0,0,0,0,0,0,0,0
19881219,18200,18200,17700,17700,300,340,0,0,0.0,0,0,0,0,0,0,0
19881220,17600,17600,17600,17600,100,2140,0,0,0.0,0,0,0,0,0,0,0
19881221,17600,17700,17600,17700,100,880,0,0,0.0,0,0,0,0,0,0,0
19881222,17800,17800,17600,17600,100,920,0,0,0.0,0,0,0,0,0,0,0
19881223,17600,17600,17600,17600,0,2100,0,0,0.0,0,0,0,0,0,0,0
19881224,17500,17500,17500,17500,100,0,0,0,0.0,0,0,0,0,0,0,0
19881226,17400,17700,17400,17500,0,2930,0,0,0.0,0,0,0,0,0,0,0
19890104,17000,17800,17000,17800,300,690,0,0,0.0,0,0,0,0,0,0,0
19890105,17500,17700,17500,17500,300,2550,0,0,0.0,0,0,0,0,0,0,0
19890106,16800,16800,16800,16800,700,50,0,0,0.0,0,0,0,0,0,0,0
19890107,16300,16700,16300,16700,100,480,0,0,0.0,0,0,0,0,0,0,0
19890109,16400,16800,16200,16800,100,15480,0,0,0.0,0,0,0,0,0,0,0
19890110,16900,16900,16600,16700,100,780,0,0,0.0,0,0,0,0,0,0,0
19890111,16800,16800,16700,16800,100,3470,0,0,0.0,0,0,0,0,0,0,0
19890112,16600,16900,16600,16800,0,420,0,0,0.0,0,0,0,0,0,0,0
19890113,16900,16900,16800,16900,100,10580,0,0,0.0,0,0,0,0,0,0,0
19890114,16800,17200,16800,16800,100,2020,0,0,0.0,0,0,0,0,0,0,0
19890116,16900,16900,16900,16900,100,1000,0,0,0.0,0,0,0,0,0,0,0
19890117,16500,16900,16500,16500,400,10420,0,0,0.0,0,0,0,0,0,0,0
19890118,16100,16800,16100,16500,0,920,0,0,0.0,0,0,0,0,0,0,0
19890119,16500,16500,16300,16300,200,210,0,0,0.0,0,0,0,0,0,0,0
19890120,16300,16400,16300,16400,100,430,0,0,0.0,0,0,0,0,0,0,0
19890121,16500,16800,16500,16800,400,4280,0,0,0.0,0,0,0,0,0,0,0
19890123,16800,16900,16800,16800,0,7140,0,0,0.0,0,0,0,0,0,0,0
19890124,16500,16800,16500,16800,0,2200,0,0,0.0,0,0,0,0,0,0,0
19890125,16500,16900,16500,16900,100,13880,0,0,0.0,0,0,0,0,0,0,0
19890126,16700,16800,16700,16800,100,3060,0,0,0.0,0,0,0,0,0,0,0
19890127,16100,16600,16100,16600,200,150,0,0,0.0,0,0,0,0,0,0,0
19890128,16600,16600,16600,16600,0,630,0,0,0.0,0,0,0,0,0,0,0
19890130,16600,16600,16600,16600,0,0,0,0,0.0,0,0,0,0,0,0,0
19890131,16300,16600,16200,16600,0,7030,0,0,0.0,0,0,0,0,0,0,0
19890201,16600,16600,16300,16300,300,170,0,0,0.0,0,0,0,0,0,0,0
19890202,16300,16300,16300,16300,0,2890,0,0,0.0,0,0,0,0,0,0,0
19890203,16100,16500,16100,16500,200,7110,0,0,0.0,0,0,0,0,0,0,0
19890204,16700,16700,16500,16500,0,3570,0,0,0.0,0,0,0,0,0,0,0
19890208,16800,16800,16600,16800,300,3360,0,0,0.0,0,0,0,0,0,0,0
19890209,17100,17100,16700,16800,0,7740,0,0,0.0,0,0,0,0,0,0,0
19890210,16800,16800,16500,16600,200,2830,0,0,0.0,0,0,0,0,0,0,0
19890211,16600,16600,16600,16600,0,330,0,0,0.0,0,0,0,0,0,0,0
19890213,16600,16900,16500,16900,300,9820,0,0,0.0,0,0,0,0,0,0,0
19890214,16900,16900,16600,16800,100,10950,0,0,0.0,0,0,0,0,0,0,0
19890215,17000,17000,16500,16500,300,9450,0,0,0.0,0,0,0,0,0,0,0
19890216,16500,16700,16400,16600,100,4770,0,0,0.0,0,0,0,0,0,0,0
19890217,16900,16900,16500,16700,100,2870,0,0,0.0,0,0,0,0,0,0,0
19890218,16800,16800,16800,16800,100,0,0,0,0.0,0,0,0,0,0,0,0
19890220,16800,16800,16700,16800,0,2360,0,0,0.0,0,0,0,0,0,0,0
19890221,16800,16900,16700,16900,100,5640,0,0,0.0,0,0,0,0,0,0,0
19890222,16900,17000,16600,16600,300,2330,0,0,0.0,0,0,0,0,0,0,0
19890223,17000,17100,16800,17000,400,3490,0,0,0.0,0,0,0,0,0,0,0
19890224,17100,17100,16800,17000,0,4320,0,0,0.0,0,0,0,0,0,0,0
19890225,16900,16900,16800,16900,100,770,0,0,0.0,0,0,0,0,0,0,0
19890227,16800,17100,16800,17000,100,1740,0,0,0.0,0,0,0,0,0,0,0
19890228,17000,17000,16800,17000,0,540,0,0,0.0,0,0,0,0,0,0,0
19890302,17000,17200,16900,17200,200,6240,0,0,0.0,0,0,0,0,0,0,0
19890303,17300,17700,17300,17700,500,9040,0,0,0.0,0,0,0,0,0,0,0
19890304,17900,17900,17500,17500,200,7790,0,0,0.0,0,0,0,0,0,0,0
19890306,17700,17800,17600,17700,200,4610,0,0,0.0,0,0,0,0,0,0,0
19890307,17000,17500,17000,17500,200,830,0,0,0.0,0,0,0,0,0,0,0
19890308,17500,17600,17200,17300,200,1880,0,0,0.0,0,0,0,0,0,0,0
19890309,17500,17700,17500,17500,200,1180,0,0,0.0,0,0,0,0,0,0,0
19890311,17300,17500,17300,17500,0,1610,0,0,0.0,0,0,0,0,0,0,0
19890313,17700,18300,17700,18300,800,11100,0,0,0.0,0,0,0,0,0,0,0
19890314,18800,18800,18000,18500,200,11890,0,0,0.0,0,0,0,0,0,0,0
19890315,19000,19300,18800,19100,600,41730,0,0,0.0,0,0,0,0,0,0,0
19890316,19300,19500,19000,19500,400,25230,0,0,0.0,0,0,0,0,0,0,0
19890317,20300,20300,19500,19800,300,19810,0,0,0.0,0,0,0,0,0,0,0
19890318,19400,19400,19300,19400,400,3810,0,0,0.0,0,0,0,0,0,0,0
19890320,19000,19700,19000,19400,0,35290,0,0,0.0,0,0,0,0,0,0,0
19890321,19200,19200,19000,19000,400,5750,0,0,0.0,0,0,0,0,0,0,0
19890322,19100,19500,19100,19500,500,8140,0,0,0.0,0,0,0,0,0,0,0
19890323,19500,19500,19200,19200,300,2420,0,0,0.0,0,0,0,0,0,0,0
19890324,19500,19500,19000,19200,0,5690,0,0,0.0,0,0,0,0,0,0,0
19890325,19200,19400,19200,19400,200,7180,0,0,0.0,0,0,0,0,0,0,0
19890327,19800,19800,19000,19000,400,6590,0,0,0.0,0,0,0,0,0,0,0
19890328,19800,19800,19500,19800,800,6740,0,0,0.0,0,0,0,0,0,0,0
19890329,20600,20600,20400,20400,600,41900,0,0,0.0,0,0,0,0,0,0,0
19890330,20900,21400,20700,21400,1000,77460,0,0,0.0,0,0,0,0,0,0,0
19890331,22100,22100,21400,21800,400,50960,0,0,0.0,0,0,0,0,0,0,0
19890401,21800,22100,21700,22100,300,22640,0,0,0.0,0,0,0,0,0,0,0
19890403,22100,22100,21700,21800,300,17900,0,0,0.0,0,0,0,0,0,0,0
19890404,21600,22800,21600,22500,700,15710,0,0,0.0,0,0,0,0,0,0,0
19890406,22600,23100,21900,22000,500,17850,0,0,0.0,0,0,0,0,0,0,0
19890407,22200,22500,22200,22400,400,26280,0,0,0.0,0,0,0,0,0,0,0
19890408,22900,23000,22800,22900,500,34390,0,0,0.0,0,0,0,0,0,0,0
19890410,23000,23200,22300,22500,400,28760,0,0,0.0,0,0,0,0,0,0,0
19890411,22500,23000,22500,22800,300,34060,0,0,0.0,0,0,0,0,0,0,0
19890412,23100,23300,22800,23000,200,49760,0,0,0.0,0,0,0,0,0,0,0
19890413,23000,24000,22000,24000,1000,33370,0,0,0.0,0,0,0,0,0,0,0
19890414,24000,24500,23600,24500,500,45980,0,0,0.0,0,0,0,0,0,0,0
19890415,24600,25000,24600,24900,400,48760,0,0,0.0,0,0,0,0,0,0,0
19890417,25100,25700,24800,24800,100,40490,0,0,0.0,0,0,0,0,0,0,0
19890418,24400,24500,24200,24400,400,12830,0,0,0.0,0,0,0,0,0,0,0
19890419,24700,24900,24400,24400,0,28480,0,0,0.0,0,0,0,0,0,0,0
19890420,23900,24200,23800,24200,200,20830,0,0,0.0,0,0,0,0,0,0,0
19890421,24200,24200,23800,24100,100,10420,0,0,0.0,0,0,0,0,0,0,0
19890422,23600,23600,23600,23600,500,1550,0,0,0.0,0,0,0,0,0,0,0
19890424,23500,23500,22700,22700,900,7730,0,0,0.0,0,0,0,0,0,0,0
19890425,22700,23300,22700,23000,300,9790,0,0,0.0,0,0,0,0,0,0,0
19890426,23000,23000,22400,22500,500,3260,0,0,0.0,0,0,0,0,0,0,0
19890427,22500,22600,22500,22500,0,1990,0,0,0.0,0,0,0,0,0,0,0
19890428,22300,22700,22300,22700,200,1270,0,0,0.0,0,0,0,0,0,0,0
19890429,22200,22400,22200,22200,500,240,0,0,0.0,0,0,0,0,0,0,0
19890501,22300,22800,22000,22100,100,8560,0,0,0.0,0,0,0,0,0,0,0
19890502,22300,22300,22100,22100,0,1930,0,0,0.0,0,0,0,0,0,0,0
19890503,22100,22100,21500,21500,600,3540,0,0,0.0,0,0,0,0,0,0,0
19890504,21400,21500,21400,21500,0,1240,0,0,0.0,0,0,0,0,0,0,0
19890506,21500,21700,21500,21700,200,1630,0,0,0.0,0,0,0,0,0,0,0
19890508,22000,22500,21800,21800,100,6810,0,0,0.0,0,0,0,0,0,0,0
19890509,22300,22300,22100,22100,300,5670,0,0,0.0,0,0,0,0,0,0,0
19890510,22400,22700,22300,22300,200,5960,0,0,0.0,0,0,0,0,0,0,0
19890511,22600,22700,22100,22600,300,10010,0,0,0.0,0,0,0,0,0,0,0
19890513,22700,22900,22600,22900,300,10820,0,0,0.0,0,0,0,0,0,0,0
19890515,22800,22800,22500,22500,400,2350,0,0,0.0,0,0,0,0,0,0,0
19890516,22700,22900,22400,22500,0,11590,0,0,0.0,0,0,0,0,0,0,0
19890517,22500,22500,22000,22500,0,12380,0,0,0.0,0,0,0,0,0,0,0
19890518,22700,22900,22600,22600,100,8110,0,0,0.0,0,0,0,0,0,0,0
19890519,22600,22800,22600,22800,200,6980,0,0,0.0,0,0,0,0,0,0,0
19890520,23000,23000,22900,22900,100,850,0,0,0.0,0,0,0,0,0,0,0
19890522,22900,22900,22500,22500,400,910,0,0,0.0,0,0,0,0,0,0,0
19890523,22600,22700,22300,22400,100,1140,0,0,0.0,0,0,0,0,0,0,0
19890524,22300,22300,22000,22300,100,470,0,0,0.0,0,0,0,0,0,0,0
19890525,22200,22200,21800,22000,300,1010,0,0,0.0,0,0,0,0,0,0,0
19890526,22000,22000,21900,22000,0,620,0,0,0.0,0,0,0,0,0,0,0
19890527,22000,22000,21500,21500,500,2040,0,0,0.0,0,0,0,0,0,0,0
19890529,21700,21700,21400,21500,0,7060,0,0,0.0,0,0,0,0,0,0,0
19890530,21500,21800,21500,21600,100,5540,0,0,0.0,0,0,0,0,0,0,0
19890531,21500,21700,21300,21500,100,2330,0,0,0.0,0,0,0,0,0,0,0
19890601,21500,21500,21200,21200,300,10280,0,0,0.0,0,0,0,0,0,0,0
19890602,21200,21200,21000,21100,100,770,0,0,0.0,0,0,0,0,0,0,0
19890603,21100,21100,21000,21000,100,1130,0,0,0.0,0,0,0,0,0,0,0
19890605,20000,20200,20000,20200,800,1200,0,0,0.0,0,0,0,0,0,0,0
19890607,20000,20000,19200,19200,1000,1220,0,0,0.0,0,0,0,0,0,0,0
19890608,19000,20000,19000,20000,800,6600,0,0,0.0,0,0,0,0,0,0,0
19890609,20200,20700,20100,20700,700,10850,0,0,0.0,0,0,0,0,0,0,0
19890610,21500,21700,21500,21700,1000,7390,0,0,0.0,0,0,0,0,0,0,0
19890612,21700,22400,21500,22300,600,13820,0,0,0.0,0,0,0,0,0,0,0
19890613,21900,22000,21600,21900,400,8850,0,0,0.0,0,0,0,0,0,0,0
19890614,21300,22500,21300,22500,600,24680,0,0,0.0,0,0,0,0,0,0,0
19890615,22400,22500,22100,22100,400,28410,0,0,0.0,0,0,0,0,0,0,0
19890616,22000,22100,21600,22100,0,24090,0,0,0.0,0,0,0,0,0,0,0
19890617,22100,22100,22100,22100,0,220,0,0,0.0,0,0,0,0,0,0,0
19890619,22000,22000,21800,21800,300,100,0,0,0.0,0,0,0,0,0,0,0
19890620,22000,22000,22000,22000,200,17000,0,0,0.0,0,0,0,0,0,0,0
19890621,21800,21800,21600,21800,200,770,0,0,0.0,0,0,0,0,0,0,0
19890622,21700,21800,21500,21500,300,4630,0,0,0.0,0,0,0,0,0,0,0
19890623,21500,21500,21000,21300,200,2710,0,0,0.0,0,0,0,0,0,0,0
19890624,21300,21300,21200,21200,100,510,0,0,0.0,0,0,0,0,0,0,0
19890626,21200,21400,21000,21000,200,6480,0,0,0.0,0,0,0,0,0,0,0
19890627,21100,21100,21000,21000,0,23510,0,0,0.0,0,0,0,0,0,0,0
19890628,21200,21200,20800,20800,200,34850,0,0,0.0,0,0,0,0,0,0,0
19890629,21200,21300,20800,20800,0,6290,0,0,0.0,0,0,0,0,0,0,0
19890630,21000,21000,20600,20700,100,8480,0,0,0.0,0,0,0,0,0,0,0
19890701,20700,20700,20500,20600,100,1480,0,0,0.0,0,0,0,0,0,0,0
19890703,20400,20900,20400,20800,200,2440,0,0,0.0,0,0,0,0,0,0,0
19890704,20900,21100,20700,21100,300,3380,0,0,0.0,0,0,0,0,0,0,0
19890705,21100,21200,21000,21000,100,2240,0,0,0.0,0,0,0,0,0,0,0
19890706,20500,21000,20500,21000,0,80,0,0,0.0,0,0,0,0,0,0,0
19890707,20800,21000,20800,20800,200,12410,0,0,0.0,0,0,0,0,0,0,0
19890708,21100,21300,20900,21000,200,5790,0,0,0.0,0,0,0,0,0,0,0
19890710,20800,21000,20500,21000,0,3100,0,0,0.0,0,0,0,0,0,0,0
19890711,21300,21800,21000,21800,800,9770,0,0,0.0,0,0,0,0,0,0,0
19890712,21800,22400,21800,22400,600,31170,0,0,0.0,0,0,0,0,0,0,0
19890713,22200,22800,22100,22200,200,33950,0,0,0.0,0,0,0,0,0,0,0
19890714,22300,22600,22000,22100,100,12480,0,0,0.0,0,0,0,0,0,0,0
19890715,22300,22500,22200,22300,200,14900,0,0,0.0,0,0,0,0,0,0,0
19890718,22500,22500,22100,22100,200,3470,0,0,0.0,0,0,0,0,0,0,0
19890719,22100,22300,21500,22100,0,3670,0,0,0.0,0,0,0,0,0,0,0
19890720,22100,22100,21800,22000,100,1690,0,0,0.0,0,0,0,0,0,0,0
19890721,21800,21800,21500,21700,300,780,0,0,0.0,0,0,0,0,0,0,0
19890722,21100,22000,21100,22000,300,4490,0,0,0.0,0,0,0,0,0,0,0
19890724,21500,21800,21500,21800,200,1230,0,0,0.0,0,0,0,0,0,0,0
19890725,21900,22000,21800,22000,200,17790,0,0,0.0,0,0,0,0,0,0,0
19890726,22000,22000,21800,21800,200,500,0,0,0.0,0,0,0,0,0,0,0
19890727,21800,22100,21700,22100,300,49150,0,0,0.0,0,0,0,0,0,0,0
19890728,21900,22000,21600,21900,200,5420,0,0,0.0,0,0,0,0,0,0,0
19890729,21900,21900,21900,21900,0,1020,0,0,0.0,0,0,0,0,0,0,0
19890731,21900,21900,21600,21800,100,3770,0,0,0.0,0,0,0,0,0,0,0
19890801,21900,21900,21600,21800,0,13250,0,0,0.0,0,0,0,0,0,0,0
19890802,21400,21700,21400,21600,200,2910,0,0,0.0,0,0,0,0,0,0,0
19890803,20600,21600,20600,21400,200,1690,0,0,0.0,0,0,0,0,0,0,0
19890804,21200,21400,21200,21400,0,1560,0,0,0.0,0,0,0,0,0,0,0
19890805,21400,21600,21300,21500,100,3400,0,0,0.0,0,0,0,0,0,0,0
19890807,21800,21800,21400,21600,100,3440,0,0,0.0,0,0,0,0,0,0,0
19890808,21800,21800,21400,21400,200,1730,0,0,0.0,0,0,0,0,0,0,0
19890809,21400,21700,21400,21600,200,1580,0,0,0.0,0,0,0,0,0,0,0
19890810,21600,21800,21500,21600,0,10660,0,0,0.0,0,0,0,0,0,0,0
19890811,21600,21700,21600,21700,100,2930,0,0,0.0,0,0,0,0,0,0,0
19890812,21800,22300,21700,22200,500,16060,0,0,0.0,0,0,0,0,0,0,0
19890814,22200,22500,22000,22200,0,34100,0,0,0.0,0,0,0,0,0,0,0
19890816,22200,22200,22100,22100,100,3520,0,0,0.0,0,0,0,0,0,0,0
19890817,22100,22200,21900,22100,0,14240,0,0,0.0,0,0,0,0,0,0,0
19890818,21800,22000,21600,21900,200,1340,0,0,0.0,0,0,0,0,0,0,0
19890819,22000,22000,21700,21800,100,4800,0,0,0.0,0,0,0,0,0,0,0
19890821,21800,22000,21800,22000,200,2770,0,0,0.0,0,0,0,0,0,0,0
19890822,22000,22200,21900,21900,100,7620,0,0,0.0,0,0,0,0,0,0,0
19890823,22000,22100,21800,21800,100,7690,0,0,0.0,0,0,0,0,0,0,0
19890824,21800,22000,21500,21600,200,8540,0,0,0.0,0,0,0,0,0,0,0
19890825,21800,22000,21600,21800,200,21450,0,0,0.0,0,0,0,0,0,0,0
19890826,21700,22000,21600,21600,200,8890,0,0,0.0,0,0,0,0,0,0,0
19890828,21700,21800,21100,21500,100,23490,0,0,0.0,0,0,0,0,0,0,0
19890829,21600,21800,21400,21400,100,12470,0,0,0.0,0,0,0,0,0,0,0
19890830,21400,21400,21000,21000,400,7930,0,0,0.0,0,0,0,0,0,0,0
19890831,20900,21600,20900,21500,500,10490,0,0,0.0,0,0,0,0,0,0,0
19890901,21600,21800,21100,21500,0,9120,0,0,0.0,0,0,0,0,0,0,0
19890902,21200,21400,21200,21200,300,650,0,0,0.0,0,0,0,0,0,0,0
19890904,21000,21000,20800,21000,200,7040,0,0,0.0,0,0,0,0,0,0,0
19890905,21000,21000,20700,20900,100,5020,0,0,0.0,0,0,0,0,0,0,0
19890906,20900,20900,20500,20700,200,2760,0,0,0.0,0,0,0,0,0,0,0
19890907,20900,20900,20300,20500,200,4990,0,0,0.0,0,0,0,0,0,0,0
19890908,20500,20500,20100,20100,400,6560,0,0,0.0,0,0,0,0,0,0,0
19890909,20200,20300,20200,20300,200,3270,0,0,0.0,0,0,0,0,0,0,0
19890911,20300,20300,19900,19900,400,6570,0,0,0.0,0,0,0,0,0,0,0
19890912,19900,20100,19900,20100,200,9190,0,0,0.0,0,0,0,0,0,0,0
19890916,20000,20600,20000,20100,0,520,0,0,0.0,0,0,0,0,0,0,0
19890918,19700,19700,19500,19500,600,370,0,0,0.0,0,0,0,0,0,0,0
19890919,19500,19800,19500,19800,300,3900,0,0,0.0,0,0,0,0,0,0,0
19890920,19700,19800,19700,19700,100,2410,0,0,0.0,0,0,0,0,0,0,0
19890921,19700,20200,19700,20000,300,2660,0,0,0.0,0,0,0,0,0,0,0
19890922,20000,20000,19800,19800,200,500,0,0,0.0,0,0,0,0,0,0,0
19890923,19800,19800,19800,19800,0,2640,0,0,0.0,0,0,0,0,0,0,0
19890925,19700,19700,19500,19600,200,690,0,0,0.0,0,0,0,0,0,0,0
19890926,19500,19700,19500,19500,100,1930,0,0,0.0,0,0,0,0,0,0,0
19890927,19500,19500,19100,19500,0,270,0,0,0.0,0,0,0,0,0,0,0
19890928,19500,19700,19500,19500,0,1850,0,0,0.0,0,0,0,0,0,0,0
19890929,19600,20000,19500,19900,400,6230,0,0,0.0,0,0,0,0,0,0,0
19890930,20300,20600,20300,20600,700,8050,0,0,0.0,0,0,0,0,0,0,0
19891004,20600,20600,20000,20100,500,1850,0,0,0.0,0,0,0,0,0,0,0
19891005,20200,20200,19900,20000,100,2320,0,0,0.0,0,0,0,0,0,0,0
19891006,20000,20300,20000,20300,300,1630,0,0,0.0,0,0,0,0,0,0,0
19891007,20400,20400,20000,20200,100,2680,0,0,0.0,0,0,0,0,0,0,0
19891010,20200,20200,19800,20200,0,150,0,0,0.0,0,0,0,0,0,0,0
19891011,20200,20200,20000,20000,200,1140,0,0,0.0,0,0,0,0,0,0,0
19891012,20000,20000,20000,20000,0,1480,0,0,0.0,0,0,0,0,0,0,0
19891013,19900,19900,19900,19900,100,120,0,0,0.0,0,0,0,0,0,0,0
19891014,19900,19900,19900,19900,0,0,0,0,0.0,0,0,0,0,0,0,0
19891016,19300,19500,19300,19500,400,470,0,0,0.0,0,0,0,0,0,0,0
19891017,19500,19800,19200,19400,100,1550,0,0,0.0,0,0,0,0,0,0,0
19891018,19400,19400,19000,19200,200,1550,0,0,0.0,0,0,0,0,0,0,0
19891019,19100,19400,19100,19300,100,3730,0,0,0.0,0,0,0,0,0,0,0
19891020,19400,19400,19000,19000,300,1450,0,0,0.0,0,0,0,0,0,0,0
19891021,19000,19300,19000,19000,0,1270,0,0,0.0,0,0,0,0,0,0,0
19891023,18800,18800,18600,18600,400,550,0,0,0.0,0,0,0,0,0,0,0
19891024,18500,18800,18500,18700,100,1170,0,0,0.0,0,0,0,0,0,0,0
19891025,18700,18700,18300,18700,0,1710,0,0,0.0,0,0,0,0,0,0,0
19891026,18900,18900,18700,18900,200,3020,0,0,0.0,0,0,0,0,0,0,0
19891027,18700,18700,18700,18700,200,150,0,0,0.0,0,0,0,0,0,0,0
19891028,18800,18800,18500,18500,200,40,0,0,0.0,0,0,0,0,0,0,0
19891030,18300,18700,18300,18600,100,5190,0,0,0.0,0,0,0,0,0,0,0
19891031,18300,18700,18300,18700,100,15210,0,0,0.0,0,0,0,0,0,0,0
19891101,18400,18600,18400,18600,100,810,0,0,0.0,0,0,0,0,0,0,0
19891102,18000,18300,18000,18300,300,3660,0,0,0.0,0,0,0,0,0,0,0
19891103,18000,18500,18000,18400,100,2770,0,0,0.0,0,0,0,0,0,0,0
19891104,18500,18500,18000,18500,100,260,0,0,0.0,0,0,0,0,0,0,0
19891106,18000,18400,17900,18400,100,700,0,0,0.0,0,0,0,0,0,0,0
19891107,18200,18200,18200,18200,200,2550,0,0,0.0,0,0,0,0,0,0,0
19891108,18300,18300,18300,18300,100,2150,0,0,0.0,0,0,0,0,0,0,0
19891109,18300,19100,18300,19100,800,2400,0,0,0.0,0,0,0,0,0,0,0
19891110,19000,19000,18600,19000,100,2020,0,0,0.0,0,0,0,0,0,0,0
19891111,19400,19600,19000,19500,500,6460,0,0,0.0,0,0,0,0,0,0,0
19891113,19400,19400,19300,19300,200,250,0,0,0.0,0,0,0,0,0,0,0
19891114,19000,19000,19000,19000,300,100,0,0,0.0,0,0,0,0,0,0,0
19891115,19100,19100,19100,19100,100,11690,0,0,0.0,0,0,0,0,0,0,0
19891116,19200,19400,19100,19400,300,13300,0,0,0.0,0,0,0,0,0,0,0
19891117,19400,19400,19300,19300,100,1400,0,0,0.0,0,0,0,0,0,0,0
19891118,19000,19000,19000,19000,300,20,0,0,0.0,0,0,0,0,0,0,0
19891120,19000,19000,18500,18900,100,480,0,0,0.0,0,0,0,0,0,0,0
19891121,18100,18800,18100,18600,300,290,0,0,0.0,0,0,0,0,0,0,0
19891122,18100,18600,18100,18600,0,850,0,0,0.0,0,0,0,0,0,0,0
19891123,18500,18500,18300,18300,300,340,0,0,0.0,0,0,0,0,0,0,0
19891124,18200,19000,18200,18800,500,3820,0,0,0.0,0,0,0,0,0,0,0
19891125,18800,19000,18800,18800,0,2810,0,0,0.0,0,0,0,0,0,0,0
19891127,18700,18800,18700,18800,0,2050,0,0,0.0,0,0,0,0,0,0,0
19891128,18800,18800,18800,18800,0,970,0,0,0.0,0,0,0,0,0,0,0
19891129,18900,18900,18800,18900,100,1790,0,0,0.0,0,0,0,0,0,0,0
19891130,18800,19300,18800,19300,400,2430,0,0,0.0,0,0,0,0,0,0,0
19891201,19300,19500,19000,19100,200,2880,0,0,0.0,0,0,0,0,0,0,0
19891202,19100,19200,19100,19200,100,1410,0,0,0.0,0,0,0,0,0,0,0
19891204,19200,19200,18800,18800,400,400,0,0,0.0,0,0,0,0,0,0,0
19891205,18800,19000,18800,19000,200,1950,0,0,0.0,0,0,0,0,0,0,0
19891206,19000,19000,19000,19000,0,3310,0,0,0.0,0,0,0,0,0,0,0
19891207,19000,19000,18500,18700,300,170,0,0,0.0,0,0,0,0,0,0,0
19891208,18500,18700,18400,18700,0,580,0,0,0.0,0,0,0,0,0,0,0
19891209,18500,18500,18500,18500,200,0,0,0,0.0,0,0,0,0,0,0,0
19891211,18000,18500,18000,18500,0,2310,0,0,0.0,0,0,0,0,0,0,0
19891212,19300,19300,19300,19300,800,60,0,0,0.0,0,0,0,0,0,0,0
19891213,20100,20100,20100,20100,800,3910,0,0,0.0,0,0,0,0,0,0,0
19891214,20100,20100,19100,19100,1000,160,0,0,0.0,0,0,0,0,0,0,0
19891215,18900,19500,18600,19100,0,10290,0,0,0.0,0,0,0,0,0,0,0
19891216,19100,19600,19000,19500,400,10630,0,0,0.0,0,0,0,0,0,0,0
19891218,19300,19600,19300,19500,0,10200,0,0,0.0,0,0,0,0,0,0,0
19891219,19500,20000,19200,20000,500,12380,0,0,0.0,0,0,0,0,0,0,0
19891220,20800,20800,20400,20700,700,37700,0,0,0.0,0,0,0,0,0,0,0
19891221,20900,21000,20600,20900,200,42830,0,0,0.0,0,0,0,0,0,0,0
19891222,21100,21300,21100,21200,300,36270,0,0,0.0,0,0,0,0,0,0,0
19891223,21400,21800,21400,21800,600,17170,0,0,0.0,0,0,0,0,0,0,0
19891226,22100,22300,21800,21800,0,31590,0,0,0.0,0,0,0,0,0,0,0
19900103,21100,21100,21100,21100,700,20,0,0,0.0,0,0,0,0,0,0,0
19900104,21000,21000,20500,21000,100,3390,0,0,0.0,0,0,0,0,0,0,0
19900105,20000,20500,20000,20300,700,2250,0,0,0.0,0,0,0,0,0,0,0
19900106,20300,20300,20200,20200,100,1350,0,0,0.0,0,0,0,0,0,0,0
19900108,20000,21000,20000,21000,800,2750,0,0,0.0,0,0,0,0,0,0,0
19900109,21000,21000,20800,20900,100,3690,0,0,0.0,0,0,0,0,0,0,0
19900110,20900,20900,20500,20500,400,4100,0,0,0.0,0,0,0,0,0,0,0
19900111,20500,20500,20000,20000,500,3660,0,0,0.0,0,0,0,0,0,0,0
19900112,20000,20000,19900,19900,100,9420,0,0,0.0,0,0,0,0,0,0,0
19900113,20000,20000,19700,19700,200,1810,0,0,0.0,0,0,0,0,0,0,0
19900115,19700,20000,19700,19700,0,2930,0,0,0.0,0,0,0,0,0,0,0
19900116,19700,19900,19400,19700,0,1100,0,0,0.0,0,0,0,0,0,0,0
19900117,19700,19800,19700,19700,0,1550,0,0,0.0,0,0,0,0,0,0,0
19900118,19700,19700,19700,19700,0,0,0,0,0.0,0,0,0,0,0,0,0
19900119,19100,19400,19100,19200,500,1060,0,0,0.0,0,0,0,0,0,0,0
19900120,19100,19300,19100,19300,100,800,0,0,0.0,0,0,0,0,0,0,0
19900122,19000,20000,19000,20000,700,3010,0,0,0.0,0,0,0,0,0,0,0
19900123,20000,20500,19900,20500,500,9460,0,0,0.0,0,0,0,0,0,0,0
19900124,20700,20900,20700,20900,400,7680,0,0,0.0,0,0,0,0,0,0,0
19900125,21100,21300,21100,21300,400,13080,0,0,0.0,0,0,0,0,0,0,0
19900129,20300,21400,20300,21400,100,1540,0,0,0.0,0,0,0,0,0,0,0
19900130,21400,21700,21400,21700,300,14470,0,0,0.0,0,0,0,0,0,0,0
19900131,21500,21800,21500,21800,100,15240,0,0,0.0,0,0,0,0,0,0,0
19900201,21000,21500,21000,21500,300,1550,0,0,0.0,0,0,0,0,0,0,0
19900202,21200,21300,21000,21000,500,900,0,0,0.0,0,0,0,0,0,0,0
19900203,20700,21100,20700,21100,100,770,0,0,0.0,0,0,0,0,0,0,0
19900205,21100,21200,20900,20900,200,290,0,0,0.0,0,0,0,0,0,0,0
19900206,20000,21200,20000,21100,200,1570,0,0,0.0,0,0,0,0,0,0,0
19900207,21200,21200,21200,21200,100,380,0,0,0.0,0,0,0,0,0,0,0
19900208,20800,21200,20500,21200,0,280,0,0,0.0,0,0,0,0,0,0,0
19900209,21000,21500,21000,21300,100,3030,0,0,0.0,0,0,0,0,0,0,0
19900210,21300,21300,21300,21300,0,160,0,0,0.0,0,0,0,0,0,0,0
19900212,21000,21100,20800,21100,200,530,0,0,0.0,0,0,0,0,0,0,0
19900213,21000,21000,21000,21000,100,10,0,0,0.0,0,0,0,0,0,0,0
19900214,20500,21500,20500,21500,500,1330,0,0,0.0,0,0,0,0,0,0,0
19900215,20700,21300,20700,21300,200,90,0,0,0.0,0,0,0,0,0,0,0
19900216,21000,21000,21000,21000,300,550,0,0,0.0,0,0,0,0,0,0,0
19900217,20700,20900,20700,20900,100,780,0,0,0.0,0,0,0,0,0,0,0
19900219,20700,20800,20700,20800,100,410,0,0,0.0,0,0,0,0,0,0,0
19900220,20700,21000,20700,21000,200,1950,0,0,0.0,0,0,0,0,0,0,0
19900221,20800,21100,20800,21000,0,1550,0,0,0.0,0,0,0,0,0,0,0
19900222,20600,21400,20600,21400,400,570,0,0,0.0,0,0,0,0,0,0,0
19900223,21400,21400,21000,21000,400,940,0,0,0.0,0,0,0,0,0,0,0
19900224,21000,21200,20100,21200,200,1860,0,0,0.0,0,0,0,0,0,0,0
19900226,20900,20900,20300,20700,500,380,0,0,0.0,0,0,0,0,0,0,0
19900227,21000,21100,21000,21000,300,3250,0,0,0.0,0,0,0,0,0,0,0
19900228,21000,21000,20500,20500,500,11670,0,0,0.0,0,0,0,0,0,0,0
19900302,20600,21100,20600,21100,600,5000,0,0,0.0,0,0,0,0,0,0,0
19900303,20600,20600,20600,20600,500,60,0,0,0.0,0,0,0,0,0,0,0
19900305,20700,20800,20700,20700,100,350,0,0,0.0,0,0,0,0,0,0,0
19900306,20700,20700,20400,20700,0,750,0,0,0.0,0,0,0,0,0,0,0
19900307,20000,20500,20000,20500,200,340,0,0,0.0,0,0,0,0,0,0,0
19900308,20300,20300,20200,20200,300,250,0,0,0.0,0,0,0,0,0,0,0
19900309,20200,20200,20200,20200,0,170,0,0,0.0,0,0,0,0,0,0,0
19900312,20100,20100,20100,20100,100,450,0,0,0.0,0,0,0,0,0,0,0
19900313,20000,20000,20000,20000,100,10,0,0,0.0,0,0,0,0,0,0,0
19900314,19400,19400,19300,19400,600,550,0,0,0.0,0,0,0,0,0,0,0
19900315,19700,19700,19700,19700,300,10320,0,0,0.0,0,0,0,0,0,0,0
19900316,19500,20200,19500,20200,500,600,0,0,0.0,0,0,0,0,0,0,0
19900317,20000,20000,20000,20000,200,0,0,0,0.0,0,0,0,0,0,0,0
19900319,20500,20500,19900,19900,100,490,0,0,0.0,0,0,0,0,0,0,0
19900320,20000,20000,19900,19900,0,130,0,0,0.0,0,0,0,0,0,0,0
19900321,19900,20000,19900,20000,100,270,0,0,0.0,0,0,0,0,0,0,0
19900322,19700,19700,19500,19700,300,870,0,0,0.0,0,0,0,0,0,0,0
19900323,20000,20000,19500,19500,200,11280,0,0,0.0,0,0,0,0,0,0,0
19900324,19200,19400,19200,19400,100,160,0,0,0.0,0,0,0,0,0,0,0
19900326,19400,19400,19400,19400,0,140,0,0,0.0,0,0,0,0,0,0,0
19900327,19500,20000,19500,19500,100,810,0,0,0.0,0,0,0,0,0,0,0
19900328,19500,19500,19500,19500,0,150,0,0,0.0,0,0,0,0,0,0,0
19900329,19500,19500,19500,19500,0,350,0,0,0.0,0,0,0,0,0,0,0
19900330,19500,19900,19500,19900,400,10110,0,0,0.0,0,0,0,0,0,0,0
19900331,20300,20300,20300,20300,400,1000,0,0,0.0,0,0,0,0,0,0,0
19900402,20000,20000,20000,20000,300,0,0,0,0.0,0,0,0,0,0,0,0
19900403,19600,19600,19600,19600,400,10,0,0,0.0,0,0,0,0,0,0,0
19900404,19500,19500,19500,19500,100,400,0,0,0.0,0,0,0,0,0,0,0
19900406,19300,19300,19300,19300,200,70,0,0,0.0,0,0,0,0,0,0,0
19900407,19500,19900,19500,19900,600,40,0,0,0.0,0,0,0,0,0,0,0
19900409,19900,19900,19900,19900,0,10,0,0,0.0,0,0,0,0,0,0,0
19900410,19800,19800,19800,19800,100,0,0,0,0.0,0,0,0,0,0,0,0
19900411,19400,19400,19400,19400,400,50,0,0,0.0,0,0,0,0,0,0,0
19900412,19400,19400,19400,19400,0,470,0,0,0.0,0,0,0,0,0,0,0
19900413,19400,19400,19400,19400,0,60,0,0,0.0,0,0,0,0,0,0,0
19900414,19200,19200,19200,19200,200,60,0,0,0.0,0,0,0,0,0,0,0
19900416,19200,19200,18800,18800,400,550,0,0,0.0,0,0,0,0,0,0,0
19900417,19200,19600,19200,19600,800,110,0,0,0.0,0,0,0,0,0,0,0
19900418,19600,19600,19400,19400,200,60,0,0,0.0,0,0,0,0,0,0,0
19900419,18800,18800,18800,18800,600,100,0,0,0.0,0,0,0,0,0,0,0
19900420,18600,18600,18000,18000,800,650,0,0,0.0,0,0,0,0,0,0,0
19900421,18000,18000,18000,18000,0,0,0,0,0.0,0,0,0,0,0,0,0
19900423,18100,18200,18100,18100,100,370,0,0,0.0,0,0,0,0,0,0,0
19900424,18100,18100,18000,18000,100,190,0,0,0.0,0,0,0,0,0,0,0
19900425,17500,17500,17500,17500,500,0,0,0,0.0,0,0,0,0,0,0,0
19900426,16800,16800,16800,16800,700,40,0,0,0.0,0,0,0,0,0,0,0
19900427,17000,17000,17000,17000,200,10,0,0,0.0,0,0,0,0,0,0,0
19900428,16700,16700,16700,16700,300,180,0,0,0.0,0,0,0,0,0,0,0
19900430,16700,16700,16700,16700,0,390,0,0,0.0,0,0,0,0,0,0,0
19900501,16700,17500,16700,17500,800,110,0,0,0.0,0,0,0,0,0,0,0
19900503,18300,18300,18300,18300,800,760,0,0,0.0,0,0,0,0,0,0,0
19900504,18300,18800,18000,18600,300,1900,0,0,0.0,0,0,0,0,0,0,0
19900507,18600,18600,18400,18400,200,450,0,0,0.0,0,0,0,0,0,0,0
19900508,18600,18600,18600,18600,200,10,0,0,0.0,0,0,0,0,0,0,0
19900509,18600,18600,18600,18600,0,1360,0,0,0.0,0,0,0,0,0,0,0
19900510,17800,17800,17800,17800,800,400,0,0,0.0,0,0,0,0,0,0,0
19900511,17900,17900,17900,17900,100,10,0,0,0.0,0,0,0,0,0,0,0
19900512,17700,17700,17700,17700,200,0,0,0,0.0,0,0,0,0,0,0,0
19900514,17200,17200,17200,17200,500,0,0,0,0.0,0,0,0,0,0,0,0
19900515,16800,18000,16800,18000,800,130,0,0,0.0,0,0,0,0,0,0,0
19900516,18000,18800,18000,18700,700,3370,0,0,0.0,0,0,0,0,0,0,0
19900517,18900,18900,18400,18400,300,180,0,0,0.0,0,0,0,0,0,0,0
19900518,17700,18200,17700,18200,200,410,0,0,0.0,0,0,0,0,0,0,0
19900519,18100,18100,18100,18100,100,0,0,0,0.0,0,0,0,0,0,0,0
19900521,18100,18100,18100,18100,0,10,0,0,0.0,0,0,0,0,0,0,0
19900522,18100,18200,18000,18000,100,6410,0,0,0.0,0,0,0,0,0,0,0
19900523,18100,18400,18000,18100,100,5380,0,0,0.0,0,0,0,0,0,0,0
19900524,18000,18000,18000,18000,100,0,0,0,0.0,0,0,0,0,0,0,0
19900525,18000,18000,18000,18000,0,20,0,0,0.0,0,0,0,0,0,0,0
19900526,18000,18000,18000,18000,0,130,0,0,0.0,0,0,0,0,0,0,0
19900528,17900,17900,17200,17200,800,320,0,0,0.0,0,0,0,0,0,0,0
19900529,17600,17600,17600,17600,400,1110,0,0,0.0,0,0,0,0,0,0,0
19900530,17900,17900,17300,17300,300,110,0,0,0.0,0,0,0,0,0,0,0
19900531,17300,17800,17300,17500,200,1060,0,0,0.0,0,0,0,0,0,0,0
19900601,17700,17700,17600,17600,100,510,0,0,0.0,0,0,0,0,0,0,0
19900602,17600,17700,17600,17700,100,2050,0,0,0.0,0,0,0,0,0,0,0
19900604,17800,18400,17800,17800,100,330,0,0,0.0,0,0,0,0,0,0,0
19900605,18100,18100,17900,17900,100,800,0,0,0.0,0,0,0,0,0,0,0
19900607,17800,17800,17800,17800,100,0,0,0,0.0,0,0,0,0,0,0,0
19900608,17400,17800,17400,17800,0,120,0,0,0.0,0,0,0,0,0,0,0
19900609,17700,17700,17700,17700,100,0,0,0,0.0,0,0,0,0,0,0,0
19900611,17500,17500,17200,17200,500,300,0,0,0.0,0,0,0,0,0,0,0
19900612,17200,17200,17000,17000,200,200,0,0,0.0,0,0,0,0,0,0,0
19900613,16900,16900,16800,16900,100,760,0,0,0.0,0,0,0,0,0,0,0
19900614,16900,16900,16800,16800,100,450,0,0,0.0,0,0,0,0,0,0,0
19900615,16800,17600,16700,16700,100,160,0,0,0.0,0,0,0,0,0,0,0
19900616,16600,16600,16500,16500,200,140,0,0,0.0,0,0,0,0,0,0,0
19900618,16100,16100,16100,16100,400,300,0,0,0.0,0,0,0,0,0,0,0
19900619,16100,16100,15900,16000,100,1380,0,0,0.0,0,0,0,0,0,0,0
19900620,15900,15900,15900,15900,100,80,0,0,0.0,0,0,0,0,0,0,0
19900621,15800,15800,15800,15800,100,100,0,0,0.0,0,0,0,0,0,0,0
19900622,15800,15800,15800,15800,0,210,0,0,0.0,0,0,0,0,0,0,0
19900623,15800,15800,15800,15800,0,0,0,0,0.0,0,0,0,0,0,0,0
19900625,15300,15600,15300,15600,200,1680,0,0,0.0,0,0,0,0,0,0,0
19900626,15600,15600,15500,15500,100,30,0,0,0.0,0,0,0,0,0,0,0
19900627,15500,15500,15500,15500,0,0,0,0,0.0,0,0,0,0,0,0,0
19900628,15000,15000,15000,15000,500,80,0,0,0.0,0,0,0,0,0,0,0
19900629,15000,15000,15000,15000,0,100,0,0,0.0,0,0,0,0,0,0,0
19900630,14900,14900,14200,14900,100,1090,0,0,0.0,0,0,0,0,0,0,0
19900702,15200,15200,15200,15200,300,270,0,0,0.0,0,0,0,0,0,0,0
19900703,15900,16000,15900,16000,800,660,0,0,0.0,0,0,0,0,0,0,0
19900704,15800,15800,15800,15800,200,0,0,0,0.0,0,0,0,0,0,0,0
19900705,15600,15600,15600,15600,200,0,0,0,0.0,0,0,0,0,0,0,0
19900706,15600,15600,15600,15600,0,0,0,0,0.0,0,0,0,0,0,0,0
19900707,15400,15400,15400,15400,200,100,0,0,0.0,0,0,0,0,0,0,0
19900709,15000,15000,15000,15000,400,100,0,0,0.0,0,0,0,0,0,0,0
19900710,15000,15000,15000,15000,0,10,0,0,0.0,0,0,0,0,0,0,0
19900711,14800,14800,14800,14800,200,1410,0,0,0.0,0,0,0,0,0,0,0
19900712,14700,14700,14700,14700,100,170,0,0,0.0,0,0,0,0,0,0,0
19900713,14400,14400,14100,14400,300,650,0,0,0.0,0,0,0,0,0,0,0
19900714,14400,14400,14400,14400,0,10,0,0,0.0,0,0,0,0,0,0,0
19900716,14400,14400,14400,14400,0,0,0,0,0.0,0,0,0,0,0,0,0
19900718,14700,14700,14700,14700,300,30,0,0,0.0,0,0,0,0,0,0,0
19900719,14600,14600,14600,14600,100,10,0,0,0.0,0,0,0,0,0,0,0
19900720,14600,14600,14600,14600,0,210,0,0,0.0,0,0,0,0,0,0,0
19900721,14300,14300,14100,14300,300,1440,0,0,0.0,0,0,0,0,0,0,0
19900723,14400,14400,14400,14400,100,680,0,0,0.0,0,0,0,0,0,0,0
19900724,14300,14300,14300,14300,100,2120,0,0,0.0,0,0,0,0,0,0,0
19900725,14200,14300,14200,14300,0,200,0,0,0.0,0,0,0,0,0,0,0
19900726,14000,14000,13900,13900,400,20,0,0,0.0,0,0,0,0,0,0,0
19900727,14000,14000,14000,14000,100,1420,0,0,0.0,0,0,0,0,0,0,0
19900728,14000,14000,14000,14000,0,10,0,0,0.0,0,0,0,0,0,0,0
19900730,14000,14000,14000,14000,0,0,0,0,0.0,0,0,0,0,0,0,0
19900731,13800,14100,13800,14100,100,20,0,0,0.0,0,0,0,0,0,0,0
19900801,14700,14700,14700,14700,600,10,0,0,0.0,0,0,0,0,0,0,0
19900802,14900,14900,14900,14900,200,130,0,0,0.0,0,0,0,0,0,0,0
19900803,15000,15000,14900,15000,100,400,0,0,0.0,0,0,0,0,0,0,0
19900804,14800,14800,14800,14800,200,1010,0,0,0.0,0,0,0,0,0,0,0
19900806,14800,14800,14800,14800,0,1050,0,0,0.0,0,0,0,0,0,0,0
19900807,14200,14500,14200,14500,300,440,0,0,0.0,0,0,0,0,0,0,0
19900808,14400,14400,14400,14400,100,2000,0,0,0.0,0,0,0,0,0,0,0
19900809,14400,14800,14400,14800,400,2040,0,0,0.0,0,0,0,0,0,0,0
19900810,14700,15200,14700,15100,300,4200,0,0,0.0,0,0,0,0,0,0,0
19900811,15100,15100,15100,15100,0,2130,0,0,0.0,0,0,0,0,0,0,0
19900813,14700,14800,14700,14800,300,430,0,0,0.0,0,0,0,0,0,0,0
19900814,14600,14600,14400,14400,400,890,0,0,0.0,0,0,0,0,0,0,0
19900816,14600,14600,14000,14100,300,1600,0,0,0.0,0,0,0,0,0,0,0
19900817,13700,14000,13700,14000,100,220,0,0,0.0,0,0,0,0,0,0,0
19900818,14000,14000,13700,13700,300,960,0,0,0.0,0,0,0,0,0,0,0
19900820,13800,13800,13500,13500,200,1950,0,0,0.0,0,0,0,0,0,0,0
19900821,13700,13900,13700,13700,200,9100,0,0,0.0,0,0,0,0,0,0,0
19900822,13700,13700,13600,13600,100,3210,0,0,0.0,0,0,0,0,0,0,0
19900823,13300,13300,13000,13000,600,11450,0,0,0.0,0,0,0,0,0,0,0
19900824,13000,13400,12400,13400,400,12570,0,0,0.0,0,0,0,0,0,0,0
19900825,13400,13400,13400,13400,0,5580,0,0,0.0,0,0,0,0,0,0,0
19900827,14000,14000,13700,14000,600,4740,0,0,0.0,0,0,0,0,0,0,0
19900828,14600,14600,14600,14600,600,200,0,0,0.0,0,0,0,0,0,0,0
19900829,15000,15000,14000,14700,100,4070,0,0,0.0,0,0,0,0,0,0,0
19900830,14600,14600,14100,14200,500,440,0,0,0.0,0,0,0,0,0,0,0
19900831,13600,14200,13600,14200,0,6010,0,0,0.0,0,0,0,0,0,0,0
19900901,14300,14300,14300,14300,100,950,0,0,0.0,0,0,0,0,0,0,0
19900903,14300,14800,14300,14800,500,550,0,0,0.0,0,0,0,0,0,0,0
19900904,14800,14800,14800,14800,0,550,0,0,0.0,0,0,0,0,0,0,0
19900905,14200,14200,14200,14200,600,200,0,0,0.0,0,0,0,0,0,0,0
19900906,14300,14300,14300,14300,100,3000,0,0,0.0,0,0,0,0,0,0,0
19900907,14200,14300,14200,14300,0,7000,0,0,0.0,0,0,0,0,0,0,0
19900908,14300,14300,14300,14300,0,2000,0,0,0.0,0,0,0,0,0,0,0
19900910,14400,14400,14400,14400,100,2000,0,0,0.0,0,0,0,0,0,0,0
19900911,14000,14400,14000,14400,0,2480,0,0,0.0,0,0,0,0,0,0,0
19900912,13800,14300,13800,14300,100,520,0,0,0.0,0,0,0,0,0,0,0
19900913,13700,14100,13700,14100,200,150,0,0,0.0,0,0,0,0,0,0,0
19900914,14000,14100,14000,14100,0,6000,0,0,0.0,0,0,0,0,0,0,0
19900915,13800,13800,13500,13500,600,300,0,0,0.0,0,0,0,0,0,0,0
19900917,13300,13300,13000,13000,500,40,0,0,0.0,0,0,0,0,0,0,0
19900918,13000,13000,13000,13000,0,450,0,0,0.0,0,0,0,0,0,0,0
19900919,13300,13300,13000,13200,200,1950,0,0,0.0,0,0,0,0,0,0,0
19900920,13000,13000,12800,12800,400,390,0,0,0.0,0,0,0,0,0,0,0
19900921,12500,12800,12500,12800,0,4500,0,0,0.0,0,0,0,0,0,0,0
19900922,12800,12800,12800,12800,0,50,0,0,0.0,0,0,0,0,0,0,0
19900924,12900,13400,12500,13400,600,1180,0,0,0.0,0,0,0,0,0,0,0
19900925,13200,13200,13200,13200,200,0,0,0,0.0,0,0,0,0,0,0,0
19900926,13300,13300,13300,13300,100,4000,0,0,0.0,0,0,0,0,0,0,0
19900927,13300,13300,13300,13300,0,5000,0,0,0.0,0,0,0,0,0,0,0
19900928,13300,13400,13300,13400,100,1760,0,0,0.0,0,0,0,0,0,0,0
19900929,13400,13400,13400,13400,0,0,0,0,0.0,0,0,0,0,0,0,0
19901005,13100,13500,13100,13400,0,5030,0,0,0.0,0,0,0,0,0,0,0
19901006,12900,12900,12900,12900,500,100,0,0,0.0,0,0,0,0,0,0,0
19901008,12700,13200,12700,13200,300,610,0,0,0.0,0,0,0,0,0,0,0
19901010,13300,13300,13300,13300,100,1290,0,0,0.0,0,0,0,0,0,0,0
19901011,13200,13200,13200,13200,100,0,0,0,0.0,0,0,0,0,0,0,0
19901012,13200,13200,12900,13200,0,3520,0,0,0.0,0,0,0,0,0,0,0
19901013,13200,13200,13200,13200,0,3870,0,0,0.0,0,0,0,0,0,0,0
19901015,13200,13800,13200,13500,300,2670,0,0,0.0,0,0,0,0,0,0,0
19901016,13500,13500,13200,13200,300,1880,0,0,0.0,0,0,0,0,0,0,0
19901017,13200,13800,13200,13800,600,6700,0,0,0.0,0,0,0,0,0,0,0
19901018,13800,13800,13300,13300,500,480,0,0,0.0,0,0,0,0,0,0,0
19901019,13500,13900,13500,13900,600,8750,0,0,0.0,0,0,0,0,0,0,0
19901020,14200,14500,14000,14500,600,8230,0,0,0.0,0,0,0,0,0,0,0
19901022,15000,15000,14700,14700,200,6520,0,0,0.0,0,0,0,0,0,0,0
19901023,15000,15300,15000,15300,600,8670,0,0,0.0,0,0,0,0,0,0,0
19901024,16100,16100,16100,16100,800,12780,0,0,0.0,0,0,0,0,0,0,0
19901025,16100,16100,15800,15800,300,2060,0,0,0.0,0,0,0,0,0,0,0
19901026,15000,15000,15000,15000,800,0,0,0,0.0,0,0,0,0,0,0,0
19901027,14200,14300,14200,14300,700,560,0,0,0.0,0,0,0,0,0,0,0
19901029,14900,14900,14300,14300,0,1000,0,0,0.0,0,0,0,0,0,0,0
19901030,13800,13800,13700,13700,600,110,0,0,0.0,0,0,0,0,0,0,0
19901031,13100,13700,13100,13700,0,1440,0,0,0.0,0,0,0,0,0,0,0
19901101,13400,14200,13400,14200,500,740,0,0,0.0,0,0,0,0,0,0,0
19901102,14000,14000,14000,14000,200,0,0,0,0.0,0,0,0,0,0,0,0
19901103,13400,14000,13400,14000,0,60,0,0,0.0,0,0,0,0,0,0,0
19901105,13700,14000,13700,13700,300,740,0,0,0.0,0,0,0,0,0,0,0
19901106,13700,14000,13500,14000,300,80,0,0,0.0,0,0,0,0,0,0,0
19901107,14000,14100,13500,14100,100,1340,0,0,0.0,0,0,0,0,0,0,0
19901108,14100,14100,13900,13900,200,210,0,0,0.0,0,0,0,0,0,0,0
19901109,14400,14400,14400,14400,500,1540,0,0,0.0,0,0,0,0,0,0,0
19901110,14000,14000,14000,14000,400,320,0,0,0.0,0,0,0,0,0,0,0
19901112,14000,14200,14000,14200,200,1370,0,0,0.0,0,0,0,0,0,0,0
19901113,13700,14200,13700,14200,0,6950,0,0,0.0,0,0,0,0,0,0,0
19901114,14000,14000,14000,14000,200,120,0,0,0.0,0,0,0,0,0,0,0
19901115,13700,14000,13700,14000,0,600,0,0,0.0,0,0,0,0,0,0,0
19901116,13700,13700,13700,13700,300,70,0,0,0.0,0,0,0,0,0,0,0
19901117,14000,14000,14000,14000,300,50,0,0,0.0,0,0,0,0,0,0,0
19901119,13900,13900,13900,13900,100,0,0,0,0.0,0,0,0,0,0,0,0
19901120,13500,13700,13300,13700,200,220,0,0,0.0,0,0,0,0,0,0,0
19901121,13700,13700,13700,13700,0,0,0,0,0.0,0,0,0,0,0,0,0
19901122,13600,13700,13600,13700,0,470,0,0,0.0,0,0,0,0,0,0,0
19901123,13700,13700,13700,13700,0,0,0,0,0.0,0,0,0,0,0,0,0
19901124,13700,13700,13500,13500,200,170,0,0,0.0,0,0,0,0,0,0,0
19901126,13300,13500,13300,13500,0,240,0,0,0.0,0,0,0,0,0,0,0
19901127,13600,13700,13400,13600,100,480,0,0,0.0,0,0,0,0,0,0,0
19901128,13700,13800,13700,13800,200,900,0,0,0.0,0,0,0,0,0,0,0
19901129,13200,13900,13200,13500,300,140,0,0,0.0,0,0,0,0,0,0,0
19901130,13500,13500,13500,13500,0,100,0,0,0.0,0,0,0,0,0,0,0
19901201,13500,13600,13500,13600,100,110,0,0,0.0,0,0,0,0,0,0,0
19901203,13800,13800,13800,13800,200,1150,0,0,0.0,0,0,0,0,0,0,0
19901204,13800,13800,13800,13800,0,270,0,0,0.0,0,0,0,0,0,0,0
19901205,13700,13700,13600,13600,200,700,0,0,0.0,0,0,0,0,0,0,0
19901206,13800,13900,13700,13800,200,1730,0,0,0.0,0,0,0,0,0,0,0
19901207,14200,14200,14000,14000,200,900,0,0,0.0,0,0,0,0,0,0,0
19901208,14200,14300,14000,14000,0,1250,0,0,0.0,0,0,0,0,0,0,0
19901210,14000,14200,14000,14000,0,750,0,0,0.0,0,0,0,0,0,0,0
19901211,14000,14100,14000,14000,0,1650,0,0,0.0,0,0,0,0,0,0,0
19901212,13800,14000,13800,14000,0,1710,0,0,0.0,0,0,0,0,0,0,0
19901213,14100,14100,14100,14100,100,1000,0,0,0.0,0,0,0,0,0,0,0
19901214,14100,14200,13500,13800,300,3430,0,0,0.0,0,0,0,0,0,0,0
19901215,13800,13800,13800,13800,0,790,0,0,0.0,0,0,0,0,0,0,0
19901217,13700,13900,13700,13900,100,1670,0,0,0.0,0,0,0,0,0,0,0
19901218,13800,13900,13800,13900,0,600,0,0,0.0,0,0,0,0,0,0,0
19901219,13900,13900,13900,13900,0,280,0,0,0.0,0,0,0,0,0,0,0
19901220,13600,14000,13600,14000,100,1930,0,0,0.0,0,0,0,0,0,0,0
19901221,14000,14300,14000,14300,300,5920,0,0,0.0,0,0,0,0,0,0,0
19901222,14400,14500,14400,14400,100,640,0,0,0.0,0,0,0,0,0,0,0
19901224,14500,14700,14400,14700,300,3430,0,0,0.0,0,0,0,0,0,0,0
19901226,14700,15100,14600,15100,400,17650,0,0,0.0,0,0,0,0,0,0,0
19910103,14300,14400,14000,14000,1100,6200,0,0,0.0,0,0,0,0,0,0,0
19910104,14000,14500,13900,14500,500,13150,0,0,0.0,0,0,0,0,0,0,0
19910105,14500,14500,14200,14500,0,15350,0,0,0.0,0,0,0,0,0,0,0
19910107,14200,14300,13900,14100,400,7630,0,0,0.0,0,0,0,0,0,0,0
19910108,14100,14100,14100,14100,0,50,0,0,0.0,0,0,0,0,0,0,0
19910109,14000,14100,13600,13600,500,5510,0,0,0.0,0,0,0,0,0,0,0
19910110,13200,13200,13000,13000,600,1890,0,0,0.0,0,0,0,0,0,0,0
19910111,13600,13600,12600,13600,600,2290,0,0,0.0,0,0,0,0,0,0,0
19910112,13300,13900,13300,13900,300,1420,0,0,0.0,0,0,0,0,0,0,0
19910114,13500,13700,13300,13700,200,1750,0,0,0.0,0,0,0,0,0,0,0
19910115,13100,13100,13100,13100,600,50,0,0,0.0,0,0,0,0,0,0,0
19910116,12600,12600,12600,12600,500,1440,0,0,0.0,0,0,0,0,0,0,0
19910117,12900,13200,12900,13200,600,1550,0,0,0.0,0,0,0,0,0,0,0
19910118,13100,13800,13000,13800,600,6440,0,0,0.0,0,0,0,0,0,0,0
19910119,13500,14000,13500,14000,200,5050,0,0,0.0,0,0,0,0,0,0,0
19910121,13400,13400,13400,13400,600,0,0,0,0.0,0,0,0,0,0,0,0
19910122,12800,13700,12800,13500,100,5590,0,0,0.0,0,0,0,0,0,0,0
19910123,13500,13500,12900,13300,200,170,0,0,0.0,0,0,0,0,0,0,0
19910124,13000,13300,13000,13300,0,410,0,0,0.0,0,0,0,0,0,0,0
19910125,13100,13500,13000,13500,200,4120,0,0,0.0,0,0,0,0,0,0,0
19910126,13200,13200,13200,13200,300,0,0,0,0.0,0,0,0,0,0,0,0
19910128,13200,13200,13200,13200,0,0,0,0,0.0,0,0,0,0,0,0,0
19910129,12800,13400,12800,13100,100,700,0,0,0.0,0,0,0,0,0,0,0
19910130,13000,13300,13000,13300,200,130,0,0,0.0,0,0,0,0,0,0,0
19910131,13000,13300,13000,13300,0,20,0,0,0.0,0,0,0,0,0,0,0
19910201,13300,13300,13100,13100,200,150,0,0,0.0,0,0,0,0,0,0,0
19910202,13100,13100,13100,13100,0,0,0,0,0.0,0,0,0,0,0,0,0
19910204,12900,13000,12900,13000,100,70,0,0,0.0,0,0,0,0,0,0,0
19910205,13100,13100,13000,13000,0,740,0,0,0.0,0,0,0,0,0,0,0
19910206,13000,13100,13000,13100,100,290,0,0,0.0,0,0,0,0,0,0,0
19910207,13200,13200,13000,13000,100,810,0,0,0.0,0,0,0,0,0,0,0
19910208,12900,12900,12900,12900,100,390,0,0,0.0,0,0,0,0,0,0,0
19910209,12800,12800,12800,12800,100,200,0,0,0.0,0,0,0,0,0,0,0
19910211,12700,12700,12700,12700,100,30,0,0,0.0,0,0,0,0,0,0,0
19910212,12800,13200,12800,12800,100,640,0,0,0.0,0,0,0,0,0,0,0
19910213,13000,13000,13000,13000,200,810,0,0,0.0,0,0,0,0,0,0,0
19910218,13000,13500,13000,13400,400,1610,0,0,0.0,0,0,0,0,0,0,0
19910219,13100,13100,13100,13100,300,540,0,0,0.0,0,0,0,0,0,0,0
19910220,13100,13300,13100,13200,100,2650,0,0,0.0,0,0,0,0,0,0,0
19910221,13100,13500,13100,13400,200,8280,0,0,0.0,0,0,0,0,0,0,0
19910222,13400,13600,13300,13400,0,23860,0,0,0.0,0,0,0,0,0,0,0
19910223,13400,13800,13400,13800,400,64130,0,0,0.0,0,0,0,0,0,0,0
19910225,14300,14400,14000,14400,600,30830,0,0,0.0,0,0,0,0,0,0,0
19910226,14400,14600,14000,14600,200,9270,0,0,0.0,0,0,0,0,0,0,0
19910227,14100,14600,14100,14600,0,17840,0,0,0.0,0,0,0,0,0,0,0
19910228,14600,14600,14300,14600,0,14890,0,0,0.0,0,0,0,0,0,0,0
19910302,14600,14700,14400,14700,100,10060,0,0,0.0,0,0,0,0,0,0,0
19910304,14500,15100,14500,14800,100,7930,0,0,0.0,0,0,0,0,0,0,0
19910305,14700,14900,14600,14900,100,14650,0,0,0.0,0,0,0,0,0,0,0
19910306,15000,15000,14800,15000,100,9250,0,0,0.0,0,0,0,0,0,0,0
19910307,15000,15000,15000,15000,0,5980,0,0,0.0,0,0,0,0,0,0,0
19910308,14700,14700,14600,14700,300,1010,0,0,0.0,0,0,0,0,0,0,0
19910309,14300,14600,14300,14600,100,1180,0,0,0.0,0,0,0,0,0,0,0
19910311,14600,14600,14500,14500,100,230,0,0,0.0,0,0,0,0,0,0,0
19910312,14700,15000,14500,14600,100,8990,0,0,0.0,0,0,0,0,0,0,0
19910313,14800,14800,14300,14300,300,2470,0,0,0.0,0,0,0,0,0,0,0
19910314,14300,14300,14200,14200,100,320,0,0,0.0,0,0,0,0,0,0,0
19910315,14200,14300,14200,14300,100,3370,0,0,0.0,0,0,0,0,0,0,0
19910316,14200,14200,13900,13900,400,250,0,0,0.0,0,0,0,0,0,0,0
19910318,14100,14100,13800,13800,100,4100,0,0,0.0,0,0,0,0,0,0,0
19910319,14100,14100,13700,13900,100,1470,0,0,0.0,0,0,0,0,0,0,0
19910320,13900,14100,13800,14000,100,2520,0,0,0.0,0,0,0,0,0,0,0
19910321,13900,13900,13600,13900,100,12300,0,0,0.0,0,0,0,0,0,0,0
19910322,14000,14200,13900,13900,0,7220,0,0,0.0,0,0,0,0,0,0,0
19910323,14100,14500,14000,14500,600,20340,0,0,0.0,0,0,0,0,0,0,0
19910325,14700,14800,14200,14200,300,11100,0,0,0.0,0,0,0,0,0,0,0
19910327,14500,14700,14300,14400,200,7780,0,0,0.0,0,0,0,0,0,0,0
19910328,14700,15000,14700,15000,600,34740,0,0,0.0,0,0,0,0,0,0,0
19910329,15600,15600,15100,15100,100,55110,0,0,0.0,0,0,0,0,0,0,0
19910330,15300,15400,14300,14300,800,5240,0,0,0.0,0,0,0,0,0,0,0
19910401,14600,14600,14300,14400,100,5480,0,0,0.0,0,0,0,0,0,0,0
19910402,13900,14100,13900,14100,300,4170,0,0,0.0,0,0,0,0,0,0,0
19910403,13600,14100,13600,13800,300,3840,0,0,0.0,0,0,0,0,0,0,0
19910404,13700,14000,13700,13900,100,4750,0,0,0.0,0,0,0,0,0,0,0
19910406,13700,13900,13700,13900,0,710,0,0,0.0,0,0,0,0,0,0,0
19910408,14000,14000,13700,13700,200,920,0,0,0.0,0,0,0,0,0,0,0
19910409,13600,13600,13500,13600,100,2350,0,0,0.0,0,0,0,0,0,0,0
19910410,13600,13600,13500,13500,100,1300,0,0,0.0,0,0,0,0,0,0,0
19910411,13500,13500,13100,13500,0,6060,0,0,0.0,0,0,0,0,0,0,0
19910412,13200,13500,13100,13500,0,3060,0,0,0.0,0,0,0,0,0,0,0
19910413,13500,13500,13500,13500,0,1100,0,0,0.0,0,0,0,0,0,0,0
19910415,13500,13500,13200,13500,0,2450,0,0,0.0,0,0,0,0,0,0,0
19910416,13200,13500,13200,13500,0,2400,0,0,0.0,0,0,0,0,0,0,0
19910417,13400,13500,13300,13500,0,3570,0,0,0.0,0,0,0,0,0,0,0
19910418,13300,13500,13200,13500,0,2300,0,0,0.0,0,0,0,0,0,0,0
19910419,13500,13500,13200,13200,300,150,0,0,0.0,0,0,0,0,0,0,0
19910420,13100,13100,13000,13100,100,1700,0,0,0.0,0,0,0,0,0,0,0
19910422,13000,13000,13000,13000,100,10,0,0,0.0,0,0,0,0,0,0,0
19910423,13200,13500,13200,13500,500,1390,0,0,0.0,0,0,0,0,0,0,0
19910424,13400,13500,13100,13300,200,1030,0,0,0.0,0,0,0,0,0,0,0
19910425,13200,13200,13000,13100,200,610,0,0,0.0,0,0,0,0,0,0,0
19910426,13000,13300,13000,13300,200,1950,0,0,0.0,0,0,0,0,0,0,0
19910427,13000,13000,13000,13000,300,220,0,0,0.0,0,0,0,0,0,0,0
19910429,13100,13500,13100,13500,500,3610,0,0,0.0,0,0,0,0,0,0,0
19910430,13500,13500,13500,13500,0,200,0,0,0.0,0,0,0,0,0,0,0
19910501,13300,13300,13200,13200,300,270,0,0,0.0,0,0,0,0,0,0,0
19910502,13500,13500,13300,13300,100,1920,0,0,0.0,0,0,0,0,0,0,0
19910503,13300,13300,13100,13100,200,340,0,0,0.0,0,0,0,0,0,0,0
19910504,13100,13100,13100,13100,0,20,0,0,0.0,0,0,0,0,0,0,0
19910506,13100,13200,13000,13000,100,1900,0,0,0.0,0,0,0,0,0,0,0
19910507,13000,13000,12900,13000,0,1800,0,0,0.0,0,0,0,0,0,0,0
19910508,13000,13000,12900,12900,100,1450,0,0,0.0,0,0,0,0,0,0,0
19910509,13000,13000,12800,13000,100,530,0,0,0.0,0,0,0,0,0,0,0
19910510,13000,13000,12800,12800,200,560,0,0,0.0,0,0,0,0,0,0,0
19910511,12700,12800,12700,12800,0,650,0,0,0.0,0,0,0,0,0,0,0
19910513,12800,12800,12800,12800,0,990,0,0,0.0,0,0,0,0,0,0,0
19910514,12800,12900,12800,12900,100,420,0,0,0.0,0,0,0,0,0,0,0
19910515,12800,12800,12800,12800,100,320,0,0,0.0,0,0,0,0,0,0,0
19910516,12800,13200,12800,13200,400,410,0,0,0.0,0,0,0,0,0,0,0
19910517,12800,13000,12800,13000,200,1630,0,0,0.0,0,0,0,0,0,0,0
19910518,13000,13000,12900,12900,100,2180,0,0,0.0,0,0,0,0,0,0,0
19910520,13000,13000,12800,12800,100,6460,0,0,0.0,0,0,0,0,0,0,0
19910522,12800,12900,12800,12900,100,480,0,0,0.0,0,0,0,0,0,0,0
19910523,12900,13100,12800,13100,200,1070,0,0,0.0,0,0,0,0,0,0,0
19910524,12800,13000,12800,13000,100,1530,0,0,0.0,0,0,0,0,0,0,0
19910525,12800,13100,12800,13100,100,1320,0,0,0.0,0,0,0,0,0,0,0
19910527,12800,13100,12800,13100,0,1220,0,0,0.0,0,0,0,0,0,0,0
19910528,13000,13000,13000,13000,100,2370,0,0,0.0,0,0,0,0,0,0,0
19910529,12800,13000,12800,13000,0,1240,0,0,0.0,0,0,0,0,0,0,0
19910530,12900,12900,12900,12900,100,300,0,0,0.0,0,0,0,0,0,0,0
19910531,12500,13000,12500,13000,100,1740,0,0,0.0,0,0,0,0,0,0,0
19910601,12600,12800,12600,12800,200,570,0,0,0.0,0,0,0,0,0,0,0
19910603,12600,13000,12600,13000,200,2850,0,0,0.0,0,0,0,0,0,0,0
19910604,12600,13000,12500,13000,0,1420,0,0,0.0,0,0,0,0,0,0,0
19910605,12600,13300,12600,13300,300,2870,0,0,0.0,0,0,0,0,0,0,0
19910607,13100,13200,13100,13200,100,1020,0,0,0.0,0,0,0,0,0,0,0
19910608,12800,13200,12800,13200,0,2100,0,0,0.0,0,0,0,0,0,0,0
19910610,13000,13000,12900,12900,300,6130,0,0,0.0,0,0,0,0,0,0,0
19910611,13000,13100,13000,13100,200,570,0,0,0.0,0,0,0,0,0,0,0
19910612,13000,13100,13000,13100,0,7520,0,0,0.0,0,0,0,0,0,0,0
19910613,13200,13300,13000,13300,200,2500,0,0,0.0,0,0,0,0,0,0,0
19910614,13400,13500,13400,13500,200,1510,0,0,0.0,0,0,0,0,0,0,0
19910615,13500,13500,13500,13500,0,2050,0,0,0.0,0,0,0,0,0,0,0
19910617,13400,13400,13400,13400,100,0,0,0,0.0,0,0,0,0,0,0,0
19910618,13200,13400,13200,13400,0,7790,0,0,0.0,0,0,0,0,0,0,0
19910619,13000,13400,13000,13400,0,3180,0,0,0.0,0,0,0,0,0,0,0
19910621,13400,13500,13400,13500,100,2090,0,0,0.0,0,0,0,0,0,0,0
19910622,13400,13500,13200,13500,0,3210,0,0,0.0,0,0,0,0,0,0,0
19910624,13300,13300,13300,13300,200,2680,0,0,0.0,0,0,0,0,0,0,0
19910625,13300,13400,13300,13400,100,550,0,0,0.0,0,0,0,0,0,0,0
19910626,13300,13500,13300,13500,100,1130,0,0,0.0,0,0,0,0,0,0,0
19910627,13500,13500,13500,13500,0,3000,0,0,0.0,0,0,0,0,0,0,0
19910628,13400,13400,13400,13400,100,0,0,0,0.0,0,0,0,0,0,0,0
19910629,13300,13500,13300,13500,100,2460,0,0,0.0,0,0,0,0,0,0,0
19910701,13300,14000,13300,14000,500,2580,0,0,0.0,0,0,0,0,0,0,0
19910702,13500,14000,13500,14000,0,1160,0,0,0.0,0,0,0,0,0,0,0
19910703,13600,13900,13500,13900,100,1880,0,0,0.0,0,0,0,0,0,0,0
19910704,13500,13900,13500,13900,0,2240,0,0,0.0,0,0,0,0,0,0,0
19910705,13800,13800,13600,13800,100,2080,0,0,0.0,0,0,0,0,0,0,0
19910706,13800,13900,13800,13900,100,2270,0,0,0.0,0,0,0,0,0,0,0
19910708,13800,13800,13800,13800,100,0,0,0,0.0,0,0,0,0,0,0,0
19910709,13500,13800,13200,13800,0,2450,0,0,0.0,0,0,0,0,0,0,0
19910710,13400,13400,13400,13400,400,600,0,0,0.0,0,0,0,0,0,0,0
19910711,13000,13500,13000,13500,100,70,0,0,0.0,0,0,0,0,0,0,0
19910712,13500,13500,13000,13000,500,1020,0,0,0.0,0,0,0,0,0,0,0
19910713,13000,13500,13000,13100,100,380,0,0,0.0,0,0,0,0,0,0,0
19910715,13400,13400,13400,13400,300,20,0,0,0.0,0,0,0,0,0,0,0
19910716,12800,13100,12800,13100,300,1720,0,0,0.0,0,0,0,0,0,0,0
19910718,12900,13100,12900,13000,100,1520,0,0,0.0,0,0,0,0,0,0,0
19910719,13100,13100,12900,13000,0,3440,0,0,0.0,0,0,0,0,0,0,0
19910720,13000,13000,13000,13000,0,2280,0,0,0.0,0,0,0,0,0,0,0
19910722,13100,13400,13100,13300,300,7620,0,0,0.0,0,0,0,0,0,0,0
19910723,13300,13300,13100,13300,0,4310,0,0,0.0,0,0,0,0,0,0,0
19910724,13400,13400,13300,13300,0,3010,0,0,0.0,0,0,0,0,0,0,0
19910725,13300,13500,13300,13500,200,8410,0,0,0.0,0,0,0,0,0,0,0
19910726,13300,13300,13100,13300,200,1610,0,0,0.0,0,0,0,0,0,0,0
19910727,13400,13900,13400,13700,400,7310,0,0,0.0,0,0,0,0,0,0,0
19910729,13700,14300,13600,14300,600,6910,0,0,0.0,0,0,0,0,0,0,0
19910730,13900,14500,13900,14100,200,5670,0,0,0.0,0,0,0,0,0,0,0
19910731,13700,13900,13700,13700,400,1590,0,0,0.0,0,0,0,0,0,0,0
19910801,13700,13700,13300,13300,400,5140,0,0,0.0,0,0,0,0,0,0,0
19910802,13200,13800,13200,13800,500,16710,0,0,0.0,0,0,0,0,0,0,0
19910803,13700,13800,13700,13700,100,5340,0,0,0.0,0,0,0,0,0,0,0
19910805,13700,13700,13400,13700,0,7130,0,0,0.0,0,0,0,0,0,0,0
19910806,13700,13900,13700,13700,0,18030,0,0,0.0,0,0,0,0,0,0,0
19910807,13700,13900,13700,13700,0,8430,0,0,0.0,0,0,0,0,0,0,0
19910808,13600,14000,13600,14000,300,10690,0,0,0.0,0,0,0,0,0,0,0
19910809,13900,14200,13900,14200,200,6850,0,0,0.0,0,0,0,0,0,0,0
19910810,13600,13800,13600,13800,400,10500,0,0,0.0,0,0,0,0,0,0,0
19910812,13600,13700,13600,13700,100,9530,0,0,0.0,0,0,0,0,0,0,0
19910813,13500,13500,13500,13500,200,3920,0,0,0.0,0,0,0,0,0,0,0
19910814,13500,13500,13300,13300,200,10090,0,0,0.0,0,0,0,0,0,0,0
19910816,13200,13200,13200,13200,100,3690,0,0,0.0,0,0,0,0,0,0,0
19910817,13000,13800,13000,13800,600,1010,0,0,0.0,0,0,0,0,0,0,0
19910819,13500,13500,13500,13500,300,5000,0,0,0.0,0,0,0,0,0,0,0
19910820,13000,13500,13000,13500,0,3200,0,0,0.0,0,0,0,0,0,0,0
19910821,13000,13500,13000,13500,0,700,0,0,0.0,0,0,0,0,0,0,0
19910822,13400,13600,13400,13600,100,1060,0,0,0.0,0,0,0,0,0,0,0
19910823,13200,13200,13200,13200,400,160,0,0,0.0,0,0,0,0,0,0,0
19910824,13200,13200,13200,13200,0,670,0,0,0.0,0,0,0,0,0,0,0
19910826,12700,12700,12700,12700,500,700,0,0,0.0,0,0,0,0,0,0,0
19910827,12700,12700,12700,12700,0,260,0,0,0.0,0,0,0,0,0,0,0
19910828,12700,12700,12600,12600,100,3340,0,0,0.0,0,0,0,0,0,0,0
19910829,12600,12600,12400,12400,200,2530,0,0,0.0,0,0,0,0,0,0,0
19910830,12600,12600,12400,12400,0,3380,0,0,0.0,0,0,0,0,0,0,0
19910831,12300,12600,12300,12600,200,2110,0,0,0.0,0,0,0,0,0,0,0
19910902,12400,12400,12400,12400,200,550,0,0,0.0,0,0,0,0,0,0,0
19910903,12300,12300,12300,12300,100,100,0,0,0.0,0,0,0,0,0,0,0
19910904,12300,12300,12200,12300,0,1440,0,0,0.0,0,0,0,0,0,0,0
19910905,12400,12400,12400,12400,100,17630,0,0,0.0,0,0,0,0,0,0,0
19910906,12600,12600,12600,12600,200,20,0,0,0.0,0,0,0,0,0,0,0
19910907,12400,12400,12400,12400,200,540,0,0,0.0,0,0,0,0,0,0,0
19910909,12400,12400,12400,12400,0,20,0,0,0.0,0,0,0,0,0,0,0
19910910,12400,12600,12400,12600,200,3160,0,0,0.0,0,0,0,0,0,0,0
19910911,12600,12600,12600,12600,0,0,0,0,0.0,0,0,0,0,0,0,0
19910912,12400,12400,12400,12400,200,1000,0,0,0.0,0,0,0,0,0,0,0
19910913,12400,12400,12400,12400,0,0,0,0,0.0,0,0,0,0,0,0,0
19910914,12400,13000,12400,13000,600,10210,0,0,0.0,0,0,0,0,0,0,0
19910916,12800,13000,12800,13000,0,1010,0,0,0.0,0,0,0,0,0,0,0
19910917,12500,13000,12500,13000,0,1510,0,0,0.0,0,0,0,0,0,0,0
19910918,12600,12900,12600,12900,100,1020,0,0,0.0,0,0,0,0,0,0,0
19910919,12900,12900,12900,12900,0,1000,0,0,0.0,0,0,0,0,0,0,0
19910920,12500,12700,12500,12700,200,20100,0,0,0.0,0,0,0,0,0,0,0
19910924,12700,12700,12700,12700,0,100,0,0,0.0,0,0,0,0,0,0,0
19910925,12500,12700,12500,12700,0,1150,0,0,0.0,0,0,0,0,0,0,0
19910926,12700,12700,12700,12700,0,0,0,0,0.0,0,0,0,0,0,0,0
19910927,12700,12700,12700,12700,0,1500,0,0,0.0,0,0,0,0,0,0,0
19910928,12700,12700,12700,12700,0,0,0,0,0.0,0,0,0,0,0,0,0
19910930,12100,12700,12100,12700,0,6520,0,0,0.0,0,0,0,0,0,0,0
19911001,12600,12600,12400,12400,300,750,0,0,0.0,0,0,0,0,0,0,0
19911002,12100,12100,12100,12100,300,1050,0,0,0.0,0,0,0,0,0,0,0
19911004,12000,12000,11900,12000,100,1720,0,0,0.0,0,0,0,0,0,0,0
19911005,12000,12000,12000,12000,0,220,0,0,0.0,0,0,0,0,0,0,0
19911007,11600,12000,11600,12000,0,710,0,0,0.0,0,0,0,0,0,0,0
19911008,11700,12000,11700,12000,0,1250,0,0,0.0,0,0,0,0,0,0,0
19911009,11900,11900,11900,11900,100,200,0,0,0.0,0,0,0,0,0,0,0
19911010,11900,12400,11900,12100,200,1020,0,0,0.0,0,0,0,0,0,0,0
19911011,11900,11900,11900,11900,200,40,0,0,0.0,0,0,0,0,0,0,0
19911012,11600,11600,11500,11500,400,400,0,0,0.0,0,0,0,0,0,0,0
19911014,11500,11700,11500,11700,200,600,0,0,0.0,0,0,0,0,0,0,0
19911015,11900,11900,11900,11900,200,200,0,0,0.0,0,0,0,0,0,0,0
19911016,12000,12000,12000,12000,100,200,0,0,0.0,0,0,0,0,0,0,0
19911017,12000,12200,12000,12200,200,940,0,0,0.0,0,0,0,0,0,0,0
19911018,12300,12300,12300,12300,100,1140,0,0,0.0,0,0,0,0,0,0,0
19911019,12500,12500,12400,12400,100,19160,0,0,0.0,0,0,0,0,0,0,0
19911021,12400,12400,12400,12400,0,2550,0,0,0.0,0,0,0,0,0,0,0
19911022,12400,12400,11800,12400,0,940,0,0,0.0,0,0,0,0,0,0,0
19911023,12200,12200,12200,12200,200,3020,0,0,0.0,0,0,0,0,0,0,0
19911024,12200,12200,12000,12200,0,4580,0,0,0.0,0,0,0,0,0,0,0
19911025,12000,12000,12000,12000,200,210,0,0,0.0,0,0,0,0,0,0,0
19911026,12000,12000,12000,12000,0,220,0,0,0.0,0,0,0,0,0,0,0
19911028,12000,12000,12000,12000,0,2000,0,0,0.0,0,0,0,0,0,0,0
19911029,12000,12000,12000,12000,0,100,0,0,0.0,0,0,0,0,0,0,0
19911030,12000,12000,12000,12000,0,930,0,0,0.0,0,0,0,0,0,0,0
19911031,12000,12000,11800,11800,200,1500,0,0,0.0,0,0,0,0,0,0,0
19911101,11800,11800,11800,11800,0,2000,0,0,0.0,0,0,0,0,0,0,0
19911102,11800,11800,11800,11800,0,0,0,0,0.0,0,0,0,0,0,0,0
19911104,11800,12000,11800,11800,0,5720,0,0,0.0,0,0,0,0,0,0,0
19911105,12000,12400,12000,12400,600,3110,0,0,0.0,0,0,0,0,0,0,0
19911106,12800,12800,12800,12800,400,800,0,0,0.0,0,0,0,0,0,0,0
19911107,12300,13000,12300,13000,200,2380,0,0,0.0,0,0,0,0,0,0,0
19911108,12900,12900,12700,12800,200,1420,0,0,0.0,0,0,0,0,0,0,0
19911109,13000,13000,12800,12800,0,600,0,0,0.0,0,0,0,0,0,0,0
19911111,12300,13400,12300,13200,400,15470,0,0,0.0,0,0,0,0,0,0,0
19911112,13100,13200,12600,12600,600,3220,0,0,0.0,0,0,0,0,0,0,0
19911113,12400,12400,12200,12200,400,660,0,0,0.0,0,0,0,0,0,0,0
19911114,12200,12500,12200,12200,0,1070,0,0,0.0,0,0,0,0,0,0,0
19911115,12200,12200,12200,12200,0,720,0,0,0.0,0,0,0,0,0,0,0
19911116,12200,12200,12200,12200,0,130,0,0,0.0,0,0,0,0,0,0,0
19911118,12200,12200,12000,12000,200,450,0,0,0.0,0,0,0,0,0,0,0
19911119,12600,12600,11700,11700,300,2110,0,0,0.0,0,0,0,0,0,0,0
19911120,11800,11800,11800,11800,100,2770,0,0,0.0,0,0,0,0,0,0,0
19911121,11900,11900,11800,11900,100,2150,0,0,0.0,0,0,0,0,0,0,0
19911122,12000,12000,11900,11900,0,2100,0,0,0.0,0,0,0,0,0,0,0
19911123,12000,12000,11800,11800,100,1320,0,0,0.0,0,0,0,0,0,0,0
19911125,11900,12000,11900,11900,100,4200,0,0,0.0,0,0,0,0,0,0,0
19911126,11800,11800,11800,11800,100,2210,0,0,0.0,0,0,0,0,0,0,0
19911127,11800,11800,11800,11800,0,4200,0,0,0.0,0,0,0,0,0,0,0
19911128,12000,12000,11700,11700,100,450,0,0,0.0,0,0,0,0,0,0,0
19911129,11800,11800,11700,11700,0,2630,0,0,0.0,0,0,0,0,0,0,0
19911130,11900,12300,11900,12000,300,20880,0,0,0.0,0,0,0,0,0,0,0
19911202,12000,12000,11500,11500,500,6000,0,0,0.0,0,0,0,0,0,0,0
19911203,11500,11500,11000,11000,500,4620,0,0,0.0,0,0,0,0,0,0,0
19911204,10400,10600,10400,10400,600,9220,0,0,0.0,0,0,0,0,0,0,0
19911205,9810,10600,9810,10400,0,7880,0,0,0.0,0,0,0,0,0,0,0
19911206,10500,10600,10500,10600,200,9100,0,0,0.0,0,0,0,0,0,0,0
19911207,10200,10500,10200,10500,100,1540,0,0,0.0,0,0,0,0,0,0,0
19911209,10500,10600,10500,10600,100,5400,0,0,0.0,0,0,0,0,0,0,0
19911210,10600,10800,10600,10800,200,620,0,0,0.0,0,0,0,0,0,0,0
19911211,10900,10900,10800,10800,0,5330,0,0,0.0,0,0,0,0,0,0,0
19911212,11000,11000,11000,11000,200,1850,0,0,0.0,0,0,0,0,0,0,0
19911213,11000,11300,11000,11000,0,1800,0,0,0.0,0,0,0,0,0,0,0
19911214,10800,11000,10800,11000,0,1020,0,0,0.0,0,0,0,0,0,0,0
19911216,10700,10700,10700,10700,300,30,0,0,0.0,0,0,0,0,0,0,0
19911217,10800,10800,10800,10800,100,5500,0,0,0.0,0,0,0,0,0,0,0
19911218,10800,11000,10800,11000,200,5410,0,0,0.0,0,0,0,0,0,0,0
19911219,10800,11300,10800,11300,300,1370,0,0,0.0,0,0,0,0,0,0,0
19911220,11300,11500,11300,11500,200,1100,0,0,0.0,0,0,0,0,0,0,0
19911221,11500,11700,11100,11500,0,2600,0,0,0.0,0,0,0,0,0,0,0
19911223,11400,11400,10900,11200,300,1220,0,0,0.0,0,0,0,0,0,0,0
19911224,11000,11500,11000,11500,300,2620,0,0,0.0,0,0,0,0,0,0,0
19911226,11200,11700,11200,11500,0,390,0,0,0.0,0,0,0,0,0,0,0
19920103,11300,11400,11300,11300,200,2200,0,0,0.0,0,0,0,0,0,0,0
19920104,11300,11900,11300,11900,600,1690,0,0,0.0,0,0,0,0,0,0,0
19920106,12400,12400,12000,12100,200,5720,0,0,0.0,0,0,0,0,0,0,0
19920107,11900,12000,11900,11900,200,5700,0,0,0.0,0,0,0,0,0,0,0
19920108,11300,11900,11300,11900,0,5750,0,0,0.0,0,0,0,0,0,0,0
19920109,11900,11900,11900,11900,0,890,0,0,0.0,0,0,0,0,0,0,0
19920110,11900,11900,11300,11800,100,2100,0,0,0.0,0,0,0,0,0,0,0
19920111,11800,11800,11800,11800,0,0,0,0,0.0,0,0,0,0,0,0,0
19920113,11800,11800,11800,11800,0,0,0,0,0.0,0,0,0,0,0,0,0
19920114,11700,11700,11600,11600,200,120,0,0,0.0,0,0,0,0,0,0,0
19920115,11500,11500,11500,11500,100,1490,0,0,0.0,0,0,0,0,0,0,0
19920116,11500,12100,11500,11600,100,14090,0,0,0.0,0,0,0,0,0,0,0
19920117,12000,12200,11800,12200,600,26300,0,0,0.0,0,0,0,0,0,0,0
19920118,12800,12800,12600,12800,600,12110,0,0,0.0,0,0,0,0,0,0,0
19920120,12500,13200,12500,12900,100,20990,0,0,0.0,0,0,0,0,0,0,0
19920121,12900,13200,12800,12800,100,5020,0,0,0.0,0,0,0,0,0,0,0
19920122,12300,13400,12300,13300,500,18730,0,0,0.0,0,0,0,0,0,0,0
19920123,13000,13700,12900,13300,0,7270,0,0,0.0,0,0,0,0,0,0,0
19920124,12700,13300,12700,12700,600,4160,0,0,0.0,0,0,0,0,0,0,0
19920125,12100,12400,12100,12400,300,2300,0,0,0.0,0,0,0,0,0,0,0
19920127,12700,13000,12400,12400,0,19090,0,0,0.0,0,0,0,0,0,0,0
19920128,12800,13000,12400,13000,600,48840,0,0,0.0,0,0,0,0,0,0,0
19920129,13300,13600,13300,13600,600,85100,0,0,0.0,0,0,0,0,0,0,0
19920130,14100,14100,13500,13900,300,51110,0,0,0.0,0,0,0,0,0,0,0
19920131,13900,14200,13600,13600,300,25870,0,0,0.0,0,0,0,0,0,0,0
19920201,14000,14000,13400,13500,100,25140,0,0,0.0,0,0,0,0,0,0,0
19920206,13500,13700,13200,13200,300,13100,0,0,0.0,0,0,0,0,0,0,0
19920207,13200,13300,13100,13300,100,2190,0,0,0.0,0,0,0,0,0,0,0
19920208,13400,13700,13400,13600,300,48470,0,0,0.0,0,0,0,0,0,0,0
19920210,13700,13800,13300,13300,300,8260,0,0,0.0,0,0,0,0,0,0,0
19920211,13400,13500,13000,13000,300,4190,0,0,0.0,0,0,0,0,0,0,0
19920212,13000,13300,12800,13000,0,13850,0,0,0.0,0,0,0,0,0,0,0
19920213,13200,13600,13200,13500,500,35990,0,0,0.0,0,0,0,0,0,0,0
19920214,13800,14100,13600,14100,600,76300,0,0,0.0,0,0,0,0,0,0,0
19920215,14400,14400,14000,14000,100,54570,0,0,0.0,0,0,0,0,0,0,0
19920217,14200,14200,13800,13800,200,30480,0,0,0.0,0,0,0,0,0,0,0
19920218,13800,13800,13300,13400,400,24400,0,0,0.0,0,0,0,0,0,0,0
19920219,13400,13600,13400,13600,200,17900,0,0,0.0,0,0,0,0,0,0,0
19920220,13300,13400,13200,13200,400,10830,0,0,0.0,0,0,0,0,0,0,0
19920221,12600,13500,12600,13500,300,16250,0,0,0.0,0,0,0,0,0,0,0
19920222,12900,13800,12900,13700,200,6540,0,0,0.0,0,0,0,0,0,0,0
19920224,13700,13900,13400,13900,200,14530,0,0,0.0,0,0,0,0,0,0,0
19920225,13900,14200,13900,13900,0,18670,0,0,0.0,0,0,0,0,0,0,0
19920226,13900,14000,13500,13800,100,16610,0,0,0.0,0,0,0,0,0,0,0
19920227,13900,14100,13800,14100,300,27290,0,0,0.0,0,0,0,0,0,0,0
19920228,14100,14700,14100,14700,600,90110,0,0,0.0,0,0,0,0,0,0,0
19920229,14900,15200,14700,14900,200,54960,0,0,0.0,0,0,0,0,0,0,0
19920302,14900,15200,14500,14700,200,41320,0,0,0.0,0,0,0,0,0,0,0
19920303,14700,15000,14500,14500,200,73620,0,0,0.0,0,0,0,0,0,0,0
19920304,14500,14500,14200,14200,300,5420,0,0,0.0,0,0,0,0,0,0,0
19920305,14000,14600,14000,14200,0,32260,0,0,0.0,0,0,0,0,0,0,0
19920306,14300,14400,14000,14000,200,23600,0,0,0.0,0,0,0,0,0,0,0
19920307,14000,14000,13700,13700,300,4850,0,0,0.0,0,0,0,0,0,0,0
19920309,13500,13900,13500,13800,100,4800,0,0,0.0,0,0,0,0,0,0,0
19920311,13800,13800,13700,13700,100,5200,0,0,0.0,0,0,0,0,0,0,0
19920312,13100,13700,13100,13300,400,3380,0,0,0.0,0,0,0,0,0,0,0
19920313,13200,13500,13200,13300,0,5370,0,0,0.0,0,0,0,0,0,0,0
19920314,13200,13300,13200,13200,100,2310,0,0,0.0,0,0,0,0,0,0,0
19920316,13400,13400,13000,13400,200,4730,0,0,0.0,0,0,0,0,0,0,0
19920317,13400,14000,13400,14000,600,12890,0,0,0.0,0,0,0,0,0,0,0
19920318,14200,14200,13700,13900,100,19560,0,0,0.0,0,0,0,0,0,0,0
19920319,13900,14000,13700,13800,100,21110,0,0,0.0,0,0,0,0,0,0,0
19920320,13800,13800,13700,13800,0,11960,0,0,0.0,0,0,0,0,0,0,0
19920321,13800,14200,13800,14200,400,26350,0,0,0.0,0,0,0,0,0,0,0
19920323,14300,14500,14300,14400,200,27910,0,0,0.0,0,0,0,0,0,0,0
19920325,14200,14500,13900,14100,300,25640,0,0,0.0,0,0,0,0,0,0,0
19920326,14300,14700,14300,14700,600,12300,0,0,0.0,0,0,0,0,0,0,0
19920327,15300,15300,14200,14200,500,36530,0,0,0.0,0,0,0,0,0,0,0
19920328,14400,14400,14000,14000,200,4860,0,0,0.0,0,0,0,0,0,0,0
19920330,13700,14300,13700,14300,300,8940,0,0,0.0,0,0,0,0,0,0,0
19920331,14500,14700,14000,14700,400,14410,0,0,0.0,0,0,0,0,0,0,0
19920401,14700,15300,14600,15300,600,56070,0,0,0.0,0,0,0,0,0,0,0
19920402,15900,16100,15100,15100,200,88430,0,0,0.0,0,0,0,0,0,0,0
19920403,15400,15400,14400,14400,700,25030,0,0,0.0,0,0,0,0,0,0,0
19920404,14400,15000,14400,15000,600,25820,0,0,0.0,0,0,0,0,0,0,0
19920406,15400,15700,14900,15500,500,68440,0,0,0.0,0,0,0,0,0,0,0
19920407,15500,15500,14800,14900,600,23740,0,0,0.0,0,0,0,0,0,0,0
19920408,14800,14800,14500,14500,400,8800,0,0,0.0,0,0,0,0,0,0,0
19920409,14100,14800,14100,14800,300,13900,0,0,0.0,0,0,0,0,0,0,0
19920410,14900,15200,14500,14600,200,6540,0,0,0.0,0,0,0,0,0,0,0
19920411,14300,14500,14200,14200,400,8400,0,0,0.0,0,0,0,0,0,0,0
19920413,14000,14400,13900,14000,200,13210,0,0,0.0,0,0,0,0,0,0,0
19920414,14100,14400,14000,14100,100,10460,0,0,0.0,0,0,0,0,0,0,0
19920415,14400,14700,14100,14700,600,16490,0,0,0.0,0,0,0,0,0,0,0
19920416,15100,15300,14900,14900,200,40570,0,0,0.0,0,0,0,0,0,0,0
19920417,15200,15300,14600,14900,0,13030,0,0,0.0,0,0,0,0,0,0,0
19920418,14900,15000,14800,14800,100,10160,0,0,0.0,0,0,0,0,0,0,0
19920420,14800,15000,14600,14600,200,8110,0,0,0.0,0,0,0,0,0,0,0
19920421,14500,14800,14500,14500,100,6810,0,0,0.0,0,0,0,0,0,0,0
19920422,14500,14900,14500,14900,400,17830,0,0,0.0,0,0,0,0,0,0,0
19920423,14800,15200,14800,15200,300,30630,0,0,0.0,0,0,0,0,0,0,0
19920424,15300,16000,15300,16000,800,57940,0,0,0.0,0,0,0,0,0,0,0
19920425,16300,16300,15500,16000,0,29320,0,0,0.0,0,0,0,0,0,0,0
19920427,16000,16000,15300,15500,500,20310,0,0,0.0,0,0,0,0,0,0,0
19920428,15500,15500,15000,15000,500,11550,0,0,0.0,0,0,0,0,0,0,0
19920429,14700,15000,14700,15000,0,13730,0,0,0.0,0,0,0,0,0,0,0
19920430,15000,15200,15000,15100,100,13030,0,0,0.0,0,0,0,0,0,0,0
19920501,15100,15100,15000,15000,100,3640,0,0,0.0,0,0,0,0,0,0,0
19920502,14400,15100,14400,15100,100,11820,0,0,0.0,0,0,0,0,0,0,0
19920504,15100,15200,15000,15000,100,15670,0,0,0.0,0,0,0,0,0,0,0
19920506,15200,15300,15200,15300,300,12000,0,0,0.0,0,0,0,0,0,0,0
19920507,15100,15300,15100,15100,200,6740,0,0,0.0,0,0,0,0,0,0,0
19920508,15200,15200,14900,15000,100,4240,0,0,0.0,0,0,0,0,0,0,0
19920509,15000,15100,14900,15100,100,2550,0,0,0.0,0,0,0,0,0,0,0
19920511,15100,15100,14300,15000,100,8040,0,0,0.0,0,0,0,0,0,0,0
19920512,14700,14900,14700,14900,100,3600,0,0,0.0,0,0,0,0,0,0,0
19920513,14600,14800,14400,14700,200,6030,0,0,0.0,0,0,0,0,0,0,0
19920514,14500,15000,14500,15000,300,12000,0,0,0.0,0,0,0,0,0,0,0
19920515,14500,15000,14500,15000,0,530,0,0,0.0,0,0,0,0,0,0,0
19920516,14400,14700,14400,14600,400,1370,0,0,0.0,0,0,0,0,0,0,0
19920518,14200,15000,14200,15000,400,5700,0,0,0.0,0,0,0,0,0,0,0
19920519,14900,15000,14700,14900,100,17650,0,0,0.0,0,0,0,0,0,0,0
19920520,15000,15200,14700,14700,200,3850,0,0,0.0,0,0,0,0,0,0,0
19920521,14300,14600,14300,14500,200,5310,0,0,0.0,0,0,0,0,0,0,0
19920522,14400,14400,14400,14400,100,2480,0,0,0.0,0,0,0,0,0,0,0
19920523,14500,14600,14500,14600,200,3670,0,0,0.0,0,0,0,0,0,0,0
19920525,14000,14700,14000,14600,0,1750,0,0,0.0,0,0,0,0,0,0,0
19920526,14000,14000,14000,14000,600,1520,0,0,0.0,0,0,0,0,0,0,0
19920527,14000,14000,13900,13900,100,1260,0,0,0.0,0,0,0,0,0,0,0
19920528,14300,14300,13600,14000,100,2630,0,0,0.0,0,0,0,0,0,0,0
19920529,13800,14000,13500,14000,0,2750,0,0,0.0,0,0,0,0,0,0,0
19920530,13500,14200,13500,14100,100,710,0,0,0.0,0,0,0,0,0,0,0
19920601,13500,13600,13500,13600,500,510,0,0,0.0,0,0,0,0,0,0,0
19920602,13500,13800,13500,13800,200,220,0,0,0.0,0,0,0,0,0,0,0
19920603,13800,13800,13500,13700,100,9780,0,0,0.0,0,0,0,0,0,0,0
19920604,13500,13700,13500,13600,100,4110,0,0,0.0,0,0,0,0,0,0,0
19920605,13500,13500,13100,13500,100,1660,0,0,0.0,0,0,0,0,0,0,0
19920608,12900,12900,12900,12900,600,510,0,0,0.0,0,0,0,0,0,0,0
19920609,12300,12400,12300,12300,600,12960,0,0,0.0,0,0,0,0,0,0,0
19920610,11700,12900,11700,12900,600,5810,0,0,0.0,0,0,0,0,0,0,0
19920611,13300,13400,13000,13000,100,8160,0,0,0.0,0,0,0,0,0,0,0
19920612,13300,13300,12500,12600,400,4270,0,0,0.0,0,0,0,0,0,0,0
19920613,12400,13200,12300,13200,600,4230,0,0,0.0,0,0,0,0,0,0,0
19920615,12600,12900,12600,12700,500,9480,0,0,0.0,0,0,0,0,0,0,0
19920616,12100,12700,12100,12600,100,3120,0,0,0.0,0,0,0,0,0,0,0
19920617,12700,12800,12500,12500,100,5800,0,0,0.0,0,0,0,0,0,0,0
19920618,12300,12500,12300,12500,0,350,0,0,0.0,0,0,0,0,0,0,0
19920619,12600,12600,12600,12600,100,240,0,0,0.0,0,0,0,0,0,0,0
19920620,12100,12600,12100,12200,400,710,0,0,0.0,0,0,0,0,0,0,0
19920622,12500,12500,12000,12000,200,410,0,0,0.0,0,0,0,0,0,0,0
19920623,12000,12500,12000,12300,300,6230,0,0,0.0,0,0,0,0,0,0,0
19920624,12500,12500,12300,12300,0,5810,0,0,0.0,0,0,0,0,0,0,0
19920625,12300,12500,12200,12200,100,6150,0,0,0.0,0,0,0,0,0,0,0
19920626,11800,11900,11700,11700,500,4330,0,0,0.0,0,0,0,0,0,0,0
19920627,11700,12000,11700,11700,0,1030,0,0,0.0,0,0,0,0,0,0,0
19920629,11700,11700,11300,11300,400,1820,0,0,0.0,0,0,0,0,0,0,0
19920630,11300,11400,11300,11300,0,2210,0,0,0.0,0,0,0,0,0,0,0
19920701,11300,11700,11300,11400,100,23530,0,0,0.0,0,0,0,0,0,0,0
19920702,11700,11700,11400,11400,0,14850,0,0,0.0,0,0,0,0,0,0,0
19920703,11400,11600,11400,11600,200,6920,0,0,0.0,0,0,0,0,0,0,0
19920704,11400,11600,11400,11600,0,6770,0,0,0.0,0,0,0,0,0,0,0
19920706,11200,11200,11000,11000,600,5030,0,0,0.0,0,0,0,0,0,0,0
19920707,11000,11200,10900,10900,100,6990,0,0,0.0,0,0,0,0,0,0,0
19920708,11000,11000,10900,10900,0,4930,0,0,0.0,0,0,0,0,0,0,0
19920709,10400,10700,10400,10600,300,3250,0,0,0.0,0,0,0,0,0,0,0
19920710,10600,11100,10600,10600,0,3680,0,0,0.0,0,0,0,0,0,0,0
19920711,10600,10800,10600,10800,200,1830,0,0,0.0,0,0,0,0,0,0,0
19920713,10300,10300,10300,10300,500,500,0,0,0.0,0,0,0,0,0,0,0
19920714,10400,10600,10400,10600,300,5540,0,0,0.0,0,0,0,0,0,0,0
19920715,10500,10600,10300,10300,300,4050,0,0,0.0,0,0,0,0,0,0,0
19920716,10300,10300,10000,10000,300,3000,0,0,0.0,0,0,0,0,0,0,0
19920718,10100,10100,10000,10000,0,310,0,0,0.0,0,0,0,0,0,0,0
19920720,9900,9900,9800,9800,200,1940,0,0,0.0,0,0,0,0,0,0,0
19920721,9800,10000,9800,9800,0,3040,0,0,0.0,0,0,0,0,0,0,0
19920722,10000,10200,9900,10200,400,5600,0,0,0.0,0,0,0,0,0,0,0
19920723,10200,10300,10000,10000,200,2270,0,0,0.0,0,0,0,0,0,0,0
19920724,10100,10300,10100,10300,300,590,0,0,0.0,0,0,0,0,0,0,0
19920725,10000,10200,10000,10000,300,700,0,0,0.0,0,0,0,0,0,0,0
19920727,10000,10000,9800,10000,0,1630,0,0,0.0,0,0,0,0,0,0,0
19920728,10000,10000,9910,9910,90,6120,0,0,0.0,0,0,0,0,0,0,0
19920729,10000,10200,9900,9900,10,2280,0,0,0.0,0,0,0,0,0,0,0
19920730,9900,9900,9900,9900,0,2430,0,0,0.0,0,0,0,0,0,0,0
19920731,9900,9900,9900,9900,0,1030,0,0,0.0,0,0,0,0,0,0,0
19920801,9900,10000,9900,10000,100,1090,0,0,0.0,0,0,0,0,0,0,0
19920803,9400,10000,9400,9900,100,4200,0,0,0.0,0,0,0,0,0,0,0
19920804,9600,9900,9500,9800,100,340,0,0,0.0,0,0,0,0,0,0,0
19920805,9700,9700,9410,9700,100,1240,0,0,0.0,0,0,0,0,0,0,0
19920806,9700,9800,9700,9800,100,1050,0,0,0.0,0,0,0,0,0,0,0
19920807,9850,9900,9800,9800,0,2220,0,0,0.0,0,0,0,0,0,0,0
19920808,9400,9950,9400,9800,0,1650,0,0,0.0,0,0,0,0,0,0,0
19920810,10100,10100,10100,10100,300,10,0,0,0.0,0,0,0,0,0,0,0
19920811,10100,10100,9700,9700,400,440,0,0,0.0,0,0,0,0,0,0,0
19920812,9400,9500,9400,9500,200,1550,0,0,0.0,0,0,0,0,0,0,0
19920813,9300,9300,9300,9300,200,380,0,0,0.0,0,0,0,0,0,0,0
19920814,9100,9300,9100,9300,0,2520,0,0,0.0,0,0,0,0,0,0,0
19920817,9100,9200,9100,9100,200,6190,0,0,0.0,0,0,0,0,0,0,0
19920818,9100,9200,9100,9100,0,6300,0,0,0.0,0,0,0,0,0,0,0
19920819,9100,9100,9100,9100,0,850,0,0,0.0,0,0,0,0,0,0,0
19920820,9000,9000,8700,8700,400,970,0,0,0.0,0,0,0,0,0,0,0
19920821,8300,8300,8300,8300,400,4190,0,0,0.0,0,0,0,0,0,0,0
19920822,8300,8500,8300,8300,0,980,0,0,0.0,0,0,0,0,0,0,0
19920824,8500,8700,8400,8700,400,2900,0,0,0.0,0,0,0,0,0,0,0
19920825,8600,9000,8600,8900,200,2490,0,0,0.0,0,0,0,0,0,0,0
19920826,9000,9200,9000,9200,300,5030,0,0,0.0,0,0,0,0,0,0,0
19920827,9200,9500,8810,9000,200,15390,0,0,0.0,0,0,0,0,0,0,0
19920828,8800,9400,8800,9380,380,6550,0,0,0.0,0,0,0,0,0,0,0
19920829,9400,9780,9400,9780,400,7040,0,0,0.0,0,0,0,0,0,0,0
19920831,10100,10100,10000,10100,320,7220,0,0,0.0,0,0,0,0,0,0,0
19920901,10600,10600,10100,10100,0,11050,0,0,0.0,0,0,0,0,0,0,0
19920902,9800,10400,9800,10400,300,18360,0,0,0.0,0,0,0,0,0,0,0
19920903,10600,10600,10400,10600,200,33780,0,0,0.0,0,0,0,0,0,0,0
19920904,10900,10900,10000,10000,600,8950,0,0,0.0,0,0,0,0,0,0,0
19920905,9800,9900,9800,9900,100,1890,0,0,0.0,0,0,0,0,0,0,0
19920907,10000,10200,9500,10200,300,3700,0,0,0.0,0,0,0,0,0,0,0
19920908,10400,10400,10000,10000,200,1530,0,0,0.0,0,0,0,0,0,0,0
19920909,10000,10000,9700,9700,300,1040,0,0,0.0,0,0,0,0,0,0,0
19920914,9510,9700,9510,9510,190,840,0,0,0.0,0,0,0,0,0,0,0
19920915,9510,9810,9500,9700,190,1520,0,0,0.0,0,0,0,0,0,0,0
19920916,9600,10100,9600,10100,400,37290,0,0,0.0,0,0,0,0,0,0,0
19920917,10100,10100,9500,9500,600,5230,0,0,0.0,0,0,0,0,0,0,0
19920918,9500,9700,9500,9600,100,1490,0,0,0.0,0,0,0,0,0,0,0
19920919,9700,9900,9700,9900,300,2880,0,0,0.0,0,0,0,0,0,0,0
19920921,10100,10100,9500,9500,400,2690,0,0,0.0,0,0,0,0,0,0,0
19920922,9600,9600,9160,9500,0,3400,0,0,0.0,0,0,0,0,0,0,0
19920923,9500,9700,9500,9700,200,570,0,0,0.0,0,0,0,0,0,0,0
19920924,9500,9800,9500,9600,100,4020,0,0,0.0,0,0,0,0,0,0,0
19920925,9610,9800,9610,9800,200,4090,0,0,0.0,0,0,0,0,0,0,0
19920926,9470,9900,9470,9470,330,980,0,0,0.0,0,0,0,0,0,0,0
19920928,9470,9470,9400,9400,70,2020,0,0,0.0,0,0,0,0,0,0,0
19920929,9120,9300,9120,9300,100,690,0,0,0.0,0,0,0,0,0,0,0
19920930,9300,9390,9300,9390,90,250,0,0,0.0,0,0,0,0,0,0,0
19921001,9400,9400,9200,9200,190,790,0,0,0.0,0,0,0,0,0,0,0
19921002,9300,9300,9210,9250,50,4190,0,0,0.0,0,0,0,0,0,0,0
19921005,9000,9000,9000,9000,250,50,0,0,0.0,0,0,0,0,0,0,0
19921006,8620,9000,8620,9000,0,3410,0,0,0.0,0,0,0,0,0,0,0
19921007,9000,9250,9000,9250,250,700,0,0,0.0,0,0,0,0,0,0,0
19921008,9250,9500,9250,9250,0,4200,0,0,0.0,0,0,0,0,0,0,0
19921009,9500,9500,9500,9500,250,10,0,0,0.0,0,0,0,0,0,0,0
19921010,9500,9900,9500,9790,290,7050,0,0,0.0,0,0,0,0,0,0,0
19921012,9400,9900,9400,9900,110,4190,0,0,0.0,0,0,0,0,0,0,0
19921013,10000,10200,9510,10000,100,11860,0,0,0.0,0,0,0,0,0,0,0
19921014,10100,10400,10100,10400,400,9570,0,0,0.0,0,0,0,0,0,0,0
19921015,10500,10500,10200,10200,200,9830,0,0,0.0,0,0,0,0,0,0,0
19921016,10300,10300,10000,10000,200,5290,0,0,0.0,0,0,0,0,0,0,0
19921017,10000,10400,10000,10400,400,13520,0,0,0.0,0,0,0,0,0,0,0
19921019,10400,10600,10400,10400,0,14160,0,0,0.0,0,0,0,0,0,0,0
19921020,10500,10800,10500,10500,100,11480,0,0,0.0,0,0,0,0,0,0,0
19921021,10600,11100,10600,10900,400,24940,0,0,0.0,0,0,0,0,0,0,0
19921022,11000,11100,10500,10500,400,10600,0,0,0.0,0,0,0,0,0,0,0
19921023,10600,10900,10600,10700,200,12190,0,0,0.0,0,0,0,0,0,0,0
19921024,10200,10900,10200,10700,0,6880,0,0,0.0,0,0,0,0,0,0,0
19921026,10800,11300,10800,11300,600,17480,0,0,0.0,0,0,0,0,0,0,0
19921027,11800,11900,11400,11400,100,6530,0,0,0.0,0,0,0,0,0,0,0
19921028,10900,11300,10800,10800,600,2870,0,0,0.0,0,0,0,0,0,0,0
19921029,10800,11100,10600,11000,200,17510,0,0,0.0,0,0,0,0,0,0,0
19921030,11000,11000,10400,10700,300,2800,0,0,0.0,0,0,0,0,0,0,0
19921031,10500,10700,10500,10700,0,2050,0,0,0.0,0,0,0,0,0,0,0
19921102,10500,10800,10500,10700,0,5440,0,0,0.0,0,0,0,0,0,0,0
19921103,10700,10900,10400,10400,300,1690,0,0,0.0,0,0,0,0,0,0,0
19921104,10500,10700,10500,10700,300,3250,0,0,0.0,0,0,0,0,0,0,0
19921105,10700,11000,10600,10600,100,11160,0,0,0.0,0,0,0,0,0,0,0
19921106,10400,10800,10400,10500,100,10870,0,0,0.0,0,0,0,0,0,0,0
19921107,10600,10800,10500,10500,0,5570,0,0,0.0,0,0,0,0,0,0,0
19921109,10700,11100,10600,11100,600,24340,0,0,0.0,0,0,0,0,0,0,0
19921110,11400,11500,10700,10700,400,5940,0,0,0.0,0,0,0,0,0,0,0
19921111,10700,10900,10500,10500,200,4570,0,0,0.0,0,0,0,0,0,0,0
19921112,10600,10700,10500,10500,0,8150,0,0,0.0,0,0,0,0,0,0,0
19921113,10600,11100,10600,11000,500,19000,0,0,0.0,0,0,0,0,0,0,0
19921114,11100,11100,10700,10800,200,2780,0,0,0.0,0,0,0,0,0,0,0
19921116,10900,10900,10500,10500,300,4440,0,0,0.0,0,0,0,0,0,0,0
19921117,10500,10800,10500,10800,300,5180,0,0,0.0,0,0,0,0,0,0,0
19921118,10500,10600,10500,10500,300,910,0,0,0.0,0,0,0,0,0,0,0
19921119,10000,10500,10000,10400,100,1380,0,0,0.0,0,0,0,0,0,0,0
19921120,10500,10800,10400,10600,200,3440,0,0,0.0,0,0,0,0,0,0,0
19921121,10800,10800,10300,10600,0,2870,0,0,0.0,0,0,0,0,0,0,0
19921123,10600,11000,10500,10600,0,12870,0,0,0.0,0,0,0,0,0,0,0
19921124,10700,10700,10300,10400,200,11620,0,0,0.0,0,0,0,0,0,0,0
19921125,10300,10600,10200,10200,200,13530,0,0,0.0,0,0,0,0,0,0,0
19921126,10500,10800,10300,10800,600,32150,0,0,0.0,0,0,0,0,0,0,0
19921127,11400,11400,11400,11400,600,24230,0,0,0.0,0,0,0,0,0,0,0
19921128,11900,11900,11400,11700,300,80050,0,0,0.0,0,0,0,0,0,0,0
19921130,11800,11800,11300,11600,100,22620,0,0,0.0,0,0,0,0,0,0,0
19921201,11600,12200,11500,12200,600,69810,0,0,0.0,0,0,0,0,0,0,0
19921202,12500,12500,11900,12000,200,44990,0,0,0.0,0,0,0,0,0,0,0
19921203,12000,12300,11500,11500,500,18420,0,0,0.0,0,0,0,0,0,0,0
19921204,11300,11800,11200,11200,300,7700,0,0,0.0,0,0,0,0,0,0,0
19921205,11200,11300,10900,11100,100,9720,0,0,0.0,0,0,0,0,0,0,0
19921207,10600,11100,10600,11000,100,1660,0,0,0.0,0,0,0,0,0,0,0
19921208,11100,11300,11100,11300,300,5790,0,0,0.0,0,0,0,0,0,0,0
19921209,11200,11200,11100,11200,100,2730,0,0,0.0,0,0,0,0,0,0,0
19921210,11100,11500,11100,11400,200,6910,0,0,0.0,0,0,0,0,0,0,0
19921211,11600,12000,11500,11700,300,31790,0,0,0.0,0,0,0,0,0,0,0
19921212,11700,12100,11700,12000,300,29360,0,0,0.0,0,0,0,0,0,0,0
19921214,12000,12500,12000,12100,100,61700,0,0,0.0,0,0,0,0,0,0,0
19921215,12100,12200,11800,11800,300,25560,0,0,0.0,0,0,0,0,0,0,0
19921216,11800,12000,11600,11600,200,7720,0,0,0.0,0,0,0,0,0,0,0
19921217,11500,12000,11500,11700,100,20140,0,0,0.0,0,0,0,0,0,0,0
19921219,11500,12000,11500,11800,100,6370,0,0,0.0,0,0,0,0,0,0,0
19921221,11800,11800,11500,11600,200,3450,0,0,0.0,0,0,0,0,0,0,0
19921222,11700,12000,11700,11800,200,18740,0,0,0.0,0,0,0,0,0,0,0
19921223,11900,12200,11900,12100,300,45060,0,0,0.0,0,0,0,0,0,0,0
19921224,12400,12400,12100,12100,0,35170,0,0,0.0,0,0,0,0,0,0,0
19921226,12200,12300,12000,12300,200,15400,0,0,0.0,0,0,0,0,0,0,0
19921228,12100,12300,11800,11800,500,12870,0,0,0.0,0,0,0,0,0,0,0
19930104,11000,12000,11000,11900,300,16440,0,0,0.0,0,0,0,0,0,0,0
19930105,11900,11900,11500,11500,400,6810,0,0,0.0,0,0,0,0,0,0,0
19930106,11600,11700,11300,11600,100,13460,0,0,0.0,0,0,0,0,0,0,0
19930107,11600,12200,11600,12200,600,77510,0,0,0.0,0,0,0,0,0,0,0
19930108,12600,12800,12400,12800,600,121680,0,0,0.0,0,0,0,0,0,0,0
19930109,13000,13100,12500,12600,200,52910,0,0,0.0,0,0,0,0,0,0,0
19930111,12700,12700,12300,12300,300,35200,0,0,0.0,0,0,0,0,0,0,0
19930112,12400,12400,11900,12200,100,21710,0,0,0.0,0,0,0,0,0,0,0
19930113,12300,12700,12300,12500,300,56510,0,0,0.0,0,0,0,0,0,0,0
19930114,12500,12500,11900,12000,500,13040,0,0,0.0,0,0,0,0,0,0,0
19930115,12100,12600,12100,12600,600,23150,0,0,0.0,0,0,0,0,0,0,0
19930116,12600,12900,12500,12900,300,48610,0,0,0.0,0,0,0,0,0,0,0
19930118,13000,13000,12500,12900,0,57030,0,0,0.0,0,0,0,0,0,0,0
19930119,13000,13300,12900,12900,0,108760,0,0,0.0,0,0,0,0,0,0,0
19930120,13000,13100,12700,12700,200,37520,0,0,0.0,0,0,0,0,0,0,0
19930121,12500,12900,12500,12600,100,30160,0,0,0.0,0,0,0,0,0,0,0
19930125,12600,13100,12600,12600,0,25410,0,0,0.0,0,0,0,0,0,0,0
19930126,12700,13200,12700,13200,600,80560,0,0,0.0,0,0,0,0,0,0,0
19930127,13500,13700,13000,13100,100,63140,0,0,0.0,0,0,0,0,0,0,0
19930128,13200,13500,13200,13400,300,93940,0,0,0.0,0,0,0,0,0,0,0
19930129,13400,13600,13100,13200,200,64700,0,0,0.0,0,0,0,0,0,0,0
19930130,13200,13300,12600,12800,400,13150,0,0,0.0,0,0,0,0,0,0,0
19930201,12200,12700,12200,12200,600,23200,0,0,0.0,0,0,0,0,0,0,0
19930202,12200,12600,12200,12600,400,14360,0,0,0.0,0,0,0,0,0,0,0
19930203,12700,13200,12600,13200,600,54550,0,0,0.0,0,0,0,0,0,0,0
19930204,13400,13800,13000,13600,400,127000,0,0,0.0,0,0,0,0,0,0,0
19930205,13600,14100,13400,13500,100,117180,0,0,0.0,0,0,0,0,0,0,0
19930206,13400,13600,13100,13100,400,7760,0,0,0.0,0,0,0,0,0,0,0
19930208,12800,13300,12800,13100,0,25620,0,0,0.0,0,0,0,0,0,0,0
19930209,13300,13600,13300,13600,500,46650,0,0,0.0,0,0,0,0,0,0,0
19930210,13600,13800,13000,13800,200,46340,0,0,0.0,0,0,0,0,0,0,0
19930211,13900,14000,13500,13500,300,24950,0,0,0.0,0,0,0,0,0,0,0
19930212,13500,13500,13100,13400,100,21960,0,0,0.0,0,0,0,0,0,0,0
19930213,13400,13600,13300,13300,100,8120,0,0,0.0,0,0,0,0,0,0,0
19930215,13200,13400,13200,13300,0,14350,0,0,0.0,0,0,0,0,0,0,0
19930216,13400,13500,13000,13100,200,13830,0,0,0.0,0,0,0,0,0,0,0
19930217,13200,13400,13000,13200,100,51320,0,0,0.0,0,0,0,0,0,0,0
19930218,13200,13400,12700,13200,0,30340,0,0,0.0,0,0,0,0,0,0,0
19930219,13100,13400,13000,13000,200,41050,0,0,0.0,0,0,0,0,0,0,0
19930220,13200,13400,12900,12900,100,20460,0,0,0.0,0,0,0,0,0,0,0
19930222,13000,13200,12900,13100,200,14280,0,0,0.0,0,0,0,0,0,0,0
19930223,12500,13100,12500,12800,300,10890,0,0,0.0,0,0,0,0,0,0,0
19930224,12700,12800,12600,12800,0,10740,0,0,0.0,0,0,0,0,0,0,0
19930225,12600,12700,12300,12300,500,12060,0,0,0.0,0,0,0,0,0,0,0
19930226,12000,12300,11700,11700,600,14580,0,0,0.0,0,0,0,0,0,0,0
19930227,11700,12100,11700,11800,100,14150,0,0,0.0,0,0,0,0,0,0,0
19930302,12000,12000,11700,11800,0,6660,0,0,0.0,0,0,0,0,0,0,0
19930303,11800,11800,11500,11500,300,14350,0,0,0.0,0,0,0,0,0,0,0
19930304,11600,11600,11300,11300,200,14680,0,0,0.0,0,0,0,0,0,0,0
19930305,11300,11500,11000,11500,200,24900,0,0,0.0,0,0,0,0,0,0,0
19930306,11400,11400,11000,11100,400,4210,0,0,0.0,0,0,0,0,0,0,0
19930308,10500,11600,10500,11600,500,14660,0,0,0.0,0,0,0,0,0,0,0
19930309,11700,12000,11500,11500,100,17850,0,0,0.0,0,0,0,0,0,0,0
19930311,11400,11400,11300,11400,100,6600,0,0,0.0,0,0,0,0,0,0,0
19930312,11100,11900,11100,11900,500,27970,0,0,0.0,0,0,0,0,0,0,0
19930313,11700,11900,11700,11900,0,15050,0,0,0.0,0,0,0,0,0,0,0
19930315,12100,12300,11900,12200,300,13250,0,0,0.0,0,0,0,0,0,0,0
19930316,12200,12200,12000,12000,200,8690,0,0,0.0,0,0,0,0,0,0,0
19930317,12000,12500,12000,12400,400,18500,0,0,0.0,0,0,0,0,0,0,0
19930318,12300,12700,12200,12500,100,21350,0,0,0.0,0,0,0,0,0,0,0
19930319,12200,12500,12200,12400,100,4700,0,0,0.0,0,0,0,0,0,0,0
19930320,12400,12600,12400,12400,0,7170,0,0,0.0,0,0,0,0,0,0,0
19930322,12500,12500,12100,12100,300,4110,0,0,0.0,0,0,0,0,0,0,0
19930323,12400,12400,12000,12000,100,6030,0,0,0.0,0,0,0,0,0,0,0
19930324,12200,12400,12100,12100,100,6720,0,0,0.0,0,0,0,0,0,0,0
19930325,12400,12400,12300,12300,200,16110,0,0,0.0,0,0,0,0,0,0,0
19930326,12300,12400,12200,12400,100,17270,0,0,0.0,0,0,0,0,0,0,0
19930327,12400,12500,12400,12400,0,13750,0,0,0.0,0,0,0,0,0,0,0
19930329,12400,12400,12200,12400,0,16150,0,0,0.0,0,0,0,0,0,0,0
19930330,12200,12600,12200,12400,0,7600,0,0,0.0,0,0,0,0,0,0,0
19930331,12600,12600,12400,12400,0,4410,0,0,0.0,0,0,0,0,0,0,0
19930401,12400,13000,12400,12900,500,34760,0,0,0.0,0,0,0,0,0,0,0
19930402,12800,13100,12700,13000,100,19640,0,0,0.0,0,0,0,0,0,0,0
19930403,12900,12900,12600,12700,300,7270,0,0,0.0,0,0,0,0,0,0,0
19930406,12900,13000,12600,12900,200,10650,0,0,0.0,0,0,0,0,0,0,0
19930407,12900,13000,12800,12900,0,13210,0,0,0.0,0,0,0,0,0,0,0
19930408,12700,13000,12700,12700,200,820,0,0,0.0,0,0,0,0,0,0,0
19930409,12800,12900,12700,12700,0,12800,0,0,0.0,0,0,0,0,0,0,0
19930410,12700,12900,12700,12800,100,4890,0,0,0.0,0,0,0,0,0,0,0
19930412,13000,13400,12900,13200,400,32800,0,0,0.0,0,0,0,0,0,0,0
19930413,13400,13400,12900,13000,200,9660,0,0,0.0,0,0,0,0,0,0,0
19930414,13000,13000,12400,12400,600,10760,0,0,0.0,0,0,0,0,0,0,0
19930415,12500,12700,12400,12600,200,3070,0,0,0.0,0,0,0,0,0,0,0
19930416,12800,13000,12700,12800,200,27850,0,0,0.0,0,0,0,0,0,0,0
19930417,12900,13200,12900,13200,400,22520,0,0,0.0,0,0,0,0,0,0,0
19930419,13300,13400,13100,13100,100,25450,0,0,0.0,0,0,0,0,0,0,0
19930420,13000,13000,12900,13000,100,10110,0,0,0.0,0,0,0,0,0,0,0
19930421,13000,13000,12800,12900,100,6380,0,0,0.0,0,0,0,0,0,0,0
19930422,13000,13300,12800,13200,300,33330,0,0,0.0,0,0,0,0,0,0,0
19930423,13200,13400,12800,13400,200,20850,0,0,0.0,0,0,0,0,0,0,0
19930424,13400,13400,13000,13000,400,11080,0,0,0.0,0,0,0,0,0,0,0
19930426,13100,13100,12900,13000,0,9930,0,0,0.0,0,0,0,0,0,0,0
19930427,13600,13600,13500,13600,600,95160,0,0,0.0,0,0,0,0,0,0,0
19930428,14000,14000,13500,13500,100,107030,0,0,0.0,0,0,0,0,0,0,0
19930429,13500,13500,13100,13300,200,50860,0,0,0.0,0,0,0,0,0,0,0
19930430,13300,13700,13300,13400,100,57130,0,0,0.0,0,0,0,0,0,0,0
19930501,13400,13700,13400,13500,100,30350,0,0,0.0,0,0,0,0,0,0,0
19930503,13600,13700,13400,13400,100,28370,0,0,0.0,0,0,0,0,0,0,0
19930504,13400,13600,13300,13400,0,9110,0,0,0.0,0,0,0,0,0,0,0
19930506,13600,13900,13600,13700,300,95410,0,0,0.0,0,0,0,0,0,0,0
19930507,13700,13700,13400,13400,300,12220,0,0,0.0,0,0,0,0,0,0,0
19930508,13400,13400,13200,13300,100,11450,0,0,0.0,0,0,0,0,0,0,0
19930510,13100,13400,13100,13400,100,29440,0,0,0.0,0,0,0,0,0,0,0
19930511,13500,13600,13300,13400,0,27530,0,0,0.0,0,0,0,0,0,0,0
19930512,13400,13500,13100,13400,0,15750,0,0,0.0,0,0,0,0,0,0,0
19930513,13400,13500,13300,13400,0,12600,0,0,0.0,0,0,0,0,0,0,0
19930514,13500,14000,13500,13800,400,81310,0,0,0.0,0,0,0,0,0,0,0
19930515,13900,13900,13600,13600,200,20210,0,0,0.0,0,0,0,0,0,0,0
19930517,13700,13800,13500,13800,200,27360,0,0,0.0,0,0,0,0,0,0,0
19930518,14000,14300,13900,14100,300,124030,0,0,0.0,0,0,0,0,0,0,0
19930519,14300,14300,13900,14100,0,50270,0,0,0.0,0,0,0,0,0,0,0
19930520,14300,14500,14200,14400,300,72310,0,0,0.0,0,0,0,0,0,0,0
19930521,14200,14600,14200,14500,100,53650,0,0,0.0,0,0,0,0,0,0,0
19930522,14700,14800,14500,14700,200,54070,0,0,0.0,0,0,0,0,0,0,0
19930524,14900,14900,14500,14600,100,36960,0,0,0.0,0,0,0,0,0,0,0
19930525,14500,14700,14300,14300,300,10240,0,0,0.0,0,0,0,0,0,0,0
19930526,14500,14900,14500,14900,600,91210,0,0,0.0,0,0,0,0,0,0,0
19930527,15500,15500,15300,15400,500,144660,0,0,0.0,0,0,0,0,0,0,0
19930529,15600,15600,15200,15300,100,61410,0,0,0.0,0,0,0,0,0,0,0
19930531,15500,15700,15400,15700,400,87390,0,0,0.0,0,0,0,0,0,0,0
19930601,15500,15900,15400,15500,200,51690,0,0,0.0,0,0,0,0,0,0,0
19930602,15600,15700,15200,15200,300,38470,0,0,0.0,0,0,0,0,0,0,0
19930603,15400,15500,15200,15400,200,71640,0,0,0.0,0,0,0,0,0,0,0
19930604,15500,15600,15200,15300,100,36520,0,0,0.0,0,0,0,0,0,0,0
19930605,15300,15400,15200,15400,100,37790,0,0,0.0,0,0,0,0,0,0,0
19930607,15400,16200,15400,16200,800,217050,0,0,0.0,0,0,0,0,0,0,0
19930608,16300,16400,15700,15800,400,85740,0,0,0.0,0,0,0,0,0,0,0
19930609,15900,16100,15800,15800,0,70180,0,0,0.0,0,0,0,0,0,0,0
19930610,15900,16000,15300,15500,300,44910,0,0,0.0,0,0,0,0,0,0,0
19930611,15500,15500,15100,15400,100,20090,0,0,0.0,0,0,0,0,0,0,0
19930612,15300,15300,15200,15300,100,46130,0,0,0.0,0,0,0,0,0,0,0
19930614,15500,15500,15300,15300,0,21200,0,0,0.0,0,0,0,0,0,0,0
19930615,15300,15400,15100,15200,100,9090,0,0,0.0,0,0,0,0,0,0,0
19930616,15300,15600,15300,15500,300,41290,0,0,0.0,0,0,0,0,0,0,0
19930617,15700,16200,15700,16200,700,155750,0,0,0.0,0,0,0,0,0,0,0
19930618,16300,16500,16200,16400,200,170500,0,0,0.0,0,0,0,0,0,0,0
19930619,16600,17000,16500,16600,200,210710,0,0,0.0,0,0,0,0,0,0,0
19930621,16700,16800,16500,16500,100,95080,0,0,0.0,0,0,0,0,0,0,0
19930622,16700,16800,16500,16500,0,132410,0,0,0.0,0,0,0,0,0,0,0
19930623,16700,17300,16700,17300,800,212980,0,0,0.0,0,0,0,0,0,0,0
19930624,17500,18000,17500,17500,200,310320,0,0,0.0,0,0,0,0,0,0,0
19930625,17500,17600,17000,17400,100,71960,0,0,0.0,0,0,0,0,0,0,0
19930626,17200,17300,16700,16800,600,27810,0,0,0.0,0,0,0,0,0,0,0
19930628,16600,16600,16000,16200,600,35000,0,0,0.0,0,0,0,0,0,0,0
19930629,16000,16400,15800,16300,100,32700,0,0,0.0,0,0,0,0,0,0,0
19930630,16300,16300,16100,16100,200,30760,0,0,0.0,0,0,0,0,0,0,0
19930701,16200,16300,16100,16300,200,18580,0,0,0.0,0,0,0,0,0,0,0
19930702,16100,16600,16100,16300,0,41650,0,0,0.0,0,0,0,0,0,0,0
19930703,16500,17000,16400,16800,500,62380,0,0,0.0,0,0,0,0,0,0,0
19930705,16800,17200,16400,16700,100,46960,0,0,0.0,0,0,0,0,0,0,0
19930706,16700,16700,16500,16600,100,19180,0,0,0.0,0,0,0,0,0,0,0
19930707,16600,16900,16600,16700,100,22530,0,0,0.0,0,0,0,0,0,0,0
19930708,16900,17300,16900,17100,400,98310,0,0,0.0,0,0,0,0,0,0,0
19930709,17300,17900,17100,17800,700,170410,0,0,0.0,0,0,0,0,0,0,0
19930710,18000,18000,17300,17500,300,42630,0,0,0.0,0,0,0,0,0,0,0
19930712,17700,17700,17400,17700,200,97760,0,0,0.0,0,0,0,0,0,0,0
19930713,17700,17800,17400,17400,300,36300,0,0,0.0,0,0,0,0,0,0,0
19930714,17200,17800,17200,17600,200,103470,0,0,0.0,0,0,0,0,0,0,0
19930715,17800,18400,17700,17900,300,262300,0,0,0.0,0,0,0,0,0,0,0
19930716,18100,18200,17600,18000,100,115370,0,0,0.0,0,0,0,0,0,0,0
19930719,18000,18000,17600,17600,400,51000,0,0,0.0,0,0,0,0,0,0,0
19930720,17600,17800,17500,17800,200,51750,0,0,0.0,0,0,0,0,0,0,0
19930721,18000,18300,17900,18000,200,157680,0,0,0.0,0,0,0,0,0,0,0
19930722,18000,18000,17700,17800,200,54820,0,0,0.0,0,0,0,0,0,0,0
19930723,17700,17700,17500,17600,200,26830,0,0,0.0,0,0,0,0,0,0,0
19930724,17700,17800,17300,17400,200,18260,0,0,0.0,0,0,0,0,0,0,0
19930726,17400,17700,17400,17600,200,25120,0,0,0.0,0,0,0,0,0,0,0
19930727,17700,17700,17500,17500,100,20840,0,0,0.0,0,0,0,0,0,0,0
19930728,17600,17600,17400,17400,100,27640,0,0,0.0,0,0,0,0,0,0,0
19930729,17600,18100,17600,17800,400,305200,0,0,0.0,0,0,0,0,0,0,0
19930730,18000,18200,17800,18000,200,245160,0,0,0.0,0,0,0,0,0,0,0
19930731,18000,18000,17600,17900,100,128440,0,0,0.0,0,0,0,0,0,0,0
19930802,17500,17900,17300,17300,600,62210,0,0,0.0,0,0,0,0,0,0,0
19930803,17400,17600,17300,17500,200,134170,0,0,0.0,0,0,0,0,0,0,0
19930804,16700,16700,16000,16500,100,46530,0,0,0.0,0,0,0,0,0,0,0
19930805,16400,16800,16400,16800,300,37980,0,0,0.0,0,0,0,0,0,0,0
19930806,16400,16800,16400,16400,400,13740,0,0,0.0,0,0,0,0,0,0,0
19930807,16400,16400,16000,16100,300,13360,0,0,0.0,0,0,0,0,0,0,0
19930809,16100,16100,15800,16000,100,16310,0,0,0.0,0,0,0,0,0,0,0
19930810,15800,16200,15800,16200,200,21800,0,0,0.0,0,0,0,0,0,0,0
19930811,16000,16500,16000,16400,200,23990,0,0,0.0,0,0,0,0,0,0,0
19930812,16400,16500,16100,16400,0,13100,0,0,0.0,0,0,0,0,0,0,0
19930813,15600,15600,15600,15600,800,50,0,0,0.0,0,0,0,0,0,0,0
19930814,14800,14800,14800,14800,800,10400,0,0,0.0,0,0,0,0,0,0,0
19930816,14500,15400,14300,15400,600,24710,0,0,0.0,0,0,0,0,0,0,0
19930817,15200,15300,14900,15200,200,14530,0,0,0.0,0,0,0,0,0,0,0
19930818,15200,15500,15200,15500,300,33300,0,0,0.0,0,0,0,0,0,0,0
19930819,15700,16100,15500,15700,200,32470,0,0,0.0,0,0,0,0,0,0,0
19930820,15500,15700,15400,15600,100,17870,0,0,0.0,0,0,0,0,0,0,0
19930821,15700,15900,15400,15600,0,5140,0,0,0.0,0,0,0,0,0,0,0
19930823,15700,15800,15600,15800,200,17370,0,0,0.0,0,0,0,0,0,0,0
19930824,15500,15800,15400,15500,300,10790,0,0,0.0,0,0,0,0,0,0,0
19930825,15500,15600,15200,15400,100,7890,0,0,0.0,0,0,0,0,0,0,0
19930826,14800,15200,14800,14800,600,9340,0,0,0.0,0,0,0,0,0,0,0
19930827,14900,14900,14200,14300,500,10190,0,0,0.0,0,0,0,0,0,0,0
19930828,14200,14300,14000,14300,0,10670,0,0,0.0,0,0,0,0,0,0,0
19930830,14100,14200,13700,14000,300,18870,0,0,0.0,0,0,0,0,0,0,0
19930831,13500,14000,13400,13400,600,20750,0,0,0.0,0,0,0,0,0,0,0
19930901,13400,13600,12900,13500,100,17010,0,0,0.0,0,0,0,0,0,0,0
19930902,13500,13800,13300,13700,200,18060,0,0,0.0,0,0,0,0,0,0,0
19930903,13900,14300,13900,14300,600,11170,0,0,0.0,0,0,0,0,0,0,0
19930904,14500,14900,14400,14600,300,85500,0,0,0.0,0,0,0,0,0,0,0
19930906,14800,14900,14100,14800,200,43500,0,0,0.0,0,0,0,0,0,0,0
19930907,14800,15000,14400,14900,100,61140,0,0,0.0,0,0,0,0,0,0,0
19930908,14700,15000,14700,14700,200,41630,0,0,0.0,0,0,0,0,0,0,0
19930909,14700,15000,14500,14700,0,20850,0,0,0.0,0,0,0,0,0,0,0
19930910,14500,15300,14500,15300,600,61700,0,0,0.0,0,0,0,0,0,0,0
19930911,15500,15500,15000,15300,0,30360,0,0,0.0,0,0,0,0,0,0,0
19930913,15400,15400,15200,15200,100,19900,0,0,0.0,0,0,0,0,0,0,0
19930914,15000,15300,15000,15000,200,13110,0,0,0.0,0,0,0,0,0,0,0
19930915,15000,15100,14800,14800,200,17090,0,0,0.0,0,0,0,0,0,0,0
19930916,14500,14900,14500,14700,100,6830,0,0,0.0,0,0,0,0,0,0,0
19930917,14400,14700,14400,14400,300,2520,0,0,0.0,0,0,0,0,0,0,0
19930918,14500,14700,14500,14600,200,10150,0,0,0.0,0,0,0,0,0,0,0
19930920,14300,14900,14300,14700,100,6120,0,0,0.0,0,0,0,0,0,0,0
19930921,14900,14900,14600,14700,0,11420,0,0,0.0,0,0,0,0,0,0,0
19930922,14700,14900,14700,14800,100,3720,0,0,0.0,0,0,0,0,0,0,0
19930923,14800,15000,14800,14800,0,9900,0,0,0.0,0,0,0,0,0,0,0
19930924,14900,15000,14600,14600,200,6780,0,0,0.0,0,0,0,0,0,0,0
19930925,14800,15200,14700,15200,600,23710,0,0,0.0,0,0,0,0,0,0,0
19930927,15400,15800,15400,15600,400,58500,0,0,0.0,0,0,0,0,0,0,0
19930928,15500,15600,15300,15600,0,16220,0,0,0.0,0,0,0,0,0,0,0
19931002,15500,15600,15400,15400,200,12390,0,0,0.0,0,0,0,0,0,0,0
19931004,15200,15900,15200,15800,400,65920,0,0,0.0,0,0,0,0,0,0,0
19931005,15700,15900,15500,15600,200,59950,0,0,0.0,0,0,0,0,0,0,0
19931006,15600,15700,15500,15500,100,32440,0,0,0.0,0,0,0,0,0,0,0
19931007,15500,16000,15500,15900,400,72470,0,0,0.0,0,0,0,0,0,0,0
19931008,16000,16300,15800,16000,100,96160,0,0,0.0,0,0,0,0,0,0,0
19931009,15800,16000,15700,15700,300,18980,0,0,0.0,0,0,0,0,0,0,0
19931011,15800,16200,15800,16200,500,64230,0,0,0.0,0,0,0,0,0,0,0
19931012,16300,16600,16100,16300,100,68230,0,0,0.0,0,0,0,0,0,0,0
19931013,16400,16600,16200,16200,100,37620,0,0,0.0,0,0,0,0,0,0,0
19931014,16400,16500,16100,16200,0,31810,0,0,0.0,0,0,0,0,0,0,0
19931015,15600,16300,15600,16000,200,19720,0,0,0.0,0,0,0,0,0,0,0
19931016,15700,16800,15700,16800,800,71900,0,0,0.0,0,0,0,0,0,0,0
19931018,17600,17600,17200,17600,800,174290,0,0,0.0,0,0,0,0,0,0,0
19931019,18000,18200,16800,17000,600,87240,0,0,0.0,0,0,0,0,0,0,0
19931020,16800,17200,16500,17000,0,33740,0,0,0.0,0,0,0,0,0,0,0
19931021,17000,17200,16800,17100,100,76490,0,0,0.0,0,0,0,0,0,0,0
19931022,17200,17900,17200,17500,400,141150,0,0,0.0,0,0,0,0,0,0,0
19931023,17700,17700,17300,17500,0,22670,0,0,0.0,0,0,0,0,0,0,0
19931025,17600,18100,17500,17800,300,104220,0,0,0.0,0,0,0,0,0,0,0
19931026,18000,18300,17700,17800,0,79970,0,0,0.0,0,0,0,0,0,0,0
19931027,17800,17900,17500,17600,200,24890,0,0,0.0,0,0,0,0,0,0,0
19931028,17500,18100,17500,17700,100,70850,0,0,0.0,0,0,0,0,0,0,0
19931029,17600,18500,17600,18200,500,189320,0,0,0.0,0,0,0,0,0,0,0
19931030,18400,18600,17900,18000,200,111170,0,0,0.0,0,0,0,0,0,0,0
19931101,18100,18300,17700,18300,300,148210,0,0,0.0,0,0,0,0,0,0,0
19931102,18500,18800,18300,18300,0,173590,0,0,0.0,0,0,0,0,0,0,0
19931103,18600,18600,17500,17500,800,73180,0,0,0.0,0,0,0,0,0,0,0
19931104,17100,17700,17000,17100,400,27730,0,0,0.0,0,0,0,0,0,0,0
19931105,17100,17200,16400,16400,700,19480,0,0,0.0,0,0,0,0,0,0,0
19931106,17200,17200,16700,16900,500,73720,0,0,0.0,0,0,0,0,0,0,0
19931108,17000,17500,17000,17500,600,44230,0,0,0.0,0,0,0,0,0,0,0
19931109,17500,17700,16700,16700,800,37410,0,0,0.0,0,0,0,0,0,0,0
19931110,15900,16400,15900,15900,800,89620,0,0,0.0,0,0,0,0,0,0,0
19931111,15900,16700,15900,16700,800,40940,0,0,0.0,0,0,0,0,0,0,0
19931112,17500,17500,17300,17500,800,77420,0,0,0.0,0,0,0,0,0,0,0
19931113,18300,18300,17800,18300,800,203480,0,0,0.0,0,0,0,0,0,0,0
19931115,19100,19100,18800,19100,800,238150,0,0,0.0,0,0,0,0,0,0,0
19931116,19900,19900,19300,19900,800,382570,0,0,0.0,0,0,0,0,0,0,0
19931117,20700,20700,20700,20700,800,25290,0,0,0.0,0,0,0,0,0,0,0
19931118,21700,21700,21700,21700,1000,19850,0,0,0.0,0,0,0,0,0,0,0
19931119,22700,22700,22700,22700,1000,29230,0,0,0.0,0,0,0,0,0,0,0
19931120,23700,23700,23700,23700,1000,40060,0,0,0.0,0,0,0,0,0,0,0
19931122,24700,24700,23800,24700,1000,550080,0,0,0.0,0,0,0,0,0,0,0
19931123,24700,25400,23700,24400,300,376370,0,0,0.0,0,0,0,0,0,0,0
19931124,25000,25200,23700,24400,0,301370,0,0,0.0,0,0,0,0,0,0,0
19931125,24400,25400,24000,25400,1000,229750,0,0,0.0,0,0,0,0,0,0,0
19931126,26400,26400,25400,25800,400,285790,0,0,0.0,0,0,0,0,0,0,0
19931127,25800,26000,24800,24800,1000,36380,0,0,0.0,0,0,0,0,0,0,0
19931129,23800,24700,23800,23800,1000,183880,0,0,0.0,0,0,0,0,0,0,0
19931130,23800,24300,23300,23500,300,81100,0,0,0.0,0,0,0,0,0,0,0
19931201,23800,23900,22500,22500,1000,33130,0,0,0.0,0,0,0,0,0,0,0
19931202,21500,22500,21500,21800,700,116150,0,0,0.0,0,0,0,0,0,0,0
19931203,21800,22700,21600,21800,0,86680,0,0,0.0,0,0,0,0,0,0,0
19931204,22100,22800,22100,22800,1000,55650,0,0,0.0,0,0,0,0,0,0,0
19931206,23500,23800,21800,21800,1000,69770,0,0,0.0,0,0,0,0,0,0,0
19931207,21100,21500,21100,21100,700,38180,0,0,0.0,0,0,0,0,0,0,0
19931208,21300,22100,21300,22100,1000,88850,0,0,0.0,0,0,0,0,0,0,0
19931209,22300,22500,21100,21300,800,44510,0,0,0.0,0,0,0,0,0,0,0
19931210,21200,21300,20300,20300,1000,59340,0,0,0.0,0,0,0,0,0,0,0
19931211,20200,21300,20200,21000,700,37800,0,0,0.0,0,0,0,0,0,0,0
19931213,20200,21300,20200,20500,500,41410,0,0,0.0,0,0,0,0,0,0,0
19931214,20400,21500,20400,21000,500,73940,0,0,0.0,0,0,0,0,0,0,0
19931215,20800,21300,20500,20500,500,50820,0,0,0.0,0,0,0,0,0,0,0
19931216,20500,21100,20400,20400,100,51570,0,0,0.0,0,0,0,0,0,0,0
19931217,20500,21200,20500,20900,500,68810,0,0,0.0,0,0,0,0,0,0,0
19931218,20400,20900,20100,20100,800,21730,0,0,0.0,0,0,0,0,0,0,0
19931220,19300,20000,19100,19100,1000,42420,0,0,0.0,0,0,0,0,0,0,0
19931221,19100,19500,19100,19200,100,34420,0,0,0.0,0,0,0,0,0,0,0
19931222,19400,20000,19300,19600,400,49920,0,0,0.0,0,0,0,0,0,0,0
19931223,19700,20400,19700,19900,300,31100,0,0,0.0,0,0,0,0,0,0,0
19931224,20000,20000,19100,19200,700,14300,0,0,0.0,0,0,0,0,0,0,0
19931227,19300,19700,18800,19000,200,17190,0,0,0.0,0,0,0,0,0,0,0
19931228,18800,18800,18200,18200,800,22330,0,0,0.0,0,0,0,0,0,0,0
19940103,17500,18100,17500,18100,800,17960,0,0,0.0,0,0,0,0,0,0,0
19940104,18600,18900,18500,18900,800,35040,0,0,0.0,0,0,0,0,0,0,0
19940105,19700,19700,19200,19700,800,155100,0,0,0.0,0,0,0,0,0,0,0
19940106,20500,20500,20000,20500,800,216670,0,0,0.0,0,0,0,0,0,0,0
19940107,21100,21200,19500,19500,1000,193560,0,0,0.0,0,0,0,0,0,0,0
19940108,19500,19900,19200,19700,200,59880,0,0,0.0,0,0,0,0,0,0,0
19940110,19700,20500,19700,20500,800,119360,0,0,0.0,0,0,0,0,0,0,0
19940111,20800,21500,20500,20700,200,251860,0,0,0.0,0,0,0,0,0,0,0
19940112,21000,21100,20200,21100,400,221510,0,0,0.0,0,0,0,0,0,0,0
19940113,21600,21600,20300,20500,600,169080,0,0,0.0,0,0,0,0,0,0,0
19940114,20000,20200,19500,19500,1000,64320,0,0,0.0,0,0,0,0,0,0,0
19940115,19300,19300,18700,18700,800,59800,0,0,0.0,0,0,0,0,0,0,0
19940117,18300,19200,18100,18500,200,60390,0,0,0.0,0,0,0,0,0,0,0
19940118,18500,19100,18500,18900,400,62950,0,0,0.0,0,0,0,0,0,0,0
19940119,18900,19100,18400,18500,400,61860,0,0,0.0,0,0,0,0,0,0,0
19940120,18200,18500,17700,18000,500,49790,0,0,0.0,0,0,0,0,0,0,0
19940121,18000,18700,18000,18600,600,42540,0,0,0.0,0,0,0,0,0,0,0
19940122,18700,19400,18700,19400,800,96540,0,0,0.0,0,0,0,0,0,0,0
19940124,20000,20200,19900,20200,800,157030,0,0,0.0,0,0,0,0,0,0,0
19940125,20900,20900,19200,19200,1000,121230,0,0,0.0,0,0,0,0,0,0,0
19940126,19200,20000,19000,20000,800,102830,0,0,0.0,0,0,0,0,0,0,0
19940127,20700,21000,20300,21000,1000,340550,0,0,0.0,0,0,0,0,0,0,0
19940128,21000,21000,20000,20000,1000,75610,0,0,0.0,0,0,0,0,0,0,0
19940129,19500,19800,19000,19200,800,142860,0,0,0.0,0,0,0,0,0,0,0
19940131,19300,20000,19300,19500,300,123920,0,0,0.0,0,0,0,0,0,0,0
19940201,19300,20300,19300,20300,800,218380,0,0,0.0,0,0,0,0,0,0,0
19940202,21300,21300,19400,21300,1000,515280,0,0,0.0,0,0,0,0,0,0,0
19940203,20300,20800,20300,20300,1000,148580,0,0,0.0,0,0,0,0,0,0,0
19940204,20000,21000,19500,20000,300,287490,0,0,0.0,0,0,0,0,0,0,0
19940205,20100,20500,19000,19000,1000,76700,0,0,0.0,0,0,0,0,0,0,0
19940207,18200,18900,18200,18300,700,76760,0,0,0.0,0,0,0,0,0,0,0
19940208,18200,18900,18200,18900,600,48980,0,0,0.0,0,0,0,0,0,0,0
19940212,18900,19200,18600,18600,300,19670,0,0,0.0,0,0,0,0,0,0,0
19940214,18600,18900,18600,18600,0,32190,0,0,0.0,0,0,0,0,0,0,0
19940215,18600,19400,18300,18700,100,46620,0,0,0.0,0,0,0,0,0,0,0
19940216,18900,19200,18500,19100,400,72970,0,0,0.0,0,0,0,0,0,0,0
19940217,19300,19300,18300,18600,500,42590,0,0,0.0,0,0,0,0,0,0,0
19940218,18300,19200,18300,18400,200,33400,0,0,0.0,0,0,0,0,0,0,0
19940219,18800,19200,18700,19200,800,31370,0,0,0.0,0,0,0,0,0,0,0
19940221,20000,20000,18600,19300,100,135000,0,0,0.0,0,0,0,0,0,0,0
19940222,19000,19300,18600,18600,700,38360,0,0,0.0,0,0,0,0,0,0,0
19940223,18600,19000,18400,18400,200,46370,0,0,0.0,0,0,0,0,0,0,0
19940224,18500,19000,18500,18500,100,48890,0,0,0.0,0,0,0,0,0,0,0
19940225,18600,18700,18100,18200,300,55040,0,0,0.0,0,0,0,0,0,0,0
19940226,18300,18900,18200,18600,400,37980,0,0,0.0,0,0,0,0,0,0,0
19940228,17800,18700,17800,18300,300,34170,0,0,0.0,0,0,0,0,0,0,0
19940302,18000,18300,17900,17900,400,18880,0,0,0.0,0,0,0,0,0,0,0
19940303,17900,18700,17900,18200,300,67410,0,0,0.0,0,0,0,0,0,0,0
19940304,18400,18700,17800,18400,200,53250,0,0,0.0,0,0,0,0,0,0,0
19940305,18400,18400,17900,18000,400,19740,0,0,0.0,0,0,0,0,0,0,0
19940307,18000,18000,17800,17900,100,17160,0,0,0.0,0,0,0,0,0,0,0
19940308,17800,18300,17700,17700,200,24140,0,0,0.0,0,0,0,0,0,0,0
19940309,17500,18000,16900,17200,500,30050,0,0,0.0,0,0,0,0,0,0,0
19940310,17700,17800,17500,17600,400,33670,0,0,0.0,0,0,0,0,0,0,0
19940311,18400,18400,17600,18400,800,71910,0,0,0.0,0,0,0,0,0,0,0
19940312,18900,19200,18700,19200,800,105140,0,0,0.0,0,0,0,0,0,0,0
19940314,20000,20000,20000,20000,800,222920,0,0,0.0,0,0,0,0,0,0,0
19940315,20900,20900,19000,19000,1000,346260,0,0,0.0,0,0,0,0,0,0,0
19940316,19000,19300,18400,19300,300,86110,0,0,0.0,0,0,0,0,0,0,0
19940317,19800,20100,19200,20100,800,183570,0,0,0.0,0,0,0,0,0,0,0
19940318,20100,21100,19800,20200,100,589910,0,0,0.0,0,0,0,0,0,0,0
19940319,20300,20500,19600,19700,500,126200,0,0,0.0,0,0,0,0,0,0,0
19940321,19500,20300,19000,20000,300,168140,0,0,0.0,0,0,0,0,0,0,0
19940322,19700,20500,19700,19800,200,181660,0,0,0.0,0,0,0,0,0,0,0
19940323,19800,20100,19500,19600,200,79630,0,0,0.0,0,0,0,0,0,0,0
19940324,19700,19700,19100,19100,500,64500,0,0,0.0,0,0,0,0,0,0,0
19940325,19200,19500,18800,18800,300,51010,0,0,0.0,0,0,0,0,0,0,0
19940326,18900,19200,18900,18900,100,33590,0,0,0.0,0,0,0,0,0,0,0
19940328,19000,19700,18900,19700,800,77940,0,0,0.0,0,0,0,0,0,0,0
19940329,20000,20200,19500,19500,200,108360,0,0,0.0,0,0,0,0,0,0,0
19940330,19600,20300,19500,20300,800,132380,0,0,0.0,0,0,0,0,0,0,0
19940331,20300,20800,20000,20000,300,232910,0,0,0.0,0,0,0,0,0,0,0
19940401,20200,21000,20200,21000,1000,224690,0,0,0.0,0,0,0,0,0,0,0
19940402,22000,22000,21500,21500,500,370100,0,0,0.0,0,0,0,0,0,0,0
19940404,21500,22300,21000,21400,100,337080,0,0,0.0,0,0,0,0,0,0,0
19940406,21800,22400,21700,21700,300,450950,0,0,0.0,0,0,0,0,0,0,0
19940407,21600,22000,21200,21300,400,222040,0,0,0.0,0,0,0,0,0,0,0
19940408,21100,21700,20800,20900,400,161490,0,0,0.0,0,0,0,0,0,0,0
19940409,20900,21300,20700,21100,200,109420,0,0,0.0,0,0,0,0,0,0,0
19940411,21300,21600,21000,21200,100,184620,0,0,0.0,0,0,0,0,0,0,0
19940412,20800,21600,20800,21300,100,121240,0,0,0.0,0,0,0,0,0,0,0
19940413,21500,22200,21500,21700,400,227210,0,0,0.0,0,0,0,0,0,0,0
19940414,21900,22400,21800,21900,200,293790,0,0,0.0,0,0,0,0,0,0,0
19940415,21800,21900,21400,21400,500,110750,0,0,0.0,0,0,0,0,0,0,0
19940416,21400,21600,20700,21000,400,112370,0,0,0.0,0,0,0,0,0,0,0
19940418,21000,21700,20700,21300,300,102350,0,0,0.0,0,0,0,0,0,0,0
19940419,21400,21500,20700,20700,600,79770,0,0,0.0,0,0,0,0,0,0,0
19940420,20700,20800,20100,20100,600,63220,0,0,0.0,0,0,0,0,0,0,0
19940421,20100,20400,19800,20000,100,65000,0,0,0.0,0,0,0,0,0,0,0
19940422,20300,20500,20100,20200,200,72010,0,0,0.0,0,0,0,0,0,0,0
19940423,20200,20700,20200,20300,100,63770,0,0,0.0,0,0,0,0,0,0,0
19940425,20400,20500,20000,20000,300,68370,0,0,0.0,0,0,0,0,0,0,0
19940426,20000,20600,19900,20600,600,70020,0,0,0.0,0,0,0,0,0,0,0
19940427,20800,21100,20600,20900,300,132150,0,0,0.0,0,0,0,0,0,0,0
19940428,21000,21300,20300,20300,600,97920,0,0,0.0,0,0,0,0,0,0,0
19940429,20500,20800,20200,20400,100,68470,0,0,0.0,0,0,0,0,0,0,0
19940430,20500,20800,20500,20500,100,27380,0,0,0.0,0,0,0,0,0,0,0
19940502,20600,21200,20600,21200,700,86760,0,0,0.0,0,0,0,0,0,0,0
19940503,21000,21000,20200,20600,600,66630,0,0,0.0,0,0,0,0,0,0,0
19940504,20500,20700,19700,20100,500,109890,0,0,0.0,0,0,0,0,0,0,0
19940506,20300,20400,20000,20000,100,55210,0,0,0.0,0,0,0,0,0,0,0
19940507,20200,20300,20100,20200,200,27230,0,0,0.0,0,0,0,0,0,0,0
19940509,20200,20700,20200,20400,200,82160,0,0,0.0,0,0,0,0,0,0,0
19940510,20400,20500,20000,20000,400,67250,0,0,0.0,0,0,0,0,0,0,0
19940511,20200,20700,20100,20100,100,73260,0,0,0.0,0,0,0,0,0,0,0
19940512,20200,20500,20200,20300,200,53870,0,0,0.0,0,0,0,0,0,0,0
19940513,20300,20400,20000,20100,200,69050,0,0,0.0,0,0,0,0,0,0,0
19940514,20200,20200,20000,20100,0,29220,0,0,0.0,0,0,0,0,0,0,0
19940516,20100,20600,20100,20400,300,60410,0,0,0.0,0,0,0,0,0,0,0
19940517,20600,20700,20200,20400,0,72670,0,0,0.0,0,0,0,0,0,0,0
19940519,20500,20600,20300,20300,100,68200,0,0,0.0,0,0,0,0,0,0,0
19940520,20400,20500,20200,20200,100,34320,0,0,0.0,0,0,0,0,0,0,0
19940521,20200,20400,20000,20000,200,37080,0,0,0.0,0,0,0,0,0,0,0
19940523,20000,20300,20000,20100,100,33590,0,0,0.0,0,0,0,0,0,0,0
19940524,20200,21100,20100,21100,1000,244810,0,0,0.0,0,0,0,0,0,0,0
19940525,21500,21500,21000,21000,100,230080,0,0,0.0,0,0,0,0,0,0,0
19940526,21000,21200,20500,20700,300,99290,0,0,0.0,0,0,0,0,0,0,0
19940527,20800,21600,20800,21200,500,214980,0,0,0.0,0,0,0,0,0,0,0
19940528,21400,21500,20700,20700,500,46970,0,0,0.0,0,0,0,0,0,0,0
19940530,20900,21200,20600,20800,100,60560,0,0,0.0,0,0,0,0,0,0,0
19940531,20500,20800,20500,20600,200,55310,0,0,0.0,0,0,0,0,0,0,0
19940601,20300,20700,20300,20300,300,29920,0,0,0.0,0,0,0,0,0,0,0
19940602,20300,20700,20300,20400,100,36280,0,0,0.0,0,0,0,0,0,0,0
19940603,20400,20800,20300,20500,100,39420,0,0,0.0,0,0,0,0,0,0,0
19940604,20600,21300,20600,20800,300,93680,0,0,0.0,0,0,0,0,0,0,0
19940607,20800,21100,20500,21000,200,75990,0,0,0.0,0,0,0,0,0,0,0
19940608,21200,21900,21000,21400,400,248880,0,0,0.0,0,0,0,0,0,0,0
19940609,21600,22000,21100,21700,300,252830,0,0,0.0,0,0,0,0,0,0,0
19940610,21800,21900,21000,21000,700,56270,0,0,0.0,0,0,0,0,0,0,0
19940611,20800,21000,20300,20500,500,50450,0,0,0.0,0,0,0,0,0,0,0
19940613,20700,20800,20400,20600,100,58910,0,0,0.0,0,0,0,0,0,0,0
19940614,20400,20500,19900,20300,300,111870,0,0,0.0,0,0,0,0,0,0,0
19940615,20300,21300,20200,21100,800,279900,0,0,0.0,0,0,0,0,0,0,0
19940616,21500,21800,21200,21500,400,262960,0,0,0.0,0,0,0,0,0,0,0
19940617,21700,22500,21700,22500,1000,423970,0,0,0.0,0,0,0,0,0,0,0
19940618,23400,23500,23000,23500,1000,438550,0,0,0.0,0,0,0,0,0,0,0
19940620,24500,24500,24500,24500,1000,78240,0,0,0.0,0,0,0,0,0,0,0
19940621,25500,25500,24100,25000,500,806570,0,0,0.0,0,0,0,0,0,0,0
19940622,24800,25500,24000,24000,1000,678240,0,0,0.0,0,0,0,0,0,0,0
19940623,24900,25000,23500,25000,1000,520040,0,0,0.0,0,0,0,0,0,0,0
19940624,25500,26000,25000,25000,0,551170,0,0,0.0,0,0,0,0,0,0,0
19940625,24700,24700,24000,24000,1000,134580,0,0,0.0,0,0,0,0,0,0,0
19940627,24000,24500,23200,24000,0,173440,0,0,0.0,0,0,0,0,0,0,0
19940628,24500,24800,24000,24000,0,308180,0,0,0.0,0,0,0,0,0,0,0
19940629,24100,24300,23500,24000,0,90510,0,0,0.0,0,0,0,0,0,0,0
19940630,23900,24000,23500,23800,200,84310,0,0,0.0,0,0,0,0,0,0,0
19940701,23500,24800,23500,24800,1000,136980,0,0,0.0,0,0,0,0,0,0,0
19940702,25300,25800,25100,25800,1000,193950,0,0,0.0,0,0,0,0,0,0,0
19940704,26600,26800,26100,26200,400,447480,0,0,0.0,0,0,0,0,0,0,0
19940705,25600,26900,25600,26100,100,274770,0,0,0.0,0,0,0,0,0,0,0
19940706,26400,26800,25300,25500,600,195650,0,0,0.0,0,0,0,0,0,0,0
19940707,25500,26500,25300,26500,1000,240610,0,0,0.0,0,0,0,0,0,0,0
19940708,27000,27500,26900,27500,1000,154280,0,0,0.0,0,0,0,0,0,0,0
19940709,28500,28500,28500,28500,1000,36640,0,0,0.0,0,0,0,0,0,0,0
19940711,29500,29500,28600,29500,1000,585850,0,0,0.0,0,0,0,0,0,0,0
19940712,30500,30500,29500,30500,1000,358180,0,0,0.0,0,0,0,0,0,0,0
19940713,30400,30400,29200,29200,1300,303140,0,0,0.0,0,0,0,0,0,0,0
19940714,28900,29000,28200,28400,800,392560,0,0,0.0,0,0,0,0,0,0,0
19940715,28400,29000,27400,27400,1000,220910,0,0,0.0,0,0,0,0,0,0,0
19940716,26900,27400,26500,26800,600,133450,0,0,0.0,0,0,0,0,0,0,0
19940718,26900,27500,26900,27500,700,158910,0,0,0.0,0,0,0,0,0,0,0
19940719,27500,27900,26700,26800,700,97380,0,0,0.0,0,0,0,0,0,0,0
19940720,26900,27000,26000,26000,800,97170,0,0,0.0,0,0,0,0,0,0,0
19940721,25600,26500,25400,26100,100,127170,0,0,0.0,0,0,0,0,0,0,0
19940722,26300,27100,26200,27100,1000,110720,0,0,0.0,0,0,0,0,0,0,0
19940723,28000,28100,27600,27600,500,223070,0,0,0.0,0,0,0,0,0,0,0
19940725,27600,27600,26800,27300,300,142560,0,0,0.0,0,0,0,0,0,0,0
19940726,27800,27900,27200,27800,500,172890,0,0,0.0,0,0,0,0,0,0,0
19940727,27800,27800,27000,27000,800,37630,0,0,0.0,0,0,0,0,0,0,0
19940728,26200,27500,26000,27500,500,105850,0,0,0.0,0,0,0,0,0,0,0
19940729,26500,27400,26500,27300,200,96900,0,0,0.0,0,0,0,0,0,0,0
19940730,27400,27400,26500,26800,500,30430,0,0,0.0,0,0,0,0,0,0,0
19940801,26500,26800,26200,26200,600,35610,0,0,0.0,0,0,0,0,0,0,0
19940802,25800,25900,25300,25300,900,43390,0,0,0.0,0,0,0,0,0,0,0
19940803,25300,25700,24900,25300,0,53750,0,0,0.0,0,0,0,0,0,0,0
19940804,25500,25500,24600,24700,600,21090,0,0,0.0,0,0,0,0,0,0,0
19940805,24700,24700,23800,23900,800,56300,0,0,0.0,0,0,0,0,0,0,0
19940806,23900,23900,23300,23300,600,33320,0,0,0.0,0,0,0,0,0,0,0
19940808,23300,23500,22500,22700,600,37330,0,0,0.0,0,0,0,0,0,0,0
19940809,22500,23700,22500,23600,900,51980,0,0,0.0,0,0,0,0,0,0,0
19940810,23800,24500,23400,24500,900,77650,0,0,0.0,0,0,0,0,0,0,0
19940811,24500,25000,23800,24200,300,53490,0,0,0.0,0,0,0,0,0,0,0
19940812,23800,24700,23800,24300,100,49660,0,0,0.0,0,0,0,0,0,0,0
19940813,24100,24800,24100,24100,200,30050,0,0,0.0,0,0,0,0,0,0,0
19940816,24200,25000,24200,24600,500,32490,0,0,0.0,0,0,0,0,0,0,0
19940817,25000,25200,24600,24600,0,26990,0,0,0.0,0,0,0,0,0,0,0
19940818,24700,25000,24200,24500,100,45390,0,0,0.0,0,0,0,0,0,0,0
19940819,24700,24700,24000,24000,500,33090,0,0,0.0,0,0,0,0,0,0,0
19940820,23600,24200,23600,24000,0,20920,0,0,0.0,0,0,0,0,0,0,0
19940822,24100,24900,23800,24300,300,36160,0,0,0.0,0,0,0,0,0,0,0
19940823,24000,24500,24000,24000,300,23970,0,0,0.0,0,0,0,0,0,0,0
19940824,23600,23700,23000,23400,600,15480,0,0,0.0,0,0,0,0,0,0,0
19940825,23000,23700,23000,23400,0,16730,0,0,0.0,0,0,0,0,0,0,0
19940826,23400,24400,23400,24400,1000,56570,0,0,0.0,0,0,0,0,0,0,0
19940827,25300,25300,24100,24100,300,44380,0,0,0.0,0,0,0,0,0,0,0
19940829,24900,24900,24400,24600,500,36030,0,0,0.0,0,0,0,0,0,0,0
19940830,24500,24700,24100,24700,100,22660,0,0,0.0,0,0,0,0,0,0,0
19940831,24700,25500,24600,24600,100,55380,0,0,0.0,0,0,0,0,0,0,0
19940901,23600,24600,23600,23900,700,68020,0,0,0.0,0,0,0,0,0,0,0
19940902,23900,24500,23400,23400,500,31370,0,0,0.0,0,0,0,0,0,0,0
19940903,23500,23600,23300,23300,100,21670,0,0,0.0,0,0,0,0,0,0,0
19940905,23000,23600,23000,23600,300,47380,0,0,0.0,0,0,0,0,0,0,0
19940906,23700,24000,22600,22900,700,30050,0,0,0.0,0,0,0,0,0,0,0
19940907,23100,23900,22800,23900,1000,118340,0,0,0.0,0,0,0,0,0,0,0
19940908,24300,24500,23500,24200,300,81900,0,0,0.0,0,0,0,0,0,0,0
19940909,24400,24500,23200,23400,800,141030,0,0,0.0,0,0,0,0,0,0,0
19940910,23400,23700,23200,23400,0,14430,0,0,0.0,0,0,0,0,0,0,0
19940912,23000,24000,23000,23600,200,56200,0,0,0.0,0,0,0,0,0,0,0
19940913,23800,24100,23200,23900,300,112030,0,0,0.0,0,0,0,0,0,0,0
19940914,23900,24000,23200,23800,100,37320,0,0,0.0,0,0,0,0,0,0,0
19940915,23800,24500,23600,24100,300,137220,0,0,0.0,0,0,0,0,0,0,0
19940916,24200,24600,23800,23900,200,61750,0,0,0.0,0,0,0,0,0,0,0
19940917,24100,24200,23500,23800,100,51440,0,0,0.0,0,0,0,0,0,0,0
19940922,23600,24000,23200,23300,500,51270,0,0,0.0,0,0,0,0,0,0,0
19940923,23000,23800,23000,23200,100,31410,0,0,0.0,0,0,0,0,0,0,0
19940924,23300,23500,23100,23400,200,28130,0,0,0.0,0,0,0,0,0,0,0
19940926,23100,24400,23100,24400,1000,169260,0,0,0.0,0,0,0,0,0,0,0
19940927,25400,25400,25100,25400,1000,132360,0,0,0.0,0,0,0,0,0,0,0
19940928,26000,26400,25600,26400,1000,279610,0,0,0.0,0,0,0,0,0,0,0
19940929,26400,27100,25900,26400,0,140920,0,0,0.0,0,0,0,0,0,0,0
19940930,26800,27400,25900,27300,900,146680,0,0,0.0,0,0,0,0,0,0,0
19941001,27200,27300,26600,26600,700,91710,0,0,0.0,0,0,0,0,0,0,0
19941004,26600,27000,26000,26000,600,101510,0,0,0.0,0,0,0,0,0,0,0
19941005,25400,26300,25000,25000,1000,48350,0,0,0.0,0,0,0,0,0,0,0
19941006,25200,26000,24400,26000,1000,86970,0,0,0.0,0,0,0,0,0,0,0
19941007,25000,26800,25000,25600,400,118190,0,0,0.0,0,0,0,0,0,0,0
19941008,26000,26000,24800,24800,800,23440,0,0,0.0,0,0,0,0,0,0,0
19941010,24800,25800,24800,25800,1000,117610,0,0,0.0,0,0,0,0,0,0,0
19941011,26100,26300,25600,25800,0,64420,0,0,0.0,0,0,0,0,0,0,0
19941012,25900,26600,25800,26100,300,121860,0,0,0.0,0,0,0,0,0,0,0
19941013,26000,26900,25500,26200,100,166170,0,0,0.0,0,0,0,0,0,0,0
19941014,26500,27200,26300,27200,1000,282270,0,0,0.0,0,0,0,0,0,0,0
19941015,28000,28200,27700,27900,700,284140,0,0,0.0,0,0,0,0,0,0,0
19941017,28400,28900,27900,28300,400,263330,0,0,0.0,0,0,0,0,0,0,0
19941018,28600,28700,27400,27400,900,201080,0,0,0.0,0,0,0,0,0,0,0
19941019,27400,27600,26400,26400,1000,63670,0,0,0.0,0,0,0,0,0,0,0
19941020,26100,27400,26100,27400,1000,92860,0,0,0.0,0,0,0,0,0,0,0
19941021,28400,28400,27600,28400,1000,261620,0,0,0.0,0,0,0,0,0,0,0
19941022,29000,29300,28700,28700,300,154450,0,0,0.0,0,0,0,0,0,0,0
19941024,28900,29000,27700,27700,1000,99130,0,0,0.0,0,0,0,0,0,0,0
19941025,27200,28400,27200,27600,100,150870,0,0,0.0,0,0,0,0,0,0,0
19941026,28000,28600,27700,28600,1000,173780,0,0,0.0,0,0,0,0,0,0,0
19941027,29200,29600,28100,28700,100,171690,0,0,0.0,0,0,0,0,0,0,0
19941028,29100,29100,27700,27700,1000,70620,0,0,0.0,0,0,0,0,0,0,0
19941029,27800,28300,27700,27800,100,49730,0,0,0.0,0,0,0,0,0,0,0
19941031,28100,28400,27400,27400,400,62700,0,0,0.0,0,0,0,0,0,0,0
19941101,27700,28100,27400,27600,200,93510,0,0,0.0,0,0,0,0,0,0,0
19941102,27800,28600,27500,28600,1000,92760,0,0,0.0,0,0,0,0,0,0,0
19941103,29600,29600,29600,29600,1000,93400,0,0,0.0,0,0,0,0,0,0,0
19941104,30600,30600,30600,30600,1000,171520,0,0,0.0,0,0,0,0,0,0,0
19941105,31500,31500,29300,29300,1300,164230,0,0,0.0,0,0,0,0,0,0,0
19941107,29300,29800,28400,29200,100,114250,0,0,0.0,0,0,0,0,0,0,0
19941108,29300,29800,28600,28600,600,81780,0,0,0.0,0,0,0,0,0,0,0
19941109,28600,29300,28600,28900,300,135910,0,0,0.0,0,0,0,0,0,0,0
19941110,29400,29600,28600,28800,100,76780,0,0,0.0,0,0,0,0,0,0,0
19941111,28800,29400,28300,28600,200,100860,0,0,0.0,0,0,0,0,0,0,0
19941112,28000,29000,28000,28100,500,35200,0,0,0.0,0,0,0,0,0,0,0
19941114,28100,29100,28100,29100,1000,134870,0,0,0.0,0,0,0,0,0,0,0
19941115,30100,30100,28900,28900,200,252490,0,0,0.0,0,0,0,0,0,0,0
19941116,29000,29300,28500,28500,400,89520,0,0,0.0,0,0,0,0,0,0,0
19941117,28600,29300,28500,28700,200,158720,0,0,0.0,0,0,0,0,0,0,0
19941118,29000,29600,29000,29500,800,219310,0,0,0.0,0,0,0,0,0,0,0
19941119,29900,30300,29500,30300,800,123810,0,0,0.0,0,0,0,0,0,0,0
19941121,30900,31600,30800,31600,1300,147810,0,0,0.0,0,0,0,0,0,0,0
19941122,32100,32200,30700,31300,300,224800,0,0,0.0,0,0,0,0,0,0,0
19941123,31600,31700,30300,31000,300,180780,0,0,0.0,0,0,0,0,0,0,0
19941124,31000,31500,29700,29700,1300,139270,0,0,0.0,0,0,0,0,0,0,0
19941125,29700,30200,28900,29000,700,92220,0,0,0.0,0,0,0,0,0,0,0
19941126,29100,29500,28800,29000,0,55690,0,0,0.0,0,0,0,0,0,0,0
19941128,28500,29300,28500,28800,200,57080,0,0,0.0,0,0,0,0,0,0,0
19941129,29000,29400,28900,29300,500,64770,0,0,0.0,0,0,0,0,0,0,0
19941130,29500,30300,29400,30000,700,108650,0,0,0.0,0,0,0,0,0,0,0
19941201,30000,31300,29200,31300,1300,204260,0,0,0.0,0,0,0,0,0,0,0
19941202,31200,32500,30700,31500,200,359790,0,0,0.0,0,0,0,0,0,0,0
19941203,31600,31900,31000,31300,200,112450,0,0,0.0,0,0,0,0,0,0,0
19941205,31600,31800,31000,31100,200,134130,0,0,0.0,0,0,0,0,0,0,0
19941206,31300,31400,30300,30600,500,69770,0,0,0.0,0,0,0,0,0,0,0
19941207,30600,30900,30100,30900,300,56170,0,0,0.0,0,0,0,0,0,0,0
19941208,31200,32200,31000,31300,400,200090,0,0,0.0,0,0,0,0,0,0,0
19941209,31300,31300,30000,30000,1300,130670,0,0,0.0,0,0,0,0,0,0,0
19941210,30100,30400,28900,29300,700,64250,0,0,0.0,0,0,0,0,0,0,0
19941212,28500,29900,28500,29400,100,77550,0,0,0.0,0,0,0,0,0,0,0
19941213,29900,30000,29200,29200,200,76310,0,0,0.0,0,0,0,0,0,0,0
19941214,29200,29800,28900,29800,600,80740,0,0,0.0,0,0,0,0,0,0,0
19941215,30000,30000,29300,29800,0,62370,0,0,0.0,0,0,0,0,0,0,0
19941216,30200,30800,29900,30800,1000,209830,0,0,0.0,0,0,0,0,0,0,0
19941217,31500,31500,30900,31000,200,153660,0,0,0.0,0,0,0,0,0,0,0
19941219,31300,31300,30000,30400,600,88700,0,0,0.0,0,0,0,0,0,0,0
19941220,30400,30500,29500,30000,400,51680,0,0,0.0,0,0,0,0,0,0,0
19941221,30500,30900,30000,30000,0,68880,0,0,0.0,0,0,0,0,0,0,0
19941222,30500,31300,30400,31200,1200,102810,0,0,0.0,0,0,0,0,0,0,0
19941223,31500,32000,30600,30800,400,61110,0,0,0.0,0,0,0,0,0,0,0
19941224,30500,30800,30200,30200,600,34770,0,0,0.0,0,0,0,0,0,0,0
19941226,30200,30800,29800,30000,200,53090,0,0,0.0,0,0,0,0,0,0,0
19941227,30200,30500,29100,30500,500,44710,0,0,0.0,0,0,0,0,0,0,0
19941228,30700,30700,30000,30200,300,70300,0,0,0.0,0,0,0,0,0,0,0
19950103,29000,29600,28800,29000,200,29810,0,0,0.0,0,0,0,0,0,0,0
19950104,29000,29600,28400,29400,400,82810,0,0,0.0,0,0,0,0,0,0,0
19950105,29000,29400,28800,29000,400,86140,0,0,0.0,0,0,0,0,0,0,0
19950106,28900,29800,28800,29400,400,110160,0,0,0.0,0,0,0,0,0,0,0
19950107,29800,30400,29800,30400,1000,55200,0,0,0.0,0,0,0,0,0,0,0
19950109,31500,31700,30900,31700,1300,148130,0,0,0.0,0,0,0,0,0,0,0
19950110,32300,32400,31700,31700,0,217650,0,0,0.0,0,0,0,0,0,0,0
19950111,32000,32500,31700,31700,0,210300,0,0,0.0,0,0,0,0,0,0,0
19950112,32100,33000,32100,32300,600,397220,0,0,0.0,0,0,0,0,0,0,0
19950113,32300,32800,31500,32000,300,183730,0,0,0.0,0,0,0,0,0,0,0
19950114,32300,33300,30700,33300,1300,160220,0,0,0.0,0,0,0,0,0,0,0
19950116,33900,34600,33100,33600,300,331900,0,0,0.0,0,0,0,0,0,0,0
19950117,33800,34500,33300,33700,100,250610,0,0,0.0,0,0,0,0,0,0,0
19950118,34000,34200,32400,32400,1300,168420,0,0,0.0,0,0,0,0,0,0,0
19950119,31900,32700,31400,31700,700,157740,0,0,0.0,0,0,0,0,0,0,0
19950120,31800,32700,31700,32200,500,93280,0,0,0.0,0,0,0,0,0,0,0
19950121,32300,33400,32200,32500,300,115830,0,0,0.0,0,0,0,0,0,0,0
19950123,32500,32500,31500,31700,800,70620,0,0,0.0,0,0,0,0,0,0,0
19950124,31700,31700,30700,31000,700,63460,0,0,0.0,0,0,0,0,0,0,0
19950125,31000,31600,30000,31400,400,58150,0,0,0.0,0,0,0,0,0,0,0
19950126,30500,31800,30100,30100,1300,61660,0,0,0.0,0,0,0,0,0,0,0
19950127,29000,29500,28800,28800,1300,60410,0,0,0.0,0,0,0,0,0,0,0
19950128,28000,29500,28000,29500,700,49770,0,0,0.0,0,0,0,0,0,0,0
19950202,29000,30500,29000,30300,800,24690,0,0,0.0,0,0,0,0,0,0,0
19950203,30300,30500,29800,29900,400,38170,0,0,0.0,0,0,0,0,0,0,0
19950204,30000,30900,29500,30900,1000,90440,0,0,0.0,0,0,0,0,0,0,0
19950206,31200,31200,30000,30000,900,49340,0,0,0.0,0,0,0,0,0,0,0
19950207,30800,31000,30100,30300,300,76060,0,0,0.0,0,0,0,0,0,0,0
19950208,30300,31000,30300,31000,700,41290,0,0,0.0,0,0,0,0,0,0,0
19950209,31300,31300,30500,30500,500,29140,0,0,0.0,0,0,0,0,0,0,0
19950210,30500,31300,30400,30900,400,31740,0,0,0.0,0,0,0,0,0,0,0
19950211,31400,31500,31000,31200,300,50300,0,0,0.0,0,0,0,0,0,0,0
19950213,31600,32500,31200,31200,0,83540,0,0,0.0,0,0,0,0,0,0,0
19950214,31300,31500,30500,30700,500,29590,0,0,0.0,0,0,0,0,0,0,0
19950215,31000,31000,29700,31000,300,35990,0,0,0.0,0,0,0,0,0,0,0
19950216,29800,31000,29800,31000,0,43930,0,0,0.0,0,0,0,0,0,0,0
19950217,30500,30700,30200,30200,800,22000,0,0,0.0,0,0,0,0,0,0,0
19950218,30000,30000,29500,29900,300,9010,0,0,0.0,0,0,0,0,0,0,0
19950220,29900,30400,29900,30100,200,9580,0,0,0.0,0,0,0,0,0,0,0
19950221,29800,30200,29500,29500,600,16540,0,0,0.0,0,0,0,0,0,0,0
19950222,29800,29900,29100,29500,0,8700,0,0,0.0,0,0,0,0,0,0,0
19950223,29000,29500,28800,29100,400,16870,0,0,0.0,0,0,0,0,0,0,0
19950224,28800,28800,28100,28100,1000,13960,0,0,0.0,0,0,0,0,0,0,0
19950225,27800,27900,27100,27100,1000,26160,0,0,0.0,0,0,0,0,0,0,0
19950227,26600,26900,26100,26900,200,46720,0,0,0.0,0,0,0,0,0,0,0
19950228,26900,27200,26000,26400,500,9650,0,0,0.0,0,0,0,0,0,0,0
19950302,26200,27400,26200,27400,1000,15460,0,0,0.0,0,0,0,0,0,0,0
19950303,27700,28400,27600,28400,1000,22800,0,0,0.0,0,0,0,0,0,0,0
19950304,28700,29000,28200,29000,600,16490,0,0,0.0,0,0,0,0,0,0,0
19950306,29000,29200,28700,29200,200,11760,0,0,0.0,0,0,0,0,0,0,0
19950307,28300,29300,28300,29000,200,9020,0,0,0.0,0,0,0,0,0,0,0
19950308,28300,29000,28300,28400,600,19920,0,0,0.0,0,0,0,0,0,0,0
19950309,28600,29400,28500,29400,1000,37430,0,0,0.0,0,0,0,0,0,0,0
19950310,28400,30300,28400,29800,400,33420,0,0,0.0,0,0,0,0,0,0,0
19950311,28900,30000,28900,29900,100,15470,0,0,0.0,0,0,0,0,0,0,0
19950313,30000,30000,29500,29700,200,12310,0,0,0.0,0,0,0,0,0,0,0
19950314,29700,30200,29700,30000,300,25610,0,0,0.0,0,0,0,0,0,0,0
19950315,30000,30000,29500,30000,0,9160,0,0,0.0,0,0,0,0,0,0,0
19950316,29600,30800,29600,30500,500,35760,0,0,0.0,0,0,0,0,0,0,0
19950317,30500,31200,30500,30800,300,54460,0,0,0.0,0,0,0,0,0,0,0
19950318,31000,31200,30400,30500,300,8620,0,0,0.0,0,0,0,0,0,0,0
19950320,30500,31000,30300,30500,0,15980,0,0,0.0,0,0,0,0,0,0,0
19950321,30100,30500,30100,30300,200,10690,0,0,0.0,0,0,0,0,0,0,0
19950322,29800,30300,29200,29300,1000,9800,0,0,0.0,0,0,0,0,0,0,0
19950323,29300,30000,29300,30000,700,6600,0,0,0.0,0,0,0,0,0,0,0
19950324,29800,30600,29800,30600,600,20410,0,0,0.0,0,0,0,0,0,0,0
19950325,30600,30700,30100,30200,400,24310,0,0,0.0,0,0,0,0,0,0,0
19950327,30700,30700,30000,30000,200,17100,0,0,0.0,0,0,0,0,0,0,0
19950328,29600,31300,29600,30500,500,47240,0,0,0.0,0,0,0,0,0,0,0
19950329,30500,30500,30100,30300,200,5590,0,0,0.0,0,0,0,0,0,0,0
19950330,30100,30700,30100,30500,200,12280,0,0,0.0,0,0,0,0,0,0,0
19950331,30500,30700,29900,30700,200,26050,0,0,0.0,0,0,0,0,0,0,0
19950401,30800,31500,30800,31500,800,33930,0,0,0.0,0,0,0,0,0,0,0
19950403,31000,31500,30600,31500,0,22300,0,0,0.0,0,0,0,0,0,0,0
19950404,31200,31200,30500,30700,800,32810,0,0,0.0,0,0,0,0,0,0,0
19950406,30000,30900,30000,30900,200,36670,0,0,0.0,0,0,0,0,0,0,0
19950407,30500,32000,30500,30600,300,32450,0,0,0.0,0,0,0,0,0,0,0
19950408,30700,30900,30500,30600,0,30090,0,0,0.0,0,0,0,0,0,0,0
19950410,30900,31500,30800,31000,400,88570,0,0,0.0,0,0,0,0,0,0,0
19950411,31100,31100,30500,30800,200,14000,0,0,0.0,0,0,0,0,0,0,0
19950412,30800,31100,30700,30700,100,35450,0,0,0.0,0,0,0,0,0,0,0
19950413,31000,31300,30800,31000,300,79500,0,0,0.0,0,0,0,0,0,0,0
19950414,31300,31700,31000,31600,600,62520,0,0,0.0,0,0,0,0,0,0,0
19950415,31900,32400,31600,31600,0,108850,0,0,0.0,0,0,0,0,0,0,0
19950417,31700,31900,31400,31500,100,19070,0,0,0.0,0,0,0,0,0,0,0
19950418,31400,31400,30200,30500,1000,83570,0,0,0.0,0,0,0,0,0,0,0
19950419,30500,31000,30300,30600,100,45670,0,0,0.0,0,0,0,0,0,0,0
19950420,30400,30700,30300,30400,200,31300,0,0,0.0,0,0,0,0,0,0,0
19950421,30400,30600,29700,30000,400,21280,0,0,0.0,0,0,0,0,0,0,0
19950422,30000,30000,29100,29500,500,13470,0,0,0.0,0,0,0,0,0,0,0
19950424,29500,29500,29100,29100,400,15070,0,0,0.0,0,0,0,0,0,0,0
19950425,28900,30800,28600,30800,1700,28130,0,0,0.0,0,0,0,0,0,0,0
19950426,29100,30100,29100,30000,800,22140,0,0,0.0,0,0,0,0,0,0,0
19950427,30000,30300,29700,29900,100,49430,0,0,0.0,0,0,0,0,0,0,0
19950428,30000,30500,29800,30500,600,40200,0,0,0.0,0,0,0,0,0,0,0
19950429,30400,30500,29800,30500,0,20840,0,0,0.0,0,0,0,0,0,0,0
19950502,30100,30700,30100,30500,0,24170,0,0,0.0,0,0,0,0,0,0,0
19950503,30500,31700,30500,31600,1100,126210,0,0,0.0,0,0,0,0,0,0,0
19950504,31600,31800,30800,30800,800,83290,0,0,0.0,0,0,0,0,0,0,0
19950506,31000,31600,31000,31500,700,38350,0,0,0.0,0,0,0,0,0,0,0
19950508,31300,31500,31300,31400,100,51860,0,0,0.0,0,0,0,0,0,0,0
19950509,31200,31200,30500,31000,400,9260,0,0,0.0,0,0,0,0,0,0,0
19950510,30700,31200,30500,30600,400,26880,0,0,0.0,0,0,0,0,0,0,0
19950511,30100,30900,30100,30900,300,14680,0,0,0.0,0,0,0,0,0,0,0
19950512,30600,31000,30600,30800,100,41190,0,0,0.0,0,0,0,0,0,0,0
19950513,31000,31100,30400,30400,400,8280,0,0,0.0,0,0,0,0,0,0,0
19950515,30400,30500,30000,30000,400,14180,0,0,0.0,0,0,0,0,0,0,0
19950516,29500,30000,29500,29800,200,12760,0,0,0.0,0,0,0,0,0,0,0
19950517,29800,29900,29500,29600,200,12970,0,0,0.0,0,0,0,0,0,0,0
19950518,29300,29500,29200,29200,400,10610,0,0,0.0,0,0,0,0,0,0,0
19950519,29200,29300,29000,29200,0,10850,0,0,0.0,0,0,0,0,0,0,0
19950520,29000,29300,28800,29100,100,11520,0,0,0.0,0,0,0,0,0,0,0
19950522,29000,29000,28800,28900,200,8290,0,0,0.0,0,0,0,0,0,0,0
19950523,28800,29300,28700,28700,200,9860,0,0,0.0,0,0,0,0,0,0,0
19950524,28800,28800,27500,28600,100,27010,0,0,0.0,0,0,0,0,0,0,0
19950525,28600,30000,28300,30000,1400,28780,0,0,0.0,0,0,0,0,0,0,0
19950526,29700,29900,29200,29600,400,23980,0,0,0.0,0,0,0,0,0,0,0
19950527,29100,29600,28900,29000,600,7610,0,0,0.0,0,0,0,0,0,0,0
19950529,30500,30500,29500,30100,1100,25740,0,0,0.0,0,0,0,0,0,0,0
19950530,30100,30100,29500,30000,100,12930,0,0,0.0,0,0,0,0,0,0,0
19950531,29900,30000,29500,30000,0,28430,0,0,0.0,0,0,0,0,0,0,0
19950601,30000,30000,29600,30000,0,33750,0,0,0.0,0,0,0,0,0,0,0
19950602,29300,29900,29300,29800,500,14150,0,0,0.0,0,0,0,0,0,0,0
19950603,30000,30000,29700,30000,200,5430,0,0,0.0,0,0,0,0,0,0,0
19950605,30000,30300,29800,29900,100,8340,0,0,0.0,0,0,0,0,0,0,0
19950607,29500,30000,29500,29900,0,13190,0,0,0.0,0,0,0,0,0,0,0
19950608,29900,30100,29600,29700,200,6290,0,0,0.0,0,0,0,0,0,0,0
19950609,30300,30300,29700,29700,0,26500,0,0,0.0,0,0,0,0,0,0,0
19950610,29000,30000,29000,29500,200,210,0,0,0.0,0,0,0,0,0,0,0
19950612,29600,29800,29300,29400,100,3070,0,0,0.0,0,0,0,0,0,0,0
19950613,29500,29700,29100,29600,200,9470,0,0,0.0,0,0,0,0,0,0,0
19950614,29400,29900,29400,29900,300,31110,0,0,0.0,0,0,0,0,0,0,0
19950615,30000,30700,29700,30300,400,74500,0,0,0.0,0,0,0,0,0,0,0
19950616,30000,30600,30000,30300,0,27550,0,0,0.0,0,0,0,0,0,0,0
19950617,30400,30500,30100,30300,0,10060,0,0,0.0,0,0,0,0,0,0,0
19950619,30500,31200,30400,31000,700,21020,0,0,0.0,0,0,0,0,0,0,0
19950620,31000,31200,30700,30900,100,17150,0,0,0.0,0,0,0,0,0,0,0
19950621,30600,31000,30600,30600,300,6580,0,0,0.0,0,0,0,0,0,0,0
19950622,30600,30700,30300,30600,0,13150,0,0,0.0,0,0,0,0,0,0,0
19950623,30300,30400,30000,30400,200,6960,0,0,0.0,0,0,0,0,0,0,0
19950624,30400,30600,30200,30200,200,11830,0,0,0.0,0,0,0,0,0,0,0
19950626,30300,30500,30200,30400,200,10760,0,0,0.0,0,0,0,0,0,0,0
19950628,29900,30900,29900,30700,300,20860,0,0,0.0,0,0,0,0,0,0,0
19950629,31200,31300,30800,31100,400,41500,0,0,0.0,0,0,0,0,0,0,0
19950630,31100,31700,31100,31700,600,60910,0,0,0.0,0,0,0,0,0,0,0
19950701,32400,32400,31700,32000,300,190980,0,0,0.0,0,0,0,0,0,0,0
19950703,31900,32000,31500,31700,300,51650,0,0,0.0,0,0,0,0,0,0,0
19950704,32000,32300,31600,31900,200,80810,0,0,0.0,0,0,0,0,0,0,0
19950705,32000,32500,32000,32200,300,103430,0,0,0.0,0,0,0,0,0,0,0
19950706,28000,28400,27600,28300,1400,54030,0,0,0.0,0,0,0,0,0,0,0
19950707,28800,28900,28500,28700,400,29930,0,0,0.0,0,0,0,0,0,0,0
19950708,28700,29500,28000,29000,300,66830,0,0,0.0,0,0,0,0,0,0,0
19950710,29400,29500,28700,28800,200,138730,0,0,0.0,0,0,0,0,0,0,0
19950711,28800,28800,27800,28000,800,78310,0,0,0.0,0,0,0,0,0,0,0
19950712,29600,29600,28200,28500,500,128120,0,0,0.0,0,0,0,0,0,0,0
19950713,29000,29000,28100,28200,300,68300,0,0,0.0,0,0,0,0,0,0,0
19950714,28200,28200,27600,28100,100,100530,0,0,0.0,0,0,0,0,0,0,0
19950715,28000,28400,27800,28000,100,23590,0,0,0.0,0,0,0,0,0,0,0
19950718,28300,28300,27600,27800,200,33770,0,0,0.0,0,0,0,0,0,0,0
19950719,27500,28200,27500,28000,200,34360,0,0,0.0,0,0,0,0,0,0,0
19950720,28000,28100,27600,27800,200,28150,0,0,0.0,0,0,0,0,0,0,0
19950721,27800,29000,27600,28300,500,45770,0,0,0.0,0,0,0,0,0,0,0
19950722,27000,28400,27000,28100,200,15300,0,0,0.0,0,0,0,0,0,0,0
19950724,28100,28400,28000,28000,100,17890,0,0,0.0,0,0,0,0,0,0,0
19950725,28100,28300,27600,28000,0,25130,0,0,0.0,0,0,0,0,0,0,0
19950726,28000,28300,27700,28000,0,26830,0,0,0.0,0,0,0,0,0,0,0
19950727,28000,28000,27700,27700,300,36260,0,0,0.0,0,0,0,0,0,0,0
19950728,27700,27700,27200,27500,200,10300,0,0,0.0,0,0,0,0,0,0,0
19950729,27400,27500,27000,27300,200,6220,0,0,0.0,0,0,0,0,0,0,0
19950731,27000,27800,27000,27700,400,16680,0,0,0.0,0,0,0,0,0,0,0
19950801,26100,28100,26100,28000,300,20460,0,0,0.0,0,0,0,0,0,0,0
19950802,28000,28000,27200,27600,400,8030,0,0,0.0,0,0,0,0,0,0,0
19950803,27700,28700,27600,27800,200,218560,0,0,0.0,0,0,0,0,0,0,0
19950804,28000,28300,27500,27700,100,46260,0,0,0.0,0,0,0,0,0,0,0
19950805,28000,28000,27200,27600,100,51040,0,0,0.0,0,0,0,0,0,0,0
19950807,27200,27600,27200,27500,100,26820,0,0,0.0,0,0,0,0,0,0,0
19950808,27200,29000,27200,27700,200,123310,0,0,0.0,0,0,0,0,0,0,0
19950809,28300,28800,27400,27900,200,157800,0,0,0.0,0,0,0,0,0,0,0
19950810,28400,28400,27400,27400,500,49700,0,0,0.0,0,0,0,0,0,0,0
19950811,27400,27600,26100,26100,1300,63670,0,0,0.0,0,0,0,0,0,0,0
19950812,26100,26500,26000,26000,100,21370,0,0,0.0,0,0,0,0,0,0,0
19950814,26000,26400,26000,26400,400,29220,0,0,0.0,0,0,0,0,0,0,0
19950816,26600,26900,26400,26400,0,20310,0,0,0.0,0,0,0,0,0,0,0
19950817,26400,26500,25700,26000,400,27180,0,0,0.0,0,0,0,0,0,0,0
19950818,26200,26500,26000,26000,0,30240,0,0,0.0,0,0,0,0,0,0,0
19950819,26100,26200,26000,26000,0,17270,0,0,0.0,0,0,0,0,0,0,0
19950821,25500,26100,25200,25500,500,15010,0,0,0.0,0,0,0,0,0,0,0
19950822,25700,25700,25200,25500,0,26390,0,0,0.0,0,0,0,0,0,0,0
19950823,25500,26000,25500,26000,500,37170,0,0,0.0,0,0,0,0,0,0,0
19950824,26100,26400,25800,26400,400,47530,0,0,0.0,0,0,0,0,0,0,0
19950825,26600,26700,26100,26700,300,17830,0,0,0.0,0,0,0,0,0,0,0
19950826,26700,26700,26000,26500,200,12000,0,0,0.0,0,0,0,0,0,0,0
19950828,26300,26700,26000,26100,400,39530,0,0,0.0,0,0,0,0,0,0,0
19950829,26000,26300,25700,26100,0,9480,0,0,0.0,0,0,0,0,0,0,0
19950830,25500,26100,25500,25700,400,1730,0,0,0.0,0,0,0,0,0,0,0
19950831,25500,26200,25500,25800,100,6920,0,0,0.0,0,0,0,0,0,0,0
19950901,25900,25900,25400,25500,300,2590,0,0,0.0,0,0,0,0,0,0,0
19950902,25300,25600,25300,25400,100,1850,0,0,0.0,0,0,0,0,0,0,0
19950904,25400,25500,25300,25300,100,4630,0,0,0.0,0,0,0,0,0,0,0
19950905,25300,25800,25300,25400,100,10630,0,0,0.0,0,0,0,0,0,0,0
19950906,25400,25900,25400,25900,500,4860,0,0,0.0,0,0,0,0,0,0,0
19950907,25900,26500,25600,26500,600,10190,0,0,0.0,0,0,0,0,0,0,0
19950911,26200,26200,26100,26200,300,4050,0,0,0.0,0,0,0,0,0,0,0
19950912,26000,26700,26000,26600,400,35740,0,0,0.0,0,0,0,0,0,0,0
19950913,26600,27000,26500,27000,400,39560,0,0,0.0,0,0,0,0,0,0,0
19950914,27000,27200,26500,26500,500,93010,0,0,0.0,0,0,0,0,0,0,0
19950915,26700,27300,26500,26900,400,54740,0,0,0.0,0,0,0,0,0,0,0
19950916,27000,27200,26600,26800,100,48890,0,0,0.0,0,0,0,0,0,0,0
19950918,26900,27300,26800,27000,200,46760,0,0,0.0,0,0,0,0,0,0,0
19950919,27000,27600,26500,27300,300,78910,0,0,0.0,0,0,0,0,0,0,0
19950920,27100,27400,26900,26900,400,41840,0,0,0.0,0,0,0,0,0,0,0
19950921,26900,27200,26400,26400,500,19000,0,0,0.0,0,0,0,0,0,0,0
19950922,26700,26900,26600,26800,400,18090,0,0,0.0,0,0,0,0,0,0,0
19950923,26800,27000,26600,27000,200,14300,0,0,0.0,0,0,0,0,0,0,0
19950925,27100,27500,27000,27200,200,89060,0,0,0.0,0,0,0,0,0,0,0
19950926,25900,27200,25900,26900,300,19730,0,0,0.0,0,0,0,0,0,0,0
19950927,26900,27200,26500,27100,200,63620,0,0,0.0,0,0,0,0,0,0,0
19950928,26500,27500,26500,27500,400,84410,0,0,0.0,0,0,0,0,0,0,0
19950929,27500,27600,27200,27400,100,22280,0,0,0.0,0,0,0,0,0,0,0
19950930,27000,27500,27000,27500,100,28240,0,0,0.0,0,0,0,0,0,0,0
19951002,27400,27600,27400,27400,100,24010,0,0,0.0,0,0,0,0,0,0,0
19951004,27500,28000,27500,28000,600,62060,0,0,0.0,0,0,0,0,0,0,0
19951005,27900,28100,27700,28100,100,27680,0,0,0.0,0,0,0,0,0,0,0
19951006,28100,28500,27800,28000,100,56500,0,0,0.0,0,0,0,0,0,0,0
19951007,28000,28000,27800,28000,0,14180,0,0,0.0,0,0,0,0,0,0,0
19951009,28000,28600,27800,28500,500,51490,0,0,0.0,0,0,0,0,0,0,0
19951010,28600,28700,28000,28000,500,13980,0,0,0.0,0,0,0,0,0,0,0
19951011,27500,29300,27500,28600,600,95190,0,0,0.0,0,0,0,0,0,0,0
19951012,27200,29000,27200,28800,200,93590,0,0,0.0,0,0,0,0,0,0,0
19951013,28800,28900,28600,28800,0,42320,0,0,0.0,0,0,0,0,0,0,0
19951014,29000,29100,28800,28800,0,41700,0,0,0.0,0,0,0,0,0,0,0
19951016,29000,29000,28500,28700,100,26870,0,0,0.0,0,0,0,0,0,0,0
19951017,28700,29200,28200,28200,500,74970,0,0,0.0,0,0,0,0,0,0,0
19951018,28300,28600,28300,28500,300,28860,0,0,0.0,0,0,0,0,0,0,0
19951019,29000,29000,28500,28800,300,36240,0,0,0.0,0,0,0,0,0,0,0
19951020,28800,28800,28000,28500,300,6160,0,0,0.0,0,0,0,0,0,0,0
19951021,28100,28600,28100,28500,0,21430,0,0,0.0,0,0,0,0,0,0,0
19951023,28000,28200,27700,27800,700,9650,0,0,0.0,0,0,0,0,0,0,0
19951024,27500,28000,27500,27800,0,4030,0,0,0.0,0,0,0,0,0,0,0
19951025,27700,28300,27700,28200,400,61020,0,0,0.0,0,0,0,0,0,0,0
19951026,28500,28700,28000,28000,200,27650,0,0,0.0,0,0,0,0,0,0,0
19951027,28000,28400,27800,28300,300,8980,0,0,0.0,0,0,0,0,0,0,0
19951028,28000,28000,27600,27600,700,540,0,0,0.0,0,0,0,0,0,0,0
19951030,27000,27700,27000,27700,100,8240,0,0,0.0,0,0,0,0,0,0,0
19951031,28500,28500,27800,27800,100,1510,0,0,0.0,0,0,0,0,0,0,0
19951101,27500,28000,27500,28000,200,2990,0,0,0.0,0,0,0,0,0,0,0
19951102,28000,28500,28000,28500,500,16940,0,0,0.0,0,0,0,0,0,0,0
19951103,28700,28700,28000,28000,500,8490,0,0,0.0,0,0,0,0,0,0,0
19951104,28000,28300,28000,28300,300,11540,0,0,0.0,0,0,0,0,0,0,0
19951106,28000,28300,27800,28000,300,15750,0,0,0.0,0,0,0,0,0,0,0
19951107,27800,28300,27800,28000,0,38170,0,0,0.0,0,0,0,0,0,0,0
19951108,28200,28600,28100,28300,300,21700,0,0,0.0,0,0,0,0,0,0,0
19951109,27800,28000,27800,27800,500,5060,0,0,0.0,0,0,0,0,0,0,0
19951110,27900,27900,27800,27900,100,11060,0,0,0.0,0,0,0,0,0,0,0
19951111,28500,28500,28100,28300,400,6060,0,0,0.0,0,0,0,0,0,0,0
19951113,28100,28100,27500,27500,800,1950,0,0,0.0,0,0,0,0,0,0,0
19951114,27500,28000,27500,27900,400,720,0,0,0.0,0,0,0,0,0,0,0
19951115,27900,27900,27400,27400,500,8210,0,0,0.0,0,0,0,0,0,0,0
19951116,28000,28000,27200,27400,0,4010,0,0,0.0,0,0,0,0,0,0,0
19951117,27700,27700,27400,27400,0,6550,0,0,0.0,0,0,0,0,0,0,0
19951118,27500,27600,27200,27400,0,2830,0,0,0.0,0,0,0,0,0,0,0
19951120,27200,27400,25800,27200,200,6410,0,0,0.0,0,0,0,0,0,0,0
19951121,27200,27200,26500,26500,700,4820,0,0,0.0,0,0,0,0,0,0,0
19951122,26700,26900,26500,26500,0,3770,0,0,0.0,0,0,0,0,0,0,0
19951123,26200,27000,26200,27000,500,2680,0,0,0.0,0,0,0,0,0,0,0
19951124,27000,27800,27000,27800,800,19760,0,0,0.0,0,0,0,0,0,0,0
19951125,27000,27400,27000,27400,400,3520,0,0,0.0,0,0,0,0,0,0,0
19951127,27400,28000,27400,28000,600,11050,0,0,0.0,0,0,0,0,0,0,0
19951128,28100,28200,27700,28200,200,20540,0,0,0.0,0,0,0,0,0,0,0
19951129,28200,28300,27800,28000,200,21390,0,0,0.0,0,0,0,0,0,0,0
19951130,27700,27900,27500,27900,100,7410,0,0,0.0,0,0,0,0,0,0,0
19951201,27700,27900,27700,27700,22700,560,0,0,0.0,0,0,0,0,0,0,0
19951202,27500,27600,27500,27500,200,4960,0,0,0.0,0,0,0,0,0,0,0
19951204,27000,27700,27000,27700,200,6430,0,0,0.0,0,0,0,0,0,0,0
19951205,27700,28000,27700,28000,300,2050,0,0,0.0,0,0,0,0,0,0,0
19951206,28000,28200,28000,28200,200,9350,0,0,0.0,0,0,0,0,0,0,0
19951207,27800,28300,27800,28300,100,25030,0,0,0.0,0,0,0,0,0,0,0
19951208,28100,28400,28100,28400,100,34200,0,0,0.0,0,0,0,0,0,0,0
19951209,28400,28700,28300,28700,300,22400,0,0,0.0,0,0,0,0,0,0,0
19951211,28700,28900,28400,28900,200,45230,0,0,0.0,0,0,0,0,0,0,0
19951212,28800,28800,28600,28700,200,11230,0,0,0.0,0,0,0,0,0,0,0
19951213,28600,28700,28300,28600,100,8500,0,0,0.0,0,0,0,0,0,0,0
19951214,28700,28800,28000,28400,200,29360,0,0,0.0,0,0,0,0,0,0,0
19951215,28100,28500,27900,28400,0,9650,0,0,0.0,0,0,0,0,0,0,0
19951216,28200,28300,28100,28100,300,7780,0,0,0.0,0,0,0,0,0,0,0
19951218,27800,27800,27200,27200,900,48290,0,0,0.0,0,0,0,0,0,0,0
19951219,27200,27500,27000,27500,300,24060,0,0,0.0,0,0,0,0,0,0,0
19951220,27500,28100,27200,28000,500,3310,0,0,0.0,0,0,0,0,0,0,0
19951221,28000,28500,27500,28500,500,27250,0,0,0.0,0,0,0,0,0,0,0
19951222,29000,29000,28400,28500,0,34620,0,0,0.0,0,0,0,0,0,0,0
19951223,28500,28700,28500,28600,100,12370,0,0,0.0,0,0,0,0,0,0,0
19951226,28600,29800,28600,29000,400,45440,0,0,0.0,0,0,0,0,0,0,0
19951227,29000,29500,28600,28700,300,59770,0,0,0.0,0,0,0,0,0,0,0
19960103,28100,29400,28100,29400,1600,66550,0,0,0.0,0,0,0,0,0,0,0
19960104,30100,31100,30000,31100,1700,349320,0,0,0.0,0,0,0,0,0,0,0
19960105,31100,32100,30600,32100,1000,147880,0,0,0.0,0,0,0,0,0,0,0
19960106,32000,32900,31500,31800,300,144770,0,0,0.0,0,0,0,0,0,0,0
19960108,31500,32000,31100,31200,600,100690,0,0,0.0,0,0,0,0,0,0,0
19960109,31500,32000,31100,31200,0,35170,0,0,0.0,0,0,0,0,0,0,0
19960110,31800,32000,31100,31300,100,96890,0,0,0.0,0,0,0,0,0,0,0
19960111,31500,31800,30700,30700,600,71300,0,0,0.0,0,0,0,0,0,0,0
19960112,30700,31200,30500,30700,0,53990,0,0,0.0,0,0,0,0,0,0,0
19960113,30700,30900,30500,30500,200,22430,0,0,0.0,0,0,0,0,0,0,0
19960115,30500,31500,30400,30500,0,48330,0,0,0.0,0,0,0,0,0,0,0
19960116,30600,31000,30200,30400,100,36780,0,0,0.0,0,0,0,0,0,0,0
19960117,30700,30700,30200,30200,200,35680,0,0,0.0,0,0,0,0,0,0,0
19960118,30200,30500,30000,30300,100,32820,0,0,0.0,0,0,0,0,0,0,0
19960119,30800,30800,30300,30600,300,8250,0,0,0.0,0,0,0,0,0,0,0
19960120,30500,30500,30000,30300,300,7750,0,0,0.0,0,0,0,0,0,0,0
19960122,30400,30800,30100,30800,500,52710,0,0,0.0,0,0,0,0,0,0,0
19960123,31000,31800,30500,30500,300,72190,0,0,0.0,0,0,0,0,0,0,0
19960124,30500,31000,30300,30500,0,76050,0,0,0.0,0,0,0,0,0,0,0
19960125,30700,31200,30400,30500,0,35120,0,0,0.0,0,0,0,0,0,0,0
19960126,30500,30800,30300,30400,100,21700,0,0,0.0,0,0,0,0,0,0,0
19960127,30400,30800,30300,30800,400,42120,0,0,0.0,0,0,0,0,0,0,0
19960129,31200,31400,30600,31000,200,103770,0,0,0.0,0,0,0,0,0,0,0
19960130,31300,31300,30400,30500,500,29800,0,0,0.0,0,0,0,0,0,0,0
19960131,30500,31300,30200,31100,600,89180,0,0,0.0,0,0,0,0,0,0,0
19960201,31500,32400,31300,31900,800,204220,0,0,0.0,0,0,0,0,0,0,0
19960202,31900,32400,31500,32000,100,197540,0,0,0.0,0,0,0,0,0,0,0
19960203,32100,32400,31300,31300,700,57090,0,0,0.0,0,0,0,0,0,0,0
19960205,31300,31400,30100,30100,1200,80210,0,0,0.0,0,0,0,0,0,0,0
19960206,30400,30500,28300,28300,1800,153690,0,0,0.0,0,0,0,0,0,0,0
19960207,26700,27200,26700,26700,1600,563150,0,0,0.0,0,0,0,0,0,0,0
19960208,26400,26800,25700,26400,300,319380,0,0,0.0,0,0,0,0,0,0,0
19960209,26600,26800,26000,26000,400,148180,0,0,0.0,0,0,0,0,0,0,0
19960210,26000,26300,25700,26000,0,102610,0,0,0.0,0,0,0,0,0,0,0
19960212,26100,26400,25500,25600,400,63050,0,0,0.0,0,0,0,0,0,0,0
19960213,25200,25400,24600,25200,400,51420,0,0,0.0,0,0,0,0,0,0,0
19960214,24700,25600,24700,25200,0,80120,0,0,0.0,0,0,0,0,0,0,0
19960215,25300,25500,24800,25200,0,64980,0,0,0.0,0,0,0,0,0,0,0
19960216,25300,25800,25200,25700,500,36460,0,0,0.0,0,0,0,0,0,0,0
19960217,25800,26300,25500,25700,0,27550,0,0,0.0,0,0,0,0,0,0,0
19960221,25000,25500,25000,25000,700,23750,0,0,0.0,0,0,0,0,0,0,0
19960222,24800,25000,24500,24700,300,41040,0,0,0.0,0,0,0,0,0,0,0
19960223,24600,24800,24500,24500,200,20730,0,0,0.0,0,0,0,0,0,0,0
19960224,24700,24700,23800,23900,600,14030,0,0,0.0,0,0,0,0,0,0,0
19960226,24600,25300,24000,25300,1400,37680,0,0,0.0,0,0,0,0,0,0,0
19960227,25300,25300,24300,25000,300,10590,0,0,0.0,0,0,0,0,0,0,0
19960228,25000,25800,25000,25500,500,28270,0,0,0.0,0,0,0,0,0,0,0
19960229,25500,25500,24500,25000,500,30430,0,0,0.0,0,0,0,0,0,0,0
19960302,24000,24900,24000,24600,400,5090,0,0,0.0,0,0,0,0,0,0,0
19960304,24400,24800,24300,24300,300,5510,0,0,0.0,0,0,0,0,0,0,0
19960305,24300,24900,23500,24000,300,4950,0,0,0.0,0,0,0,0,0,0,0
19960306,24000,24000,23800,23800,200,5390,0,0,0.0,0,0,0,0,0,0,0
19960307,23500,23700,22500,22900,900,7720,0,0,0.0,0,0,0,0,0,0,0
19960308,23000,23400,22700,23300,400,12780,0,0,0.0,0,0,0,0,0,0,0
19960309,23400,24200,23400,24200,900,9780,0,0,0.0,0,0,0,0,0,0,0
19960311,23400,24300,23400,24000,200,21090,0,0,0.0,0,0,0,0,0,0,0
19960312,23800,23900,23500,23700,300,10680,0,0,0.0,0,0,0,0,0,0,0
19960313,23700,23900,23500,23700,0,6430,0,0,0.0,0,0,0,0,0,0,0
19960314,23500,24400,23500,24200,500,17480,0,0,0.0,0,0,0,0,0,0,0
19960315,24600,25400,24600,24800,600,13540,0,0,0.0,0,0,0,0,0,0,0
19960316,25000,25000,24500,24600,200,3470,0,0,0.0,0,0,0,0,0,0,0
19960318,24400,24600,24100,24100,500,3030,0,0,0.0,0,0,0,0,0,0,0
19960319,23700,24400,23700,24000,100,3910,0,0,0.0,0,0,0,0,0,0,0
19960320,24200,24600,24200,24600,600,6860,0,0,0.0,0,0,0,0,0,0,0
19960321,24600,25600,24300,25300,700,21190,0,0,0.0,0,0,0,0,0,0,0
19960322,25000,25000,24600,24600,700,7230,0,0,0.0,0,0,0,0,0,0,0
19960323,24600,24900,24600,24900,300,9410,0,0,0.0,0,0,0,0,0,0,0
19960325,24900,25100,24800,25000,100,15600,0,0,0.0,0,0,0,0,0,0,0
19960326,25000,25400,25000,25200,200,13060,0,0,0.0,0,0,0,0,0,0,0
19960327,25200,25300,25000,25300,100,12740,0,0,0.0,0,0,0,0,0,0,0
19960328,25100,25500,25100,25100,200,18190,0,0,0.0,0,0,0,0,0,0,0
19960329,25100,26500,25000,26500,1400,32480,0,0,0.0,0,0,0,0,0,0,0
19960330,26000,27100,26000,26700,200,104670,0,0,0.0,0,0,0,0,0,0,0
19960401,27500,27500,25200,26400,300,278210,0,0,0.0,0,0,0,0,0,0,0
19960402,26000,26000,25500,25700,700,33240,0,0,0.0,0,0,0,0,0,0,0
19960403,25700,26000,25500,25600,100,17230,0,0,0.0,0,0,0,0,0,0,0
19960404,25500,25500,25200,25300,300,11250,0,0,0.0,0,0,0,0,0,0,0
19960406,23800,25300,23800,25300,0,17280,0,0,0.0,0,0,0,0,0,0,0
19960408,25300,25500,25100,25400,100,20240,0,0,0.0,0,0,0,0,0,0,0
19960409,25300,25300,25000,25100,300,11880,0,0,0.0,0,0,0,0,0,0,0
19960410,25000,25300,25000,25300,200,30040,0,0,0.0,0,0,0,0,0,0,0
19960412,25500,26000,25300,25700,400,30180,0,0,0.0,0,0,0,0,0,0,0
19960413,25800,25800,25500,25800,100,19120,0,0,0.0,0,0,0,0,0,0,0
19960415,25800,26000,25600,25800,0,37350,0,0,0.0,0,0,0,0,0,0,0
19960416,26000,26500,26000,26300,500,45280,0,0,0.0,0,0,0,0,0,0,0
19960417,26000,26500,25900,26500,200,41410,0,0,0.0,0,0,0,0,0,0,0
19960418,26300,26500,26000,26100,400,38100,0,0,0.0,0,0,0,0,0,0,0
19960419,26500,27600,26300,27600,1500,83120,0,0,0.0,0,0,0,0,0,0,0
19960420,28000,28600,27600,27600,0,58700,0,0,0.0,0,0,0,0,0,0,0
19960422,28000,28100,27600,27800,200,87940,0,0,0.0,0,0,0,0,0,0,0
19960423,27900,28000,27200,27500,300,49960,0,0,0.0,0,0,0,0,0,0,0
19960424,27700,28000,27200,27500,0,69220,0,0,0.0,0,0,0,0,0,0,0
19960425,27500,27800,26700,27000,500,82450,0,0,0.0,0,0,0,0,0,0,0
19960426,27000,27200,26500,26500,500,30270,0,0,0.0,0,0,0,0,0,0,0
19960427,26600,27200,26600,27000,500,43240,0,0,0.0,0,0,0,0,0,0,0
19960429,27200,27800,26800,26800,200,64700,0,0,0.0,0,0,0,0,0,0,0
19960430,27000,27100,26500,26800,0,87300,0,0,0.0,0,0,0,0,0,0,0
19960502,26900,27100,26500,26500,300,24830,0,0,0.0,0,0,0,0,0,0,0
19960503,26400,26600,26000,26400,100,21530,0,0,0.0,0,0,0,0,0,0,0
19960504,26400,27000,25200,26500,100,33730,0,0,0.0,0,0,0,0,0,0,0
19960506,26500,26800,26300,26400,100,44480,0,0,0.0,0,0,0,0,0,0,0
19960507,26800,27200,26800,27200,800,90430,0,0,0.0,0,0,0,0,0,0,0
19960508,27500,28800,27500,28800,1600,270070,0,0,0.0,0,0,0,0,0,0,0
19960509,29300,29300,27800,28000,800,98260,0,0,0.0,0,0,0,0,0,0,0
19960510,28300,28400,27200,27500,500,73440,0,0,0.0,0,0,0,0,0,0,0
19960511,28000,29000,27800,28500,1000,92080,0,0,0.0,0,0,0,0,0,0,0
19960513,28500,28700,27700,27900,600,59000,0,0,0.0,0,0,0,0,0,0,0
19960514,27900,28400,27500,27500,400,60430,0,0,0.0,0,0,0,0,0,0,0
19960515,27500,28000,27000,27500,0,40430,0,0,0.0,0,0,0,0,0,0,0
19960516,27700,27900,27000,27200,300,36490,0,0,0.0,0,0,0,0,0,0,0
19960517,27200,27500,26800,26900,300,40260,0,0,0.0,0,0,0,0,0,0,0
19960518,26900,27100,26600,27000,100,31760,0,0,0.0,0,0,0,0,0,0,0
19960520,27400,27800,27100,27300,300,13950,0,0,0.0,0,0,0,0,0,0,0
19960521,27500,27800,26800,26800,500,32830,0,0,0.0,0,0,0,0,0,0,0
19960522,26800,27000,26600,27000,200,23280,0,0,0.0,0,0,0,0,0,0,0
19960523,27000,28100,26800,27200,200,61440,0,0,0.0,0,0,0,0,0,0,0
19960525,27200,27800,27200,27500,300,21580,0,0,0.0,0,0,0,0,0,0,0
19960527,27800,28400,27700,28200,700,89760,0,0,0.0,0,0,0,0,0,0,0
19960528,28500,29600,28500,28500,300,162190,0,0,0.0,0,0,0,0,0,0,0
19960529,28400,28400,27200,27300,1200,30780,0,0,0.0,0,0,0,0,0,0,0
19960530,27300,28000,27300,27500,200,31680,0,0,0.0,0,0,0,0,0,0,0
19960531,27400,28200,27400,28000,500,41080,0,0,0.0,0,0,0,0,0,0,0
19960601,28000,28000,27600,27700,300,14030,0,0,0.0,0,0,0,0,0,0,0
19960603,27500,28500,27100,27900,200,45360,0,0,0.0,0,0,0,0,0,0,0
19960604,28000,28300,27500,28000,100,24590,0,0,0.0,0,0,0,0,0,0,0
19960605,28000,28700,27600,28000,0,45790,0,0,0.0,0,0,0,0,0,0,0
19960607,28300,28500,27500,27500,500,19980,0,0,0.0,0,0,0,0,0,0,0
19960608,27500,27800,27200,27200,300,11060,0,0,0.0,0,0,0,0,0,0,0
19960610,27200,27400,26400,26500,700,17600,0,0,0.0,0,0,0,0,0,0,0
19960611,26500,26500,26000,26000,500,16550,0,0,0.0,0,0,0,0,0,0,0
19960612,25400,26000,25300,25300,700,19040,0,0,0.0,0,0,0,0,0,0,0
19960613,25400,26200,25000,26200,900,17600,0,0,0.0,0,0,0,0,0,0,0
19960614,25500,26200,25500,25600,600,13580,0,0,0.0,0,0,0,0,0,0,0
19960615,25700,25700,25100,25600,0,3220,0,0,0.0,0,0,0,0,0,0,0
19960617,25000,25500,25000,25000,600,5540,0,0,0.0,0,0,0,0,0,0,0
19960618,25000,25500,25000,25100,100,9980,0,0,0.0,0,0,0,0,0,0,0
19960619,25200,25500,25100,25300,200,14400,0,0,0.0,0,0,0,0,0,0,0
19960620,25400,25500,25100,25100,200,10730,0,0,0.0,0,0,0,0,0,0,0
19960621,24900,25200,24900,25000,100,12750,0,0,0.0,0,0,0,0,0,0,0
19960622,25000,25300,25000,25000,0,7670,0,0,0.0,0,0,0,0,0,0,0
19960624,25500,25500,24500,24800,200,7740,0,0,0.0,0,0,0,0,0,0,0
19960625,24600,24600,24000,24000,800,8840,0,0,0.0,0,0,0,0,0,0,0
19960626,23900,24000,23200,23400,600,7830,0,0,0.0,0,0,0,0,0,0,0
19960627,23500,23500,22600,23000,400,14570,0,0,0.0,0,0,0,0,0,0,0
19960628,23100,23400,23000,23100,100,4700,0,0,0.0,0,0,0,0,0,0,0
19960629,23100,23100,23000,23100,0,9910,0,0,0.0,0,0,0,0,0,0,0
19960701,23400,23800,23100,23800,700,63060,0,0,0.0,0,0,0,0,0,0,0
19960702,24000,24000,23400,23600,200,14140,0,0,0.0,0,0,0,0,0,0,0
19960703,23600,23800,23200,23400,200,11550,0,0,0.0,0,0,0,0,0,0,0
19960704,23400,24000,23400,23900,500,11390,0,0,0.0,0,0,0,0,0,0,0
19960705,24000,24100,23500,23800,100,8060,0,0,0.0,0,0,0,0,0,0,0
19960706,23800,23900,23600,23900,100,2770,0,0,0.0,0,0,0,0,0,0,0
19960708,23900,24200,23900,24000,100,12450,0,0,0.0,0,0,0,0,0,0,0
19960709,23700,25200,23700,24500,500,13400,0,0,0.0,0,0,0,0,0,0,0
19960710,24500,24700,24000,24200,300,15350,0,0,0.0,0,0,0,0,0,0,0
19960711,24300,25400,24300,25000,800,63980,0,0,0.0,0,0,0,0,0,0,0
19960712,24800,24900,24300,24400,600,5600,0,0,0.0,0,0,0,0,0,0,0
19960713,24300,24300,24000,24000,400,5740,0,0,0.0,0,0,0,0,0,0,0
19960715,24000,24000,23400,23500,500,8710,0,0,0.0,0,0,0,0,0,0,0
19960716,23200,23500,22600,23500,0,10880,0,0,0.0,0,0,0,0,0,0,0
19960718,23500,24100,23500,24000,500,23220,0,0,0.0,0,0,0,0,0,0,0
19960719,24100,25200,24100,25200,1200,31940,0,0,0.0,0,0,0,0,0,0,0
19960720,25200,25200,24800,25000,200,16240,0,0,0.0,0,0,0,0,0,0,0
19960722,25100,25700,25000,25200,200,33030,0,0,0.0,0,0,0,0,0,0,0
19960723,25200,25600,25200,25500,300,25400,0,0,0.0,0,0,0,0,0,0,0
19960724,25500,25900,25300,25400,100,25690,0,0,0.0,0,0,0,0,0,0,0
19960725,25400,25700,24800,24800,600,17700,0,0,0.0,0,0,0,0,0,0,0
19960726,24900,25500,24600,24800,0,18890,0,0,0.0,0,0,0,0,0,0,0
19960727,24800,24800,24400,24700,100,3930,0,0,0.0,0,0,0,0,0,0,0
19960729,24700,24700,24300,24300,400,3960,0,0,0.0,0,0,0,0,0,0,0
19960730,24300,24800,24300,24500,200,7100,0,0,0.0,0,0,0,0,0,0,0
19960731,25000,25400,24900,25400,900,12870,0,0,0.0,0,0,0,0,0,0,0
19960801,25500,26500,25500,25800,400,45490,0,0,0.0,0,0,0,0,0,0,0
19960802,25800,26000,25600,25600,200,19980,0,0,0.0,0,0,0,0,0,0,0
19960803,26000,26000,25100,25200,400,2280,0,0,0.0,0,0,0,0,0,0,0
19960805,25200,25700,25200,25700,500,5750,0,0,0.0,0,0,0,0,0,0,0
19960806,25800,26000,25700,25800,100,22470,0,0,0.0,0,0,0,0,0,0,0
19960807,25800,26200,25800,26000,200,14690,0,0,0.0,0,0,0,0,0,0,0
19960808,26000,26300,26000,26200,200,21690,0,0,0.0,0,0,0,0,0,0,0
19960809,26200,26200,25600,26000,200,11670,0,0,0.0,0,0,0,0,0,0,0
19960810,25500,25600,25500,25600,400,1490,0,0,0.0,0,0,0,0,0,0,0
19960812,26000,26100,25600,25900,300,12190,0,0,0.0,0,0,0,0,0,0,0
19960813,25900,25900,25500,25600,300,11890,0,0,0.0,0,0,0,0,0,0,0
19960814,25400,25400,25400,25400,200,10740,0,0,0.0,0,0,0,0,0,0,0
19960816,25500,25500,25000,25000,400,12360,0,0,0.0,0,0,0,0,0,0,0
19960817,25300,25400,25200,25200,200,4750,0,0,0.0,0,0,0,0,0,0,0
19960819,25000,25000,24300,24500,700,3660,0,0,0.0,0,0,0,0,0,0,0
19960820,24500,25000,24200,24200,300,13950,0,0,0.0,0,0,0,0,0,0,0
19960821,24200,24200,23300,23600,600,13250,0,0,0.0,0,0,0,0,0,0,0
19960822,23600,24500,23100,23200,400,15790,0,0,0.0,0,0,0,0,0,0,0
19960823,23500,23500,23100,23100,100,8640,0,0,0.0,0,0,0,0,0,0,0
19960824,23100,23300,23000,23000,100,5880,0,0,0.0,0,0,0,0,0,0,0
19960826,23000,23000,22200,22200,800,9140,0,0,0.0,0,0,0,0,0,0,0
19960827,23200,23200,21600,21600,600,7620,0,0,0.0,0,0,0,0,0,0,0
19960828,21600,21600,21000,21100,500,9160,0,0,0.0,0,0,0,0,0,0,0
19960829,21100,21100,20000,20500,600,11990,0,0,0.0,0,0,0,0,0,0,0
19960830,20600,21700,20600,21700,1200,23100,0,0,0.0,0,0,0,0,0,0,0
19960831,21700,22400,21700,22300,600,10670,0,0,0.0,0,0,0,0,0,0,0
19960902,22000,22800,21700,22200,100,11770,0,0,0.0,0,0,0,0,0,0,0
19960903,21500,22500,21500,22100,100,5240,0,0,0.0,0,0,0,0,0,0,0
19960904,22900,23400,22700,23400,1300,33490,0,0,0.0,0,0,0,0,0,0,0
19960905,23400,23700,22300,23600,200,20620,0,0,0.0,0,0,0,0,0,0,0
19960906,23800,23800,23500,23500,100,19250,0,0,0.0,0,0,0,0,0,0,0
19960907,23700,23700,23500,23600,100,3100,0,0,0.0,0,0,0,0,0,0,0
19960909,23600,23700,23600,23700,100,6870,0,0,0.0,0,0,0,0,0,0,0
19960910,23800,24300,23800,24300,600,10590,0,0,0.0,0,0,0,0,0,0,0
19960911,24500,24600,24300,24400,100,22490,0,0,0.0,0,0,0,0,0,0,0
19960912,24500,24600,24200,24300,100,15710,0,0,0.0,0,0,0,0,0,0,0
19960913,24100,24100,23500,24100,200,9870,0,0,0.0,0,0,0,0,0,0,0
19960914,24100,24100,23700,23800,300,7580,0,0,0.0,0,0,0,0,0,0,0
19960916,24300,24300,23100,23100,700,3630,0,0,0.0,0,0,0,0,0,0,0
19960917,24400,24400,24000,24400,1300,31660,0,0,0.0,0,0,0,0,0,0,0
19960918,25800,25800,24600,24700,300,36650,0,0,0.0,0,0,0,0,0,0,0
19960919,24000,24700,23300,23300,1400,5350,0,0,0.0,0,0,0,0,0,0,0
19960920,23000,24600,23000,24500,1200,15500,0,0,0.0,0,0,0,0,0,0,0
19960921,24500,25000,24500,24700,200,14780,0,0,0.0,0,0,0,0,0,0,0
19960923,23300,25500,23300,25500,800,29720,0,0,0.0,0,0,0,0,0,0,0
19960924,24200,25500,24200,25000,500,12820,0,0,0.0,0,0,0,0,0,0,0
19960925,23800,25400,23800,25200,200,14040,0,0,0.0,0,0,0,0,0,0,0
19960930,25200,26200,25200,25900,700,37790,0,0,0.0,0,0,0,0,0,0,0
19961001,26200,26200,24400,25200,700,178190,0,0,0.0,0,0,0,0,0,0,0
19961002,25200,25200,24500,24600,600,21030,0,0,0.0,0,0,0,0,0,0,0
19961004,24100,24700,23700,23900,700,11880,0,0,0.0,0,0,0,0,0,0,0
19961005,23700,23900,23500,23500,400,3030,0,0,0.0,0,0,0,0,0,0,0
19961007,23600,24200,23600,24000,500,32840,0,0,0.0,0,0,0,0,0,0,0
19961008,24000,24200,24000,24100,100,10650,0,0,0.0,0,0,0,0,0,0,0
19961009,24100,24300,24000,24200,100,19230,0,0,0.0,0,0,0,0,0,0,0
19961010,24500,24900,24400,24800,600,9360,0,0,0.0,0,0,0,0,0,0,0
19961011,23400,25200,23400,24900,100,19600,0,0,0.0,0,0,0,0,0,0,0
19961012,25500,25500,24700,24800,100,15920,0,0,0.0,0,0,0,0,0,0,0
19961014,25000,25000,24500,24800,0,20530,0,0,0.0,0,0,0,0,0,0,0
19961015,24900,26200,24900,25500,700,38440,0,0,0.0,0,0,0,0,0,0,0
19961016,25500,26200,25100,26000,500,21430,0,0,0.0,0,0,0,0,0,0,0
19961017,26500,26500,25100,26000,0,14720,0,0,0.0,0,0,0,0,0,0,0
19961018,25500,25600,24900,24900,1100,6640,0,0,0.0,0,0,0,0,0,0,0
19961019,24900,25000,24100,24800,100,2390,0,0,0.0,0,0,0,0,0,0,0
19961021,25000,25000,24600,24600,200,2130,0,0,0.0,0,0,0,0,0,0,0
19961022,24700,24700,24200,24300,300,3910,0,0,0.0,0,0,0,0,0,0,0
19961023,24200,24200,24000,24000,300,7530,0,0,0.0,0,0,0,0,0,0,0
19961024,24100,24300,24100,24300,300,9640,0,0,0.0,0,0,0,0,0,0,0
19961025,23500,24300,23500,24200,100,2050,0,0,0.0,0,0,0,0,0,0,0
19961026,23800,24200,23700,23700,500,9040,0,0,0.0,0,0,0,0,0,0,0
19961028,23700,23800,23000,23100,600,4230,0,0,0.0,0,0,0,0,0,0,0
19961029,23100,23100,22500,22500,600,13000,0,0,0.0,0,0,0,0,0,0,0
19961030,22500,22500,22000,22300,200,6390,0,0,0.0,0,0,0,0,0,0,0
19961031,22000,22500,22000,22000,300,6240,0,0,0.0,0,0,0,0,0,0,0
19961101,22400,23300,22200,23300,1300,8890,0,0,0.0,0,0,0,0,0,0,0
19961102,23500,23800,22300,23800,500,7020,0,0,0.0,0,0,0,0,0,0,0
19961104,22700,22900,22400,22400,1400,1570,0,0,0.0,0,0,0,0,0,0,0
19961105,21900,21900,21200,21500,900,17240,0,0,0.0,0,0,0,0,0,0,0
19961106,22500,22500,22000,22300,800,3860,0,0,0.0,0,0,0,0,0,0,0
19961107,22300,22400,22000,22200,100,3700,0,0,0.0,0,0,0,0,0,0,0
19961108,22600,22600,21500,21500,700,3680,0,0,0.0,0,0,0,0,0,0,0
19961109,21200,21300,20800,21000,500,3830,0,0,0.0,0,0,0,0,0,0,0
19961111,20500,20800,20300,20300,700,5280,0,0,0.0,0,0,0,0,0,0,0
19961112,20300,21500,20300,21500,1200,20420,0,0,0.0,0,0,0,0,0,0,0
19961113,21600,21900,21000,21400,100,8380,0,0,0.0,0,0,0,0,0,0,0
19961114,21100,21300,21100,21100,300,1550,0,0,0.0,0,0,0,0,0,0,0
19961115,21000,21800,21000,21700,600,6900,0,0,0.0,0,0,0,0,0,0,0
19961116,21700,21700,21400,21500,200,1970,0,0,0.0,0,0,0,0,0,0,0
19961118,21500,21500,21100,21100,400,5370,0,0,0.0,0,0,0,0,0,0,0
19961119,21300,21800,21300,21800,700,6510,0,0,0.0,0,0,0,0,0,0,0
19961120,21800,21800,20600,20600,1200,10640,0,0,0.0,0,0,0,0,0,0,0
19961121,21000,21300,20900,21300,700,12470,0,0,0.0,0,0,0,0,0,0,0
19961122,21300,21300,20700,21000,300,3420,0,0,0.0,0,0,0,0,0,0,0
19961125,21000,21000,20100,20700,300,950,0,0,0.0,0,0,0,0,0,0,0
19961126,21100,21500,20500,20500,200,3920,0,0,0.0,0,0,0,0,0,0,0
19961127,20400,21000,20400,21000,500,5510,0,0,0.0,0,0,0,0,0,0,0
19961128,21000,21500,20900,21300,300,28540,0,0,0.0,0,0,0,0,0,0,0
19961129,21400,22000,21300,22000,700,16480,0,0,0.0,0,0,0,0,0,0,0
19961130,21000,22000,21000,21500,500,16600,0,0,0.0,0,0,0,0,0,0,0
19961202,21000,22200,21000,22200,700,16720,0,0,0.0,0,0,0,0,0,0,0
19961203,22300,22300,21600,21800,400,5500,0,0,0.0,0,0,0,0,0,0,0
19961204,21500,22000,21500,22000,200,7240,0,0,0.0,0,0,0,0,0,0,0
19961205,22000,22000,21400,21800,200,7070,0,0,0.0,0,0,0,0,0,0,0
19961206,22000,23000,21900,21900,100,8330,0,0,0.0,0,0,0,0,0,0,0
19961207,22100,22300,21500,21700,200,1210,0,0,0.0,0,0,0,0,0,0,0
19961209,22000,22000,21400,21900,200,3340,0,0,0.0,0,0,0,0,0,0,0
19961210,21500,21900,21500,21800,100,1320,0,0,0.0,0,0,0,0,0,0,0
19961211,21800,22000,21800,22000,200,7750,0,0,0.0,0,0,0,0,0,0,0
19961212,21800,22000,21500,22000,0,5200,0,0,0.0,0,0,0,0,0,0,0
19961213,21800,21800,21000,21500,500,4320,0,0,0.0,0,0,0,0,0,0,0
19961214,21500,21500,21100,21100,400,1170,0,0,0.0,0,0,0,0,0,0,0
19961216,21100,21500,20800,21500,400,8980,0,0,0.0,0,0,0,0,0,0,0
19961217,21500,21800,21400,21500,0,9940,0,0,0.0,0,0,0,0,0,0,0
19961218,21500,21800,21500,21700,200,5610,0,0,0.0,0,0,0,0,0,0,0
19961219,21900,22000,21800,22000,300,8930,0,0,0.0,0,0,0,0,0,0,0
19961220,22500,22600,22000,22000,0,7270,0,0,0.0,0,0,0,0,0,0,0
19961221,22000,22200,22000,22100,100,5390,0,0,0.0,0,0,0,0,0,0,0
19961223,21300,22200,21300,22100,0,7550,0,0,0.0,0,0,0,0,0,0,0
19961224,22100,22300,21500,22100,0,25640,0,0,0.0,0,0,0,0,0,0,0
19961226,21500,22000,21500,21500,600,25100,0,0,0.0,0,0,0,0,0,0,0
19961227,21100,21500,20500,21500,0,8230,0,0,0.0,0,0,0,0,0,0,0
19970103,19900,21200,19900,21200,200,1170,0,0,0.0,0,0,0,0,0,0,0
19970104,21300,21500,21000,21500,300,1150,0,0,0.0,0,0,0,0,0,0,0
19970106,21500,21500,21000,21000,500,4810,0,0,0.0,0,0,0,0,0,0,0
19970107,21000,21000,20500,20800,200,7720,0,0,0.0,0,0,0,0,0,0,0
19970108,19200,20800,19200,20500,300,27030,0,0,0.0,0,0,0,0,0,0,0
19970109,20500,21000,20500,20800,300,3490,0,0,0.0,0,0,0,0,0,0,0
19970110,20800,21100,20800,20800,0,5450,0,0,0.0,0,0,0,0,0,0,0
19970111,20800,21200,20800,21200,400,1420,0,0,0.0,0,0,0,0,0,0,0
19970113,21400,21500,21000,21000,200,2610,0,0,0.0,0,0,0,0,0,0,0
19970114,21000,22000,21000,22000,1000,7510,0,0,0.0,0,0,0,0,0,0,0
19970115,22000,22000,21500,21800,200,6870,0,0,0.0,0,0,0,0,0,0,0
19970116,22500,23500,22300,23500,1700,20170,0,0,0.0,0,0,0,0,0,0,0
19970117,23500,23500,22500,22600,900,14430,0,0,0.0,0,0,0,0,0,0,0
19970118,22500,22500,22000,22000,600,1460,0,0,0.0,0,0,0,0,0,0,0
19970120,22000,23700,22000,23300,1300,24890,0,0,0.0,0,0,0,0,0,0,0
19970121,23000,23000,22000,22000,1300,10780,0,0,0.0,0,0,0,0,0,0,0
19970122,21400,22000,21400,22000,0,3560,0,0,0.0,0,0,0,0,0,0,0
19970123,21500,22000,21500,22000,0,4080,0,0,0.0,0,0,0,0,0,0,0
19970124,20500,22000,20500,22000,0,8360,0,0,0.0,0,0,0,0,0,0,0
19970125,22100,22500,22100,22500,500,2390,0,0,0.0,0,0,0,0,0,0,0
19970127,22500,23000,22100,22200,300,3700,0,0,0.0,0,0,0,0,0,0,0
19970128,22100,22400,21000,22200,0,11220,0,0,0.0,0,0,0,0,0,0,0
19970129,22100,22200,21300,22100,100,4270,0,0,0.0,0,0,0,0,0,0,0
19970130,22100,22800,22100,22800,700,5230,0,0,0.0,0,0,0,0,0,0,0
19970131,22800,23900,22800,23900,1100,17790,0,0,0.0,0,0,0,0,0,0,0
19970201,23900,23900,23000,23500,400,3310,0,0,0.0,0,0,0,0,0,0,0
19970203,23400,24000,23400,23500,0,12200,0,0,0.0,0,0,0,0,0,0,0
19970204,24400,25300,24400,24800,1300,191220,0,0,0.0,0,0,0,0,0,0,0
19970205,25000,26700,25000,25600,800,59120,0,0,0.0,0,0,0,0,0,0,0
19970206,25600,26000,25100,25400,200,26520,0,0,0.0,0,0,0,0,0,0,0
19970210,25100,27400,25100,26400,1000,150070,0,0,0.0,0,0,0,0,0,0,0
19970211,26400,28500,26200,28000,1600,191680,0,0,0.0,0,0,0,0,0,0,0
19970212,28600,28700,27600,28300,300,105060,0,0,0.0,0,0,0,0,0,0,0
19970213,28400,28800,26500,26900,1400,101460,0,0,0.0,0,0,0,0,0,0,0
19970214,26500,27800,26000,27300,400,148890,0,0,0.0,0,0,0,0,0,0,0
19970215,27500,28500,27500,28000,700,97380,0,0,0.0,0,0,0,0,0,0,0
19970217,28000,28200,27400,27400,600,67700,0,0,0.0,0,0,0,0,0,0,0
19970218,27500,27500,26100,26100,1300,79590,0,0,0.0,0,0,0,0,0,0,0
19970219,26300,27400,26000,26500,400,87260,0,0,0.0,0,0,0,0,0,0,0
19970220,26200,26900,26200,26500,0,30660,0,0,0.0,0,0,0,0,0,0,0
19970221,26500,26900,25000,25000,1500,54990,0,0,0.0,0,0,0,0,0,0,0
19970222,24000,25000,24000,24300,700,10900,0,0,0.0,0,0,0,0,0,0,0
19970224,24600,25000,23500,23700,600,20700,0,0,0.0,0,0,0,0,0,0,0
19970225,24200,24500,23700,24300,600,49710,0,0,0.0,0,0,0,0,0,0,0
19970226,24600,24900,24000,24000,300,31590,0,0,0.0,0,0,0,0,0,0,0
19970227,24100,24500,23600,23600,400,23560,0,0,0.0,0,0,0,0,0,0,0
19970228,23900,24500,23900,24300,700,25020,0,0,0.0,0,0,0,0,0,0,0
19970303,24300,25500,24300,24900,600,26230,0,0,0.0,0,0,0,0,0,0,0
19970304,25000,25600,25000,25400,500,19890,0,0,0.0,0,0,0,0,0,0,0
19970305,25500,25700,25000,25300,100,35670,0,0,0.0,0,0,0,0,0,0,0
19970306,25600,27300,24800,26600,1300,62590,0,0,0.0,0,0,0,0,0,0,0
19970307,26900,27500,26000,26000,600,45270,0,0,0.0,0,0,0,0,0,0,0
19970308,26800,26800,26000,26000,0,34610,0,0,0.0,0,0,0,0,0,0,0
19970310,26000,26400,25700,26000,0,20800,0,0,0.0,0,0,0,0,0,0,0
19970311,25700,26000,25200,25500,500,19550,0,0,0.0,0,0,0,0,0,0,0
19970312,25200,25800,25200,25400,100,18790,0,0,0.0,0,0,0,0,0,0,0
19970313,25400,25500,25000,25500,100,32730,0,0,0.0,0,0,0,0,0,0,0
19970314,25500,26000,25000,25000,500,26460,0,0,0.0,0,0,0,0,0,0,0
19970315,24700,25000,24100,24100,900,3960,0,0,0.0,0,0,0,0,0,0,0
19970317,25500,25500,24800,25000,900,8110,0,0,0.0,0,0,0,0,0,0,0
19970318,25000,25100,24500,24900,100,23430,0,0,0.0,0,0,0,0,0,0,0
19970319,24900,24900,24500,24900,0,21140,0,0,0.0,0,0,0,0,0,0,0
19970320,24700,24800,24200,24600,300,26830,0,0,0.0,0,0,0,0,0,0,0
19970321,25500,25500,23600,23600,1000,5550,0,0,0.0,0,0,0,0,0,0,0
19970322,24000,24000,23500,23600,0,9600,0,0,0.0,0,0,0,0,0,0,0
19970324,24000,24000,21800,22000,1600,14690,0,0,0.0,0,0,0,0,0,0,0
19970325,22000,22900,20300,21800,200,29190,0,0,0.0,0,0,0,0,0,0,0
19970326,21800,22700,21000,22200,400,31070,0,0,0.0,0,0,0,0,0,0,0
19970327,22200,23000,22000,22300,100,13960,0,0,0.0,0,0,0,0,0,0,0
19970328,23000,23200,22400,22900,600,35260,0,0,0.0,0,0,0,0,0,0,0
19970329,22600,23100,22600,23100,200,15640,0,0,0.0,0,0,0,0,0,0,0
19970331,23100,23800,22800,23300,200,7570,0,0,0.0,0,0,0,0,0,0,0
19970401,23900,23900,22500,22700,600,8970,0,0,0.0,0,0,0,0,0,0,0
19970402,23600,23700,22700,23100,400,22530,0,0,0.0,0,0,0,0,0,0,0
19970403,23300,23800,23100,23600,500,24750,0,0,0.0,0,0,0,0,0,0,0
19970404,23100,24200,23000,24200,600,21540,0,0,0.0,0,0,0,0,0,0,0
19970407,24200,24500,23500,24400,200,24670,0,0,0.0,0,0,0,0,0,0,0
19970408,24400,24500,23500,24300,100,28130,0,0,0.0,0,0,0,0,0,0,0
19970409,23300,24100,23300,23700,600,25530,0,0,0.0,0,0,0,0,0,0,0
19970410,24000,24300,23000,24000,300,39110,0,0,0.0,0,0,0,0,0,0,0
19970411,24100,24700,23600,23700,300,12470,0,0,0.0,0,0,0,0,0,0,0
19970412,23800,24000,23500,23500,200,1980,0,0,0.0,0,0,0,0,0,0,0
19970414,23600,23700,23000,23000,500,23850,0,0,0.0,0,0,0,0,0,0,0
19970415,23500,23700,23000,23000,0,11180,0,0,0.0,0,0,0,0,0,0,0
19970416,23500,23500,22900,23300,300,6610,0,0,0.0,0,0,0,0,0,0,0
19970417,23300,23300,22700,22800,500,9360,0,0,0.0,0,0,0,0,0,0,0
19970418,22800,24000,22800,23600,800,66920,0,0,0.0,0,0,0,0,0,0,0
19970419,23700,25300,23600,24500,900,73330,0,0,0.0,0,0,0,0,0,0,0
19970421,24500,24500,23600,23600,900,8790,0,0,0.0,0,0,0,0,0,0,0
19970422,23500,23500,22900,23100,500,12610,0,0,0.0,0,0,0,0,0,0,0
19970423,23700,24000,23500,23700,600,28350,0,0,0.0,0,0,0,0,0,0,0
19970424,23600,23900,23500,23700,0,28330,0,0,0.0,0,0,0,0,0,0,0
19970425,23700,23700,23500,23500,200,18300,0,0,0.0,0,0,0,0,0,0,0
19970426,23500,24000,23500,24000,500,5750,0,0,0.0,0,0,0,0,0,0,0
19970428,24200,24300,23700,23700,300,28610,0,0,0.0,0,0,0,0,0,0,0
19970429,23700,24100,23600,23700,0,27470,0,0,0.0,0,0,0,0,0,0,0
19970430,23800,24100,23500,23500,200,13210,0,0,0.0,0,0,0,0,0,0,0
19970502,23400,24400,23400,24200,700,117250,0,0,0.0,0,0,0,0,0,0,0
19970503,24500,25500,24200,25300,1100,76030,0,0,0.0,0,0,0,0,0,0,0
19970506,25300,25900,24500,25000,300,91020,0,0,0.0,0,0,0,0,0,0,0
19970507,23500,24300,23500,23700,1300,12230,0,0,0.0,0,0,0,0,0,0,0
19970508,23800,23800,23500,23600,100,14140,0,0,0.0,0,0,0,0,0,0,0
19970509,23400,23700,23100,23300,300,14080,0,0,0.0,0,0,0,0,0,0,0
19970510,23400,23400,22700,23000,300,5540,0,0,0.0,0,0,0,0,0,0,0
19970512,23000,23400,22500,23200,200,19250,0,0,0.0,0,0,0,0,0,0,0
19970513,23900,23900,23000,23000,200,4280,0,0,0.0,0,0,0,0,0,0,0
19970515,23200,23200,22900,22900,100,13060,0,0,0.0,0,0,0,0,0,0,0
19970516,23000,23500,22700,22900,0,17270,0,0,0.0,0,0,0,0,0,0,0
19970517,23000,23500,23000,23400,500,17360,0,0,0.0,0,0,0,0,0,0,0
19970519,24000,24000,22700,23000,400,32940,0,0,0.0,0,0,0,0,0,0,0
19970520,23500,23500,22900,22900,100,19580,0,0,0.0,0,0,0,0,0,0,0
19970521,23000,23500,22500,23000,100,20500,0,0,0.0,0,0,0,0,0,0,0
19970522,23100,23200,23000,23100,100,13380,0,0,0.0,0,0,0,0,0,0,0
19970523,23400,23400,22800,23000,100,11650,0,0,0.0,0,0,0,0,0,0,0
19970524,23000,23000,22600,22600,400,8570,0,0,0.0,0,0,0,0,0,0,0
19970526,23500,23500,22600,22800,200,9550,0,0,0.0,0,0,0,0,0,0,0
19970527,23000,23400,23000,23100,300,12390,0,0,0.0,0,0,0,0,0,0,0
19970528,23100,23600,22900,22900,200,76830,0,0,0.0,0,0,0,0,0,0,0
19970529,23500,23500,22500,22500,400,17680,0,0,0.0,0,0,0,0,0,0,0
19970530,22500,22800,22200,22300,200,23260,0,0,0.0,0,0,0,0,0,0,0
19970531,22300,22700,22300,22300,0,5650,0,0,0.0,0,0,0,0,0,0,0
19970602,22700,22700,22300,22300,0,7010,0,0,0.0,0,0,0,0,0,0,0
19970603,22700,22700,22000,22000,300,24910,0,0,0.0,0,0,0,0,0,0,0
19970604,22100,22500,22000,22300,300,14980,0,0,0.0,0,0,0,0,0,0,0
19970605,22400,22800,22400,22700,400,10940,0,0,0.0,0,0,0,0,0,0,0
19970607,22700,22800,22300,22500,200,3160,0,0,0.0,0,0,0,0,0,0,0
19970609,22500,22500,22300,22500,0,9370,0,0,0.0,0,0,0,0,0,0,0
19970610,22400,22500,22000,22300,200,8600,0,0,0.0,0,0,0,0,0,0,0
19970611,22500,22600,22000,22000,300,16050,0,0,0.0,0,0,0,0,0,0,0
19970612,22500,22500,22000,22000,0,12610,0,0,0.0,0,0,0,0,0,0,0
19970613,22000,22300,21800,22100,100,19900,0,0,0.0,0,0,0,0,0,0,0
19970614,22100,22500,21800,22500,400,9870,0,0,0.0,0,0,0,0,0,0,0
19970616,22500,23000,22000,22000,500,88530,0,0,0.0,0,0,0,0,0,0,0
19970617,22500,22900,22500,22700,700,18200,0,0,0.0,0,0,0,0,0,0,0
19970618,22800,24200,22700,24000,1300,67460,0,0,0.0,0,0,0,0,0,0,0
19970619,24000,24000,22700,23400,600,27270,0,0,0.0,0,0,0,0,0,0,0
19970620,23400,23800,23100,23600,200,14400,0,0,0.0,0,0,0,0,0,0,0
19970621,23500,23500,22400,22400,1200,10590,0,0,0.0,0,0,0,0,0,0,0
19970623,22400,23000,22200,22600,200,15700,0,0,0.0,0,0,0,0,0,0,0
19970624,23000,23300,22600,23000,400,14100,0,0,0.0,0,0,0,0,0,0,0
19970625,23000,23200,22600,23100,100,51760,0,0,0.0,0,0,0,0,0,0,0
19970626,23200,23400,22900,23200,100,27440,0,0,0.0,0,0,0,0,0,0,0
19970627,23200,23800,23200,23200,0,11960,0,0,0.0,0,0,0,0,0,0,0
19970628,23200,23300,23200,23200,0,8180,0,0,0.0,0,0,0,0,0,0,0
19970630,23500,23600,23200,23200,0,19210,0,0,0.0,0,0,0,0,0,0,0
19970701,23400,23500,23200,23500,300,27300,0,0,0.0,0,0,0,0,0,0,0
19970702,23700,23700,22500,23200,300,16020,0,0,0.0,0,0,0,0,0,0,0
19970703,23400,23500,23000,23300,100,38250,0,0,0.0,0,0,0,0,0,0,0
19970704,23500,23500,23000,23000,300,10070,0,0,0.0,0,0,0,0,0,0,0
19970705,23000,23500,22800,22800,200,6180,0,0,0.0,0,0,0,0,0,0,0
19970707,22800,23000,22600,22600,200,9950,0,0,0.0,0,0,0,0,0,0,0
19970708,22600,23500,22600,23400,800,35470,0,0,0.0,0,0,0,0,0,0,0
19970709,23500,23700,22900,23100,300,13810,0,0,0.0,0,0,0,0,0,0,0
19970710,23200,23500,23200,23300,200,30310,0,0,0.0,0,0,0,0,0,0,0
19970711,23500,23500,23200,23200,100,15050,0,0,0.0,0,0,0,0,0,0,0
19970712,23000,23200,22700,22700,500,6990,0,0,0.0,0,0,0,0,0,0,0
19970714,22800,22900,22200,22400,300,16340,0,0,0.0,0,0,0,0,0,0,0
19970715,22400,22900,22400,22900,500,20450,0,0,0.0,0,0,0,0,0,0,0
19970716,22800,22800,22200,22200,700,3050,0,0,0.0,0,0,0,0,0,0,0
19970718,22200,22200,21600,21600,600,21990,0,0,0.0,0,0,0,0,0,0,0
19970719,21600,22000,21300,21300,300,15430,0,0,0.0,0,0,0,0,0,0,0
19970721,21500,21900,21000,21000,300,12920,0,0,0.0,0,0,0,0,0,0,0
19970722,21400,21400,20800,20800,200,20230,0,0,0.0,0,0,0,0,0,0,0
19970723,20800,21500,20800,21400,600,20170,0,0,0.0,0,0,0,0,0,0,0
19970724,21400,21800,21200,21400,0,12490,0,0,0.0,0,0,0,0,0,0,0
19970725,21000,21800,21000,21400,0,7090,0,0,0.0,0,0,0,0,0,0,0
19970726,21000,21100,21000,21000,400,7020,0,0,0.0,0,0,0,0,0,0,0
19970728,21000,21800,20600,21000,0,7260,0,0,0.0,0,0,0,0,0,0,0
19970729,21300,21800,20600,20800,200,6770,0,0,0.0,0,0,0,0,0,0,0
19970730,21000,21000,20800,20800,0,9070,0,0,0.0,0,0,0,0,0,0,0
19970731,20800,21000,20700,20900,100,6880,0,0,0.0,0,0,0,0,0,0,0
19970801,20900,21500,20900,21000,100,12050,0,0,0.0,0,0,0,0,0,0,0
19970802,21000,21500,20900,21000,0,4880,0,0,0.0,0,0,0,0,0,0,0
19970804,21400,21400,20800,21200,200,23720,0,0,0.0,0,0,0,0,0,0,0
19970805,21500,21500,20800,21000,200,8950,0,0,0.0,0,0,0,0,0,0,0
19970806,20900,21200,20800,21000,0,6960,0,0,0.0,0,0,0,0,0,0,0
19970807,21000,21300,20700,20700,300,15090,0,0,0.0,0,0,0,0,0,0,0
19970808,21100,21100,20800,21000,300,7880,0,0,0.0,0,0,0,0,0,0,0
19970809,21000,21300,20800,21000,0,4910,0,0,0.0,0,0,0,0,0,0,0
19970811,21000,21100,20800,20900,100,11270,0,0,0.0,0,0,0,0,0,0,0
19970812,20900,21300,20800,21000,100,32310,0,0,0.0,0,0,0,0,0,0,0
19970813,21600,22300,21200,22100,1100,35810,0,0,0.0,0,0,0,0,0,0,0
19970814,22100,22600,21800,22600,500,45280,0,0,0.0,0,0,0,0,0,0,0
19970816,22500,22500,21600,21900,700,5240,0,0,0.0,0,0,0,0,0,0,0
19970818,22100,22100,21500,21500,400,13350,0,0,0.0,0,0,0,0,0,0,0
19970819,21500,21600,20500,21300,200,24110,0,0,0.0,0,0,0,0,0,0,0
19970820,21200,21800,20900,21800,500,31700,0,0,0.0,0,0,0,0,0,0,0
19970821,22000,22100,21500,21500,300,21260,0,0,0.0,0,0,0,0,0,0,0
19970822,21600,21700,21000,21200,300,19930,0,0,0.0,0,0,0,0,0,0,0
19970823,21000,21500,21000,21500,300,1780,0,0,0.0,0,0,0,0,0,0,0
19970825,21900,21900,21200,21200,300,2930,0,0,0.0,0,0,0,0,0,0,0
19970826,21000,21200,20900,21000,200,11810,0,0,0.0,0,0,0,0,0,0,0
19970827,21200,21200,20800,20900,100,30080,0,0,0.0,0,0,0,0,0,0,0
19970828,21000,21000,20200,20500,400,20240,0,0,0.0,0,0,0,0,0,0,0
19970829,20400,20400,19200,19700,800,45310,0,0,0.0,0,0,0,0,0,0,0
19970830,19800,19900,19700,19900,200,8690,0,0,0.0,0,0,0,0,0,0,0
19970901,19300,20300,19300,19900,0,6860,0,0,0.0,0,0,0,0,0,0,0
19970902,19500,20500,19500,20200,300,21110,0,0,0.0,0,0,0,0,0,0,0
19970903,20500,20900,19900,20400,200,59080,0,0,0.0,0,0,0,0,0,0,0
19970904,20400,20400,20000,20400,0,15180,0,0,0.0,0,0,0,0,0,0,0
19970905,20400,20800,20400,20700,300,37770,0,0,0.0,0,0,0,0,0,0,0
19970906,20200,20500,20200,20400,300,2320,0,0,0.0,0,0,0,0,0,0,0
19970908,21500,21500,19900,20400,0,13980,0,0,0.0,0,0,0,0,0,0,0
19970909,20000,20300,19900,20000,400,9250,0,0,0.0,0,0,0,0,0,0,0
19970910,20000,20300,20000,20200,200,6180,0,0,0.0,0,0,0,0,0,0,0
19970911,20200,20300,20200,20300,100,2280,0,0,0.0,0,0,0,0,0,0,0
19970912,20500,20500,20200,20200,100,4130,0,0,0.0,0,0,0,0,0,0,0
19970913,20200,20200,20000,20100,100,6510,0,0,0.0,0,0,0,0,0,0,0
19970918,20100,20200,20000,20100,0,4050,0,0,0.0,0,0,0,0,0,0,0
19970919,20100,20200,20100,20200,100,10730,0,0,0.0,0,0,0,0,0,0,0
19970920,20100,20100,19900,20100,100,2040,0,0,0.0,0,0,0,0,0,0,0
19970922,20100,20100,19800,20000,100,11370,0,0,0.0,0,0,0,0,0,0,0
19970923,20000,20000,19700,19700,300,7540,0,0,0.0,0,0,0,0,0,0,0
19970924,19500,19600,19100,19600,100,7350,0,0,0.0,0,0,0,0,0,0,0
19970925,19200,19400,18800,19100,500,6170,0,0,0.0,0,0,0,0,0,0,0
19970926,18700,19000,18600,18700,400,10390,0,0,0.0,0,0,0,0,0,0,0
19970927,18100,18200,17600,17600,1100,4230,0,0,0.0,0,0,0,0,0,0,0
19970929,17200,17200,16500,16600,1000,14540,0,0,0.0,0,0,0,0,0,0,0
19970930,16100,17300,16100,17000,400,32790,0,0,0.0,0,0,0,0,0,0,0
19971001,17000,17500,17000,17000,0,17370,0,0,0.0,0,0,0,0,0,0,0
19971002,17500,17700,17300,17300,300,11450,0,0,0.0,0,0,0,0,0,0,0
19971004,17000,17600,17000,17300,0,9380,0,0,0.0,0,0,0,0,0,0,0
19971006,17300,18200,17100,17400,100,75020,0,0,0.0,0,0,0,0,0,0,0
19971007,17900,17900,17300,17700,300,20720,0,0,0.0,0,0,0,0,0,0,0
19971008,17000,17500,16500,17400,300,16910,0,0,0.0,0,0,0,0,0,0,0
19971009,17300,17300,16800,16800,600,24640,0,0,0.0,0,0,0,0,0,0,0
19971010,17000,17000,16500,16500,300,26380,0,0,0.0,0,0,0,0,0,0,0
19971011,16500,16500,16100,16400,100,31250,0,0,0.0,0,0,0,0,0,0,0
19971013,16500,17300,16500,17000,600,83180,0,0,0.0,0,0,0,0,0,0,0
19971014,17000,17100,16600,16700,300,19920,0,0,0.0,0,0,0,0,0,0,0
19971015,16700,16700,15400,15500,1200,34290,0,0,0.0,0,0,0,0,0,0,0
19971016,15400,15400,14300,14900,600,40430,0,0,0.0,0,0,0,0,0,0,0
19971017,15100,15900,14800,15700,800,21220,0,0,0.0,0,0,0,0,0,0,0
19971018,15800,15900,15500,15900,200,15790,0,0,0.0,0,0,0,0,0,0,0
19971020,16100,16100,14900,15400,500,27640,0,0,0.0,0,0,0,0,0,0,0
19971021,15300,15800,14800,14900,500,100180,0,0,0.0,0,0,0,0,0,0,0
19971022,14900,15700,14900,15700,800,33000,0,0,0.0,0,0,0,0,0,0,0
19971023,15800,15800,15000,15000,700,30400,0,0,0.0,0,0,0,0,0,0,0
19971024,15000,15000,13800,13800,1200,50530,0,0,0.0,0,0,0,0,0,0,0
19971025,14000,14000,12700,12700,1100,51670,0,0,0.0,0,0,0,0,0,0,0
19971027,12800,13000,11700,11700,1000,139610,0,0,0.0,0,0,0,0,0,0,0
19971028,11200,11200,10800,11000,700,77190,0,0,0.0,0,0,0,0,0,0,0
19971029,11500,11800,11000,11200,200,49720,0,0,0.0,0,0,0,0,0,0,0
19971030,11300,11400,10800,11000,200,40140,0,0,0.0,0,0,0,0,0,0,0
19971031,11000,11600,11000,11100,100,28000,0,0,0.0,0,0,0,0,0,0,0
19971101,11300,11900,11000,11900,800,23730,0,0,0.0,0,0,0,0,0,0,0
19971103,12400,12800,12000,12700,800,43040,0,0,0.0,0,0,0,0,0,0,0
19971104,12700,13600,12500,13600,900,63600,0,0,0.0,0,0,0,0,0,0,0
19971105,13600,14000,13200,13200,400,63160,0,0,0.0,0,0,0,0,0,0,0
19971106,13200,13600,12800,13600,400,217610,0,0,0.0,0,0,0,0,0,0,0
19971107,13600,13600,12600,12600,1000,89070,0,0,0.0,0,0,0,0,0,0,0
19971108,11600,12000,11600,11800,800,37870,0,0,0.0,0,0,0,0,0,0,0
19971110,11800,12700,11600,12700,900,322000,0,0,0.0,0,0,0,0,0,0,0
19971111,12700,13400,12100,12700,0,251090,0,0,0.0,0,0,0,0,0,0,0
19971112,13000,13000,12300,12700,0,248170,0,0,0.0,0,0,0,0,0,0,0
19971113,13100,13700,13000,13700,1000,442150,0,0,0.0,0,0,0,0,0,0,0
19971114,14600,14700,14300,14700,1000,612390,0,0,0.0,0,0,0,0,0,0,0
19971115,14700,15200,14200,14200,500,239490,0,0,0.0,0,0,0,0,0,0,0
19971117,14300,14400,13100,13100,1100,245840,0,0,0.0,0,0,0,0,0,0,0
19971118,12500,13300,12300,12500,600,373550,0,0,0.0,0,0,0,0,0,0,0
19971119,12700,13000,12000,12900,400,284980,0,0,0.0,0,0,0,0,0,0,0
19971120,12800,12900,11900,12200,700,173990,0,0,0.0,0,0,0,0,0,0,0
19971121,12600,12900,11400,12000,200,208320,0,0,0.0,0,0,0,0,0,0,0
19971122,11900,11900,11100,11100,900,149680,0,0,0.0,0,0,0,0,0,0,0
19971124,10300,10300,10300,10300,800,31140,0,0,0.0,0,0,0,0,0,0,0
19971125,9500,9500,9500,9500,800,24790,0,0,0.0,0,0,0,0,0,0,0
19971126,8750,9700,8740,9110,390,373340,0,0,0.0,0,0,0,0,0,0,0
19971127,9530,9730,8900,9150,40,135490,0,0,0.0,0,0,0,0,0,0,0
19971128,9100,9200,8420,8420,730,92280,0,0,0.0,0,0,0,0,0,0,0
19971129,7750,7750,7750,7750,670,16720,0,0,0.0,0,0,0,0,0,0,0
19971201,7130,7750,7130,7130,620,249300,0,0,0.0,0,0,0,0,0,0,0
19971202,6560,6560,6560,6560,570,3280,0,0,0.0,0,0,0,0,0,0,0
19971203,6040,6040,6040,6040,520,38810,0,0,0.0,0,0,0,0,0,0,0
19971204,5600,6520,5600,6520,480,386730,0,0,0.0,0,0,0,0,0,0,0
19971205,7040,7040,7040,7040,520,36520,0,0,0.0,0,0,0,0,0,0,0
19971206,6680,6800,6480,6480,560,180700,0,0,0.0,0,0,0,0,0,0,0
19971208,5970,5970,5970,5970,510,26090,0,0,0.0,0,0,0,0,0,0,0
19971209,5500,5500,5500,5500,470,4890,0,0,0.0,0,0,0,0,0,0,0
19971210,5060,5890,5060,5400,100,323870,0,0,0.0,0,0,0,0,0,0,0
19971211,5500,5600,4970,4970,430,156870,0,0,0.0,0,0,0,0,0,0,0
19971212,4580,4580,4580,4580,390,10350,0,0,0.0,0,0,0,0,0,0,0
19971213,4220,4580,4220,4300,280,129100,0,0,0.0,0,0,0,0,0,0,0
19971215,4640,4640,4500,4640,340,64890,0,0,0.0,0,0,0,0,0,0,0
19971216,5010,5010,5010,5010,370,99940,0,0,0.0,0,0,0,0,0,0,0
19971217,5410,5410,5410,5410,400,43230,0,0,0.0,0,0,0,0,0,0,0
19971219,5840,5840,5840,5840,430,81270,0,0,0.0,0,0,0,0,0,0,0
19971220,6300,6300,6010,6300,460,294210,0,0,0.0,0,0,0,0,0,0,0
19971222,6790,6800,6600,6800,500,132960,0,0,0.0,0,0,0,0,0,0,0
19971223,6800,7100,6300,7000,200,394480,0,0,0.0,0,0,0,0,0,0,0
19971224,6500,7300,6500,6650,350,176060,0,0,0.0,0,0,0,0,0,0,0
19971226,7180,7180,7180,7180,530,16930,0,0,0.0,0,0,0,0,0,0,0
19971227,7180,7300,6650,7000,180,137660,0,0,0.0,0,0,0,0,0,0,0
19980103,7000,7340,6900,7340,540,37660,0,0,0.0,0,0,0,0,0,0,0
19980105,7920,7920,7920,7920,580,5090,0,0,0.0,0,0,0,0,0,0,0
19980106,8550,8550,8550,8550,630,33180,0,0,0.0,0,0,0,0,0,0,0
19980107,9230,9230,9230,9230,680,4450,0,0,0.0,0,0,0,0,0,0,0
19980108,9960,9960,9500,9960,730,300920,0,0,0.0,0,0,0,0,0,0,0
19980109,9900,10700,9180,10700,740,396660,0,0,0.0,0,0,0,0,0,0,0
19980110,11500,11500,11500,11500,800,80130,0,0,0.0,0,0,0,0,0,0,0
19980112,12400,12400,12400,12400,900,8360,0,0,0.0,0,0,0,0,0,0,0
19980113,13300,13300,13300,13300,900,11200,0,0,0.0,0,0,0,0,0,0,0
19980114,14300,14300,14300,14300,1000,18000,0,0,0.0,0,0,0,0,0,0,0
19980115,15400,15400,15400,15400,1100,12260,0,0,0.0,0,0,0,0,0,0,0
19980116,15400,16000,14200,14200,1200,321450,0,0,0.0,0,0,0,0,0,0,0
19980117,13100,13800,13100,13100,1100,277440,0,0,0.0,0,0,0,0,0,0,0
19980119,14000,14100,13300,14100,1000,183750,0,0,0.0,0,0,0,0,0,0,0
19980120,14500,14500,13100,13600,500,107540,0,0,0.0,0,0,0,0,0,0,0
19980121,14000,14300,13600,14300,700,170090,0,0,0.0,0,0,0,0,0,0,0
19980122,14300,14500,13800,14300,0,116540,0,0,0.0,0,0,0,0,0,0,0
19980123,14300,14600,13200,13200,1100,212500,0,0,0.0,0,0,0,0,0,0,0
19980124,13000,14200,12200,13700,500,465250,0,0,0.0,0,0,0,0,0,0,0
19980126,14000,14000,13100,13500,200,164790,0,0,0.0,0,0,0,0,0,0,0
19980130,14500,14500,14100,14500,1000,201450,0,0,0.0,0,0,0,0,0,0,0
19980131,15500,15500,14500,14700,200,266560,0,0,0.0,0,0,0,0,0,0,0
19980202,14000,14600,13700,14200,500,170270,0,0,0.0,0,0,0,0,0,0,0
19980203,14500,15300,14000,15300,1100,423760,0,0,0.0,0,0,0,0,0,0,0
19980204,15800,16500,15500,16300,1000,392990,0,0,0.0,0,0,0,0,0,0,0
19980205,15900,16100,15000,15000,1300,214720,0,0,0.0,0,0,0,0,0,0,0
19980206,15300,15600,14100,14800,200,200100,0,0,0.0,0,0,0,0,0,0,0
19980207,14800,15600,14800,14900,100,137980,0,0,0.0,0,0,0,0,0,0,0
19980209,14700,15400,14700,15200,300,151240,0,0,0.0,0,0,0,0,0,0,0
19980210,14800,15100,14500,14500,700,90090,0,0,0.0,0,0,0,0,0,0,0
19980211,14500,14900,13700,14300,200,126810,0,0,0.0,0,0,0,0,0,0,0
19980212,14000,14100,13300,13700,600,119510,0,0,0.0,0,0,0,0,0,0,0
19980213,14200,14300,12700,12700,1000,113880,0,0,0.0,0,0,0,0,0,0,0
19980214,12700,13200,11700,11800,900,82650,0,0,0.0,0,0,0,0,0,0,0
19980216,11300,12000,11000,11500,300,98290,0,0,0.0,0,0,0,0,0,0,0
19980217,11600,12200,11500,11700,200,102980,0,0,0.0,0,0,0,0,0,0,0
19980218,12100,12600,11700,12200,500,182490,0,0,0.0,0,0,0,0,0,0,0
19980219,12400,13100,12200,13100,900,180780,0,0,0.0,0,0,0,0,0,0,0
19980220,13800,14100,13100,13100,0,135470,0,0,0.0,0,0,0,0,0,0,0
19980221,12900,13400,12600,13000,100,81780,0,0,0.0,0,0,0,0,0,0,0
19980223,13900,14000,13600,14000,1000,122120,0,0,0.0,0,0,0,0,0,0,0
19980224,14000,14500,13800,14100,100,118890,0,0,0.0,0,0,0,0,0,0,0
19980225,14500,14500,13000,13000,1100,124560,0,0,0.0,0,0,0,0,0,0,0
19980226,12600,13400,12500,12900,100,115200,0,0,0.0,0,0,0,0,0,0,0
19980227,12700,13600,12700,13200,300,101550,0,0,0.0,0,0,0,0,0,0,0
19980228,13000,13500,12600,12600,600,61680,0,0,0.0,0,0,0,0,0,0,0
19980302,12700,13300,12600,12700,100,56590,0,0,0.0,0,0,0,0,0,0,0
19980303,12800,13000,12500,12500,200,67930,0,0,0.0,0,0,0,0,0,0,0
19980304,13500,13500,12700,13000,500,46500,0,0,0.0,0,0,0,0,0,0,0
19980305,12500,13000,12300,12300,700,50510,0,0,0.0,0,0,0,0,0,0,0
19980306,12100,12300,11800,11850,450,38510,0,0,0.0,0,0,0,0,0,0,0
19980307,11900,12200,11700,11750,100,22840,0,0,0.0,0,0,0,0,0,0,0
19980309,12000,12200,11700,11700,50,24120,0,0,0.0,0,0,0,0,0,0,0
19980310,12000,12050,11800,12000,300,24050,0,0,0.0,0,0,0,0,0,0,0
19980311,12000,12400,11700,12250,250,37040,0,0,0.0,0,0,0,0,0,0,0
19980312,12500,13500,12500,12700,450,70980,0,0,0.0,0,0,0,0,0,0,0
19980313,12800,13000,12350,12500,200,72200,0,0,0.0,0,0,0,0,0,0,0
19980314,12900,13300,12800,13100,600,85830,0,0,0.0,0,0,0,0,0,0,0
19980316,13500,13700,12900,12900,200,80110,0,0,0.0,0,0,0,0,0,0,0
19980317,12800,13200,12400,12400,500,48300,0,0,0.0,0,0,0,0,0,0,0
19980318,12600,12800,12200,12300,100,48120,0,0,0.0,0,0,0,0,0,0,0
19980319,12500,12800,12300,12600,300,45050,0,0,0.0,0,0,0,0,0,0,0
19980320,12650,13400,12650,13200,600,76800,0,0,0.0,0,0,0,0,0,0,0
19980321,12900,13400,12800,13200,0,68130,0,0,0.0,0,0,0,0,0,0,0
19980323,13200,13200,12600,12600,600,31860,0,0,0.0,0,0,0,0,0,0,0
19980324,12400,12700,12200,12200,400,21680,0,0,0.0,0,0,0,0,0,0,0
19980325,12500,12700,12200,12600,400,30430,0,0,0.0,0,0,0,0,0,0,0
19980326,12600,13400,12400,13400,800,116380,0,0,0.0,0,0,0,0,0,0,0
19980327,13400,14600,13300,13550,150,243890,0,0,0.0,0,0,0,0,0,0,0
19980328,13700,13800,13200,13300,250,46590,0,0,0.0,0,0,0,0,0,0,0
19980330,13100,13100,12300,12400,900,68070,0,0,0.0,0,0,0,0,0,0,0
19980331,12600,12800,12400,12700,300,43650,0,0,0.0,0,0,0,0,0,0,0
19980401,13000,13400,12500,13100,400,106170,0,0,0.0,0,0,0,0,0,0,0
19980402,13100,13100,12500,12700,400,43660,0,0,0.0,0,0,0,0,0,0,0
19980403,12700,12900,11200,12000,700,65570,0,0,0.0,0,0,0,0,0,0,0
19980404,12000,12200,11200,12000,0,35940,0,0,0.0,0,0,0,0,0,0,0
19980406,12000,12100,11500,11600,400,34750,0,0,0.0,0,0,0,0,0,0,0
19980407,11600,12100,11600,12000,400,44300,0,0,0.0,0,0,0,0,0,0,0
19980408,12100,12150,11700,11900,100,41760,0,0,0.0,0,0,0,0,0,0,0
19980409,12100,12200,11900,12200,300,44660,0,0,0.0,0,0,0,0,0,0,0
19980410,11900,12750,11900,12350,150,57230,0,0,0.0,0,0,0,0,0,0,0
19980411,12100,12600,12100,12400,50,20890,0,0,0.0,0,0,0,0,0,0,0
19980413,12200,12450,12200,12300,100,29000,0,0,0.0,0,0,0,0,0,0,0
19980414,12300,13200,12150,12700,400,85620,0,0,0.0,0,0,0,0,0,0,0
19980415,12900,12900,12500,12600,100,29610,0,0,0.0,0,0,0,0,0,0,0
19980416,12500,12500,12100,12250,350,33800,0,0,0.0,0,0,0,0,0,0,0
19980417,12250,12300,11850,11850,400,18580,0,0,0.0,0,0,0,0,0,0,0
19980418,11700,12100,11500,11850,0,22470,0,0,0.0,0,0,0,0,0,0,0
19980420,11800,12000,11150,11150,700,18780,0,0,0.0,0,0,0,0,0,0,0
19980421,10700,11400,10700,11100,50,19380,0,0,0.0,0,0,0,0,0,0,0
19980422,11200,11650,11200,11250,150,27810,0,0,0.0,0,0,0,0,0,0,0
19980423,11000,11000,9950,9960,1290,24020,0,0,0.0,0,0,0,0,0,0,0
19980424,10500,10500,9600,9800,160,42810,0,0,0.0,0,0,0,0,0,0,0
19980425,9800,10100,9500,10000,200,8740,0,0,0.0,0,0,0,0,0,0,0
19980427,9500,9900,9350,9350,650,19470,0,0,0.0,0,0,0,0,0,0,0
19980428,9500,9700,9100,9500,150,26160,0,0,0.0,0,0,0,0,0,0,0
19980429,9700,10400,9400,10200,700,40110,0,0,0.0,0,0,0,0,0,0,0
19980430,10000,10900,10000,10900,700,44040,0,0,0.0,0,0,0,0,0,0,0
19980502,10700,11450,10500,10500,400,34940,0,0,0.0,0,0,0,0,0,0,0
19980504,10500,10600,9700,9800,700,46150,0,0,0.0,0,0,0,0,0,0,0
19980506,9200,9800,9000,9000,800,32410,0,0,0.0,0,0,0,0,0,0,0
19980507,8700,9400,8700,9350,350,22840,0,0,0.0,0,0,0,0,0,0,0
19980508,8860,9360,8860,9360,10,16590,0,0,0.0,0,0,0,0,0,0,0
19980509,9200,9390,9150,9150,210,7970,0,0,0.0,0,0,0,0,0,0,0
19980511,9150,9150,8800,8800,350,9480,0,0,0.0,0,0,0,0,0,0,0
19980512,8400,9000,8400,9000,200,39230,0,0,0.0,0,0,0,0,0,0,0
19980513,9000,9200,8800,8800,200,19600,0,0,0.0,0,0,0,0,0,0,0
19980514,8700,9290,8500,8800,0,30220,0,0,0.0,0,0,0,0,0,0,0
19980515,8800,9000,8100,8250,550,20580,0,0,0.0,0,0,0,0,0,0,0
19980516,8000,8100,7800,7810,440,15540,0,0,0.0,0,0,0,0,0,0,0
19980518,8100,8700,8000,8400,590,28980,0,0,0.0,0,0,0,0,0,0,0
19980519,8490,8700,8200,8580,180,38720,0,0,0.0,0,0,0,0,0,0,0
19980520,8700,9000,8580,8800,220,44180,0,0,0.0,0,0,0,0,0,0,0
19980521,8900,8990,8400,8600,200,25860,0,0,0.0,0,0,0,0,0,0,0
19980522,8600,8600,8450,8450,150,15310,0,0,0.0,0,0,0,0,0,0,0
19980523,8510,8600,8300,8410,40,7530,0,0,0.0,0,0,0,0,0,0,0
19980525,8420,8500,7960,8190,220,17940,0,0,0.0,0,0,0,0,0,0,0
19980526,7800,7800,7350,7400,790,19080,0,0,0.0,0,0,0,0,0,0,0
19980527,7400,7800,7150,7800,400,18750,0,0,0.0,0,0,0,0,0,0,0
19980528,7550,8100,7550,7590,210,19920,0,0,0.0,0,0,0,0,0,0,0
19980529,7650,8000,7650,8000,410,12040,0,0,0.0,0,0,0,0,0,0,0
19980530,7900,8150,7900,8150,150,12800,0,0,0.0,0,0,0,0,0,0,0
19980601,7900,8600,7900,8250,100,30520,0,0,0.0,0,0,0,0,0,0,0
19980602,8500,8500,7850,8200,50,20490,0,0,0.0,0,0,0,0,0,0,0
19980603,8100,8450,8100,8400,200,27660,0,0,0.0,0,0,0,0,0,0,0
19980605,8200,8420,8200,8310,90,16610,0,0,0.0,0,0,0,0,0,0,0
19980608,8310,8510,8310,8400,90,19400,0,0,0.0,0,0,0,0,0,0,0
19980609,8200,8350,8100,8350,50,40830,0,0,0.0,0,0,0,0,0,0,0
19980610,8350,8650,8200,8260,90,40120,0,0,0.0,0,0,0,0,0,0,0
19980611,8200,8300,7800,8000,260,29170,0,0,0.0,0,0,0,0,0,0,0
19980612,7710,7800,7040,7040,960,28170,0,0,0.0,0,0,0,0,0,0,0
19980613,6500,7000,6500,6800,240,19970,0,0,0.0,0,0,0,0,0,0,0
19980615,6800,7000,6650,7000,200,20390,0,0,0.0,0,0,0,0,0,0,0
19980616,6700,6940,6700,6800,200,8460,0,0,0.0,0,0,0,0,0,0,0
19980617,6500,7600,6500,7590,790,16290,0,0,0.0,0,0,0,0,0,0,0
19980618,7900,8500,7700,8400,810,32230,0,0,0.0,0,0,0,0,0,0,0
19980619,8400,8400,7600,7690,710,13190,0,0,0.0,0,0,0,0,0,0,0
19980620,7700,7900,7700,7800,110,7940,0,0,0.0,0,0,0,0,0,0,0
19980622,7800,7990,7340,7340,460,12770,0,0,0.0,0,0,0,0,0,0,0
19980623,6460,7340,6460,7050,290,31560,0,0,0.0,0,0,0,0,0,0,0
19980624,6800,7200,6800,7100,50,15030,0,0,0.0,0,0,0,0,0,0,0
19980625,7200,7240,7000,7190,90,17820,0,0,0.0,0,0,0,0,0,0,0
19980626,7190,7300,7000,7060,130,6810,0,0,0.0,0,0,0,0,0,0,0
19980627,6900,7100,6850,7000,60,9680,0,0,0.0,0,0,0,0,0,0,0
19980629,7100,7100,6900,6900,100,9810,0,0,0.0,0,0,0,0,0,0,0
19980630,7100,7250,6860,7100,200,30490,0,0,0.0,0,0,0,0,0,0,0
19980701,7250,7950,7100,7550,450,33730,0,0,0.0,0,0,0,0,0,0,0
19980702,7600,7820,7250,7250,300,29290,0,0,0.0,0,0,0,0,0,0,0
19980703,7300,7400,7100,7250,0,42460,0,0,0.0,0,0,0,0,0,0,0
19980704,7200,7200,7000,7000,250,7750,0,0,0.0,0,0,0,0,0,0,0
19980706,7010,7100,6900,7100,100,20130,0,0,0.0,0,0,0,0,0,0,0
19980707,7000,7950,7000,7950,850,90570,0,0,0.0,0,0,0,0,0,0,0
19980708,8000,8400,7800,7800,150,79920,0,0,0.0,0,0,0,0,0,0,0
19980709,8100,8730,8080,8730,930,104590,0,0,0.0,0,0,0,0,0,0,0
19980710,9770,9770,8730,9000,270,280570,0,0,0.0,0,0,0,0,0,0,0
19980711,8500,8600,8100,8400,600,31900,0,0,0.0,0,0,0,0,0,0,0
19980713,8400,8400,7500,7500,900,66830,0,0,0.0,0,0,0,0,0,0,0
19980714,7600,7990,7600,7900,400,50320,0,0,0.0,0,0,0,0,0,0,0
19980715,8100,8290,8000,8000,100,59210,0,0,0.0,0,0,0,0,0,0,0
19980716,8000,8250,7800,8100,100,46060,0,0,0.0,0,0,0,0,0,0,0
19980718,8400,8600,8250,8300,200,48510,0,0,0.0,0,0,0,0,0,0,0
19980720,8300,8600,8130,8600,300,89480,0,0,0.0,0,0,0,0,0,0,0
19980721,8700,9300,8700,8910,310,151890,0,0,0.0,0,0,0,0,0,0,0
19980722,9100,9460,8400,8800,110,101710,0,0,0.0,0,0,0,0,0,0,0
19980723,9100,9100,8100,8200,600,66210,0,0,0.0,0,0,0,0,0,0,0
19980724,8000,8300,7900,8100,100,46260,0,0,0.0,0,0,0,0,0,0,0
19980725,8210,8700,8210,8370,270,66800,0,0,0.0,0,0,0,0,0,0,0
19980727,8400,8500,8100,8150,220,32680,0,0,0.0,0,0,0,0,0,0,0
19980728,8300,8350,8110,8160,10,24550,0,0,0.0,0,0,0,0,0,0,0
19980729,8250,8700,8250,8400,240,83770,0,0,0.0,0,0,0,0,0,0,0
19980730,8300,8300,8100,8200,200,26640,0,0,0.0,0,0,0,0,0,0,0
19980731,8400,8400,8100,8120,80,42310,0,0,0.0,0,0,0,0,0,0,0
19980801,8160,8160,8010,8010,110,15920,0,0,0.0,0,0,0,0,0,0,0
19980803,7800,7990,7800,7800,210,31040,0,0,0.0,0,0,0,0,0,0,0
19980804,7800,8000,7700,7850,50,15180,0,0,0.0,0,0,0,0,0,0,0
19980805,7980,7980,7320,7400,450,38780,0,0,0.0,0,0,0,0,0,0,0
19980806,7200,7300,7010,7100,300,48750,0,0,0.0,0,0,0,0,0,0,0
19980807,7150,7400,7150,7310,210,27790,0,0,0.0,0,0,0,0,0,0,0
19980808,7310,7500,7100,7100,210,19980,0,0,0.0,0,0,0,0,0,0,0
19980810,7000,7000,6800,6980,120,19010,0,0,0.0,0,0,0,0,0,0,0
19980811,6980,7180,6970,6970,10,19370,0,0,0.0,0,0,0,0,0,0,0
19980812,6700,6800,6330,6700,270,23260,0,0,0.0,0,0,0,0,0,0,0
19980813,7000,7100,6800,6800,100,24690,0,0,0.0,0,0,0,0,0,0,0
19980814,6900,7000,6700,6800,0,21940,0,0,0.0,0,0,0,0,0,0,0
19980817,7000,7000,6710,6750,50,14020,0,0,0.0,0,0,0,0,0,0,0
19980818,6200,6500,6100,6350,400,31960,0,0,0.0,0,0,0,0,0,0,0
19980819,6420,6750,6420,6600,250,21800,0,0,0.0,0,0,0,0,0,0,0
19980820,6400,7100,6400,6990,390,35470,0,0,0.0,0,0,0,0,0,0,0
19980821,6700,7190,6700,6750,240,18120,0,0,0.0,0,0,0,0,0,0,0
19980822,6750,6750,6400,6550,200,11790,0,0,0.0,0,0,0,0,0,0,0
19980824,6410,6690,6300,6550,0,18090,0,0,0.0,0,0,0,0,0,0,0
19980825,6600,6910,6550,6650,100,15130,0,0,0.0,0,0,0,0,0,0,0
19980826,6710,6940,6550,6750,100,18310,0,0,0.0,0,0,0,0,0,0,0
19980827,6740,6740,6500,6740,10,13380,0,0,0.0,0,0,0,0,0,0,0
19980828,6550,6550,6400,6480,260,24510,0,0,0.0,0,0,0,0,0,0,0
19980829,6200,6400,6200,6300,180,24450,0,0,0.0,0,0,0,0,0,0,0
19980831,6450,6550,6300,6400,100,26710,0,0,0.0,0,0,0,0,0,0,0
19980901,6120,6800,6090,6500,100,25490,0,0,0.0,0,0,0,0,0,0,0
19980902,6750,6800,6400,6400,100,12400,0,0,0.0,0,0,0,0,0,0,0
19980903,6450,6600,6410,6420,20,8530,0,0,0.0,0,0,0,0,0,0,0
19980904,6600,6670,6500,6500,80,12630,0,0,0.0,0,0,0,0,0,0,0
19980905,6750,7280,6600,7280,780,131790,0,0,0.0,0,0,0,0,0,0,0
19980907,7200,7480,7100,7290,10,121190,0,0,0.0,0,0,0,0,0,0,0
19980908,7330,7450,7000,7010,280,45240,0,0,0.0,0,0,0,0,0,0,0
19980909,6910,7280,6910,7000,10,28990,0,0,0.0,0,0,0,0,0,0,0
19980910,7010,7800,6950,7800,800,85850,0,0,0.0,0,0,0,0,0,0,0
19980911,7300,7400,7200,7200,600,61520,0,0,0.0,0,0,0,0,0,0,0
19980912,7200,7330,7100,7120,80,20250,0,0,0.0,0,0,0,0,0,0,0
19980914,7300,7900,7120,7430,310,100350,0,0,0.0,0,0,0,0,0,0,0
19980915,7430,7450,7120,7150,280,35450,0,0,0.0,0,0,0,0,0,0,0
19980916,7200,7200,7020,7050,100,25390,0,0,0.0,0,0,0,0,0,0,0
19980917,7050,7180,7000,7000,50,42140,0,0,0.0,0,0,0,0,0,0,0
19980918,6990,6990,6700,6850,150,27950,0,0,0.0,0,0,0,0,0,0,0
19980919,6710,6900,6700,6900,50,15530,0,0,0.0,0,0,0,0,0,0,0
19980921,6420,6850,6420,6610,290,27620,0,0,0.0,0,0,0,0,0,0,0
19980922,6500,6800,6500,6500,110,16560,0,0,0.0,0,0,0,0,0,0,0
19980923,6300,6500,6210,6350,150,18030,0,0,0.0,0,0,0,0,0,0,0
19980924,6600,6800,6460,6750,400,22640,0,0,0.0,0,0,0,0,0,0,0
19980925,6750,6750,6450,6450,300,8350,0,0,0.0,0,0,0,0,0,0,0
19980926,6500,6600,6430,6520,70,4370,0,0,0.0,0,0,0,0,0,0,0
19980928,6700,6700,6330,6600,80,13030,0,0,0.0,0,0,0,0,0,0,0
19980929,6500,6650,6410,6520,80,27750,0,0,0.0,0,0,0,0,0,0,0
19980930,6800,6800,6410,6420,100,22670,0,0,0.0,0,0,0,0,0,0,0
19981001,6420,6570,6420,6570,150,22300,0,0,0.0,0,0,0,0,0,0,0
19981002,6760,6900,6650,6700,130,38750,0,0,0.0,0,0,0,0,0,0,0
19981007,6800,7250,6800,6990,290,65650,0,0,0.0,0,0,0,0,0,0,0
19981008,7000,7000,6610,6610,380,23710,0,0,0.0,0,0,0,0,0,0,0
19981009,6800,7150,6800,6900,290,39320,0,0,0.0,0,0,0,0,0,0,0
19981010,6950,7200,6900,7100,200,29610,0,0,0.0,0,0,0,0,0,0,0
19981012,7100,7500,7020,7450,350,87830,0,0,0.0,0,0,0,0,0,0,0
19981013,7500,7500,7100,7100,350,43780,0,0,0.0,0,0,0,0,0,0,0
19981014,7080,7470,7080,7100,0,39380,0,0,0.0,0,0,0,0,0,0,0
19981015,7150,7500,7150,7500,400,62870,0,0,0.0,0,0,0,0,0,0,0
19981016,7600,7750,7300,7450,50,73930,0,0,0.0,0,0,0,0,0,0,0
19981017,7500,7570,7400,7500,50,28020,0,0,0.0,0,0,0,0,0,0,0
19981019,7600,8200,7400,7650,150,95620,0,0,0.0,0,0,0,0,0,0,0
19981020,7700,7800,7520,7750,100,37510,0,0,0.0,0,0,0,0,0,0,0
19981021,7750,7800,7310,7310,440,48210,0,0,0.0,0,0,0,0,0,0,0
19981022,7600,7950,7400,7880,570,82770,0,0,0.0,0,0,0,0,0,0,0
19981023,8000,8000,7500,7550,330,52980,0,0,0.0,0,0,0,0,0,0,0
19981024,7500,7700,7410,7500,50,9180,0,0,0.0,0,0,0,0,0,0,0
19981026,7400,7450,7220,7260,240,33160,0,0,0.0,0,0,0,0,0,0,0
19981027,7150,7300,6800,7040,220,34430,0,0,0.0,0,0,0,0,0,0,0
19981028,6950,7200,6950,7040,0,56580,0,0,0.0,0,0,0,0,0,0,0
19981029,7040,7040,6800,6860,180,76250,0,0,0.0,0,0,0,0,0,0,0
19981030,6870,7160,6870,6930,70,41980,0,0,0.0,0,0,0,0,0,0,0
19981031,6950,7150,6950,7100,170,25500,0,0,0.0,0,0,0,0,0,0,0
19981102,7050,7400,7050,7300,200,39550,0,0,0.0,0,0,0,0,0,0,0
19981103,7400,7400,7200,7220,80,32050,0,0,0.0,0,0,0,0,0,0,0
19981104,7000,7200,7000,7180,40,24850,0,0,0.0,0,0,0,0,0,0,0
19981105,7340,7500,7150,7410,230,59000,0,0,0.0,0,0,0,0,0,0,0
19981106,7490,7500,7300,7370,40,42240,0,0,0.0,0,0,0,0,0,0,0
19981107,7270,7270,7110,7190,180,15650,0,0,0.0,0,0,0,0,0,0,0
19981109,7100,7300,7100,7250,60,44900,0,0,0.0,0,0,0,0,0,0,0
19981110,7310,7610,7250,7270,20,78970,0,0,0.0,0,0,0,0,0,0,0
19981111,7500,7500,7200,7300,30,42680,0,0,0.0,0,0,0,0,0,0,0
19981112,7400,7700,7250,7610,310,102320,0,0,0.0,0,0,0,0,0,0,0
19981113,7700,7980,7590,7610,0,167890,0,0,0.0,0,0,0,0,0,0,0
19981114,7630,7630,7400,7500,110,34840,0,0,0.0,0,0,0,0,0,0,0
19981116,7410,7600,7400,7500,0,49130,0,0,0.0,0,0,0,0,0,0,0
19981117,7510,8100,7510,7700,200,126500,0,0,0.0,0,0,0,0,0,0,0
19981118,7710,8090,7710,7900,200,95860,0,0,0.0,0,0,0,0,0,0,0
19981119,8050,8050,7850,7970,70,71390,0,0,0.0,0,0,0,0,0,0,0
19981120,8000,8390,7990,7990,20,134260,0,0,0.0,0,0,0,0,0,0,0
19981121,8150,8940,8150,8940,950,168860,0,0,0.0,0,0,0,0,0,0,0
19981123,9470,10000,9210,10000,1060,490210,0,0,0.0,0,0,0,0,0,0,0
19981124,10500,10900,9710,10000,0,274070,0,0,0.0,0,0,0,0,0,0,0
19981125,10400,10600,9900,10200,200,127560,0,0,0.0,0,0,0,0,0,0,0
19981126,10200,10200,9520,9600,600,71640,0,0,0.0,0,0,0,0,0,0,0
19981127,9300,9900,9100,9690,90,53620,0,0,0.0,0,0,0,0,0,0,0
19981128,9690,9750,9500,9630,60,29430,0,0,0.0,0,0,0,0,0,0,0
19981130,9600,9600,9010,9120,510,67850,0,0,0.0,0,0,0,0,0,0,0
19981201,8960,9120,8550,9000,120,55190,0,0,0.0,0,0,0,0,0,0,0
19981202,8810,9390,8800,9200,200,69460,0,0,0.0,0,0,0,0,0,0,0
19981203,9000,9480,8800,8860,340,74340,0,0,0.0,0,0,0,0,0,0,0
19981204,9560,9920,9010,9920,1060,131210,0,0,0.0,0,0,0,0,0,0,0
19981205,11100,11100,10200,11050,1130,143900,0,0,0.0,0,0,0,0,0,0,0
19981207,10500,12600,10400,12000,950,894040,0,0,0.0,0,0,0,0,0,0,0
19981208,12000,13800,10400,12450,450,452830,0,0,0.0,0,0,0,0,0,0,0
19981209,12500,12850,11900,12200,250,150770,0,0,0.0,0,0,0,0,0,0,0
19981210,12600,13500,12200,13500,1300,249580,0,0,0.0,0,0,0,0,0,0,0
19981211,13000,13100,12400,12500,1000,130310,0,0,0.0,0,0,0,0,0,0,0
19981214,13000,13000,11500,12000,500,200350,0,0,0.0,0,0,0,0,0,0,0
19981215,11500,12850,11500,12250,250,172970,0,0,0.0,0,0,0,0,0,0,0
19981216,12500,12500,10450,10600,1650,72910,0,0,0.0,0,0,0,0,0,0,0
19981217,10600,11500,10100,11500,900,81810,0,0,0.0,0,0,0,0,0,0,0
19981218,11500,12000,11300,11950,450,131360,0,0,0.0,0,0,0,0,0,0,0
19981221,12100,12500,11950,12000,50,72300,0,0,0.0,0,0,0,0,0,0,0
19981222,12500,12500,11600,11900,100,54990,0,0,0.0,0,0,0,0,0,0,0
19981223,12000,12000,11600,11700,200,32080,0,0,0.0,0,0,0,0,0,0,0
19981224,11600,12000,11200,11650,50,32260,0,0,0.0,0,0,0,0,0,0,0
19981228,11650,12200,11650,12200,550,47580,0,0,0.0,0,0,0,0,0,0,0
19990104,12200,12900,11800,12200,0,58110,2088260,-27570,25.89,0,0,0,0,0,0,0
19990105,12400,14000,12400,14000,1800,205790,2130230,41970,26.41,0,0,0,0,0,0,0
19990106,14300,16100,13800,16100,2100,380240,2201640,71410,27.3,0,0,0,0,0,0,0
19990107,16500,17500,15400,16400,300,269530,2273450,71810,28.19,0,0,0,0,0,0,0
19990108,16400,16600,15600,15800,600,152740,2234240,-39210,27.7,0,0,0,0,0,0,0
19990111,15400,17600,15400,17400,1600,178540,2211240,-23000,27.42,0,0,0,0,0,0,0
19990112,17000,17600,16800,17000,400,161600,2180940,-30300,27.03,0,0,0,0,0,0,0
19990113,16900,17900,16300,17200,200,187870,2202860,21920,27.31,0,0,0,0,0,0,0
19990114,16100,17000,15050,15200,2000,79070,2187300,-15560,27.12,0,0,0,0,0,0,0
19990115,14900,17000,14900,16500,1300,166190,2249600,62300,27.89,0,0,0,0,0,0,0
19990118,17000,18950,16800,18950,2450,184510,2264200,14600,28.07,0,0,0,0,0,0,0
19990119,19000,19950,18200,19000,50,258010,2231160,-33040,27.66,0,0,0,0,0,0,0
19990120,18600,21850,18100,21850,2850,426090,2391530,160370,29.65,0,0,0,0,0,0,0
19990121,22200,23200,20800,21100,750,291960,2475900,84370,30.7,0,0,0,0,0,0,0
19990122,21100,21900,19000,19000,2100,172410,2545340,69440,31.56,0,0,0,0,0,0,0
19990125,18500,19700,17000,19600,600,84210,2588340,43000,32.09,0,0,0,0,0,0,0
19990126,19000,21600,19000,20600,1000,102510,2640910,52570,32.75,0,0,0,0,0,0,0
19990127,20600,21600,20300,20900,300,60800,2666940,26030,33.07,0,0,0,0,0,0,0
19990128,21500,21500,20400,21300,400,41850,2675080,8140,33.17,0,0,0,0,0,0,0
19990129,20700,20950,20100,20800,500,63420,2661680,-13400,33.0,0,0,0,0,0,0,0
19990201,20050,21500,20000,21500,700,84500,2686770,25090,33.31,0,0,0,0,0,0,0
19990202,20600,21450,20600,21000,500,41490,2699770,13000,33.48,0,0,0,0,0,0,0
19990203,21000,21000,19550,19600,1400,42160,2683060,-16710,33.27,0,0,0,0,0,0,0
19990204,18650,19800,18100,19000,600,45390,2676360,-6700,33.18,0,0,0,0,0,0,0
19990205,19000,19700,18400,18400,600,65550,2644260,-32100,32.79,0,0,0,0,0,0,0
19990208,18950,19000,18500,18500,100,22600,2650890,6630,32.87,0,0,0,0,0,0,0
19990209,18000,18500,16500,16500,2000,105930,2571470,-79420,31.87,0,0,0,0,0,0,0
19990210,16500,17000,16000,16700,200,26810,2574500,3030,31.92,0,0,0,0,0,0,0
19990211,16700,17600,16500,16950,250,11170,2576090,1590,31.94,0,0,0,0,0,0,0
19990212,17300,18350,16950,18200,1250,33540,2576090,0,31.94,0,0,0,0,0,0,0
19990218,18100,18100,17200,17700,500,31190,2566090,-10000,31.82,0,0,0,0,0,0,0
19990219,16800,17400,16500,17300,400,14350,2565900,-190,31.82,0,0,0,0,0,0,0
19990222,15500,16900,14750,16500,800,12030,2564480,-1420,31.8,0,0,0,0,0,0,0
19990223,17300,17300,16300,16300,200,14290,2558330,-6150,31.72,0,0,0,0,0,0,0
19990224,16400,17150,16200,16400,100,43940,2554480,-3850,31.67,0,0,0,0,0,0,0
19990225,16200,16800,16000,16400,0,10280,2558600,4120,31.72,0,0,0,0,0,0,0
19990226,16400,18000,16400,17900,1500,28000,2568600,10000,31.85,0,0,0,0,0,0,0
19990302,18300,20550,18200,20550,2650,66630,2601080,32480,32.25,0,0,0,0,0,0,0
19990303,21000,22000,20200,20400,150,41180,2628720,27640,32.59,0,0,0,0,0,0,0
19990304,21000,21000,19000,20100,300,8740,2628720,0,32.59,0,0,0,0,0,0,0
19990305,19600,20100,19500,19700,400,9410,2625710,-3010,32.56,0,0,0,0,0,0,0
19990308,19600,21500,19600,20200,500,13690,2624230,-1480,32.54,0,0,0,0,0,0,0
19990309,20200,21900,20200,21000,800,45830,2647400,23170,32.83,0,0,0,0,0,0,0
19990310,20950,21000,20200,20450,550,8970,2647400,0,32.83,0,0,0,0,0,0,0
19990311,19300,21500,19300,21000,550,25500,2662570,15170,33.01,0,0,0,0,0,0,0
19990312,21800,22500,21100,22000,1000,48240,2696200,33630,33.43,0,0,0,0,0,0,0
19990315,23000,24500,22000,24000,2000,46270,2727800,31600,33.82,0,0,0,0,0,0,0
19990316,23200,24000,23200,23300,700,240030,2723820,-3980,33.77,0,0,0,0,0,0,0
19990317,24500,24500,23300,23300,0,27250,2736890,13070,33.94,0,0,0,0,0,0,0
19990318,22500,24100,21500,21800,1500,73770,2782540,45650,34.49,0,0,0,0,0,0,0
19990319,23300,23300,22100,22800,1000,28270,2791000,8460,34.61,0,0,0,0,0,0,0
19990322,22800,23800,22800,23500,700,25800,2801110,10110,34.73,0,0,0,0,0,0,0
19990323,22800,23500,22500,22800,700,8450,2799970,-1140,34.72,0,0,0,0,0,0,0
19990324,22300,22500,20800,21600,1200,22540,2796590,-3380,34.68,0,0,0,0,0,0,0
19990325,21900,23000,21600,21800,200,52150,2786850,-9740,34.54,0,0,0,0,0,0,0
19990326,21900,22800,21900,22000,200,16530,2787670,820,34.57,0,0,0,0,0,0,0
19990329,22000,22300,21700,22000,0,42320,2806490,18820,34.79,0,0,0,0,0,0,0
19990330,22500,22500,22000,22400,400,50680,2794640,-11850,34.64,0,0,0,0,0,0,0
19990331,22400,22400,20500,21800,600,61980,2789460,-5180,34.59,0,0,0,0,0,0,0
19990401,22000,22000,21600,21800,0,32430,2785380,-4080,34.54,0,0,0,0,0,0,0
19990402,22300,25050,22300,25050,3250,138910,2760110,-25270,34.22,0,0,0,0,0,0,0
19990406,25700,26000,24700,26000,950,116990,2758980,-1130,34.21,0,0,0,0,0,0,0
19990407,26500,26500,25400,25400,600,51540,2763880,4900,34.27,0,0,0,0,0,0,0
19990408,25150,26700,24500,26600,1200,92700,2809830,45950,34.84,0,0,0,0,0,0,0
19990409,26600,28500,26600,28000,1400,104780,2817640,7810,34.94,0,0,0,0,0,0,0
19990412,28000,28000,26600,27000,1000,45960,2820740,3100,34.98,0,0,0,0,0,0,0
19990413,27000,27300,24000,26500,500,238320,2844780,24040,35.27,0,0,0,0,0,0,0
19990414,27100,27400,26200,26400,100,28210,2852640,7860,35.37,0,0,0,0,0,0,0
19990415,26500,27200,26000,27100,700,93650,2880760,28120,35.72,0,0,0,0,0,0,0
19990416,26950,28500,26500,28400,1300,85960,2929840,49080,36.33,0,0,0,0,0,0,0
19990419,29000,29000,27000,28000,400,70970,2970920,41080,36.84,0,0,0,0,0,0,0
19990420,28500,28900,27000,27600,400,41780,2975843,4930,36.9,0,0,0,0,0,0,0
19990421,28100,28300,26500,27000,600,54310,2974773,-1070,36.88,0,0,0,0,0,0,0
19990422,27000,29900,26800,26900,100,339530,2982043,7270,36.98,0,0,0,0,0,0,0
19990423,27500,28000,27150,27300,400,226560,2979763,-2280,36.95,0,0,0,0,0,0,0
19990426,27300,28000,26600,27500,200,99260,3017963,38200,37.41,0,0,0,0,0,0,0
19990427,27600,28000,27000,27300,200,90770,2989593,-28370,37.06,0,0,0,0,0,0,0
19990428,26500,27800,26500,27500,200,120810,2927103,-62490,36.29,0,0,0,0,0,0,0
19990429,27400,29000,27300,27600,100,177460,2884453,-42650,35.77,0,0,0,0,0,0,0
19990430,28900,28900,27000,28000,400,78230,2910633,26180,36.09,0,0,0,0,0,0,0
19990503,28050,29000,27800,28800,800,111480,2952423,41790,36.61,0,0,0,0,0,0,0
19990504,28900,30500,28500,28800,0,96200,2914103,-38320,36.13,0,0,0,0,0,0,0
19990506,29500,32000,28400,31500,2700,249770,2964473,50370,36.76,0,0,0,0,0,0,0
19990507,31700,33000,27000,32500,1000,172450,3021073,56600,37.46,0,0,0,0,0,0,0
19990510,33500,33500,31150,32900,400,82850,3034163,13090,37.62,0,0,0,0,0,0,0
19990511,32800,33000,30000,30000,2900,59490,3030543,-3620,37.58,0,0,0,0,0,0,0
19990512,31000,31000,29100,29400,600,60530,3046293,15750,37.77,0,0,0,0,0,0,0
19990513,29400,29400,26000,26100,3300,50390,3038883,-7410,37.68,0,0,0,0,0,0,0
19990514,27500,28700,26650,26800,700,193860,3054353,15470,37.87,0,0,0,0,0,0,0
19990517,26800,27000,24500,24500,2300,39130,3036243,-18110,37.65,0,0,0,0,0,0,0
19990518,24500,25500,23300,24000,500,122960,3066513,30270,38.02,0,0,0,0,0,0,0
19990519,27500,27500,24600,24850,850,134250,3080163,13650,38.19,0,0,0,0,0,0,0
19990520,25350,25500,22500,22800,2050,175060,3078643,-1520,38.17,0,0,0,0,0,0,0
19990521,22700,23800,22300,23400,1350,125000,3073553,-5090,38.11,0,0,0,0,0,0,0
19990524,24000,24000,22500,23000,400,47770,3081553,8000,38.21,0,0,0,0,0,0,0
19990525,22400,23800,22400,23650,650,31870,3090462,8909,38.32,0,0,0,0,0,0,0
19990526,23500,26000,23500,26000,2350,102110,3085752,-4710,38.26,0,0,0,0,0,0,0
19990527,25500,29900,25500,29900,3900,252380,3149792,64040,39.06,0,0,0,0,0,0,0
19990528,29500,30800,28950,29400,500,189420,3162032,12240,39.21,0,0,0,0,0,0,0
19990531,29250,29500,28000,29000,400,57940,3162832,800,39.22,0,0,0,0,0,0,0
19990601,29000,29900,28000,29800,800,105640,3156712,-6120,39.14,0,0,0,0,0,0,0
19990602,29000,33500,29000,31300,1500,202100,3235082,78370,40.11,0,0,0,0,0,0,0
19990603,32500,34000,30000,34000,2700,167740,3302752,67670,40.94,0,0,0,0,0,0,0
19990604,34000,35800,32100,33200,800,107640,3338142,35390,41.39,0,0,0,0,0,0,0
19990607,33500,34500,33000,33000,200,104490,3365222,27080,41.73,0,0,0,0,0,0,0
19990608,34200,35700,33600,34500,1500,102450,3394332,29110,42.09,0,0,0,0,0,0,0
19990609,34500,35400,33500,34000,500,81720,3406042,11710,42.23,0,0,0,0,0,0,0
19990610,34600,39100,34600,39100,5100,192640,3485342,79300,43.22,0,0,0,0,0,0,0
19990611,41800,41800,38000,38700,400,85030,3488462,3120,43.25,0,0,0,0,0,0,0
19990614,37800,38000,35500,36550,2150,51370,3473802,-14660,43.07,0,0,0,0,0,0,0
19990615,35050,37900,34500,35050,1500,60690,3458432,-15370,42.88,0,0,0,0,0,0,0
19990616,35500,38400,35500,36200,1150,107310,3420910,-37522,42.42,0,0,0,0,0,0,0
19990617,37000,41600,37000,40300,4100,169770,3478670,57760,43.13,0,0,0,0,0,0,0
19990618,40300,44950,39000,42100,1800,123420,3511160,32490,43.54,0,0,0,0,0,0,0
19990621,42500,44000,41000,42000,100,84940,3489880,-21280,43.27,0,0,0,0,0,0,0
19990622,41500,42000,39200,41500,500,105910,3467860,-22020,43.0,0,0,0,0,0,0,0
19990623,41500,42000,35300,41100,400,116840,3463920,-3940,42.95,0,0,0,0,0,0,0
19990624,41000,41000,39300,39500,1600,73440,3440840,-23080,42.66,0,0,0,0,0,0,0
19990625,38500,41000,38500,40300,800,81630,3455340,14500,42.84,0,0,0,0,0,0,0
19990628,39300,40000,38700,39100,1200,78390,3411780,-43560,42.3,0,0,0,0,0,0,0
19990629,39100,40900,39000,39100,0,122000,3427620,15840,42.5,0,0,0,0,0,0,0
19990630,40300,40300,39500,40200,1100,92620,3447450,19830,42.75,0,0,0,0,0,0,0
19990701,40300,43400,40050,41750,1550,191710,3393210,-54240,42.07,0,0,0,0,0,0,0
19990702,43000,44500,42500,43800,2050,105290,3393610,400,42.08,0,0,0,0,0,0,0
19990705,43850,44500,41500,43700,100,80310,3365242,-28368,41.73,0,0,0,0,0,0,0
19990706,43500,43500,42050,42600,1100,56140,3367322,2080,41.75,0,0,0,0,0,0,0
19990707,41500,44900,41500,41750,850,86950,3343602,-23720,41.46,0,0,0,0,0,0,0
19990708,43200,43600,42000,42800,1050,98090,3386912,43310,42.0,0,0,0,0,0,0,0
19990709,43000,43500,42800,43000,200,56190,3405138,18226,42.22,0,0,0,0,0,0,0
19990712,43000,44000,41500,41800,1200,56180,3403953,-1185,42.21,0,0,0,0,0,0,0
19990713,41800,43100,41500,41500,300,71020,3395748,-8205,42.1,0,0,0,0,0,0,0
19990714,41500,42500,41500,41700,200,56940,3398428,2680,42.14,0,0,0,0,0,0,0
19990715,41700,42500,41000,41700,0,45140,3392148,-6280,42.06,0,0,0,0,0,0,0
19990716,41500,42200,41500,42000,300,31020,3390328,-1820,42.04,0,0,0,0,0,0,0
19990719,41500,42500,41000,42000,0,44300,3407358,17030,42.25,0,0,0,0,0,0,0
19990720,42000,44000,41300,42100,100,57270,3415858,8500,42.35,0,0,0,0,0,0,0
19990721,41500,41600,38500,39200,2900,110930,4852144,-16466,46.18,0,0,0,0,0,0,0
19990722,38000,38900,36200,37500,1700,60540,4841114,-11030,46.08,0,0,0,0,0,0,0
19990723,35300,37400,35300,36200,1300,63210,4845031,3917,46.11,0,0,0,0,0,0,0
19990726,33000,35650,32000,35000,1200,36760,4847361,2330,46.14,0,0,0,0,0,0,0
19990727,34000,37000,34000,36800,1800,40010,4838631,-8730,46.05,0,0,0,0,0,0,0
19990728,36800,40000,35400,39400,2600,66900,4858401,19770,46.24,0,0,0,0,0,0,0
19990729,37500,40000,36800,39500,100,40820,4876300,17899,46.41,0,0,0,0,0,0,0
19990730,38200,40000,38000,39000,500,48260,4854770,-21530,46.21,0,0,0,0,0,0,0
19990802,37600,38000,35000,36200,2800,62550,4820071,-34690,45.88,0,0,0,0,0,0,0
19990803,34400,38000,34400,37000,800,53070,4798486,-21580,45.67,0,0,0,0,0,0,0
19990804,36000,37400,36000,37100,100,51080,4800750,2264,45.69,0,0,0,0,0,0,0
19990805,37000,37000,35100,35100,2000,20850,4802530,1780,45.71,0,0,0,0,0,0,0
19990806,37500,38000,34450,35000,100,17880,4799260,-3270,45.68,0,0,0,0,0,0,0
19990809,35000,36100,34100,35700,700,19310,4799961,699,45.69,0,0,0,0,0,0,0
19990810,35500,35500,34200,35000,700,15620,4799719,-242,45.68,0,0,0,0,0,0,0
19990811,35300,37100,35300,36000,1000,93900,4785399,-14320,45.24,0,0,0,0,0,0,0
19990812,36200,37000,35500,36200,200,77630,4784159,-1240,45.23,0,0,0,0,0,0,0
19990813,36200,36200,34000,34700,1500,49250,4789085,4926,45.27,0,0,0,0,0,0,0
19990816,35000,37100,34800,35600,900,50510,4792995,3910,45.31,0,0,0,0,0,0,0
19990817,37500,38000,36000,37900,2300,86440,4815574,22579,45.52,0,0,0,0,0,0,0
19990818,37800,38900,36800,37100,800,34390,4823457,7883,45.6,0,0,0,0,0,0,0
19990819,38000,38500,37100,37100,0,58230,4814357,-9100,45.51,0,0,0,0,0,0,0
19990820,37400,38500,36500,38000,900,45440,4826507,12150,45.63,0,0,0,0,0,0,0
19990823,38000,39750,37700,39500,1500,69890,4849196,22693,45.84,0,0,0,0,0,0,0
19990824,39500,40300,38500,40000,500,65590,4861896,12700,45.96,0,0,0,0,0,0,0
19990825,40500,42400,40000,40000,0,148160,4874986,13090,46.09,0,0,0,0,0,0,0
19990826,41100,41400,39750,40000,0,70470,4912956,37970,46.45,0,0,0,0,0,0,0
19990827,39100,40200,37700,38000,2000,92720,4903867,-9089,46.36,0,0,0,0,0,0,0
19990830,37100,37800,36700,36800,1200,23320,4903927,60,46.36,0,0,0,0,0,0,0
19990831,35650,37300,35200,36900,100,32580,4910297,6370,46.42,0,0,0,0,0,0,0
19990901,36000,36700,35500,35800,1100,47720,4904549,-5748,46.37,0,0,0,0,0,0,0
19990902,35200,36000,34500,35400,400,28780,4914229,9680,46.46,0,0,0,0,0,0,0
19990903,36200,36200,34100,34500,900,37360,4903909,-9340,46.36,0,0,0,0,0,0,0
19990906,34500,35000,33650,34000,500,23990,4896288,-7621,46.29,0,0,0,0,0,0,0
19990907,34800,35000,34000,34300,300,28720,4888008,-8280,46.21,0,0,0,0,0,0,0
19990908,34600,36600,34350,35700,1400,65850,4895321,7320,46.28,0,0,0,0,0,0,0
19990909,35200,36200,34500,36200,500,37790,4911501,16180,46.43,0,0,0,0,0,0,0
19990910,35500,38000,35500,36400,200,55390,4914211,2710,46.46,0,0,0,0,0,0,0
19990913,37500,37900,36000,36300,100,41160,4925801,11590,46.57,0,0,0,0,0,0,0
19990914,36300,40000,35500,40000,3700,147590,4952281,26480,46.82,0,0,0,0,0,0,0
19990915,39700,40000,37200,38200,1800,74960,4924281,-28000,46.55,0,0,0,0,0,0,0
19990916,39000,39700,38000,38000,200,143770,4905731,-18550,46.38,0,0,0,0,0,0,0
19990917,37200,39900,36000,38000,0,161540,4850191,-55540,45.85,0,0,0,0,0,0,0
19990920,38900,38900,37100,37300,700,70580,4822851,-27340,45.59,0,0,0,0,0,0,0
19990921,37500,38900,37500,38900,1600,80670,4843311,20460,45.79,0,0,0,0,0,0,0
19990922,38000,39650,38000,39200,300,36660,4851011,7695,45.86,0,0,0,0,0,0,0
19990927,34500,39900,34500,37900,1300,42630,4854526,3510,45.89,0,0,0,0,0,0,0
19990928,39400,39400,37600,38800,900,63210,4865823,11297,46.0,0,0,0,0,0,0,0
19990929,38800,41500,38500,40000,1200,122860,4933033,67210,46.63,0,0,0,0,0,0,0
19990930,40000,40800,40000,40300,300,93550,4993333,60300,47.2,0,0,0,0,0,0,0
19991001,40000,40500,38800,39900,400,34380,5011763,18430,47.38,0,0,0,0,0,0,0
19991004,39500,40900,38000,39800,100,19280,5023421,11658,47.49,0,0,0,0,0,0,0
19991005,41300,41300,40000,41000,1200,90130,5093064,69644,48.15,0,0,0,0,0,0,0
19991006,41000,42500,40000,41800,800,40890,5108554,15490,48.29,0,0,0,0,0,0,0
19991007,41800,44900,41000,44900,3100,45100,5125914,17360,48.46,0,0,0,0,0,0,0
19991008,45000,47100,42000,42400,2500,44170,5118034,-7880,48.38,0,0,0,0,0,0,0
19991011,40400,42850,40100,41500,900,31430,5133274,15240,48.53,0,0,0,0,0,0,0
19991012,41500,45000,41500,42800,1300,34490,5138761,5487,48.58,0,0,0,0,0,0,0
19991013,43000,43000,41500,42000,800,22310,5142471,3710,48.61,0,0,0,0,0,0,0
19991014,41250,42000,40500,40600,1400,38060,5142721,250,48.62,0,0,0,0,0,0,0
19991015,40600,43500,39600,41300,700,136820,5122701,-20020,48.43,0,0,0,0,0,0,0
19991018,40500,40900,39100,39100,2200,35160,5126681,3980,48.47,0,0,0,0,0,0,0
19991019,39100,40000,37300,40000,900,65620,5107521,-19160,48.28,0,0,0,0,0,0,0
19991020,38100,39800,38100,39000,1000,32770,5107521,0,48.28,0,0,0,0,0,0,0
19991021,40000,40900,40000,40800,1800,93810,5130461,22940,48.5,0,0,0,0,0,0,0
19991022,40800,41400,40000,40800,0,14610,5132161,1700,48.52,0,0,0,0,0,0,0
19991025,40500,41100,39600,40900,100,31410,5152471,20310,48.71,0,0,0,0,0,0,0
19991026,40900,42000,40000,41500,600,43050,5164141,11670,48.82,0,0,0,0,0,0,0
19991027,41000,41900,41000,41500,0,13040,5165691,1550,48.83,0,0,0,0,0,0,0
19991028,41700,42900,41000,41800,300,27420,5158171,-7520,48.76,0,0,0,0,0,0,0
19991029,42900,43450,41500,42000,200,54380,5141951,-16220,48.61,0,0,0,0,0,0,0
19991101,42700,42700,41000,41500,500,51300,5118641,-23310,48.39,0,0,0,0,0,0,0
19991102,42000,43500,40500,41000,500,140810,5126581,7940,48.46,0,0,0,0,0,0,0
19991103,41000,41000,40150,40400,600,53670,5128111,1530,48.48,0,0,0,0,0,0,0
19991104,40400,41500,39700,40300,100,99900,5109351,-18760,48.3,0,0,0,0,0,0,0
19991105,40000,40200,39750,40000,300,45480,5091287,-18064,48.13,0,0,0,0,0,0,0
19991108,40000,40000,39300,39300,700,29360,5081549,-8738,48.04,0,0,0,0,0,0,0
19991109,36500,39300,36500,39000,300,82120,5058474,-23070,47.82,0,0,0,0,0,0,0
19991110,40850,40850,39050,40150,1150,77740,5093034,34560,48.15,0,0,0,0,0,0,0
19991111,40650,40900,40000,40200,50,93140,5118603,25569,48.39,0,0,0,0,0,0,0
19991112,40500,40500,38650,38700,1500,83050,5099163,-19440,48.21,0,0,0,0,0,0,0
19991115,40700,40700,39000,39000,300,31450,5099324,170,48.21,0,0,0,0,0,0,0
19991116,39000,39000,37900,38000,1000,25330,5090877,-8450,48.13,0,0,0,0,0,0,0
19991117,38100,39500,36000,36800,1200,51150,5066774,-24103,47.9,0,0,0,0,0,0,0
19991118,36800,37500,35500,35600,1200,44350,5047144,-19630,47.71,0,0,0,0,0,0,0
19991119,35650,37200,35650,36750,1150,57550,5040844,-6300,47.65,0,0,0,0,0,0,0
19991122,36950,38000,36750,37000,250,52340,5044914,4070,47.69,0,0,0,0,0,0,0
19991123,37000,37000,35950,36150,850,15390,5040654,-4260,47.65,0,0,0,0,0,0,0
19991124,36100,36100,33650,34000,2150,57400,5003304,-37350,47.3,0,0,0,0,0,0,0
19991125,34550,34600,30250,32500,1500,44040,4987394,-15910,47.15,0,0,0,0,0,0,0
19991126,32350,32500,30100,31000,1500,57680,4989714,2320,47.17,0,0,0,0,0,0,0
19991129,30000,31700,30000,31300,300,27430,4991142,1419,47.18,0,0,0,0,0,0,0
19991130,33300,34000,31700,33000,1700,71790,4994331,3180,47.21,0,0,0,0,0,0,0
19991201,33050,33750,32000,32800,200,94160,4995221,890,47.22,0,0,0,0,0,0,0
19991202,32800,37700,32700,37700,4900,131810,5048491,53270,47.73,0,0,0,0,0,0,0
19991203,40000,40200,37200,37900,200,46860,5061091,12600,47.85,0,0,0,0,0,0,0
19991206,38700,38700,34900,35800,2100,15380,5062051,960,47.85,0,0,0,0,0,0,0
19991207,36500,36500,32800,34000,1800,51000,5078037,15990,48.01,0,0,0,0,0,0,0
19991208,31000,35000,31000,34600,600,44430,5077437,-600,48.0,0,0,0,0,0,0,0
19991209,35500,36900,29450,29450,5150,91400,5095797,18360,48.17,0,0,0,0,0,0,0
19991210,33850,33850,31900,33800,4350,157500,5051017,-44780,47.75,0,0,0,0,0,0,0
19991213,33700,35000,33300,34100,300,35440,5053037,2020,47.77,0,0,0,0,0,0,0
19991214,34900,39200,33800,39200,5100,95250,5077107,24070,48.0,0,0,0,0,0,0,0
19991215,37200,41500,36000,37000,2200,58060,5076907,-200,48.0,0,0,0,0,0,0,0
19991216,35600,38800,35600,37000,0,24610,5072147,-4760,47.95,0,0,0,0,0,0,0
19991217,38000,42550,37400,37700,700,58810,5039797,-32350,47.64,0,0,0,0,0,0,0
19991220,37900,37900,36250,37000,700,15780,5038907,-890,47.64,0,0,0,0,0,0,0
19991221,37000,37050,34500,35000,2000,35550,5027367,-11540,47.53,0,0,0,0,0,0,0
19991222,35000,35000,32300,33850,1150,33360,5021747,-5620,47.47,0,0,0,0,0,0,0
19991223,33850,34850,33500,33850,0,18240,5016057,-5690,47.42,0,0,0,0,0,0,0
19991224,33500,34000,33000,34000,150,33380,5003447,-12610,47.3,0,0,0,0,0,0,0
19991227,34200,34900,32100,33950,50,53290,4984877,-18570,47.13,0,0,0,0,0,0,0
19991228,33950,38900,31700,38900,4950,58430,4957397,-27480,46.87,0,0,0,0,0,0,0
20000104,36100,37500,35000,35500,3400,21790,4946037,-11360,46.76,0,0,0,0,0,0,0
20000105,34750,37450,34750,35500,0,42720,4943217,-2820,46.73,0,0,0,0,0,0,0
20000106,34600,36400,33000,34000,1500,32950,4929507,-13710,46.6,0,0,0,0,0,0,0
20000107,32700,33500,31900,32800,1200,64580,4887987,-41520,46.21,0,0,0,0,0,0,0
20000110,33500,34300,33400,33800,1000,28520,4899527,11540,46.32,0,0,0,0,0,0,0
20000111,34000,34600,32050,33700,100,40740,4886437,-13090,40.26,0,0,0,0,0,0,0
20000112,35400,36750,33700,35900,2200,74020,4900748,14311,40.38,0,0,0,0,0,0,0
20000113,35900,39900,35900,38000,2100,120690,4924415,23660,40.58,0,0,0,0,0,0,0
20000114,38000,38000,36200,37450,550,31220,4923545,-870,40.57,0,0,0,0,0,0,0
20000117,37450,37800,36150,37350,100,13870,4924695,1150,40.58,0,0,0,0,0,0,0
20000118,37200,37500,35900,36050,1300,17850,4927095,2400,40.6,0,0,0,0,0,0,0
20000119,35700,35700,33200,33350,2700,67090,4903605,-23490,40.4,0,0,0,0,0,0,0
20000120,33000,34000,30000,31400,1950,100460,4824465,-79140,39.75,0,0,0,0,0,0,0
20000121,32000,32500,30800,31300,100,142700,4716575,-107890,38.86,0,0,0,0,0,0,0
20000124,31000,32300,30800,32000,700,45920,4723965,7390,38.92,0,0,0,0,0,0,0
20000125,30800,31700,30600,30700,1300,51710,4708757,-15208,38.8,0,0,0,0,0,0,0
20000126,30500,30800,29600,29800,900,72130,4704207,-4550,38.76,0,0,0,0,0,0,0
20000127,30000,31500,30000,31100,1300,49220,4706167,1960,38.78,0,0,0,0,0,0,0
20000128,32000,34700,31300,33500,2400,131630,4681707,-24460,38.57,0,0,0,0,0,0,0
20000131,33300,33300,31700,33000,500,38250,4686147,4440,38.61,0,0,0,0,0,0,0
20000201,32000,34000,32000,33250,250,41830,4695467,9320,38.69,0,0,0,0,0,0,0
20000202,33250,34000,32850,33200,50,84480,4650207,-45260,38.32,0,0,0,0,0,0,0
20000203,33850,33850,32500,33000,200,64640,4644147,-6060,38.27,0,0,0,0,0,0,0
20000207,32500,33800,32200,32200,800,44010,4640867,-3280,38.24,0,0,0,0,0,0,0
20000208,32500,34500,32500,33250,1050,78490,4628680,-12187,38.14,0,0,0,0,0,0,0
20000209,33250,33700,32500,33600,350,60040,4642550,13870,38.25,0,0,0,0,0,0,0
20000210,33500,34000,31800,31800,1800,70370,4646560,4010,38.29,0,0,0,0,0,0,0
20000211,32500,33000,30800,31500,300,85550,4654310,7750,38.35,0,0,0,0,0,0,0
20000214,32500,32500,30600,31000,500,84610,4660979,6669,38.4,0,0,0,0,0,0,0
20000215,30200,31400,28000,28200,2800,127840,4592329,-68650,37.84,0,0,0,0,0,0,0
20000216,28100,29500,27800,28100,100,67970,4584199,-8130,37.77,0,0,0,0,0,0,0
20000217,28300,29000,28100,28450,350,74040,4559199,-25000,37.57,0,0,0,0,0,0,0
20000218,28650,29000,27700,27800,650,57010,4553019,-6180,37.52,0,0,0,0,0,0,0
20000221,27000,27800,24500,24500,3300,70540,4538859,-14160,37.4,0,0,0,0,0,0,0
20000222,26000,26000,22950,25200,700,88820,4570699,31840,37.66,0,0,0,0,0,0,0
20000223,27500,28400,26100,26900,1700,157820,4587299,16600,37.8,0,0,0,0,0,0,0
20000224,28000,28800,27400,28200,1300,114570,4630079,42780,38.15,0,0,0,0,0,0,0
20000225,27500,28900,27200,28000,200,105870,4664469,34390,38.42,0,0,0,0,0,0,0
20000228,27400,28700,26000,27350,650,54920,4664149,-320,38.42,0,0,0,0,0,0,0
20000229,27500,28500,27500,28000,650,65020,4659499,-4650,38.39,0,0,0,0,0,0,0
20000302,28000,28500,27200,28200,200,81650,4658889,-610,38.39,0,0,0,0,0,0,0
20000303,28200,28600,27500,28000,200,50580,4645189,-13700,38.27,0,0,0,0,0,0,0
20000306,29600,29600,28300,29500,1500,103040,4619809,-25380,38.07,0,0,0,0,0,0,0
20000307,29500,29500,27600,28600,900,106500,4593413,-26396,37.85,0,0,0,0,0,0,0
20000308,28000,28300,27500,27900,700,51340,4564233,-29180,37.61,0,0,0,0,0,0,0
20000309,27550,28150,26100,26100,1800,148970,4465453,-98780,36.79,0,0,0,0,0,0,0
20000310,27200,27450,26500,26500,400,70460,4466983,1530,36.81,0,0,0,0,0,0,0
20000313,27000,28200,26700,26850,350,93650,4433019,-33964,36.53,0,0,0,0,0,0,0
20000314,26950,27700,25500,25500,1350,67650,4402519,-30500,36.28,0,0,0,0,0,0,0
20000315,25100,26300,25100,25900,400,63550,4386889,-15630,36.15,0,0,0,0,0,0,0
20000316,26700,27300,26700,27250,1350,61440,4387209,320,36.15,0,0,0,0,0,0,0
20000317,28100,29400,27000,28100,850,142860,4461550,74341,36.76,0,0,0,0,0,0,0
20000320,28200,28750,27300,28000,100,62020,4472450,10900,36.85,0,0,0,0,0,0,0
20000321,28600,28600,27500,28000,0,40900,4475160,2710,36.87,0,0,0,0,0,0,0
20000322,28000,29000,27000,27000,1000,130350,4411520,-63290,36.35,0,0,0,0,0,0,0
20000323,27600,27600,26000,26100,900,85240,4404510,-7010,36.29,0,0,0,0,0,0,0
20000324,26200,26600,25100,25400,700,115170,4332250,-72260,35.7,0,0,0,0,0,0,0
20000327,26000,26100,25500,25550,150,84490,4287240,-45010,35.33,0,0,0,0,0,0,0
20000328,25750,25750,25050,25050,500,116590,4239413,-47827,34.93,0,0,0,0,0,0,0
20000329,25500,25650,24100,24100,950,136160,4202363,-37050,34.63,0,0,0,0,0,0,0
20000330,24500,25650,24200,25650,1550,145700,4201828,-2035,34.62,0,0,0,0,0,0,0
20000331,25800,26500,24700,24700,950,153190,4221314,19486,34.78,0,0,0,0,0,0,0
20000403,25500,27250,25500,26000,1300,207090,4286251,64937,35.32,0,0,0,0,0,0,0
20000404,26100,27500,26100,27000,1000,179010,4291781,5530,35.36,0,0,0,0,0,0,0
20000406,27800,28450,27200,28300,1300,154310,4327271,35740,35.65,0,0,0,0,0,0,0
20000407,28500,29100,27200,28800,500,267720,4360231,32960,35.93,0,0,0,0,0,0,0
20000410,28900,29400,28000,28850,50,142880,4357711,-2520,35.9,0,0,0,0,0,0,0
20000411,28250,28850,26600,27000,1850,71940,4338221,-19490,35.75,0,0,0,0,0,0,0
20000412,26400,27200,26000,27000,0,67010,4318141,-20080,35.58,0,0,0,0,0,0,0
20000414,27100,30800,26500,30500,3500,164760,4345841,27700,35.8,0,0,0,0,0,0,0
20000417,27200,32900,27000,30000,500,199230,4415591,69750,36.38,0,0,0,0,0,0,0
20000418,31000,32800,30100,30800,800,198600,4434851,19260,36.54,0,0,0,0,0,0,0
20000419,31500,32000,30150,31000,200,104260,4452211,17360,36.68,0,0,0,0,0,0,0
20000420,30500,31200,30000,31000,0,88240,4433301,-18910,36.53,0,0,0,0,0,0,0
20000421,30600,32500,30600,32100,1100,103890,4432061,-1240,36.52,0,0,0,0,0,0,0
20000424,31100,32000,30450,30700,1400,66140,4425249,-6812,36.46,0,0,0,0,0,0,0
20000425,30700,31000,29600,29900,800,57860,4435009,9760,36.54,0,0,0,0,0,0,0
20000426,30500,31000,29200,30000,100,39010,4449689,14680,36.66,0,0,0,0,0,0,0
20000427,29200,30500,28800,29100,900,95710,4463199,13510,36.78,0,0,0,0,0,0,0
20000428,29100,31750,29100,31500,2400,67300,4473579,10380,36.86,0,0,0,0,0,0,0
20000502,32000,34200,31000,33000,1500,196900,4463489,-10090,36.78,0,0,0,0,0,0,0
20000503,33000,33900,32150,32700,300,91990,4450099,-13390,36.67,0,0,0,0,0,0,0
20000504,33000,33100,32100,32300,400,67800,4453584,3485,36.7,0,0,0,0,0,0,0
20000508,33100,33200,32300,32500,200,47210,4463233,9649,36.78,0,0,0,0,0,0,0
20000509,32700,34000,32600,33500,1000,147320,4489433,26200,36.99,0,0,0,0,0,0,0
20000510,34000,34500,33650,34500,1000,110740,4513393,23960,37.19,0,0,0,0,0,0,0
20000512,35000,37500,35000,37000,2500,308990,4569173,55780,37.65,0,0,0,0,0,0,0
20000515,39300,42550,37600,42550,5550,327660,4625343,56170,38.11,0,0,0,0,0,0,0
20000516,42500,43900,36200,36200,6350,159000,4598793,-26550,37.89,0,0,0,0,0,0,0
20000517,36500,37500,34500,36300,100,181150,4622421,23630,38.09,0,0,0,0,0,0,0
20000518,35000,37450,34500,34500,1800,67620,4620731,-1690,38.07,0,0,0,0,0,0,0
20000519,35000,35200,33900,34950,450,60110,4634068,13337,38.17,0,0,0,0,0,0,0
20000522,34500,35000,33000,33100,1850,33030,4642348,8280,38.25,0,0,0,0,0,0,0
20000523,31500,33700,31000,32500,600,48910,4631958,-10390,38.17,0,0,0,0,0,0,0
20000524,31200,32200,29600,29600,2900,86490,4596468,-35490,37.87,0,0,0,0,0,0,0
20000525,31000,34000,30200,34000,4400,280040,4559448,-37020,37.57,0,0,0,0,0,0,0
20000526,34100,39100,33000,33550,450,285780,4645878,86430,38.27,0,0,0,0,0,0,0
20000529,34000,36700,34000,34250,700,82680,4656468,10590,38.37,0,0,0,0,0,0,0
20000530,35000,37300,34000,35000,750,90790,4629131,-27337,38.14,0,0,0,0,0,0,0
20000531,34000,37450,34000,36500,1500,156250,4644731,15600,38.27,0,0,0,0,0,0,0
20000601,37000,37700,36100,36300,200,123800,4656271,11540,38.37,0,0,0,0,0,0,0
20000602,36950,37300,35700,36300,0,79880,4694460,38189,38.67,0,0,0,0,0,0,0
20000605,37500,39400,36400,38000,1700,179070,4688091,-6369,38.62,0,0,0,0,0,0,0
20000607,38300,42000,37500,41000,3000,163290,4731601,43510,38.99,0,0,0,0,0,0,0
20000608,42000,42000,37900,38600,2400,130890,4766181,34580,39.27,0,0,0,0,0,0,0
20000609,38600,40000,37300,40000,1400,65040,4786811,20630,39.43,0,0,0,0,0,0,0
20000612,40900,41000,39600,41000,1000,100240,4801041,14230,39.56,0,0,0,0,0,0,0
20000613,41000,41700,40700,41450,450,68470,4835711,34670,39.83,0,0,0,0,0,0,0
20000614,41000,42000,39400,39800,1650,78630,4817231,-18480,39.68,0,0,0,0,0,0,0
20000615,39800,39800,37500,38000,1800,41410,4821891,4660,39.73,0,0,0,0,0,0,0
20000616,37100,39000,36300,37300,700,36640,4811251,-10640,39.63,0,0,0,0,0,0,0
20000619,37000,39950,36600,37500,200,64200,4812251,1000,39.65,0,0,0,0,0,0,0
20000620,37500,39000,37100,38500,1000,22830,4815571,3320,39.68,0,0,0,0,0,0,0
20000621,38500,40500,37600,39000,500,62370,4825591,10020,39.76,0,0,0,0,0,0,0
20000622,41400,41400,39600,40800,1800,55980,4843244,17653,39.91,0,0,0,0,0,0,0
20000623,40100,41000,40100,41000,200,22990,4852094,8850,39.98,0,0,0,0,0,0,0
20000626,41000,43900,41000,42800,1800,67000,4866174,14080,40.1,0,0,0,0,0,0,0
20000627,44800,47900,43000,46000,3200,108760,4904424,38250,40.41,0,0,0,0,0,0,0
20000628,46250,47500,44400,45800,200,61890,4901934,-2490,40.39,0,0,0,0,0,0,0
20000629,46000,47400,41550,45200,600,141660,4890374,-11560,40.3,0,0,0,0,0,0,0
20000630,45300,51000,45200,49000,3800,273250,4973121,82747,40.98,0,0,0,0,0,0,0
20000703,49100,54300,49000,52500,3500,226550,5027344,54223,41.42,0,0,0,0,0,0,0
20000704,53000,56700,53000,53100,600,288490,5138354,111010,42.34,0,0,0,0,0,0,0
20000705,53200,54900,49000,52000,1100,124000,5142624,4270,42.37,0,0,0,0,0,0,0
20000706,51900,52000,48800,49300,2700,236580,5096284,-46340,41.99,0,0,0,0,0,0,0
20000707,49300,51000,48300,49000,300,97950,5090497,-5787,41.94,0,0,0,0,0,0,0
20000710,48100,50400,48100,49000,0,33560,5101547,11050,42.04,0,0,0,0,0,0,0
20000711,49500,50900,47000,48500,500,89040,5100277,-1270,42.02,0,0,0,0,0,0,0
20000712,47100,50000,47100,48600,100,44430,5097327,-2950,42.0,0,0,0,0,0,0,0
20000713,48650,49150,48000,48700,100,28820,5106967,9640,42.08,0,0,0,0,0,0,0
20000714,49400,49400,47400,48400,300,25430,5108237,1270,42.09,0,0,0,0,0,0,0
20000718,48000,49500,46700,48200,200,70690,5102629,-5608,42.04,0,0,0,0,0,0,0
20000719,48500,48750,46800,47000,1200,21840,5103599,970,42.05,0,0,0,0,0,0,0
20000720,48500,49500,47000,48300,1300,55930,5115609,12010,42.15,0,0,0,0,0,0,0
20000721,48500,49500,47500,47500,800,27380,5110299,-5310,42.11,0,0,0,0,0,0,0
20000724,47000,47500,45000,46300,1200,29590,5117179,6880,42.16,0,0,0,0,0,0,0
20000725,44950,46300,44950,45300,1000,23820,5115479,-1700,42.15,0,0,0,0,0,0,0
20000726,45500,46300,41200,44400,900,51100,5109827,-5652,42.1,0,0,0,0,0,0,0
20000727,44100,44400,42700,44000,400,52280,5091847,-17980,41.96,0,0,0,0,0,0,0
20000728,42800,45700,42800,45600,1600,72090,5086797,-5050,41.91,0,0,0,0,0,0,0
20000731,46000,49500,45700,47900,2300,35040,5102287,15490,42.04,0,0,0,0,0,0,0
20000801,47500,49000,46600,47800,100,49600,5106227,3940,42.07,0,0,0,0,0,0,0
20000802,48000,49500,47500,49000,1200,27300,5119007,12780,42.18,0,0,0,0,0,0,0
20000803,49000,49000,47600,48000,1000,31660,5115027,-3980,42.15,0,0,0,0,0,0,0
20000804,47100,48000,46500,46700,1300,35580,5117207,2180,42.16,0,0,0,0,0,0,0
20000807,45300,45500,43500,44000,2700,78520,5069247,-47960,41.77,0,0,0,0,0,0,0
20000808,43000,45000,41150,42000,2000,63310,5028787,-30960,41.44,0,0,0,0,0,0,0
20000809,42000,43300,41100,42200,200,132120,4980897,-47890,41.04,0,0,0,0,0,0,0
20000810,42300,44000,41550,44000,1800,72400,4974707,-6190,40.99,0,0,0,0,0,0,0
20000811,42500,42900,42000,42500,1500,102720,4921607,-53100,40.55,0,0,0,0,0,0,0
20000814,43000,43600,42600,43200,700,93930,4905057,-16550,40.42,0,0,0,0,0,0,0
20000816,43500,46500,43000,45000,1800,93990,4930247,25190,40.62,0,0,0,0,0,0,0
20000817,45800,51700,44700,50700,5700,104860,4994267,64020,41.15,0,0,0,0,0,0,0
20000818,50000,50000,45450,45500,5200,47860,4984367,-9900,41.07,0,0,0,0,0,0,0
20000821,44100,46250,43250,45500,0,24770,4984347,-20,41.07,0,0,0,0,0,0,0
20000822,45500,47500,45500,46000,500,26250,4977527,-6820,41.01,0,0,0,0,0,0,0
20000823,46000,47000,44800,46400,400,56830,5014517,36990,41.32,0,0,0,0,0,0,0
20000824,46400,48500,45300,46800,400,44220,5000127,-14390,41.2,0,0,0,0,0,0,0
20000825,47000,48000,45700,47700,900,32930,4997477,-2650,41.18,0,0,0,0,0,0,0
20000828,48850,50000,47600,49800,2100,47060,5018127,20650,41.35,0,0,0,0,0,0,0
20000829,48100,49800,46900,48500,1300,26110,5011537,-6590,41.29,0,0,0,0,0,0,0
20000830,49500,49500,47200,48500,0,28280,5015757,4220,41.33,0,0,0,0,0,0,0
20000831,48000,48750,46300,47500,1000,33350,5013627,-2130,41.31,0,0,0,0,0,0,0
20000901,45600,47500,45600,47500,0,36300,4991777,-21850,41.13,0,0,0,0,0,0,0
20000904,45000,46500,44600,45300,2200,65310,4965087,-26690,40.91,0,0,0,0,0,0,0
20000905,43600,45150,43600,45000,300,34020,4951227,-13860,40.79,0,0,0,0,0,0,0
20000906,44150,47200,44150,46600,1600,34600,4961887,10660,40.88,0,0,0,0,0,0,0
20000907,45500,46000,42000,45000,1600,55730,4947927,-13960,40.77,0,0,0,0,0,0,0
20000908,44500,47350,44500,46500,1500,79170,4972377,24450,40.97,0,0,0,0,0,0,0
20000914,46000,46400,45500,45500,1000,54060,4982267,9890,41.05,0,0,0,0,0,0,0
20000915,45700,48150,45600,47000,1500,51140,5014137,31870,41.31,0,0,0,0,0,0,0
20000918,46500,47900,44500,46500,500,34140,5022347,8210,41.38,0,0,0,0,0,0,0
20000919,46000,46000,43500,44900,1600,21580,5024107,1900,41.4,0,0,0,0,0,0,0
20000920,45000,45400,44100,44700,200,36360,5014987,-9120,41.32,0,0,0,0,0,0,0
20000921,43800,44650,42500,43000,1700,22550,5007737,-7250,41.26,0,0,0,0,0,0,0
20000922,42000,42000,39100,40800,2200,36120,5001337,-6400,41.21,0,0,0,0,0,0,0
20000925,40000,43500,40000,43500,2700,40720,5004917,3580,41.24,0,0,0,0,0,0,0
20000926,43400,45000,43000,45000,1500,26040,5008067,3150,41.26,0,0,0,0,0,0,0
20000927,45000,45500,43800,45000,0,31560,5011127,3060,41.29,0,0,0,0,0,0,0
20000928,45000,45000,44400,45000,0,69800,4993837,-17290,41.15,0,0,0,0,0,0,0
20000929,43650,44950,43550,44950,50,28610,4985407,-8430,41.08,0,0,0,0,0,0,0
20001002,43650,44000,42350,43900,1050,18640,4983886,-1521,41.07,0,0,0,0,0,0,0
20001004,43100,44950,42000,44350,450,76520,4980316,-3570,41.04,0,0,0,0,0,0,0
20001005,43800,45000,43500,45000,650,47810,4987326,7010,41.09,0,0,0,0,0,0,0
20001006,44150,45000,43700,45000,0,26390,4981779,-5547,41.05,0,0,0,0,0,0,0
20001009,44900,44900,43700,43800,1200,20630,4984989,3210,41.07,0,0,0,0,0,0,0
20001010,43800,44000,43300,44000,200,11000,4984869,-120,41.07,0,0,0,0,0,0,0
20001011,42850,44400,41500,43800,200,38200,4978099,-6770,41.02,0,0,0,0,0,0,0
20001012,43700,46500,43700,46000,2200,128470,4972389,-5710,40.97,0,0,0,0,0,0,0
20001013,45050,46500,44000,46000,0,54300,4971427,-962,40.96,0,0,0,0,0,0,0
20001016,46000,49900,46000,49900,3900,63600,5015287,43860,41.32,0,0,0,0,0,0,0
20001017,49850,52100,49000,51100,1200,76610,5054827,39540,41.65,0,0,0,0,0,0,0
20001018,49000,51000,46300,47600,3500,61120,5039778,-15040,41.53,0,0,0,0,0,0,0
20001019,48500,49500,47050,47400,200,21230,5041750,1972,41.54,0,0,0,0,0,0,0
20001020,48400,49700,47000,48000,600,21530,5035720,-6030,41.49,0,0,0,0,0,0,0
20001023,46100,47300,46100,47000,1000,18390,5031080,-4640,41.45,0,0,0,0,0,0,0
20001024,46550,48900,46550,48900,1900,24240,5029550,-1530,41.44,0,0,0,0,0,0,0
20001025,48550,48600,47100,48000,900,22800,5033523,3973,41.47,0,0,0,0,0,0,0
20001026,48000,48950,47050,48250,250,18470,5033793,270,41.48,0,0,0,0,0,0,0
20001027,47600,53000,47600,50000,1750,91870,5027913,-5880,41.43,0,0,0,0,0,0,0
20001030,50100,51600,49100,50500,500,18840,5031713,3800,41.46,0,0,0,0,0,0,0
20001031,51000,51500,49000,50900,400,54340,5058922,27210,41.68,0,0,0,0,0,0,0
20001101,51500,54000,50100,52000,1100,100920,5058132,-790,41.68,0,0,0,0,0,0,0
20001102,52000,53700,51000,52000,0,76070,5080782,22650,41.86,0,0,0,0,0,0,0
20001103,51500,51600,49700,50200,1800,72060,5057072,-23710,41.67,0,0,0,0,0,0,0
20001106,48300,50500,48200,48500,1700,30230,5042852,-14220,41.55,0,0,0,0,0,0,0
20001107,49000,49000,47600,48000,500,39210,5032482,-10370,41.47,0,0,0,0,0,0,0
20001108,47500,49100,47100,48500,500,52700,5026948,-5534,41.21,0,0,0,0,0,0,0
20001109,48100,49300,47500,49000,500,18620,5030848,3900,41.24,0,0,0,0,0,0,0
20001110,49500,49500,47650,49000,0,47910,5021974,-8874,41.17,0,0,0,0,0,0,0
20001113,48800,48800,45050,46000,3000,95170,5014484,-7490,41.11,0,0,0,0,0,0,0
20001114,46000,46550,45300,46300,300,64620,4988124,-26360,40.89,0,0,0,0,0,0,0
20001115,46300,47900,46300,47300,1000,70600,4967734,-20390,40.72,0,0,0,0,0,0,0
20001116,46300,47800,46000,46800,500,33110,4949734,-18000,40.58,0,0,0,0,0,0,0
20001117,46000,46400,46000,46000,800,41830,4944174,-5560,40.53,0,0,0,0,0,0,0
20001120,45100,45100,44500,44750,1250,22230,4939154,-5020,40.49,0,0,0,0,0,0,0
20001121,43900,44200,41550,43000,1750,42200,4918454,-20700,40.32,0,0,0,0,0,0,0
20001122,42500,43000,40500,40600,2400,93970,4868094,-50360,39.91,0,0,0,0,0,0,0
20001123,39600,40000,35500,37000,3600,98060,4824944,-43150,39.55,0,0,0,0,0,0,0
20001124,35950,39000,33900,37950,950,179220,4764584,-60360,39.06,0,0,0,0,0,0,0
20001127,38950,39600,38300,39500,1550,53630,4784764,20180,39.22,0,0,0,0,0,0,0
20001128,39000,40500,38100,39800,300,32790,4792184,7420,39.29,0,0,0,0,0,0,0
20001129,37600,39000,36400,39000,800,81330,4774764,-17420,39.14,0,0,0,0,0,0,0
20001130,38200,39200,37050,38000,1000,52620,4772544,-2220,39.12,0,0,0,0,0,0,0
20001201,38050,39800,37500,39500,1500,64630,4796614,24070,39.32,0,0,0,0,0,0,0
20001204,40500,42200,39800,42000,2500,117160,4892324,95710,40.11,0,0,0,0,0,0,0
20001205,41200,43000,37600,39500,2500,50110,4863374,-28950,39.87,0,0,0,0,0,0,0
20001206,40900,41900,39800,39800,300,48260,4854434,-8940,39.8,0,0,0,0,0,0,0
20001207,39000,39900,37800,38700,1100,26250,4846424,-8010,39.73,0,0,0,0,0,0,0
20001208,38700,39700,37800,38500,200,20490,4840074,-6350,39.68,0,0,0,0,0,0,0
20001211,39000,40500,39000,39000,500,51040,4844054,3980,39.71,0,0,0,0,0,0,0
20001212,39550,39950,37500,37500,1500,57620,4874504,30450,39.96,0,0,0,0,0,0,0
20001213,37000,37000,35650,36000,1500,149760,4751344,-123160,38.95,0,0,0,0,0,0,0
20001214,39000,39000,36500,36500,500,165840,4795884,44540,39.32,0,0,0,0,0,0,0
20001215,36500,37450,36000,37000,500,51770,4759522,-36362,39.02,0,0,0,0,0,0,0
20001218,36150,37100,36150,36350,650,37360,4758362,-1160,39.01,0,0,0,0,0,0,0
20001219,36000,36100,34200,34800,1550,58790,4737542,-20820,38.84,0,0,0,0,0,0,0
20001220,35500,35900,34900,35500,700,48040,4746282,8740,38.91,0,0,0,0,0,0,0
20001221,35500,36600,34600,36500,1000,56190,4753242,6960,38.97,0,0,0,0,0,0,0
20001222,36450,36700,35650,35700,800,42710,4762752,9510,39.04,0,0,0,0,0,0,0
20001226,37000,37000,36000,36000,300,20110,4763662,910,39.05,0,0,0,0,0,0,0
20010102,36500,37850,36500,37500,1500,16390,4767370,3710,39.08,0,0,0,0,0,0,0
20010103,37500,39400,37000,39400,1900,37840,4776290,8920,39.16,0,0,0,0,0,0,0
20010104,41000,42750,40000,40500,1100,82120,4770410,-4800,39.11,0,0,0,0,0,0,0
20010105,40000,42300,39500,42000,1500,52760,4781780,11370,39.2,0,0,0,0,0,0,0
20010108,42000,43100,41050,41050,950,20700,4783105,1325,39.21,0,0,0,0,0,0,0
20010109,42500,43200,40450,42600,1550,52090,4790485,7380,39.27,0,0,0,0,0,0,0
20010110,42300,42500,38000,39000,3600,60750,4762885,-27600,39.05,0,0,0,0,0,0,0
20010111,40000,40400,36800,36800,2200,97350,4737265,-25620,38.84,0,0,0,0,0,0,0
20010112,38500,38500,36500,37000,200,113600,4669785,-67480,38.27,0,0,0,0,0,0,0
20010115,37000,37900,36600,37300,300,107120,4662081,-7704,38.22,0,0,0,0,0,0,0
20010116,37400,37700,36050,36050,1250,84050,4628593,-33488,37.94,0,0,0,0,0,0,0
20010117,36050,36600,34950,35600,450,218870,4518043,-110550,37.04,0,0,0,0,0,0,0
20010118,35600,37450,35600,37300,1700,110810,4514873,-3170,37.01,0,0,0,0,0,0,0
20010119,38000,38700,37800,38000,700,103860,4595013,80140,37.67,0,0,0,0,0,0,0
20010122,38600,38800,38000,38750,750,56990,4611833,16820,37.81,0,0,0,0,0,0,0
20010126,39100,39400,38000,38700,50,74700,4633803,21970,37.99,0,0,0,0,0,0,0
20010129,38900,39000,37600,39000,300,52090,4642823,9020,38.06,0,0,0,0,0,0,0
20010130,39300,39300,38000,38100,900,41500,4654004,11181,38.15,0,0,0,0,0,0,0
20010131,37600,38500,37200,38100,0,46310,4669749,15745,38.27,0,0,0,0,0,0,0
20010201,38850,38850,37900,38500,400,67810,4702299,32550,38.55,0,0,0,0,0,0,0
20010202,39000,40500,38900,40000,1500,192870,4693169,-9130,38.47,0,0,0,0,0,0,0
20010205,40000,40300,39100,39200,800,30250,4701219,8050,38.54,0,0,0,0,0,0,0
20010206,39500,41800,39500,41700,2500,74010,4747952,46733,38.92,0,0,0,0,0,0,0
20010207,41100,42000,39900,41000,700,40610,4757492,9540,39.0,0,0,0,0,0,0,0
20010208,41000,42400,40700,42200,1200,279800,4779327,21840,39.18,0,0,0,0,0,0,0
20010209,42200,42200,40500,42100,100,38770,4770727,-8600,39.11,0,0,0,0,0,0,0
20010212,42600,42600,40500,41300,800,58530,4756727,-14000,39.0,0,0,0,0,0,0,0
20010213,41100,41500,39800,40200,1100,83920,4718937,-37790,38.69,0,0,0,0,0,0,0
20010214,40200,40700,39400,40500,300,34000,4707527,-11410,38.59,0,0,0,0,0,0,0
20010215,41000,41000,40300,40300,200,30510,4726227,18700,38.75,0,0,0,0,0,0,0
20010216,40200,41450,39500,39500,800,43400,4722597,-3630,38.72,0,0,0,0,0,0,0
20010219,39500,40000,38300,38850,650,61560,4697187,-25410,38.51,0,0,0,0,0,0,0
20010220,38250,40500,38250,40000,1150,39480,4686587,-10600,38.42,0,0,0,0,0,0,0
20010221,40300,40500,39400,39450,550,13320,4686187,-400,38.42,0,0,0,0,0,0,0
20010222,40000,45350,39600,44500,5050,203920,4812607,126420,39.45,0,0,0,0,0,0,0
20010223,45000,47300,44100,45500,1000,297840,4907837,95230,40.23,0,0,0,0,0,0,0
20010226,45500,46500,44250,46200,700,68790,4944927,37090,40.54,0,0,0,0,0,0,0
20010227,47000,47500,44000,44800,1400,40170,4948597,3670,40.57,0,0,0,0,0,0,0
20010228,42700,44900,42700,44500,300,74440,4946827,-1770,40.55,0,0,0,0,0,0,0
20010302,44000,46000,42900,45000,500,93870,4965187,18360,40.69,0,0,0,0,0,0,0
20010305,44500,45200,43700,43800,1200,54340,4956087,-9100,40.63,0,0,0,0,0,0,0
20010306,43800,44100,42600,43000,800,53450,4940347,-15740,40.5,0,0,0,0,0,0,0
20010307,43000,45000,41400,45000,2000,44690,4920427,-19920,40.34,0,0,0,0,0,0,0
20010308,44500,45000,43300,45000,0,50210,4916237,-4190,40.3,0,0,0,0,0,0,0
20010309,44200,44400,42700,43000,2000,51140,4901557,-14680,40.18,0,0,0,0,0,0,0
20010312,42150,42200,41300,42000,1000,32270,4895477,-6080,40.13,0,0,0,0,0,0,0
20010313,41450,44000,40600,42900,900,23100,4902737,7260,40.19,0,0,0,0,0,0,0
20010314,42300,43950,42300,43200,300,30160,4913037,10300,40.28,0,0,0,0,0,0,0
20010315,41500,43300,41500,42700,500,12450,4913127,90,40.28,0,0,0,0,0,0,0
20010316,42600,43500,42100,43400,700,20740,4924587,11460,40.37,0,0,0,0,0,0,0
20010319,42800,44600,42650,44000,600,29550,4936707,12120,40.47,0,0,0,0,0,0,0
20010320,44200,44900,44000,44800,800,36220,4950977,14270,40.59,0,0,0,0,0,0,0
20010321,44500,44800,44200,44500,300,70980,4947947,-3030,40.56,0,0,0,0,0,0,0
20010322,43300,44300,43300,44000,500,41290,4941457,-6490,40.51,0,0,0,0,0,0,0
20010323,43950,45300,43950,44900,900,43950,4944277,2820,40.53,0,0,0,0,0,0,0
20010326,45000,45100,44500,44800,100,29930,4943487,-790,40.53,0,0,0,0,0,0,0
20010327,44800,44800,43900,44600,200,27110,4939067,-4420,40.49,0,0,0,0,0,0,0
20010328,45000,45000,43200,44000,600,30530,4934217,-4850,40.45,0,0,0,0,0,0,0
20010329,43500,43800,41000,41000,3000,42220,4930787,-3430,40.42,0,0,0,0,0,0,0
20010330,41000,44000,40000,44000,3000,94540,4923517,-7270,40.36,0,0,0,0,0,0,0
20010402,42000,42400,41500,41900,2100,46910,4910987,-12530,40.26,0,0,0,0,0,0,0
20010403,41000,42850,41000,41900,0,35720,4918187,7200,40.32,0,0,0,0,0,0,0
20010404,41900,43000,41350,41600,300,34800,4929267,11080,40.41,0,0,0,0,0,0,0
20010406,42000,42600,40600,41500,100,67500,4900937,-28330,40.18,0,0,0,0,0,0,0
20010409,41500,41500,40550,40550,950,17170,4904057,3120,40.2,0,0,0,0,0,0,0
20010410,41000,41350,40600,41350,800,60610,4915167,11110,40.29,0,0,0,0,0,0,0
20010411,41500,42700,40750,41800,450,67580,4931347,16180,40.43,0,0,0,0,0,0,0
20010412,41800,42500,41000,41000,800,33320,4932887,1540,40.44,0,0,0,0,0,0,0
20010413,41000,41500,40800,41450,450,24150,4928687,-4200,40.4,0,0,0,0,0,0,0
20010416,41700,41800,41150,41800,350,14530,4933827,5140,40.45,0,0,0,0,0,0,0
20010417,41300,41900,41300,41500,300,13490,4936027,2200,40.46,0,0,0,0,0,0,0
20010418,42100,42400,41500,42400,900,28950,4940327,4300,40.5,0,0,0,0,0,0,0
20010419,44000,44000,41100,41900,500,126300,4925787,-14540,40.38,0,0,0,0,0,0,0
20010420,41850,42400,41500,41950,50,49190,4934267,8480,40.45,0,0,0,0,0,0,0
20010423,42000,42800,42000,42400,450,52480,4939927,5660,40.5,0,0,0,0,0,0,0
20010424,42500,42900,41700,41900,500,62670,4934017,-5910,40.45,0,0,0,0,0,0,0
20010425,42250,43500,41900,42900,1000,44030,4921707,-12310,40.35,0,0,0,0,0,0,0
20010426,43200,43800,42000,43100,200,56490,4947597,25890,40.56,0,0,0,0,0,0,0
20010427,43100,43500,42850,43500,400,83510,4951537,3940,40.59,0,0,0,0,0,0,0
20010430,44000,45800,44000,44700,1200,135390,5009327,57790,41.07,0,0,0,0,0,0,0
20010502,45000,45000,43750,44000,700,107560,5016327,7000,41.12,0,0,0,0,0,0,0
20010503,44100,44650,43050,43100,900,45910,5009087,-7240,41.06,0,0,0,0,0,0,0
20010504,43100,44500,43100,44500,1400,37480,5017537,8450,41.13,0,0,0,0,0,0,0
20010507,44500,44850,44050,44500,0,31790,5027817,10280,41.22,0,0,0,0,0,0,0
20010508,44500,46450,44100,45600,1100,104560,5015737,-12080,41.12,0,0,0,0,0,0,0
20010509,46500,47600,45300,46000,400,151070,5019017,3280,41.15,0,0,0,0,0,0,0
20010510,46600,49500,46000,48950,2950,98730,5054277,35260,41.43,0,0,0,0,0,0,0
20010511,50000,51500,49500,49800,850,259710,5084387,30110,41.68,0,0,0,0,0,0,0
20010514,50100,50800,47100,50300,500,97870,5120827,36440,41.98,0,0,0,0,0,0,0
20010515,50500,50900,48900,49100,1200,47300,5126857,6030,42.03,0,0,0,0,0,0,0
20010516,49050,49800,47600,48200,900,70390,5124757,-2100,42.01,0,0,0,0,0,0,0
20010517,48200,48500,47200,48000,200,79240,5080337,-44420,41.65,0,0,0,0,0,0,0
20010518,48100,48500,47000,48000,0,36790,5075617,-4720,41.61,0,0,0,0,0,0,0
20010521,48500,48500,47200,47500,500,70180,5040097,-35520,41.32,0,0,0,0,0,0,0
20010522,47500,48000,47150,47800,300,83250,5025327,-14770,41.2,0,0,0,0,0,0,0
20010523,48300,49500,48100,48500,700,66500,5032457,7130,41.26,0,0,0,0,0,0,0
20010524,47600,49000,47400,48000,500,51350,5004804,-27653,41.03,0,0,0,0,0,0,0
20010525,48000,48300,47500,48200,200,34240,5005124,320,41.03,0,0,0,0,0,0,0
20010528,49000,49000,48300,49000,800,29690,5021614,16490,41.17,0,0,0,0,0,0,0
20010529,49000,49550,48500,49550,550,28520,5029614,8000,41.23,0,0,0,0,0,0,0
20010530,50100,50100,49400,50000,450,43700,5036944,7330,41.29,0,0,0,0,0,0,0
20010531,50100,51400,49500,50000,0,106980,5045474,8530,41.36,0,0,0,0,0,0,0
20010601,50000,50900,48550,48800,1200,35230,5052204,6730,41.42,0,0,0,0,0,0,0
20010604,49000,49900,48500,49000,200,12900,5049374,-2830,41.39,0,0,0,0,0,0,0
20010605,49500,49500,46600,46600,2400,43990,5041094,-8280,41.33,0,0,0,0,0,0,0
20010607,46000,46950,44900,45600,1000,168030,5002334,-38760,41.01,0,0,0,0,0,0,0
20010608,46000,46400,45600,46050,450,74590,4960724,-41610,40.54,0,0,0,0,0,0,0
20010611,45250,46500,45150,46100,50,72470,4945744,-14980,40.42,0,0,0,0,0,0,0
20010612,46500,49000,46300,48500,2400,65150,4945744,0,40.42,0,0,0,0,0,0,0
20010613,48800,50400,48500,50000,1500,121860,5026673,80929,41.08,0,0,0,0,0,0,0
20010614,50000,50300,48850,49700,300,68890,5055023,28350,41.31,0,0,0,0,0,0,0
20010615,49700,49700,48850,49600,100,47190,5059493,4470,41.35,0,0,0,0,0,0,0
20010618,50000,50300,48600,48750,850,29970,5062683,3190,41.37,0,0,0,0,0,0,0
20010619,48200,49700,48200,48700,50,27700,5062303,-380,41.37,0,0,0,0,0,0,0
20010620,49600,49600,48450,48450,250,23760,5072723,10420,41.46,0,0,0,0,0,0,0
20010621,48250,49150,48250,48350,100,45590,5072503,-220,41.45,0,0,0,0,0,0,0
20010622,48150,48750,47650,48000,350,40940,5073323,820,41.46,0,0,0,0,0,0,0
20010625,48000,48000,46000,46700,1300,96230,4992073,-81250,40.79,0,0,0,0,0,0,0
20010626,46100,46500,45800,45850,850,25380,4983513,-8560,40.73,0,0,0,0,0,0,0
20010627,45050,45500,43850,45200,650,62670,4955069,-28430,40.49,0,0,0,0,0,0,0
20010628,45200,45500,43700,43950,1250,100960,4929799,-25270,40.29,0,0,0,0,0,0,0
20010629,43900,43900,42700,43900,50,143360,4927909,-1890,40.27,0,0,0,0,0,0,0
20010702,44500,44800,43300,43900,0,56190,4910459,-17450,40.13,0,0,0,0,0,0,0
20010703,43500,43900,43100,43200,700,46450,4908799,-1660,40.12,0,0,0,0,0,0,0
20010704,43200,43200,42150,42950,250,65320,4898649,-10150,40.03,0,0,0,0,0,0,0
20010705,42600,43950,42100,43150,200,78810,4870709,-27940,39.81,0,0,0,0,0,0,0
20010706,43150,44100,42700,43850,700,73600,4870059,-650,39.8,0,0,0,0,0,0,0
20010709,43850,43850,41500,43000,850,101410,4860569,-9490,39.72,0,0,0,0,0,0,0
20010710,43000,43500,42500,42750,250,30590,4866739,6170,39.77,0,0,0,0,0,0,0
20010711,42000,43450,41600,43250,500,41270,4873589,6850,39.83,0,0,0,0,0,0,0
20010712,43500,44950,43500,44600,1350,90170,4931074,57485,40.3,0,0,0,0,0,0,0
20010713,45000,45000,44500,44600,0,39130,4952334,21260,40.47,0,0,0,0,0,0,0
20010716,44000,44800,44000,44500,100,13290,4953804,1470,40.48,0,0,0,0,0,0,0
20010718,44600,44600,43300,44100,400,43340,4958774,4970,40.52,0,0,0,0,0,0,0
20010719,42600,45250,42600,43950,150,76140,4981464,22690,40.71,0,0,0,0,0,0,0
20010720,44500,44500,42800,43800,150,27280,5001304,19840,40.87,0,0,0,0,0,0,0
20010723,43000,43300,41500,42500,1300,40360,4995548,-5756,40.83,0,0,0,0,0,0,0
20010724,41600,42900,41000,41000,1500,27580,4989598,-5950,27.45,0,0,0,0,0,0,0
20010725,40100,40300,38400,39200,1800,85340,4952618,-36980,27.25,0,0,0,0,0,0,0
20010726,39200,40250,38800,39500,300,105080,4921598,-31020,27.08,0,0,0,0,0,0,0
20010727,39100,40300,39100,39800,300,76570,4916908,-4690,27.05,0,0,0,0,0,0,0
20010730,39800,40500,39500,40100,300,58110,10864252,5947344,59.78,0,0,0,0,0,0,0
20010731,40400,42500,40400,42500,2400,98310,10873902,9650,59.83,0,0,0,0,0,0,0
20010801,42950,44200,41800,43800,1300,62180,10917182,43280,60.07,0,0,0,0,0,0,0
20010802,44000,44000,42450,42450,1350,19160,10910882,-6300,60.02,0,0,0,0,0,0,0
20010803,42900,42950,42100,42900,450,8960,10911572,690,60.04,0,0,0,0,0,0,0
20010806,42900,43500,42900,43300,400,30140,10920602,9030,60.09,0,0,0,0,0,0,0
20010807,43200,43200,42600,42850,450,22700,10919952,-650,60.08,0,0,0,0,0,0,0
20010808,43000,43250,42700,42900,50,8610,10924452,4500,60.11,0,0,0,0,0,0,0
20010809,42500,44100,42000,42000,900,44150,10955742,31290,60.28,0,0,0,0,0,0,0
20010810,43000,43050,41650,41650,350,34210,9165949,-1789793,50.43,0,0,0,0,0,0,0
20010813,40000,41000,39500,40400,1250,186430,9114809,-51140,50.14,0,0,0,0,0,0,0
20010814,40550,41200,39850,40800,400,78000,9109939,-4870,50.12,0,0,0,0,0,0,0
20010816,40600,41500,40100,41500,700,56630,9129850,19911,50.23,0,0,0,0,0,0,0
20010817,42000,44100,41000,43500,2000,75890,9195700,65850,50.6,0,0,0,0,0,0,0
20010820,43500,45600,42700,45500,2000,138800,9199365,3665,50.62,0,0,0,0,0,0,0
20010821,46500,49300,46500,47000,1500,215400,9330635,131270,51.34,0,0,0,0,0,0,0
20010822,47000,48000,46100,47350,350,40770,9354525,23890,51.47,0,0,0,0,0,0,0
20010823,48000,48800,47700,48000,650,84450,9413665,59140,51.79,0,0,0,0,0,0,0
20010824,48000,48950,47500,48000,0,85880,9447905,34240,51.98,0,0,0,0,0,0,0
20010827,49000,49700,48500,49100,1100,65450,9486605,38700,52.2,0,0,0,0,0,0,0
20010828,48900,49050,48050,48050,1050,87440,9544525,57920,52.51,0,0,0,0,0,0,0
20010829,47500,47500,46000,46300,1750,39110,9552235,7710,52.56,0,0,0,0,0,0,0
20010830,46000,46900,45100,46500,200,6980,9551625,-610,52.55,0,0,0,0,0,0,0
20010831,39550,46500,39550,45850,650,61600,9534637,-16980,52.46,0,0,0,0,0,0,0
20010903,46800,47500,45900,46700,850,50850,9571887,37250,52.66,0,0,0,0,0,0,0
20010904,46700,48000,44300,46900,200,13910,9567445,-4442,52.64,0,0,0,0,0,0,0
20010905,46000,46950,44700,44700,2200,19780,9555945,-11500,52.58,0,0,0,0,0,0,0
20010906,44700,45550,44600,44750,50,35210,9561585,5640,52.61,0,0,0,0,0,0,0
20010907,44800,45450,44500,45450,700,48300,9577035,15450,52.69,0,0,0,0,0,0,0
20010910,45200,46500,44700,46000,550,31330,9598685,21650,52.81,0,0,0,0,0,0,0
20010911,46000,46200,44800,45000,1000,7910,9599695,1010,52.82,0,0,0,0,0,0,0
20010912,38250,46000,38250,43000,2000,39280,9599695,0,52.82,0,0,0,0,0,0,0
20010913,45500,45500,42900,44950,1950,68010,9618455,18760,52.92,0,0,0,0,0,0,0
20010914,45000,46450,44850,45450,500,52610,9644025,25570,53.06,0,0,0,0,0,0,0
20010917,45600,46550,45050,45600,150,27940,9658763,14738,53.14,0,0,0,0,0,0,0
20010918,46000,46700,45600,46200,600,70210,9682843,24080,53.28,0,0,0,0,0,0,0
20010919,45800,45800,44500,44800,1400,44130,9673993,-8850,53.2,0,0,0,0,0,0,0
20010920,45000,45500,44900,45100,300,44610,9687253,13260,53.26,0,0,0,0,0,0,0
20010921,45100,45500,44700,45000,100,39740,9720443,33190,53.45,0,0,0,0,0,0,0
20010924,45500,46300,44950,45000,0,39750,9736193,15750,53.54,0,0,0,0,0,0,0
20010925,46000,46000,45100,45500,500,24670,9742073,5880,53.56,0,0,0,0,0,0,0
20010926,45500,46400,45000,45800,300,24080,9745023,2950,53.59,0,0,0,0,0,0,0
20010927,45800,47300,45800,46600,800,16130,9750123,5100,53.62,0,0,0,0,0,0,0
20010928,47000,47000,45600,46500,100,22750,9759743,9620,53.67,0,0,0,0,0,0,0
20011004,44000,47600,44000,47500,1000,63040,9788733,28990,53.83,0,0,0,0,0,0,0
20011005,48500,48500,46100,47900,400,25210,9803133,14400,53.91,0,0,0,0,0,0,0
20011008,46500,47500,45500,45500,2400,16250,9798513,-4620,53.87,0,0,0,0,0,0,0
20011009,44700,49500,44700,47100,1600,19560,9796393,-2120,53.87,0,0,0,0,0,0,0
20011010,47500,48300,47500,47700,600,44630,9807891,11498,53.94,0,0,0,0,0,0,0
20011011,48200,49500,48200,49500,1800,70590,9834421,26530,54.07,0,0,0,0,0,0,0
20011012,49500,50000,46750,47500,2000,55280,9822371,-12050,54.02,0,0,0,0,0,0,0
20011015,47550,49000,47550,49000,1500,43550,9832770,10399,54.07,0,0,0,0,0,0,0
20011016,49000,51500,48300,51500,2500,50010,9844650,11880,54.14,0,0,0,0,0,0,0
20011017,51500,51500,49250,49500,2000,20560,9840980,-3670,54.12,0,0,0,0,0,0,0
20011018,49700,50000,48550,49500,0,22400,9845390,4410,54.14,0,0,0,0,0,0,0
20011019,47500,49800,47500,48650,850,23410,9844460,-930,54.14,0,0,0,0,0,0,0
20011022,49000,49400,47600,48100,550,7910,9841780,-2680,54.12,0,0,0,0,0,0,0
20011023,48200,48900,47450,47500,600,31280,9841190,-590,54.12,0,0,0,0,0,0,0
20011024,47500,48500,47300,47800,300,10450,9841040,-150,54.12,0,0,0,0,0,0,0
20011025,48000,48400,47200,47500,300,60390,9822220,-18820,54.01,0,0,0,0,0,0,0
20011026,47900,48300,47500,48100,600,10250,9827840,5620,54.05,0,0,0,0,0,0,0
20011029,48800,49300,47900,49200,1100,18450,9838410,10570,54.1,0,0,0,0,0,0,0
20011030,49200,49200,47150,47300,1900,18200,9839520,1110,54.11,0,0,0,0,0,0,0
20011031,47100,47550,46900,47000,300,39060,9822100,-17420,54.01,0,0,0,0,0,0,0
20011101,47450,47450,46200,47300,300,31330,9822730,630,54.02,0,0,0,0,0,0,0
20011102,47500,48200,47100,47500,200,55220,9826990,4260,54.04,0,0,0,0,0,0,0
20011105,48000,49200,48000,49200,1700,20940,9837400,10410,54.1,0,0,0,0,0,0,0
20011106,49500,50000,49200,50000,800,34480,9849280,11880,54.16,0,0,0,0,0,0,0
20011107,50000,50000,48200,48800,1200,17400,9858230,8950,54.21,0,0,0,0,0,0,0
20011108,49600,49900,49050,49100,300,24940,9864300,6070,54.25,0,0,0,0,0,0,0
20011109,49200,49200,47750,49000,100,12740,9869400,5100,54.23,0,0,0,0,0,0,0
20011112,49000,49200,48500,49200,200,8790,9867560,-1840,54.22,0,0,0,0,0,0,0
20011113,48000,49000,47600,48200,1000,22430,9848530,-19030,54.12,0,0,0,0,0,0,0
20011114,48000,48200,47000,47700,500,49650,9811390,-37140,53.91,0,0,0,0,0,0,0
20011115,47500,48300,46300,46750,950,77620,9802360,-9030,53.86,0,0,0,0,0,0,0
20011116,47000,48200,47000,47500,750,25240,9799250,-3110,53.85,0,0,0,0,0,0,0
20011119,47600,49700,47600,49500,2000,68470,9809358,10108,53.9,0,0,0,0,0,0,0
20011120,50000,52300,49500,51400,1900,69350,9839088,29730,54.06,0,0,0,0,0,0,0
20011121,52000,52000,50200,50700,700,38010,9826408,-12680,53.99,0,0,0,0,0,0,0
20011122,52000,57900,51600,55000,4300,55300,9850198,23790,54.13,0,0,0,0,0,0,0
20011123,54000,56600,53100,54000,1000,67140,9857498,7300,54.17,0,0,0,0,0,0,0
20011126,55000,57800,53300,54500,500,69060,9847698,-9800,54.11,0,0,0,0,0,0,0
20011127,50000,55700,50000,55100,600,52090,9838368,-9330,54.06,0,0,0,0,0,0,0
20011128,54000,55000,53000,53300,1800,55900,9825078,-13290,53.99,0,0,0,0,0,0,0
20011129,51600,53000,46750,50400,2900,54920,9814918,-10160,53.93,0,0,0,0,0,0,0
20011130,51300,52400,50600,51500,1100,38730,9811846,-3070,53.91,0,0,0,0,0,0,0
20011203,52500,52500,50100,51700,200,57660,9819486,7640,53.96,0,0,0,0,0,0,0
20011204,51000,52900,50200,51600,100,54040,9826986,7500,54.0,0,0,0,0,0,0,0
20011205,52600,55800,52600,55000,3400,68550,9831916,4930,54.03,0,0,0,0,0,0,0
20011206,56000,56300,53200,54000,1000,49260,9841006,9090,54.07,0,0,0,0,0,0,0
20011207,55000,56900,53300,53300,700,82990,9830316,-10690,53.97,0,0,0,0,0,0,0
20011210,55000,56000,52000,53500,200,37080,9835006,4690,54.0,0,0,0,0,0,0,0
20011211,52200,54000,51200,53000,500,30330,9833486,-1520,53.99,0,0,0,0,0,0,0
20011212,53000,53300,51000,52500,500,46250,9833226,-260,53.99,0,0,0,0,0,0,0
20011213,51200,52000,50000,50500,2000,159720,9803646,-29580,53.83,0,0,0,0,0,0,0
20011214,50700,51700,49800,50900,400,71980,9805359,1713,53.84,0,0,0,0,0,0,0
20011217,51000,55000,51000,53500,2600,148010,9844209,38850,54.05,0,0,0,0,0,0,0
20011218,54500,54500,50600,50600,2900,33340,9838939,-5270,54.02,0,0,0,0,0,0,0
20011219,51800,54500,50200,53000,2400,65300,9855518,16579,54.11,0,0,0,0,0,0,0
20011220,54000,54300,52500,54300,1300,75990,9867658,12140,54.17,0,0,0,0,0,0,0
20011221,54300,54300,52000,53500,800,42720,9879418,11760,54.24,0,0,0,0,0,0,0
20011224,53700,55600,52600,55600,2100,56950,9895108,15690,54.33,0,0,0,0,0,0,0
20011226,55600,57500,53600,54100,1500,36220,9895838,730,54.33,0,0,0,0,0,0,0
20011227,52900,55000,52000,53000,1100,35460,9899038,3200,54.35,0,0,0,0,0,0,0
20011228,53100,55200,53100,53800,800,26390,9898978,-60,54.35,0,0,0,0,0,0,0
20020102,54800,58500,53800,58500,4700,69003,9885010,-13968,54.27,0,0,0,0,0,0,0
20020103,59000,62500,57200,61000,2500,98960,9890740,5730,54.31,0,0,0,0,0,0,0
20020104,62000,64900,60000,62000,1000,49301,9883990,-6750,54.27,0,0,0,0,0,0,0
20020107,62500,63800,59600,62900,900,64840,9897870,13880,54.34,0,0,0,0,0,0,0
20020108,62400,64400,61100,62000,900,30010,9897160,-710,54.34,0,0,0,0,0,0,0
20020109,62000,62100,58500,59000,3000,75410,9893870,-3290,54.32,0,0,0,0,0,0,0
20020110,59000,59000,55000,55000,4000,76977,9885720,-8150,54.27,0,0,0,0,0,0,0
20020111,56000,56000,54200,55000,0,68370,9875320,-10400,54.22,0,0,0,0,0,0,0
20020114,55500,56600,55000,56000,1000,36660,9869750,-5570,54.19,0,0,0,0,0,0,0
20020115,56500,56500,54300,55000,1000,31930,9882830,13080,54.26,0,0,0,0,0,0,0
20020116,56000,57500,55200,57500,2500,37100,9890130,7300,54.3,0,0,0,0,0,0,0
20020117,56800,61000,56800,56800,700,90015,9888970,-1160,54.3,0,0,0,0,0,0,0
20020118,59500,59500,56200,57300,500,1549401,9895870,6900,54.33,0,0,0,0,0,0,0
20020121,58500,60800,58000,60800,3500,38200,9907560,11690,54.4,0,0,0,0,0,0,0
20020122,62100,62100,58500,59000,1800,40890,9902800,-4760,54.37,0,0,0,0,0,0,0
20020123,59000,60000,58000,59900,900,82690,9872930,-29870,54.21,0,0,0,0,0,0,0
20020124,61000,68800,60000,68800,8900,153780,9892240,19310,54.31,0,0,0,0,0,0,0
20020125,68800,73000,65800,66000,2800,137960,9857388,-34852,54.12,0,0,0,0,0,0,0
20020128,66000,68200,64000,64400,1600,84810,9838658,-18730,54.02,0,0,0,0,0,0,0
20020129,65600,66900,64400,65000,600,80852,9839738,1080,54.03,0,0,0,0,0,0,0
20020130,62300,63700,61500,61900,3100,36300,9836118,-3620,54.01,0,0,0,0,0,0,0
20020131,62200,65500,62200,64900,3000,72102,9864528,28410,54.16,0,0,0,0,0,0,0
20020201,65600,65600,63000,63000,1900,34930,9875348,10820,54.22,0,0,0,0,0,0,0
20020204,63000,63900,60600,60600,2400,21270,9874938,-410,54.22,0,0,0,0,0,0,0
20020205,63200,63200,60100,60600,0,32494,9865328,-9610,54.17,0,0,0,0,0,0,0
20020206,60600,66000,60600,66000,5400,149816,9908333,43005,54.4,0,0,0,0,0,0,0
20020207,68000,75900,68000,75900,9900,249067,10008356,100023,54.95,0,0,0,0,0,0,0
20020208,79100,80000,75300,76500,600,228476,8423136,-1585220,46.25,0,0,0,0,0,0,0
20020214,78000,78200,74500,77600,1100,164180,8439946,16810,46.34,0,0,0,0,0,0,0
20020215,78600,83500,77000,77000,600,84706,8445080,5134,46.37,0,0,0,0,0,0,0
20020218,78000,78200,74200,75100,1900,96773,8419790,-25290,46.23,0,0,0,0,0,0,0
20020219,74200,76300,72500,72500,2600,45680,8410830,-8960,46.18,0,0,0,0,0,0,0
20020220,72600,74500,72300,72600,100,48930,8401830,-9000,46.13,0,0,0,0,0,0,0
20020221,72800,75300,72600,75300,2700,34270,8395780,-6050,46.1,0,0,0,0,0,0,0
20020222,75300,76000,72900,74000,1300,31112,8389080,-6700,46.06,0,0,0,0,0,0,0
20020225,74000,76000,74000,74600,600,25502,8394910,5830,46.09,0,0,0,0,0,0,0
20020226,75000,76500,72700,73600,1000,57500,8369830,-25080,45.96,0,0,0,0,0,0,0
20020227,73000,77500,73000,77000,3400,121702,8360700,-9130,45.91,0,0,0,0,0,0,0
20020228,79800,79800,77500,79000,2000,114220,8417370,56670,46.22,0,0,0,0,0,0,0
20020304,79100,81400,79000,79000,0,93691,8425260,7890,46.26,0,0,0,0,0,0,0
20020305,79500,90700,79500,84000,5000,137872,8483810,58550,46.58,0,0,0,0,0,0,0
20020306,84000,86900,82600,84000,0,41890,8494280,10470,46.64,0,0,0,0,0,0,0
20020307,84500,85300,82300,84000,0,44733,8487630,-6650,46.6,0,0,0,0,0,0,0
20020308,83900,85900,82200,85000,1000,50470,8484620,-3010,46.59,0,0,0,0,0,0,0
20020311,85000,88500,84000,86000,1000,62611,8508150,23530,46.71,0,0,0,0,0,0,0
20020312,84500,85900,82700,83600,2400,80020,8494420,-13730,46.64,0,0,0,0,0,0,0
20020313,80600,84400,80600,84000,400,63309,8477041,-17379,46.54,0,0,0,0,0,0,0
20020314,84600,87000,81500,85100,1100,119182,8482051,5010,46.57,0,0,0,0,0,0,0
20020315,83100,84000,83000,83600,1500,76630,8454831,-27220,46.42,0,0,0,0,0,0,0
20020318,85000,85000,82600,83500,100,58188,8449691,-5140,46.39,0,0,0,0,0,0,0
20020319,82800,87400,82400,84000,500,82450,8442021,-7670,46.35,0,0,0,0,0,0,0
20020320,85000,87700,84200,85100,1100,62332,8444411,2390,46.36,0,0,0,0,0,0,0
20020321,84000,84800,83300,84000,1100,71330,8420971,-23440,46.24,0,0,0,0,0,0,0
20020322,84000,88200,83500,84600,600,66837,8410388,-10583,46.18,0,0,0,0,0,0,0
20020325,84000,84600,78500,78500,6100,119550,8342598,-67790,45.81,0,0,0,0,0,0,0
20020326,77900,80300,75700,79000,500,176851,8327498,-14710,45.72,0,0,0,0,0,0,0
20020327,79000,83200,79000,81000,2000,86640,8335618,8120,45.77,0,0,0,0,0,0,0
20020328,82000,83900,81300,81500,500,28989,8340278,4660,45.79,0,0,0,0,0,0,0
20020329,82800,83300,81000,81500,0,27721,8344268,3990,45.81,0,0,0,0,0,0,0
20020401,81500,82000,78500,79000,2500,40773,8358985,14717,45.9,0,0,0,0,0,0,0
20020402,79000,84400,79000,83900,4900,82420,8373535,14550,45.31,0,0,0,0,0,0,0
20020403,84700,84800,81300,82900,1000,61390,8377395,3860,45.33,0,0,0,0,0,0,0
20020404,81200,84500,81200,82700,200,52013,8376105,-1290,45.33,0,0,0,0,0,0,0
20020408,82000,83900,81000,81000,1700,42214,8366895,-9210,45.28,0,0,0,0,0,0,0
20020409,83000,83000,80500,81000,0,25620,8360845,-6050,45.24,0,0,0,0,0,0,0
20020410,80100,81000,76900,79400,1600,46770,8365615,4770,45.27,0,0,0,0,0,0,0
20020411,79400,81900,79400,80500,1100,99998,8387013,21398,45.39,0,0,0,0,0,0,0
20020412,80500,84700,80500,83900,3400,69610,8422923,35910,45.58,0,0,0,0,0,0,0
20020415,84000,84600,81500,84500,600,91970,8388303,-34620,45.39,0,0,0,0,0,0,0
20020416,85500,85800,83500,85500,1000,52880,8390303,2000,45.4,0,0,0,0,0,0,0
20020417,85500,89000,85000,85000,500,52330,8380695,-9608,45.35,0,0,0,0,0,0,0
20020418,86500,90400,85200,90400,5400,87472,8399865,19170,45.45,0,0,0,0,0,0,0
20020419,88000,88000,81700,85000,5400,181720,8373444,-26421,45.31,0,0,0,0,0,0,0
20020422,82300,84500,79000,79100,5900,129350,8299364,-74080,44.91,0,0,0,0,0,0,0
20020423,76500,78100,72400,74300,4800,273462,8167475,-131889,44.2,0,0,0,0,0,0,0
20020424,74300,77800,71900,75000,700,205965,8153705,-13770,44.12,0,0,0,0,0,0,0
20020425,73000,79000,73000,75100,100,125778,8170315,16610,44.21,0,0,0,0,0,0,0
20020426,75100,77700,75100,76600,1500,46043,8175485,5170,44.24,0,0,0,0,0,0,0
20020429,73600,75900,73000,73700,2900,71680,8143680,-31805,44.07,0,0,0,0,0,0,0
20020430,73000,74400,70300,72500,1200,66710,8129710,-13970,43.99,0,0,0,0,0,0,0
20020502,72800,74100,70300,73000,500,152366,8100920,-28790,43.84,0,0,0,0,0,0,0
20020503,73700,77300,72300,77000,4000,172143,8107240,6320,43.87,0,0,0,0,0,0,0
20020506,76000,77900,75600,77000,0,56490,8108830,1590,43.88,0,0,0,0,0,0,0
20020507,76600,78500,75500,78300,1300,113333,8118810,9980,43.93,0,0,0,0,0,0,0
20020508,79500,79600,76800,77000,1300,49120,8125690,6880,43.97,0,0,0,0,0,0,0
20020509,79900,82000,78100,78200,1200,105710,8170600,44910,44.21,0,0,0,0,0,0,0
20020510,80500,80700,75800,77200,1000,34090,8168820,-1780,44.2,0,0,0,0,0,0,0
20020513,75600,76900,72600,74000,3200,39180,8160470,-8350,44.16,0,0,0,0,0,0,0
20020514,74500,78000,74500,77000,3000,35130,8168580,8110,44.2,0,0,0,0,0,0,0
20020515,78000,78500,77600,78000,1000,33881,8174470,5890,44.24,0,0,0,0,0,0,0
20020516,79000,82200,79000,80400,2400,86930,8202290,27820,44.39,0,0,0,0,0,0,0
20020517,79100,84200,79100,84000,3600,128060,8273550,71260,44.77,0,0,0,0,0,0,0
20020520,85000,85000,82000,84800,800,57540,8304630,31080,44.94,0,0,0,0,0,0,0
20020521,83200,84900,80000,80000,4800,40600,8311740,7110,43.3,0,0,0,0,0,0,0
20020522,80500,84500,78400,84500,4500,29650,8314440,2700,43.31,0,0,0,0,0,0,0
20020523,83000,84800,81000,81600,2900,44400,8322310,7870,43.35,0,0,0,0,0,0,0
20020524,81700,84300,81700,84200,2600,76425,8324650,2340,43.36,0,0,0,0,0,0,0
20020527,84300,85000,83100,84000,200,47560,8336120,11470,43.42,0,0,0,0,0,0,0
20020528,83400,84100,82600,84000,0,73420,8327040,-9080,43.38,0,0,0,0,0,0,0
20020529,82800,84000,78700,84000,0,84440,8344240,17200,43.47,0,0,0,0,0,0,0
20020530,81800,84500,81600,84200,200,79150,8361420,17180,43.56,0,0,0,0,0,0,0
20020531,84000,86400,80000,80100,4100,73730,8353870,-7550,43.52,0,0,0,0,0,0,0
20020603,80600,81000,76800,79900,200,37140,8349680,-4190,43.49,0,0,0,0,0,0,0
20020604,80000,80000,76900,78700,1200,37460,8342330,-7350,43.46,0,0,0,0,0,0,0
20020605,79500,82500,79500,81700,3000,68360,8360850,18520,43.55,0,0,0,0,0,0,0
20020607,83600,83600,80100,81300,400,62249,8373930,13080,43.62,0,0,0,0,0,0,0
20020610,83000,84000,81800,83900,2600,33780,8379370,5440,43.65,0,0,0,0,0,0,0
20020611,83900,83900,80300,80800,3100,96840,8374210,-5160,43.62,0,0,0,0,0,0,0
20020612,80000,80000,78000,80000,800,120440,8318211,-55999,43.33,0,0,0,0,0,0,0
20020614,80000,80000,77400,77800,2200,81740,8266521,-51690,43.06,0,0,0,0,0,0,0
20020617,78000,79500,76800,77000,800,69631,8234533,-31988,42.89,0,0,0,0,0,0,0
20020618,77000,78000,76000,76100,900,49815,8225223,-9310,42.85,0,0,0,0,0,0,0
20020619,75500,77800,75300,75500,600,119940,8240910,15687,42.93,0,0,0,0,0,0,0
20020620,75000,79100,75000,78500,3000,80610,8292350,51440,43.2,0,0,0,0,0,0,0
20020621,78000,79800,76600,77200,1300,72870,8314050,21700,43.31,0,0,0,0,0,0,0
20020624,77200,79000,76500,78500,1300,53680,8306710,-7340,43.27,0,0,0,0,0,0,0
20020625,79300,80700,79000,80200,1700,131144,8336260,29550,43.42,0,0,0,0,0,0,0
20020626,80000,80700,76000,77000,3200,101140,8350690,14430,43.5,0,0,0,0,0,0,0
20020627,78100,79000,72700,73900,3100,95470,8318320,-32370,43.33,0,0,0,0,0,0,0
20020628,75500,75700,73100,74200,300,186494,8245600,-72720,42.95,0,0,0,0,0,0,0
20020702,70300,71000,69000,69300,4900,153820,8153810,-91790,42.47,0,0,0,0,0,0,0
20020703,70000,71500,69500,70000,700,114965,8149785,-4025,42.45,0,0,0,0,0,0,0
20020704,70000,75000,70000,74900,4900,175940,8218105,68320,42.81,0,0,0,0,0,0,0
20020705,73500,76000,73000,74600,300,101146,8214285,-3820,42.79,0,0,0,0,0,0,0
20020708,75200,76500,72500,73000,1600,88041,8208385,-5900,42.76,0,0,0,0,0,0,0
20020709,72200,74900,72200,73900,900,73138,8201375,-7010,42.72,0,0,0,0,0,0,0
20020710,73000,74400,73000,73500,400,45100,8199035,-2340,42.71,0,0,0,0,0,0,0
20020711,74500,74500,70500,70500,3000,87790,8206925,7890,42.75,0,0,0,0,0,0,0
20020712,71100,74400,71100,74200,3700,76290,8209165,2240,42.76,0,0,0,0,0,0,0
20020715,72400,73500,71400,73000,1200,64734,8205895,-3270,42.75,0,0,0,0,0,0,0
20020716,72100,73900,72000,72600,400,45950,8218895,13000,42.81,0,0,0,0,0,0,0
20020718,73000,74200,72700,73700,1100,38430,8222215,3320,42.83,0,0,0,0,0,0,0
20020719,72700,73300,71000,73300,400,47730,8242425,20210,42.94,0,0,0,0,0,0,0
20020722,71300,73200,70000,73000,300,32260,8247835,5410,42.96,0,0,0,0,0,0,0
20020723,72000,73300,72000,73000,0,78820,8242345,-5490,42.94,0,0,0,0,0,0,0
20020724,72700,73300,70500,72500,500,72960,8244185,1840,42.94,0,0,0,0,0,0,0
20020725,73400,74000,73000,73000,500,41310,8249995,5810,42.97,0,0,0,0,0,0,0
20020726,73000,74400,70000,70200,2800,45640,8247795,-2200,42.96,0,0,0,0,0,0,0
20020729,70200,71900,70000,70600,400,34620,8249005,1210,42.97,0,0,0,0,0,0,0
20020730,71000,72800,71000,71600,1000,34390,8254105,5100,43.0,0,0,0,0,0,0,0
20020731,71600,72500,70100,70500,1100,34280,8258185,4080,43.02,0,0,0,0,0,0,0
20020801,70000,71500,70000,70300,200,41250,8259865,1680,43.03,0,0,0,0,0,0,0
20020802,70000,70500,69600,70000,300,34611,8258325,-1540,43.02,0,0,0,0,0,0,0
20020805,70000,70500,68600,69000,1000,36070,8261660,3335,43.04,0,0,0,0,0,0,0
20020806,65500,65900,58700,59500,9500,291717,8158373,-103287,42.5,0,0,0,0,0,0,0
20020807,58900,62300,55000,62100,2600,245349,8153919,-4449,42.47,0,0,0,0,0,0,0
20020808,63900,64800,61400,63100,1000,146616,8197649,43730,42.7,0,0,0,0,0,0,0
20020809,64000,66500,64000,64500,1400,80740,8217594,19945,42.81,0,0,0,0,0,0,0
20020812,66800,66800,63400,63800,700,130205,8210949,-6645,42.77,0,0,0,0,0,0,0
20020813,63800,64000,63300,64000,200,49110,8203289,-7660,42.73,0,0,0,0,0,0,0
20020814,64000,64000,63000,63500,500,48935,8197069,-6220,42.7,0,0,0,0,0,0,0
20020816,63500,65500,63400,63500,0,50270,8195729,-1340,42.69,0,0,0,0,0,0,0
20020819,63000,65700,63000,65200,1700,52620,8213469,17740,42.78,0,0,0,0,0,0,0
20020820,65500,67300,65500,67000,1800,59490,8201839,-11630,42.72,0,0,0,0,0,0,0
20020821,66300,69500,65600,69000,2000,73990,8195679,-6160,42.69,0,0,0,0,0,0,0
20020822,69100,70100,68100,70100,1100,83959,8207609,11930,42.75,0,0,0,0,0,0,0
20020823,69900,71400,69700,70100,0,51410,8209339,1720,42.76,0,0,0,0,0,0,0
20020826,70000,70000,68200,68700,1400,28440,8203879,-5470,42.73,0,0,0,0,0,0,0
20020827,68600,68600,66300,66700,2000,52310,8201019,-2870,42.72,0,0,0,0,0,0,0
20020828,65900,67200,65900,66600,100,46030,8179139,-21880,42.61,0,0,0,0,0,0,0
20020829,66500,67200,66000,67000,400,17740,8186999,7860,42.65,0,0,0,0,0,0,0
20020830,66200,67500,66000,67500,500,31190,8188189,1190,42.65,0,0,0,0,0,0,0
20020902,68500,68800,67000,68100,600,31848,8195439,7250,42.69,0,0,0,0,0,0,0
20020903,68700,70700,68700,70700,2600,58588,8231519,36080,42.88,0,0,0,0,0,0,0
20020904,70000,70000,66700,69000,1700,26040,8235929,4410,42.9,0,0,0,0,0,0,0
20020905,69000,69100,67300,67800,1200,14425,8233489,-2440,42.89,0,0,0,0,0,0,0
20020906,68000,68300,64500,65400,2400,18890,8229219,-4270,42.87,0,0,0,0,0,0,0
20020909,65900,67000,65400,65400,0,14210,8236049,6830,42.9,0,0,0,0,0,0,0
20020910,65500,68000,65500,67400,2000,13350,8238899,2850,42.92,0,0,0,0,0,0,0
20020911,67200,69000,67100,67100,300,14200,8237599,-1300,42.91,0,0,0,0,0,0,0
20020912,67400,69100,67300,69100,2000,61905,8233839,-3760,42.89,0,0,0,0,0,0,0
20020913,68500,68700,66700,67000,2100,40530,8242009,8170,42.93,0,0,0,0,0,0,0
20020916,68000,68000,64800,65500,1500,36950,8235449,-6560,42.9,0,0,0,0,0,0,0
20020917,66100,67500,65100,67400,1900,33710,8232259,-3190,42.88,0,0,0,0,0,0,0
20020918,66800,66800,64200,65100,2300,42832,8237119,4860,42.91,0,0,0,0,0,0,0
20020919,64900,66500,64000,64400,700,35050,8232949,-4170,42.89,0,0,0,0,0,0,0
20020923,64400,64500,62900,63700,700,69722,8241599,8650,42.93,0,0,0,0,0,0,0
20020924,62200,63800,61100,63500,200,18082,8237549,-4050,42.91,0,0,0,0,0,0,0
20020925,63100,63200,60900,61900,1600,21990,8231609,-5940,42.88,0,0,0,0,0,0,0
20020926,62600,62800,60200,61600,300,26230,8224489,-7120,42.84,0,0,0,0,0,0,0
20020927,61600,62600,60300,60300,1300,31372,8213849,-10640,42.79,0,0,0,0,0,0,0
20020930,59500,60200,58900,59000,1300,27730,8219619,5770,42.82,0,0,0,0,0,0,0
20021001,57300,59100,57300,58700,300,41780,8212579,-7040,42.78,0,0,0,0,0,0,0
20021002,60800,60800,59000,60800,2100,44460,8222039,9460,42.83,0,0,0,0,0,0,0
20021004,58100,61500,58100,59300,1500,59078,8216389,-5650,42.8,0,0,0,0,0,0,0
20021007,60500,60500,52900,54300,5000,114006,8186049,-30340,42.64,0,0,0,0,0,0,0
20021008,52700,55300,52000,54100,200,189720,8184529,-1520,42.63,0,0,0,0,0,0,0
20021009,54900,54900,51900,51900,2200,54860,8201899,17370,42.72,0,0,0,0,0,0,0
20021010,49500,51000,48700,49400,2500,142560,8212449,10550,42.78,0,0,0,0,0,0,0
20021011,51900,56500,51900,52000,2600,107330,8266449,54000,43.06,0,0,0,0,0,0,0
20021014,54200,55900,54200,54900,2900,21960,8271939,5490,43.09,0,0,0,0,0,0,0
20021015,58500,63100,57500,63100,8200,65047,8311189,39250,43.29,0,0,0,0,0,0,0
20021016,64500,64500,58600,58600,4500,92609,8318349,7160,43.33,0,0,0,0,0,0,0
20021017,58600,59600,55800,57500,1100,70295,8302629,-15720,43.25,0,0,0,0,0,0,0
20021018,58600,59300,57900,57900,400,136074,8276539,-26090,43.11,0,0,0,0,0,0,0
20021021,57500,59000,56200,56200,1700,58750,8269239,-7300,43.08,0,0,0,0,0,0,0
20021022,57000,57700,54800,55100,1100,60356,8260789,-8450,43.03,0,0,0,0,0,0,0
20021023,54100,55500,52900,54000,1100,211923,8124879,-135910,42.32,0,0,0,0,0,0,0
20021024,54500,54900,52500,54300,300,92316,8127499,2620,42.34,0,0,0,0,0,0,0
20021025,54300,54300,52300,52400,1900,83640,8082649,-44850,42.1,0,0,0,0,0,0,0
20021028,52400,53100,52000,52600,200,85872,8058809,-23840,41.98,0,0,0,0,0,0,0
20021029,52600,54400,52600,53600,1000,81950,8058479,-330,41.98,0,0,0,0,0,0,0
20021030,53700,54000,51400,51900,1700,76231,8045079,-13400,41.91,0,0,0,0,0,0,0
20021031,52300,53500,51700,53000,1100,79498,8069159,24080,42.03,0,0,0,0,0,0,0
20021101,53500,53500,52100,53500,500,54280,8088319,19160,42.13,0,0,0,0,0,0,0
20021104,52700,55200,52700,54500,1000,73321,8089339,1020,42.14,0,0,0,0,0,0,0
20021105,54500,54500,52800,53200,1300,109690,8090419,1080,42.14,0,0,0,0,0,0,0
20021106,54000,57400,54000,56600,3400,164192,8162551,72132,42.52,0,0,0,0,0,0,0
20021107,56600,58300,55200,57500,900,98680,8216511,53960,42.8,0,0,0,0,0,0,0
20021108,57000,57000,55600,56300,1200,29141,8224021,7510,42.84,0,0,0,0,0,0,0
20021111,56900,57900,55800,56900,600,50761,8248491,24470,42.97,0,0,0,0,0,0,0
20021112,55000,58000,55000,56000,900,212943,8255601,7110,43.0,0,0,0,0,0,0,0
20021113,56200,56300,52800,53500,2500,78840,8226521,-29080,42.85,0,0,0,0,0,0,0
20021114,54000,54900,53500,54300,800,68350,8229411,2890,42.87,0,0,0,0,0,0,0
20021115,55100,55200,54500,54800,500,94340,8228981,-430,42.87,0,0,0,0,0,0,0
20021118,55000,55300,53700,54700,100,81170,8228831,-150,42.86,0,0,0,0,0,0,0
20021119,54700,55000,53700,54400,300,57320,8202921,-25910,42.73,0,0,0,0,0,0,0
20021120,54400,55800,53500,55700,1300,50730,8192801,-10120,42.68,0,0,0,0,0,0,0
20021121,56100,57200,55000,55600,100,70240,8190231,-2570,42.66,0,0,0,0,0,0,0
20021122,56400,56800,55000,55200,400,43977,8187951,-2280,42.65,0,0,0,0,0,0,0
20021125,56700,57500,56000,56900,1700,45060,8197281,9330,42.7,0,0,0,0,0,0,0
20021126,56500,58500,55800,57000,100,44160,8218181,20900,42.81,0,0,0,0,0,0,0
20021127,56100,58600,56100,57500,500,105550,8229947,11766,42.87,0,0,0,0,0,0,0
20021128,58600,62000,58100,62000,4500,66040,8255807,25860,43.01,0,0,0,0,0,0,0
20021129,65900,65900,58800,59500,2500,79860,8221087,-34720,42.82,0,0,0,0,0,0,0
20021202,59600,60500,58300,60000,500,28191,8226927,5840,42.85,0,0,0,0,0,0,0
20021203,59400,60000,59000,59200,800,54371,8203127,-23800,42.73,0,0,0,0,0,0,0
20021204,57700,58000,56200,56700,2500,104640,8133097,-70030,42.37,0,0,0,0,0,0,0
20021205,56000,59000,56000,58700,2000,42570,8133877,780,42.37,0,0,0,0,0,0,0
20021206,57300,58500,57000,58000,700,35010,8128207,-5670,42.34,0,0,0,0,0,0,0
20021209,57800,58100,56200,57100,900,90947,8096787,-31490,42.18,0,0,0,0,0,0,0
20021210,56000,56800,55500,55700,1400,65330,8045937,-50850,41.91,0,0,0,0,0,0,0
20021211,56700,57200,56200,56800,1100,52230,8062987,17050,42.0,0,0,0,0,0,0,0
20021212,56800,57500,48300,57500,700,83940,8034457,-28530,41.85,0,0,0,0,0,0,0
20021213,55500,56400,54600,55600,1900,88882,7991307,-43150,41.63,0,0,0,0,0,0,0
20021216,55000,55300,54000,54000,1600,41100,7993458,2151,41.64,0,0,0,0,0,0,0
20021217,55000,55400,54500,54500,500,20230,7996238,2780,41.65,0,0,0,0,0,0,0
20021218,54500,55700,54000,55500,1000,25851,8003268,7030,41.69,0,0,0,0,0,0,0
20021220,55800,56700,54500,55500,0,40941,8007687,4419,41.71,0,0,0,0,0,0,0
20021223,55700,56700,55500,55900,400,47540,8022267,14580,41.79,0,0,0,0,0,0,0
20021224,55900,55900,53400,54500,1400,31020,8010747,-11520,41.73,0,0,0,0,0,0,0
20021226,54600,54900,52500,53000,1500,30976,8006787,-3960,41.71,0,0,0,0,0,0,0
20021227,51700,52700,51100,52000,1000,27272,8007677,890,41.71,0,0,0,0,0,0,0
20021230,50500,52000,48250,49100,2900,44361,8001137,-6540,41.68,0,0,0,0,0,0,0
20030102,50000,51500,49100,51400,2300,39380,8024637,23500,41.8,0,0,0,0,0,0,0
20030103,53000,53700,52000,53700,2300,49640,8059187,34550,41.98,0,0,0,0,0,0,0
20030106,54500,54500,53000,53800,100,21390,8070545,11358,42.04,0,0,0,0,0,0,0
20030107,54100,55000,53200,53600,200,39840,8097881,27340,42.18,0,0,0,0,0,0,0
20030108,54900,55300,53700,55000,1400,34530,8118551,20670,42.29,0,0,0,0,0,0,0
20030109,54800,54800,52500,52500,2500,60740,8121751,3200,42.31,0,0,0,0,0,0,0
20030110,53600,55000,52300,55000,2500,141700,8117431,-4320,42.28,0,0,0,0,0,0,0
20030113,56000,56400,55000,56000,1000,60563,8123151,5720,42.31,0,0,0,0,0,0,0
20030114,56400,56400,55400,56200,200,22640,8131211,8060,42.36,0,0,0,0,0,0,0
20030115,56600,57000,56000,56500,300,84063,8159301,28090,42.5,0,0,0,0,0,0,0
20030116,56900,58000,56000,57700,1200,56690,8182931,23630,42.63,0,0,0,0,0,0,0
20030117,57500,58200,56800,57000,700,74580,8177071,-5860,42.6,0,0,0,0,0,0,0
20030120,57200,59400,56700,58000,1000,60100,8196931,19860,42.7,0,0,0,0,0,0,0
20030121,58500,58500,56300,58000,0,64040,8187491,-9440,42.65,0,0,0,0,0,0,0
20030122,56600,58000,56600,58000,0,95600,8166251,-21240,42.54,0,0,0,0,0,0,0
20030123,59300,60000,57400,58000,0,75010,8165681,-570,42.54,0,0,0,0,0,0,0
20030124,59500,59500,58000,58000,0,41200,8192221,26540,42.67,0,0,0,0,0,0,0
20030127,58000,66700,56500,57500,500,50570,8212321,20100,42.78,0,0,0,0,0,0,0
20030128,57000,58300,57000,57500,0,24150,8203361,-8960,42.73,0,0,0,0,0,0,0
20030129,57500,57500,55700,56500,1000,112540,8149691,-53670,42.45,0,0,0,0,0,0,0
20030130,56000,56800,56000,56500,0,40760,8114171,-35520,42.27,0,0,0,0,0,0,0
20030203,55500,55900,55000,55200,1300,34280,8096743,-17428,42.18,0,0,0,0,0,0,0
20030204,55400,56300,55000,56300,1100,29790,8100213,3470,42.19,0,0,0,0,0,0,0
20030205,55500,56500,55500,56500,200,27460,8091823,-8390,42.15,0,0,0,0,0,0,0
20030206,56500,56500,55800,56500,0,46670,8094853,3030,42.17,0,0,0,0,0,0,0
20030207,56000,56500,55600,56500,0,51980,8095843,990,42.17,0,0,0,0,0,0,0
20030210,56400,56800,55400,56800,300,80050,8079403,-16440,42.09,0,0,0,0,0,0,0
20030211,57000,57000,55900,57000,200,97200,8081983,2580,42.1,0,0,0,0,0,0,0
20030212,56500,56600,56100,56500,500,54078,8068333,-13650,42.03,0,0,0,0,0,0,0
20030213,56500,56500,53500,56500,0,197501,8027473,-40860,41.82,0,0,0,0,0,0,0
20030214,54500,55300,54200,55000,1500,63861,8003283,-24190,41.69,0,0,0,0,0,0,0
20030217,55400,55700,55400,55600,600,54628,7979133,-24150,41.56,0,0,0,0,0,0,0
20030218,55600,55900,53900,54700,900,73270,7941293,-37840,41.37,0,0,0,0,0,0,0
20030219,55100,55600,54300,55100,400,77060,7893463,-47830,41.12,0,0,0,0,0,0,0
20030220,54500,55900,54400,55100,0,68084,7857803,-35660,40.93,0,0,0,0,0,0,0
20030221,54400,54900,54200,54700,400,37760,7844863,-12940,40.86,0,0,0,0,0,0,0
20030224,54200,55700,54200,55400,700,52680,7817833,-27030,40.72,0,0,0,0,0,0,0
20030225,54500,54800,53900,54600,800,64794,7784283,-33550,40.55,0,0,0,0,0,0,0
20030226,54200,54200,53600,53700,900,29422,7766953,-17330,40.46,0,0,0,0,0,0,0
20030227,53100,53400,51400,53400,300,88051,7720193,-46760,40.22,0,0,0,0,0,0,0
20030228,53700,53700,51800,52300,1100,57480,7689163,-31030,40.05,0,0,0,0,0,0,0
20030303,51400,52500,51400,52100,200,29732,7673313,-15850,39.97,0,0,0,0,0,0,0
20030304,51000,51400,50500,50900,1200,37532,7657713,-15600,39.88,0,0,0,0,0,0,0
20030305,50000,50900,49500,50900,0,41211,7643153,-14560,39.81,0,0,0,0,0,0,0
20030306,50900,51700,50900,50900,0,39811,7668143,24990,39.94,0,0,0,0,0,0,0
20030307,51000,53500,50600,51400,500,52550,7683543,15400,40.02,0,0,0,0,0,0,0
20030310,50800,53000,50800,53000,1600,58650,7702923,19380,40.13,0,0,0,0,0,0,0
20030311,52100,53700,52000,52900,100,55860,7710543,7620,40.16,0,0,0,0,0,0,0
20030312,53500,55400,53500,55000,2100,35200,7711833,1290,40.17,0,0,0,0,0,0,0
20030313,54500,60000,53700,60000,5000,83930,7719263,7430,40.21,0,0,0,0,0,0,0
20030314,58000,59900,56600,56600,3400,49452,7692163,-27100,40.07,0,0,0,0,0,0,0
20030317,55300,55500,52200,55000,1600,58961,7657683,-34480,39.88,0,0,0,0,0,0,0
20030318,55000,57500,54300,55000,0,66600,7631993,-25690,39.76,0,0,0,0,0,0,0
20030319,54100,54800,52700,53900,1100,108452,7582683,-49310,39.5,0,0,0,0,0,0,0
20030320,54300,54700,53500,54400,500,83350,7552893,-29790,39.34,0,0,0,0,0,0,0
20030321,54400,56300,54100,56100,1700,55260,7562473,9580,39.38,0,0,0,0,0,0,0
20030324,55700,56500,54600,56100,0,57999,7565213,2740,39.41,0,0,0,0,0,0,0
20030325,55300,56900,54500,56100,0,70276,7575853,10640,39.46,0,0,0,0,0,0,0
20030326,56600,57400,56200,56500,400,48328,7584123,8270,39.51,0,0,0,0,0,0,0
20030327,57100,57500,56200,56500,0,24360,7582963,-1160,39.5,0,0,0,0,0,0,0
20030328,56500,58800,56500,58400,1900,54080,7607553,24590,39.63,0,0,0,0,0,0,0
20030331,57900,58500,57200,57500,900,24640,7612713,5160,39.66,0,0,0,0,0,0,0
20030401,57500,58300,56800,57400,100,36144,7615343,2630,39.67,0,0,0,0,0,0,0
20030402,57800,58500,57400,58500,1100,75730,7598313,-17030,39.58,0,0,0,0,0,0,0
20030403,59200,61500,59200,60600,2100,55736,7587163,-11150,39.52,0,0,0,0,0,0,0
20030404,60100,60500,59000,59500,1100,67902,7551963,-35200,39.34,0,0,0,0,0,0,0
20030407,60900,60900,59300,59800,300,109090,7491323,-60640,39.02,0,0,0,0,0,0,0
20030408,60900,60900,58400,58900,900,106460,7451003,-40320,38.81,0,0,0,0,0,0,0
20030409,59000,59300,58400,59200,300,32540,7460043,9040,38.86,0,0,0,0,0,0,0
20030410,59000,61600,59000,61500,2300,81420,7474003,13960,38.93,0,0,0,0,0,0,0
20030411,60400,61900,59800,60000,1500,86230,7442023,-31980,38.77,0,0,0,0,0,0,0
20030414,60200,61300,59500,59800,200,66850,7407069,-34954,38.57,0,0,0,0,0,0,0
20030415,60800,62400,60500,62400,2600,86337,7403311,-3758,38.56,0,0,0,0,0,0,0
20030416,62500,62700,61700,62000,400,45569,7401341,-1970,38.55,0,0,0,0,0,0,0
20030417,62400,63000,61400,61400,600,45730,7385761,-15580,38.47,0,0,0,0,0,0,0
20030418,62100,65500,62100,64400,3000,101600,7412571,26810,38.61,0,0,0,0,0,0,0
20030421,65400,66700,63900,64500,100,87800,7388721,-23850,38.49,0,0,0,0,0,0,0
20030422,64400,64400,61700,62000,2500,47210,7376431,-12290,38.42,0,0,0,0,0,0,0
20030423,62900,63000,62000,62100,100,29114,7377641,1210,38.42,0,0,0,0,0,0,0
20030424,61800,62000,60900,61200,900,27290,7377581,-60,38.42,0,0,0,0,0,0,0
20030425,60900,61000,58900,59700,1500,51610,7395781,18200,38.52,0,0,0,0,0,0,0
20030428,59700,61000,58500,61000,1300,71183,7378091,-17690,38.42,0,0,0,0,0,0,0
20030429,61500,62500,60300,62000,1000,62350,7356901,-21190,38.32,0,0,0,0,0,0,0
20030430,62500,62500,60400,61000,1000,76772,7310291,-46610,38.08,0,0,0,0,0,0,0
20030502,61100,61800,58600,60000,1000,80548,7282841,-27450,37.94,0,0,0,0,0,0,0
20030506,61000,62500,60400,62000,2000,113265,7296871,14030,38.01,0,0,0,0,0,0,0
20030507,62000,62700,61500,62700,700,69720,7286857,-10014,37.96,0,0,0,0,0,0,0
20030509,63000,65400,63000,65400,2700,82010,7336517,49660,38.22,0,0,0,0,0,0,0
20030512,66000,68500,66000,68200,2800,66270,7353217,16700,38.3,0,0,0,0,0,0,0
20030513,69000,69000,66600,67500,700,73390,7364157,10940,38.36,0,0,0,0,0,0,0
20030514,66200,67000,64200,64800,2700,53985,7336577,-27580,38.22,0,0,0,0,0,0,0
20030515,66900,69000,65100,68700,3900,39350,7334827,-1750,38.21,0,0,0,0,0,0,0
20030516,68700,68700,65500,67500,1200,70760,7335127,300,38.21,0,0,0,0,0,0,0
20030519,65500,65500,64000,65000,2500,85521,7304937,-30190,38.05,0,0,0,0,0,0,0
20030520,63500,65500,63300,65500,500,68973,7283557,-21380,37.94,0,0,0,0,0,0,0
20030521,64500,65200,64200,64500,1000,66381,7272087,-11470,37.88,0,0,0,0,0,0,0
20030522,65200,66200,64100,64600,100,62715,7281327,9240,37.93,0,0,0,0,0,0,0
20030523,65700,68000,65600,67900,3300,66175,7296797,15470,38.01,0,0,0,0,0,0,0
20030526,67500,69500,67500,69000,1100,54917,7301107,4310,38.03,0,0,0,0,0,0,0
20030527,68600,69000,67400,68500,500,33171,7303237,2130,38.04,0,0,0,0,0,0,0
20030528,69400,71400,68500,69100,600,107670,7287137,-16100,37.96,0,0,0,0,0,0,0
20030529,67900,69000,67600,68000,1100,45234,7274887,-12250,37.9,0,0,0,0,0,0,0
20030530,68800,68800,66600,67000,1000,65345,7259737,-15150,37.82,0,0,0,0,0,0,0
20030602,68300,68400,67400,67800,800,34300,7259657,-80,37.82,0,0,0,0,0,0,0
20030603,66800,67000,65100,65100,2700,67728,7244847,-14810,37.74,0,0,0,0,0,0,0
20030604,66000,66800,65600,66600,1500,45600,7256237,11250,37.8,0,0,0,0,0,0,0
20030605,66800,66900,65300,65600,1000,30155,7256777,540,37.8,0,0,0,0,0,0,0
20030609,65700,66600,64600,65700,100,52230,7257507,730,37.81,0,0,0,0,0,0,0
20030610,65500,66600,65500,66200,500,27580,7267767,10050,37.86,0,0,0,0,0,0,0
20030611,66000,66700,65200,65200,1000,50336,7256247,-11520,37.8,0,0,0,0,0,0,0
20030612,64700,66000,64700,64900,300,110068,7234326,-21991,37.68,0,0,0,0,0,0,0
20030613,65100,66500,65000,66500,1600,41770,7247606,13280,37.75,0,0,0,0,0,0,0
20030616,66700,67000,65200,65400,1100,32720,7247606,0,37.75,0,0,0,0,0,0,0
20030617,66200,67400,66100,66900,1500,65400,7243356,-4250,37.73,0,0,0,0,0,0,0
20030618,66900,67300,65800,66200,700,40760,7246456,3100,37.75,0,0,0,0,0,0,0
20030619,66900,67200,65500,65700,500,39760,7250236,3780,37.77,0,0,0,0,0,0,0
20030620,65200,65700,64500,65000,700,51570,7224086,-26150,37.63,0,0,0,0,0,0,0
20030623,65000,65000,64100,64800,200,25240,7214296,-9790,37.58,0,0,0,0,0,0,0
20030624,63900,64200,62600,63000,1800,51840,7185676,-28620,37.43,0,0,0,0,0,0,0
20030625,63100,64400,63100,63900,900,25520,7184186,-1490,37.41,0,0,0,0,0,0,0
20030626,63800,65000,63300,65000,1100,53634,7198366,14180,37.5,0,0,0,0,0,0,0
20030627,64700,66500,64700,64900,100,43844,7196096,-2270,37.49,0,0,0,0,0,0,0
20030630,66000,66000,64100,64100,800,44240,7193056,-3040,37.47,0,0,0,0,0,0,0
20030701,64100,68000,63800,68000,3900,104530,7231196,38140,37.67,0,0,0,0,0,0,0
20030702,67400,69500,67000,69500,1500,115110,7272566,41370,37.88,0,0,0,0,0,0,0
20030703,69700,69700,66500,66800,2700,69840,7265536,-7033,37.85,0,0,0,0,0,0,0
20030704,67400,67500,66000,66700,100,30912,7257109,-8430,37.8,0,0,0,0,0,0,0
20030707,66700,67500,66500,66700,0,29735,7252099,-5010,37.78,0,0,0,0,0,0,0
20030708,67000,67000,65500,66200,500,94750,7261449,9350,37.83,0,0,0,0,0,0,0
20030709,66200,66800,65500,65700,500,67037,7278069,16620,37.91,0,0,0,0,0,0,0
20030710,65200,66000,65000,65000,700,68960,7282879,4810,37.94,0,0,0,0,0,0,0
20030711,65000,66400,64300,65100,100,113520,7243359,-39520,37.73,0,0,0,0,0,0,0
20030714,65000,65300,64500,64800,300,88120,7247729,4370,37.75,0,0,0,0,0,0,0
20030715,65700,65700,65000,65100,300,55800,7270189,22460,37.87,0,0,0,0,0,0,0
20030716,65100,65700,65000,65100,0,47178,7281659,11470,37.93,0,0,0,0,0,0,0
20030718,64500,65300,64000,64400,700,21521,7286109,4450,37.95,0,0,0,0,0,0,0
20030721,64000,65000,63600,64000,400,58952,7299199,13090,38.02,0,0,0,0,0,0,0
20030722,64100,65800,64100,65500,1500,56080,7319229,20030,38.12,0,0,0,0,0,0,0
20030723,66200,69100,66000,69100,3600,169593,7429969,110740,38.7,0,0,0,0,0,0,0
20030724,69600,71000,68500,70000,900,87170,7458489,28520,38.85,0,0,0,0,0,0,0
20030725,70000,70000,68000,69500,500,26940,7467989,9500,38.9,0,0,0,0,0,0,0
20030728,69500,72000,69500,72000,2500,78420,7520059,52070,39.17,0,0,0,0,0,0,0
20030729,72000,73000,71500,72000,0,38010,7535159,15100,39.25,0,0,0,0,0,0,0
20030730,73300,74500,73000,73600,1600,41440,7551359,16200,39.34,0,0,0,0,0,0,0
20030731,73800,74500,72300,74400,800,29210,7562179,10820,39.38,0,0,0,0,0,0,0
20030801,74600,77600,74600,76700,2300,23113,7572719,10540,39.45,0,0,0,0,0,0,0
20030804,72300,74100,71200,72300,4400,42752,7567369,-5350,39.42,0,0,0,0,0,0,0
20030805,72100,73300,72100,72900,600,22051,7572789,5420,39.45,0,0,0,0,0,0,0
20030806,72600,74600,72600,73200,300,12940,7576709,3920,39.47,0,0,0,0,0,0,0
20030807,72700,73200,70900,71500,1700,27352,7576199,-510,39.47,0,0,0,0,0,0,0
20030808,72000,74700,70400,72400,900,39897,7599669,23470,39.58,0,0,0,0,0,0,0
20030811,73000,73300,71400,72800,400,14700,7606639,6970,39.62,0,0,0,0,0,0,0
20030812,73600,74100,71500,73500,700,33967,7626879,20240,39.73,0,0,0,0,0,0,0
20030813,73600,74600,72000,73400,100,26510,7640299,13420,39.8,0,0,0,0,0,0,0
20030814,72700,72900,71300,72000,1400,34290,7638299,-2000,39.78,0,0,0,0,0,0,0
20030818,71600,73700,69300,69800,2200,74302,7624969,-13330,39.72,0,0,0,0,0,0,0
20030819,70800,70800,66400,67100,2700,101456,7615413,-9556,39.67,0,0,0,0,0,0,0
20030820,67600,68400,65900,65900,1200,39651,7615293,-120,39.67,0,0,0,0,0,0,0
20030821,65200,68000,65200,68000,2100,32760,7617763,2470,39.68,0,0,0,0,0,0,0
20030822,67300,67800,66600,67100,900,23520,7611313,-6450,39.65,0,0,0,0,0,0,0
20030825,67000,68000,67000,67100,0,16460,7606133,-5180,39.62,0,0,0,0,0,0,0
20030826,66500,67800,66500,66800,300,36111,7596913,-9220,39.57,0,0,0,0,0,0,0
20030827,66600,67300,66200,66600,200,41491,7591753,-5160,39.55,0,0,0,0,0,0,0
20030828,67000,67400,66700,67000,400,22900,7590443,-1310,39.53,0,0,0,0,0,0,0
20030829,67500,67600,66900,66900,100,39570,7589803,-640,39.53,0,0,0,0,0,0,0
20030901,66500,67300,66400,66800,100,27530,7586033,-3770,39.52,0,0,0,0,0,0,0
20030902,66800,68700,66300,68000,1200,35695,7591118,5085,39.53,0,0,0,0,0,0,0
20030903,67200,68000,66800,67900,100,44220,7567128,-23990,39.42,0,0,0,0,0,0,0
20030904,68000,68000,67000,68000,100,25140,7580168,13040,39.48,0,0,0,0,0,0,0
20030905,68500,68500,66800,67000,1000,34293,7585246,5078,39.51,0,0,0,0,0,0,0
20030908,65800,67700,65800,66900,100,33980,7586786,1540,39.52,0,0,0,0,0,0,0
20030909,65500,67400,65200,66400,500,113610,7573426,-13360,39.45,0,0,0,0,0,0,0
20030915,66000,66100,64700,64900,1500,71414,7524316,-49110,39.19,0,0,0,0,0,0,0
20030916,65000,65800,65000,65300,400,24257,7520656,-3660,39.18,0,0,0,0,0,0,0
20030917,65600,67200,65600,67000,1700,59120,7518996,-1660,39.17,0,0,0,0,0,0,0
20030918,67700,68100,67500,67900,900,43407,7525846,6850,39.2,0,0,0,0,0,0,0
20030919,65100,68500,65000,67900,0,37970,7512786,-13060,39.13,0,0,0,0,0,0,0
20030922,68500,68700,67800,67800,100,51602,7519026,6240,39.17,0,0,0,0,0,0,0
20030923,69400,69800,67900,67900,100,23332,7516426,-2600,39.15,0,0,0,0,0,0,0
20030924,65500,68900,64900,68900,1000,47380,7525376,8950,39.2,0,0,0,0,0,0,0
20030925,68900,68900,65300,68500,400,29400,7530436,5060,39.23,0,0,0,0,0,0,0
20030926,68000,68000,65500,68000,500,21996,7532696,2260,39.24,0,0,0,0,0,0,0
20030929,68000,68700,67000,68200,200,29850,7527696,-5000,39.21,0,0,0,0,0,0,0
20030930,68200,70000,68200,70000,1800,58946,7551594,23898,39.34,0,0,0,0,0,0,0
20031001,70000,70000,67600,69400,600,18080,7549764,-1830,39.33,0,0,0,0,0,0,0
20031002,68000,69400,67300,68700,700,24850,7540334,-9430,39.28,0,0,0,0,0,0,0
20031006,69700,69700,67800,68800,100,29330,7543944,3610,39.3,0,0,0,0,0,0,0
20031007,68800,69600,68400,68400,400,55050,7556374,12430,39.36,0,0,0,0,0,0,0
20031008,68000,69500,68000,69400,1000,27430,7568604,12230,39.43,0,0,0,0,0,0,0
20031009,69900,79800,68400,79800,10400,58305,7570144,1540,39.43,0,0,0,0,0,0,0
20031010,76500,78000,72600,73800,6000,84170,7531824,-38320,39.23,0,0,0,0,0,0,0
20031013,74700,75000,73200,74300,500,50980,7534954,3130,39.25,0,0,0,0,0,0,0
20031014,73000,77300,73000,77300,3000,42370,7530104,-4850,39.22,0,0,0,0,0,0,0
20031015,77300,79000,75000,76700,600,16800,7530674,570,39.23,0,0,0,0,0,0,0
20031016,76100,88200,75100,87900,11200,58710,7540884,10210,39.28,0,0,0,0,0,0,0
20031017,85300,89500,78600,78600,9300,53802,7522844,-18040,39.19,0,0,0,0,0,0,0
20031020,80800,84200,78800,82800,4200,25550,7510729,-12115,39.12,0,0,0,0,0,0,0
20031021,83100,85000,82600,83000,200,44730,7525974,15245,39.2,0,0,0,0,0,0,0
20031022,82100,84200,82000,82000,1000,30120,7528964,2990,39.22,0,0,0,0,0,0,0
20031023,82100,83000,81500,82000,0,30980,7554314,25350,39.35,0,0,0,0,0,0,0
20031024,82500,83700,80000,82000,0,23830,7558514,4200,39.37,0,0,0,0,0,0,0
20031027,85000,85500,83000,85000,3000,29730,7558494,-20,39.37,0,0,0,0,0,0,0
20031028,87000,87000,84200,85900,900,60460,7546394,-12100,39.31,0,0,0,0,0,0,0
20031029,95900,95900,87300,88200,2300,41550,7545294,-1100,39.3,0,0,0,0,0,0,0
20031030,89100,89300,85500,87400,800,48767,7544384,-910,39.3,0,0,0,0,0,0,0
20031031,88900,92700,86500,90000,2600,46240,7555304,10920,39.36,0,0,0,0,0,0,0
20031103,90300,92900,88500,91400,1400,22761,7546924,-8380,39.31,0,0,0,0,0,0,0
20031104,90400,92000,89100,90000,1400,27377,7558684,11760,39.37,0,0,0,0,0,0,0
20031105,90000,92500,89100,90000,0,32853,7556264,-2420,39.36,0,0,0,0,0,0,0
20031106,89300,92500,89300,90500,500,43970,7555084,-1180,39.36,0,0,0,0,0,0,0
20031107,90000,92900,89600,90000,500,74560,7553594,-1490,39.35,0,0,0,0,0,0,0
20031110,89300,89600,84000,86800,3200,34151,7570214,16620,39.43,0,0,0,0,0,0,0
20031111,87600,88400,82000,82000,4800,33357,7575594,5380,39.46,0,0,0,0,0,0,0
20031112,83000,84100,82100,82500,500,30346,7577524,1930,39.47,0,0,0,0,0,0,0
20031113,83300,87400,82600,87400,4900,44130,7587274,9750,39.52,0,0,0,0,0,0,0
20031114,85100,88900,84000,88900,1500,19440,7591954,4680,39.55,0,0,0,0,0,0,0
20031117,87000,87300,81300,81300,7600,40130,7592044,90,39.55,0,0,0,0,0,0,0
20031118,81500,83700,81500,83100,1800,28720,7589864,-2180,39.53,0,0,0,0,0,0,0
20031119,83400,83400,80300,80800,2300,34250,7606984,17120,39.63,0,0,0,0,0,0,0
20031120,80100,83100,80100,82100,1300,26760,7603074,-3910,39.61,0,0,0,0,0,0,0
20031121,83000,83800,80000,82100,0,14390,7609374,6300,39.63,0,0,0,0,0,0,0
20031124,81300,84600,80500,84600,2500,24410,7609284,-90,39.63,0,0,0,0,0,0,0
20031125,82100,89800,82100,89000,4400,25470,7609724,440,39.63,0,0,0,0,0,0,0
20031126,87100,90000,86500,88400,600,30070,7601284,-8440,39.6,0,0,0,0,0,0,0
20031127,87300,87800,84900,85300,3100,13528,7597544,-3740,39.58,0,0,0,0,0,0,0
20031128,84500,86900,84500,84500,800,31900,7587104,-10440,39.52,0,0,0,0,0,0,0
20031201,84300,85200,82200,83900,600,27030,7575704,-11400,39.46,0,0,0,0,0,0,0
20031202,84400,85300,83100,83300,600,17770,7568664,-7040,39.43,0,0,0,0,0,0,0
20031203,83300,84200,80300,81000,2300,88992,7521444,-47220,39.18,0,0,0,0,0,0,0
20031204,80600,82100,80500,80900,100,27673,7505564,-15880,39.1,0,0,0,0,0,0,0
20031205,81300,81900,79900,80000,900,41360,7504194,-1370,39.09,0,0,0,0,0,0,0
20031208,78000,78500,76000,76100,3900,48200,7494364,-9830,39.04,0,0,0,0,0,0,0
20031209,76500,78400,76500,77200,1100,22121,7487344,-7020,39.0,0,0,0,0,0,0,0
20031210,77000,77700,75600,76600,600,65410,7483834,-3510,38.98,0,0,0,0,0,0,0
20031211,77400,78100,75000,75000,1600,145030,7447274,-36560,38.79,0,0,0,0,0,0,0
20031212,78200,80500,77700,78400,3400,156200,7449314,2040,38.8,0,0,0,0,0,0,0
20031215,81400,85300,81400,84000,5600,84012,7472234,22920,38.92,0,0,0,0,0,0,0
20031216,82700,83500,81000,81400,2600,36149,7467704,-4530,38.9,0,0,0,0,0,0,0
20031217,82700,82700,79800,80200,1200,42811,7487424,19720,39.0,0,0,0,0,0,0,0
20031218,80000,81400,80000,80900,700,64320,7470934,-15160,38.92,0,0,0,0,0,0,0
20031219,81900,82300,80700,81500,600,23188,7473404,2470,38.93,0,0,0,0,0,0,0
20031222,81500,82300,81200,82200,700,35213,7474124,720,38.93,0,0,0,0,0,0,0
20031223,81300,84500,81300,83700,1500,30690,7483714,9590,38.98,0,0,0,0,0,0,0
20031224,84200,86000,84200,84900,1200,27202,7493604,9890,39.03,0,0,0,0,0,0,0
20031226,84900,86000,84000,85300,400,18578,7501584,7980,39.08,0,0,0,0,0,0,0
20031229,84600,86100,84300,85000,300,22114,7512204,10620,39.13,0,0,0,0,0,0,0
20031230,90000,90000,86500,87400,2400,21251,7522994,10790,39.19,0,0,0,0,0,0,0
20040102,87400,90000,86800,89200,1800,22505,7529674,6680,39.22,5880,0,0,0,0,0,0
20040105,90200,90200,86000,86500,2700,28080,7534984,5310,39.25,-9340,0,0,0,0,0,0
20040106,87000,89200,86600,87900,1400,36416,7559614,24630,39.38,-16811,0,0,0,0,0,0
20040107,87900,89500,86800,86800,1100,20524,7563244,3630,39.4,-2540,0,0,0,0,0,0
20040108,85500,89200,85500,86700,100,38066,7575074,11830,39.46,-7930,0,0,0,0,0,0
20040109,87300,90000,85700,85700,1000,29026,7581684,6610,39.48,-3026,0,0,0,0,0,0
20040112,85600,85600,83300,84000,1700,23450,7581674,-10,39.48,-9600,0,0,0,0,0,0
20040113,84100,87200,84100,87000,3000,31353,7601404,19730,39.6,-11950,0,0,0,0,0,0
20040114,88200,91900,88000,91700,4700,36140,7605364,3960,39.62,10220,0,0,0,0,0,0
20040115,90400,90400,87700,88400,3300,37251,7610544,5180,39.63,-12150,0,0,0,0,0,0
20040116,89000,89500,87000,87800,600,26480,7611514,970,39.65,-4770,0,0,0,0,0,0
20040119,86500,89000,86300,88300,500,29924,7606124,-5390,39.62,1620,0,0,0,0,0,0
20040120,86900,88500,86800,86800,1500,21844,7613654,7530,39.66,-11670,0,0,0,0,0,0
20040126,86100,89100,84800,89100,2300,59030,7647824,34170,39.83,-28390,0,0,0,0,0,0
20040127,87600,88200,87000,88000,1100,21011,7650214,2390,39.85,-5380,0,0,0,0,0,0
20040128,89200,89200,86300,88000,0,42171,7650484,270,39.85,17900,0,0,0,0,0,0
20040129,88100,90100,88000,90000,2000,70601,7648394,-2090,39.83,50760,0,0,0,0,0,0
20040130,91500,92500,89000,91200,1200,67910,7647374,-1020,39.83,47110,0,0,0,0,0,0
20040202,92800,92800,90000,90000,1200,48170,7652004,4630,39.86,26160,0,0,0,0,0,0
20040203,90000,92400,89100,91000,1000,53090,7650264,-1740,39.85,24530,0,0,0,0,0,0
20040204,91900,92400,90200,92000,1000,15510,7651053,789,39.86,950,0,0,0,0,0,0
20040205,93500,93500,90100,90500,1500,21420,7643203,-7850,39.81,10470,0,0,0,0,0,0
20040206,89600,89600,86000,86600,3900,43320,7629993,-13210,39.75,-980,0,0,0,0,0,0
20040209,86500,88000,86400,86600,0,14600,7630403,410,39.75,-4820,0,0,0,0,0,0
20040210,86800,88000,85900,87000,400,32622,7624873,-5530,39.72,3240,0,0,0,0,0,0
20040211,86000,87900,86000,87800,800,26770,7630711,5838,39.75,10770,0,0,0,0,0,0
20040212,87800,88600,87700,88600,800,54190,7621871,-8840,39.7,11000,0,0,0,0,0,0
20040213,88900,89000,87500,88300,300,12680,7618751,-3120,39.68,5690,0,0,0,0,0,0
20040216,87300,88100,86100,86900,1400,17121,7618861,110,39.68,-4750,0,0,0,0,0,0
20040217,87800,88200,86800,87200,300,36130,7636971,18110,39.78,1800,0,0,0,0,0,0
20040218,87000,87000,86300,86300,900,32250,7654901,17930,39.88,-2070,0,0,0,0,0,0
20040219,87400,87500,85400,85600,700,57392,7642711,-12190,39.81,-15752,0,0,0,0,0,0
20040220,85100,86300,84400,85600,0,18630,7653531,10820,39.87,-7190,0,0,0,0,0,0
20040223,86600,87300,86600,87000,1400,52350,7692731,39200,40.07,3670,0,0,0,0,0,0
20040224,87800,88600,87300,87600,600,19073,7697351,4620,40.1,8480,0,0,0,0,0,0
20040225,87300,88700,87300,88700,1100,11930,7700671,3320,40.11,4970,0,0,0,0,0,0
20040226,86300,89100,86300,88200,500,23530,7704581,3910,40.13,-1970,0,0,0,0,0,0
20040227,88500,90000,87900,90000,1800,24095,7710101,5520,40.16,2880,0,0,0,0,0,0
20040302,89000,91000,88100,89300,700,15846,7718311,8210,40.21,-3386,0,0,0,0,0,0
20040303,90200,90200,87800,87800,1500,18730,7718461,150,40.21,-1064,0,0,0,0,0,0
20040304,88000,89000,87000,87000,800,25925,7714731,-3730,40.19,2240,0,0,0,0,0,0
20040305,87900,87900,86200,87100,100,51060,7736601,21870,40.3,-15740,0,0,0,0,0,0
20040308,87200,89000,87200,88000,900,30275,7744661,8060,40.34,2450,0,0,0,0,0,0
20040309,89800,89800,86700,87300,700,17675,7736051,-8610,40.3,8180,0,0,0,0,0,0
20040310,87700,87800,83400,83400,3900,38000,7716691,-19360,40.2,-8500,0,0,0,0,0,0
20040311,84400,84500,81000,81000,2400,94590,7706881,-9810,40.15,-21900,0,0,0,0,0,0
20040312,81600,81600,77000,79000,2000,56644,7708631,1750,40.15,-14910,0,0,0,0,0,0
20040315,80000,80900,79900,80800,1800,18117,7712931,4300,40.18,-50,0,0,0,0,0,0
20040316,81600,81800,79200,79200,1600,28800,7707861,-5070,40.15,9710,0,0,0,0,0,0
20040317,80000,81500,79300,81400,2200,15447,7709451,1590,40.16,-317,0,0,0,0,0,0
20040318,81600,83900,81300,83800,2400,30131,7725631,16180,40.24,-4017,0,0,0,0,0,0
20040319,84800,85800,83600,85800,2000,19585,7736291,10660,40.3,3788,0,0,0,0,0,0
20040322,85000,85000,82000,82600,3200,24152,7744611,8320,40.34,-15960,0,0,0,0,0,0
20040323,83600,84200,80900,83000,400,19259,7745311,700,40.35,1923,0,0,0,0,0,0
20040324,82000,82100,80400,80700,2300,45065,7738701,-6610,40.31,-14540,0,0,0,0,0,0
20040325,81000,82500,80900,82500,1800,28021,7737621,-1080,40.31,12170,0,0,0,0,0,0
20040326,82500,84600,82500,84500,2000,23680,7731231,-6390,40.27,16528,0,0,0,0,0,0
20040329,83300,85500,83300,85000,500,10540,7727791,-3440,40.25,8890,0,0,0,0,0,0
20040330,84200,84200,82700,83000,2000,15078,7729001,1210,40.26,-7448,0,0,0,0,0,0
20040331,83200,84200,82700,83100,100,26376,7735891,6890,40.3,-9796,0,0,0,0,0,0
20040401,83100,83100,82100,82700,400,15390,7739551,3660,40.32,-7450,0,0,0,0,0,0
20040402,82100,83400,82000,82000,700,29780,7731081,-8470,40.27,-2840,0,0,0,0,0,0
20040406,83000,84000,83000,83400,1400,24980,7741111,10030,40.32,-6560,0,0,0,0,0,0
20040407,83800,83800,82100,83000,400,17120,7748011,6900,40.36,-4190,0,0,0,0,0,0
20040408,83000,86100,82300,86100,3100,33590,7752361,4350,40.38,5930,0,0,0,0,0,0
20040409,83700,85700,83600,84900,1200,17590,7756741,4380,40.41,-6820,0,0,0,0,0,0
20040412,84900,88500,84800,87500,2600,33422,7756741,0,40.41,17370,0,0,0,0,0,0
20040413,87500,88000,86800,87600,100,35310,7761401,4660,40.43,870,0,0,0,0,0,0
20040414,85200,87600,85100,86400,1200,40702,7752991,-8410,40.39,3690,0,0,0,0,0,0
20040416,85100,85700,84000,84600,1800,33910,7757271,4280,40.41,-16530,0,0,0,0,0,0
20040419,83100,85800,83100,85300,700,60040,7774843,17572,40.5,-14660,0,0,0,0,0,0
20040420,86200,88000,85400,88000,2700,43155,7778429,3586,40.52,3290,0,0,0,0,0,0
20040421,88500,88500,87500,88200,200,53751,7789415,10986,40.58,-5810,0,0,0,0,0,0
20040422,86900,88200,85900,86400,1800,40773,7796261,6846,40.61,-10770,0,0,0,0,0,0
20040423,87000,88400,85700,87000,600,29060,7788151,-8110,40.57,8970,0,0,0,0,0,0
20040426,86000,86100,84200,84300,2700,29144,7783437,-4714,40.54,-9360,0,0,0,0,0,0
20040427,84600,86600,84600,85400,1100,29153,7785407,1970,40.55,1040,0,0,0,0,0,0
20040428,87500,87500,85600,86300,900,37070,7792727,7320,40.59,-13625,0,0,0,0,0,0
20040429,87300,88300,85500,87400,1100,42751,7780956,-11771,40.53,24440,0,0,0,0,0,0
20040430,88300,89000,83100,86000,1400,38834,7766340,-14616,40.46,14430,0,0,0,0,0,0
20040503,88500,88500,86000,87900,1900,24320,7765390,-950,40.45,10940,0,0,0,0,0,0
20040504,89300,89300,87400,87500,400,31051,7764480,-910,40.45,-3351,0,0,0,0,0,0
20040506,87500,88200,86900,87700,200,60460,7763450,-1030,40.44,2760,0,0,0,0,0,0
20040507,88400,88400,84000,86500,1200,55728,7767290,3840,40.46,-680,0,0,0,0,0,0
20040510,87000,87000,77500,81000,5500,48970,7772760,5470,40.49,-9900,0,0,0,0,0,0
20040511,79100,81000,76400,78100,2900,42323,7768537,-4223,40.47,-3187,0,0,0,0,0,0
20040512,77400,82000,77400,78100,0,26477,7769977,1440,40.47,-13450,0,0,0,0,0,0
20040513,80000,80000,73300,73300,4800,64070,7770627,650,40.48,-29510,0,0,0,0,0,0
20040514,73500,74400,71000,73000,300,61940,7787137,16510,40.56,-30220,0,0,0,0,0,0
20040517,73000,76000,73000,73900,900,46081,7795227,8090,40.61,9780,0,0,0,0,0,0
20040518,74000,78500,73100,74600,700,40028,7788577,-6650,40.57,4590,0,0,0,0,0,0
20040519,75600,81000,75600,79100,4500,45188,7803027,14450,40.64,205,0,0,0,0,0,0
20040520,80000,80000,76500,77200,1900,33172,7818607,15580,40.73,-15310,0,0,0,0,0,0
20040521,78500,79900,77600,79200,2000,34350,7817117,-1490,40.72,3960,0,0,0,0,0,0
20040524,79300,81000,78700,79100,100,18170,7821097,3980,40.74,-6670,0,0,0,0,0,0
20040525,79000,79900,77000,77800,1300,25975,7825637,4540,40.76,-11360,0,0,0,0,0,0
20040527,78400,79500,77600,77600,200,56790,7806437,-19200,40.66,6240,0,0,0,0,0,0
20040528,77600,78300,75400,75400,2200,117150,7785157,-21280,40.55,-1860,0,0,0,0,0,0
20040531,76000,76500,74000,75800,400,29790,7777737,-7420,40.51,-2420,0,0,0,0,0,0
20040601,75800,77400,75800,77400,1600,28660,7782657,4920,40.54,6290,0,0,0,0,0,0
20040602,77000,78900,76700,78600,1200,35450,7797237,14580,40.62,-4560,0,0,0,0,0,0
20040603,78100,79400,76400,77000,1600,38642,7803227,5990,40.64,-1180,0,0,0,0,0,0
20040604,77000,80200,77000,79300,2300,31410,7817757,14530,40.72,-30,0,0,0,0,0,0
20040607,79500,82900,79500,82900,3600,36299,7819807,2050,40.73,22020,0,0,0,0,0,0
20040608,83100,84900,81800,84000,1100,30651,7823737,3930,40.74,8420,0,0,0,0,0,0
20040609,84900,85800,81000,81200,2800,72605,7821827,-1910,40.74,3875,0,0,0,0,0,0
20040610,80400,83000,80100,80100,1100,68455,7796537,-25290,40.61,-2075,0,0,0,0,0,0
20040611,81000,81000,77100,79100,1000,51770,7806437,9900,40.66,-17820,0,0,0,0,0,0
20040614,77500,81100,77500,80500,1400,20725,7807997,1560,40.67,4915,0,0,0,0,0,0
20040615,82000,82000,77700,80500,0,32505,7803817,-4180,40.64,7506,0,0,0,0,0,0
20040616,82000,82100,80000,80100,400,27331,7809137,5320,40.68,1250,0,0,0,0,0,0
20040617,81900,82000,80100,82000,1900,12609,7810715,1578,40.69,6090,0,0,0,0,0,0
20040618,81500,81500,78500,80200,1800,25900,7809815,-900,40.68,-6200,0,0,0,0,0,0
20040621,81300,82100,79400,82000,1800,34851,7823835,14020,40.76,6067,0,0,0,0,0,0
20040622,80800,81700,78600,81500,500,18061,7823575,-260,40.74,-2500,0,0,0,0,0,0
20040623,81700,82200,79500,79500,2000,19573,7825295,1720,40.76,-3920,0,0,0,0,0,0
20040624,80100,82000,80100,81900,2400,26350,7825315,20,40.76,12620,0,0,0,0,0,0
20040625,81800,82600,80700,82000,100,17254,7825395,80,40.76,10610,0,0,0,0,0,0
20040628,82000,82100,80500,81100,900,17240,7827065,1670,40.77,-3503,0,0,0,0,0,0
20040629,81500,82900,81000,82000,900,26990,7824085,-2980,40.76,16942,0,0,0,0,0,0
20040630,81800,83000,81100,82000,0,18120,7825775,1690,40.77,4250,0,0,0,0,0,0
20040701,81500,84800,81400,83200,1200,26503,7836265,10490,40.82,-3390,0,0,0,0,0,0
20040702,82100,82100,80300,80500,2700,20110,7837765,1500,40.83,-11890,0,0,0,0,0,0
20040705,80400,81000,79000,80000,500,35795,7814515,-23250,40.71,15150,0,0,0,0,0,0
20040706,80000,80400,78300,79700,300,20920,7802895,-11620,40.64,5270,0,0,0,0,0,0
20040707,79600,80000,77200,80000,300,17550,7800985,-1910,40.64,2850,0,0,0,0,0,0
20040708,79100,79400,77100,77100,2900,37376,7801765,780,40.64,-14570,0,0,0,0,0,0
20040709,77700,80000,77400,78100,1000,32340,7808895,7130,40.68,4780,0,0,0,0,0,0
20040712,78200,80500,77700,79700,1600,22600,7811375,2480,40.69,-560,0,0,0,0,0,0
20040713,80000,80500,78300,78800,900,8930,7810485,-890,40.69,-1180,0,0,0,0,0,0
20040714,78800,79400,76800,77400,1400,20010,7810325,-160,40.68,-11570,0,0,0,0,0,0
20040715,76500,77900,76400,77900,500,15071,7812825,2500,40.69,2620,0,0,0,0,0,0
20040716,78200,78600,76000,77900,0,19465,7813505,680,40.69,-1830,0,0,0,0,0,0
20040719,78200,80000,77700,80000,2100,17342,7810865,-2640,40.69,4040,0,0,0,0,0,0
20040720,79300,79400,78100,78100,1900,25018,7824215,13350,40.76,-12930,0,0,0,0,0,0
20040721,79600,80500,78700,79900,1800,19200,7823935,-280,40.76,11110,0,0,0,0,0,0
20040722,78500,78800,77800,78100,1800,16905,7823715,-220,40.74,-12450,0,0,0,0,0,0
20040723,79000,79000,77000,77300,800,21080,7821775,-1940,40.74,-10420,0,0,0,0,0,0
20040726,77000,77800,76500,77700,400,7400,7821535,-240,40.74,1530,0,0,0,0,0,0
20040727,78400,78400,76500,77700,0,12330,7818695,-2840,40.73,3159,0,0,0,0,0,0
20040728,77800,78600,77300,78500,800,15940,7820185,1490,40.74,6270,0,0,0,0,0,0
20040729,79000,79000,77200,78000,500,12640,7824455,4270,40.76,130,0,0,0,0,0,0
20040730,78000,78800,77500,78500,500,15070,7830155,5700,40.79,1930,0,0,0,0,0,0
20040802,78000,78500,74000,74000,4500,30030,7822685,-7470,40.74,-10980,0,0,0,0,0,0
20040803,76100,76100,74500,75600,1600,11760,7830575,7890,40.79,-2980,0,0,0,0,0,0
20040804,74100,75600,73000,75600,0,20060,7837415,6840,40.83,-2250,0,0,0,0,0,0
20040805,74100,75600,74100,75600,0,15815,7836195,-1220,40.82,2873,0,0,0,0,0,0
20040806,75200,75400,74100,74800,800,19130,7844785,8590,40.86,-9710,0,0,0,0,0,0
20040809,75700,77400,73600,77300,2500,18920,7847695,2910,40.88,8650,0,0,0,0,0,0
20040810,76100,76500,75300,75700,1600,11935,7847095,-600,40.88,-4540,0,0,0,0,0,0
20040811,75900,76800,75800,76600,900,14081,7854645,7550,40.92,-4520,0,0,0,0,0,0
20040812,77200,80000,76800,80000,3400,38501,7855105,460,40.92,17340,0,0,0,0,0,0
20040813,79500,79500,77100,78500,1500,66850,7856515,1410,40.93,-8190,0,0,0,0,0,0
20040816,77500,77800,76500,77300,1200,20141,7854875,-1640,40.92,-3100,0,0,0,0,0,0
20040817,78300,78400,76100,76200,1100,22654,7853265,-1610,40.91,-1164,0,0,0,0,0,0
20040818,75500,77900,75500,77100,900,13120,7857285,4020,40.93,4690,0,0,0,0,0,0
20040819,77100,79800,77100,79700,2600,25351,7865625,8340,40.97,11830,0,0,0,0,0,0
20040820,79700,79800,78300,79000,700,8573,7860375,-5250,40.94,4708,0,0,0,0,0,0
20040823,78300,80900,78000,79400,400,11360,7859055,-1320,40.94,2600,0,0,0,0,0,0
20040824,81000,81100,78100,78500,900,9869,7854495,-4560,40.91,3176,0,0,0,0,0,0
20040825,78300,79400,77500,79400,900,15900,7849435,-5060,40.89,5800,0,0,0,0,0,0
20040826,78900,80200,78900,79500,100,12431,7855685,6250,40.92,-3981,0,0,0,0,0,0
20040827,81000,81000,79500,79800,300,13489,7854245,-1440,40.91,3399,0,0,0,0,0,0
20040830,79800,80400,77900,78000,1800,8650,7855875,300,40.92,-6000,0,0,0,0,0,0
20040831,77100,79400,77100,79000,1000,9140,7854635,-1240,40.92,3260,0,0,0,0,0,0
20040901,79900,81200,79000,79900,900,17190,7859905,5270,40.94,7110,0,0,0,0,0,0
20040902,79100,79900,78300,79900,0,8271,7860395,490,40.94,-2090,0,0,0,0,0,0
20040903,81100,81600,79900,81000,1100,11730,7867505,7110,40.98,-1760,0,0,0,0,0,0
20040906,81900,84400,81900,84400,3400,33706,7874695,7190,41.02,14400,0,0,0,0,0,0
20040907,83000,84900,83000,84900,500,14240,7873155,-1540,41.01,6140,0,0,0,0,0,0
20040908,84000,87700,84000,86500,1600,19240,7886495,13340,41.08,-6930,0,0,0,0,0,0
20040909,86500,87900,85100,87900,1400,88587,7895375,8880,41.13,-12694,0,0,0,0,0,0
20040910,87000,87000,85000,85500,2400,49971,7899225,3850,41.15,-5320,0,0,0,0,0,0
20040913,85900,88000,85500,87200,1700,85530,7895955,-3970,41.13,6770,0,0,0,0,0,0
20040914,86400,87200,85700,86100,1100,15160,7897335,1380,41.14,-2260,0,0,0,0,0,0
20040915,85600,86200,84000,84000,2100,18060,7892095,-5240,41.11,740,0,0,0,0,0,0
20040916,83600,91300,83600,88900,4900,39583,7890195,-1900,41.1,16867,0,0,0,0,0,0
20040917,87200,89500,85500,87000,1900,14320,7892785,2590,41.11,-6490,0,0,0,0,0,0
20040920,87900,94100,87900,90700,3700,22160,7891805,-980,41.11,6520,0,0,0,0,0,0
20040921,90700,93300,89300,92000,1300,55339,7890155,-1650,41.1,4415,0,0,0,0,0,0
20040922,92000,92000,87200,88000,4000,48221,7887655,-2500,41.09,-5130,0,0,0,0,0,0
20040923,88000,88500,85300,85700,2300,12551,7892865,5210,41.11,-6220,0,0,0,0,0,0
20040924,85000,86800,84200,84700,1000,12030,7894935,2070,41.13,-3760,0,0,0,0,0,0
20040930,85000,87400,84300,84600,100,16294,7893515,-1420,41.12,1566,0,0,0,0,0,0
20041001,84500,87500,84500,87500,2900,9370,7889845,-3670,41.1,5670,0,0,0,0,0,0
20041004,87400,90000,87400,88600,1100,40787,7875765,-14080,41.03,14935,0,0,0,0,0,0
20041005,88600,89500,87600,88500,100,76050,7880665,4900,41.05,-4870,0,0,0,0,0,0
20041006,87400,90000,87100,88300,200,19001,7878795,-1870,41.04,2760,0,0,0,0,0,0
20041007,87200,88900,86800,86800,1500,14960,7869905,-8890,41.0,7140,0,0,0,0,0,0
20041008,87000,90200,86000,88700,1900,21791,7871525,1620,41.0,2219,0,0,0,0,0,0
20041011,88700,88700,85900,86000,2700,37522,7860565,-10960,40.94,5740,0,0,0,0,0,0
20041012,85100,86200,84500,84800,1200,27470,7870785,10220,41.0,-12880,0,0,0,0,0,0
20041013,85900,87500,85300,86900,2100,39680,7877925,7140,41.04,-4720,0,0,0,0,0,0
20041014,86900,86900,84400,85000,1900,42980,7888975,11050,41.09,-12740,0,0,0,0,0,0
20041015,85000,85700,83100,84100,900,15800,7892405,3430,41.11,-3640,0,0,0,0,0,0
20041018,85600,85600,83000,84100,0,14169,7890005,-2400,41.1,181,0,0,0,0,0,0
20041019,84000,86000,84000,86000,1900,23785,7883935,-6070,41.07,9445,0,0,0,0,0,0
20041020,86000,87200,83100,83100,2900,12860,7885225,1290,41.07,-3810,0,0,0,0,0,0
20041021,83200,83200,79000,80000,3100,51160,7887065,1840,41.08,-9770,0,0,0,0,0,0
20041022,79700,80900,79100,79100,900,12753,7883665,-3400,41.07,113,0,0,0,0,0,0
20041025,78100,79400,76000,77600,1500,37715,7897725,14060,41.14,-16485,0,0,0,0,0,0
20041026,78100,81400,78100,80500,2900,21360,7909115,11390,41.2,-2630,0,0,0,0,0,0
20041027,80200,81400,78800,81400,900,36800,7919645,10530,41.25,-7440,0,0,0,0,0,0
20041028,81500,84000,81000,84000,2600,11610,7917415,-2230,41.24,8850,0,0,0,0,0,0
20041029,84000,84000,81300,81400,2600,21670,7913645,-3770,41.22,20,0,0,0,0,0,0
20041101,81200,81200,80000,80500,900,17190,7903155,-10490,41.17,3500,0,0,0,0,0,0
20041102,82000,86400,81500,86200,5700,49980,7897455,-5700,41.14,20970,0,0,0,0,0,0
20041103,86600,86600,83700,85100,1100,21851,7891015,-6440,41.11,7110,0,0,0,0,0,0
20041104,84300,84800,83500,84000,1100,11730,7888335,-2680,41.09,1050,0,0,0,0,0,0
20041105,85400,87400,85400,86200,2200,22270,7881205,-7130,41.05,16080,0,0,0,0,0,0
20041108,85300,85800,82300,82300,3900,20525,7878165,-3040,41.04,-9775,0,0,0,0,0,0
20041109,82800,83600,81500,81500,800,25120,7867675,-10490,40.98,4060,0,0,0,0,0,0
20041110,82900,86700,82400,86700,5200,36756,7864615,-3060,40.97,15286,0,0,0,0,0,0
20041111,84500,84500,83600,84000,2700,43890,7857065,-7550,40.93,4720,0,0,0,0,0,0
20041112,84300,86500,84300,85700,1700,49480,7838275,-18790,40.83,23773,0,0,0,0,0,0
20041115,84500,86300,83100,83600,2100,20611,7829945,-8330,40.79,3940,0,0,0,0,0,0
20041116,83600,84800,81500,81800,1800,32340,7815275,-14670,40.71,-9600,0,0,0,0,0,0
20041117,82400,83400,81800,82500,700,23401,7805455,-9820,40.66,11960,0,0,0,0,0,0
20041118,82000,82100,80500,81300,1200,25001,7794225,-11230,40.6,-5155,0,0,0,0,0,0
20041119,81900,82300,79800,80400,900,26016,7789845,-4380,40.58,-6307,0,0,0,0,0,0
20041122,80800,80800,78000,78400,2000,34140,7791555,1710,40.59,-15800,0,0,0,0,0,0
20041123,79000,82000,79000,80500,2100,39564,7797085,5530,40.62,3930,0,0,0,0,0,0
20041124,80000,82400,80000,82100,1600,19460,7795275,-1810,40.61,11010,0,0,0,0,0,0
20041125,81300,84000,81300,83100,1000,28750,7809345,14070,40.68,-4100,0,0,0,0,0,0
20041126,83900,84800,80900,80900,2200,49277,7819935,10590,40.73,-10270,0,0,0,0,0,0
20041129,80600,82800,80600,81500,600,17210,7824965,5030,40.76,860,0,0,0,0,0,0
20041130,81700,84800,80600,84800,3300,34500,7841705,16740,40.84,-50,0,0,0,0,0,0
20041201,86000,86000,82000,82500,2300,25606,7845655,3950,40.87,-11910,0,0,0,0,0,0
20041202,85000,86400,83700,86400,3900,46490,7862019,16364,40.94,7200,0,0,0,0,0,0
20041203,86800,88500,85000,85400,1000,31513,7850959,-11060,40.89,14730,0,0,0,0,0,0
20041206,86900,86900,82700,82800,2600,14290,7851479,520,40.89,-6180,0,0,0,0,0,0
20041207,82600,84100,81500,81500,1300,12810,7849679,-1800,40.89,-5190,0,0,0,0,0,0
20041208,81600,82700,81100,81600,100,15950,7839269,-10410,40.84,4610,0,0,0,0,0,0
20041209,81500,81800,80000,80200,1400,67510,7816699,-22570,40.72,1070,0,0,0,0,0,0
20041210,81900,81900,79000,80300,100,18111,7814819,-1880,40.71,-4217,0,0,0,0,0,0
20041213,80200,81700,80000,80200,100,16051,7812849,-1970,40.69,9329,0,0,0,0,0,0
20041214,79600,81000,79600,80000,200,14110,7809719,-3130,40.68,1170,0,0,0,0,0,0
20041215,81300,81600,80500,80800,800,10500,7806769,-2950,40.67,4760,0,0,0,0,0,0
20041216,80800,82000,80700,81800,1000,17311,7799969,-7570,40.63,5991,0,0,0,0,0,0
20041217,82700,82700,80700,81000,800,17700,7792419,-7550,40.59,8800,0,0,0,0,0,0
20041220,81800,83000,81100,82900,1900,21980,7794369,1390,40.6,4520,0,0,0,0,0,0
20041221,81500,82500,80900,81400,1500,22664,7790439,-4280,40.58,-9392,0,0,0,0,0,0
20041222,82100,82300,81000,81200,200,12409,7786309,-4200,40.56,5128,0,0,0,0,0,0
20041223,82200,82300,80500,80600,600,9370,7785349,-960,40.55,-1010,0,0,0,0,0,0
20041224,80000,83500,80000,82100,1500,35575,7800339,14990,40.63,-3980,0,0,0,0,0,0
20041227,82000,83500,81600,81700,400,11670,7799819,-520,40.63,3430,0,0,0,0,0,0
20041228,81600,83700,80700,83700,2000,22741,7798759,-1060,40.62,-2310,0,0,0,0,0,0
20041229,81500,85300,81500,84900,1200,28390,7807979,9220,40.67,11680,0,0,0,0,0,0
20041230,86000,86000,84500,85500,600,25827,7812199,4220,40.69,4540,0,0,0,0,0,0
20050103,85600,87600,84600,85200,300,19381,7815819,3620,40.71,7459,0,0,0,0,0,0
20050104,86900,87500,84500,84500,700,12081,7815059,-760,40.71,-2503,0,0,0,0,0,0
20050105,84300,85800,83500,85800,1300,8140,7814369,-690,40.71,910,0,0,0,0,0,0
20050106,84100,86500,82700,82700,3100,20590,7808089,-6770,40.67,-2850,0,0,0,0,0,0
20050107,82700,83400,81200,81200,1500,36061,7796469,-11620,40.61,-4050,0,0,0,0,0,0
20050110,81700,81800,80800,81100,100,16595,7793989,-2480,40.6,-2865,0,0,0,0,0,0
20050111,81200,85000,81100,85000,3900,25370,7803679,9690,40.64,-110,0,0,0,0,0,0
20050112,84500,85200,83000,83500,1500,14550,7806719,3040,40.67,-530,0,0,0,0,0,0
20050113,84000,85000,83000,85000,1500,23760,7808019,1300,40.67,-2010,0,0,0,0,0,0
20050114,85000,87800,83400,87700,2700,34870,7820159,12140,40.74,10870,0,0,0,0,0,0
20050117,87100,88500,85600,86100,1600,19100,7821189,1030,40.74,-2650,0,0,0,0,0,0
20050118,86100,87500,85500,85600,500,16330,7824627,3438,40.76,-3320,0,0,0,0,0,0
20050119,86000,86700,84500,84500,1100,17420,7821877,-2750,40.74,-4380,0,0,0,0,0,0
20050120,84000,85500,84000,85000,500,17080,7821937,60,40.74,-920,0,0,0,0,0,0
20050121,86400,86500,85100,86500,1500,16230,7821019,-918,40.74,5660,0,0,0,0,0,0
20050124,85800,87300,84000,84700,1800,27340,7815489,-5530,40.71,-500,0,0,0,0,0,0
20050125,84000,85200,83600,85200,500,16710,7812599,-2890,40.69,-2560,0,0,0,0,0,0
20050126,84400,86200,84400,86000,800,18940,7808789,-3810,40.68,10260,0,0,0,0,0,0
20050127,84500,86000,84200,84300,1700,17740,7801529,-7260,40.64,3800,0,0,0,0,0,0
20050128,84300,85300,83900,84000,300,12475,7798909,-2620,40.63,395,0,0,0,0,0,0
20050131,85300,86500,85000,86300,2300,38570,7790079,-8830,40.58,14430,0,0,0,0,0,0
20050201,86000,86000,84300,84500,1800,18380,7793109,3030,40.6,-10620,0,0,0,0,0,0
20050202,85000,85600,84200,85000,500,16320,7790189,-2920,40.58,900,0,0,0,0,0,0
20050203,85000,85300,83400,83600,1400,18140,7790519,330,40.58,-2310,0,0,0,0,0,0
20050204,84000,85600,83800,85600,2000,39684,7799709,9190,40.63,-295,0,0,0,0,0,0
20050207,84100,86500,84100,86500,900,32850,7808249,8540,40.67,-5460,0,0,0,0,0,0
20050211,85300,86600,85000,85800,700,30843,7814751,6502,40.71,-12760,0,0,0,0,0,0
20050214,85800,92100,85000,92000,6200,62986,7821041,6290,40.74,10590,0,0,0,0,0,0
20050215,92800,92800,87800,88000,4000,52060,7825141,4100,40.76,-13930,0,0,0,0,0,0
20050216,88100,89000,85800,87200,800,34830,7814961,-10180,40.71,-2790,0,0,0,0,0,0
20050217,88000,88000,86800,87600,400,26734,7815671,710,40.71,-3234,0,0,0,0,0,0
20050218,88000,90200,87600,89700,2100,43364,7815741,70,40.71,16210,0,0,0,0,0,0
20050221,88600,88600,86700,88500,1200,50272,7809161,-6580,40.68,-9360,0,0,0,0,0,0
20050222,87200,87600,86800,87100,1400,26495,7806821,-2340,40.67,-8225,0,0,0,0,0,0
20050223,87500,87800,86800,87300,200,13995,7804241,-2580,40.64,4535,0,0,0,0,0,0
20050224,87500,89000,86900,88500,1200,26830,7807161,2920,40.67,5540,0,0,0,0,0,0
20050225,88900,89500,88000,88500,0,23150,7799631,-7530,40.63,6750,0,0,0,0,0,0
20050228,87600,88400,86600,87200,1300,30770,7803001,3370,40.64,-18420,0,0,0,0,0,0
20050302,87700,90300,87100,90000,2800,90154,7836471,33470,40.82,-27730,0,0,0,0,0,0
20050303,91000,94600,90500,94000,4000,67022,7852021,15550,40.89,-7460,0,0,0,0,0,0
20050304,96000,96200,94300,95300,1300,19610,7853511,1490,40.91,6795,0,0,0,0,0,0
20050307,96400,97300,93800,93800,1500,19503,7858421,4910,40.94,-3005,0,0,0,0,0,0
20050308,93200,95000,93200,94400,600,53124,7864141,5720,40.97,-100,0,0,0,0,0,0
20050309,97300,97400,95600,97300,2900,32733,7866071,1930,40.98,4900,0,0,0,0,0,0
20050310,97500,100000,97500,100000,2700,56600,7879911,13840,41.05,470,0,0,0,0,0,0
20050311,99900,108000,99900,105000,5000,111486,7891393,11482,41.11,-6724,0,0,0,0,0,0
20050314,106000,106000,100500,102000,3000,31084,7891399,6,41.11,-7362,0,0,0,0,0,0
20050315,103000,104000,97500,98600,3400,51972,7900001,8602,41.15,-12594,0,0,0,0,0,0
20050316,98600,102000,97500,101500,2900,56756,7895081,-4920,41.13,6150,0,0,0,0,0,0
20050317,99500,105000,98900,102000,500,48219,7878163,-16918,41.04,1938,0,0,0,0,0,0
20050318,106000,106500,102500,105500,3500,33878,7871476,-6687,41.0,4459,0,0,0,0,0,0
20050321,107000,107000,102500,103000,2500,36947,7870237,-1239,41.0,-1747,0,0,0,0,0,0
20050322,102000,105000,99000,99000,4000,41305,7864064,-6173,40.96,-4022,0,0,0,0,0,0
20050323,97500,101000,97500,99000,0,27410,7863704,-360,40.96,-250,0,0,0,0,0,0
20050324,101000,101000,95600,96000,3000,38025,7845674,-18030,40.87,11774,0,0,0,0,0,0
20050325,96900,98000,94900,96700,700,18140,7843034,-2640,40.86,1870,0,0,0,0,0,0
20050328,96300,99800,96000,99500,2800,12429,7840364,-2670,40.84,5210,0,0,0,0,0,0
20050329,98000,99500,93900,93900,5600,37480,7831984,-8380,40.79,-12780,0,0,0,0,0,0
20050330,94900,94900,93800,93800,100,38890,7811654,-20330,40.69,9710,0,0,0,0,0,0
20050331,94200,98800,93200,98000,4200,114144,7805474,-6180,40.66,-1150,0,0,0,0,0,0
20050401,106000,112500,102000,106500,8500,278043,7706872,-98602,40.15,-6919,0,0,0,0,0,0
20050404,109000,109000,96800,97000,9500,123098,7670864,-36008,39.96,12779,0,0,0,0,0,0
20050406,100000,101500,98300,99600,2600,102211,7664433,-6431,39.92,8994,0,0,0,0,0,0
20050407,98200,101000,98200,100000,400,52967,7669523,5090,39.95,16570,0,0,0,0,0,0
20050408,100500,105500,100500,103000,3000,57365,7668873,-650,39.95,-2178,0,0,0,0,0,0
20050411,102000,105000,99500,99500,3500,55736,7664561,-4312,39.93,-2896,0,0,0,0,0,0
20050412,98800,100000,98300,99000,500,28648,7659531,-5030,39.9,4020,0,0,0,0,0,0
20050413,99500,100500,99100,99700,700,25274,7655951,-3580,39.88,2700,0,0,0,0,0,0
20050414,97500,100500,95300,95300,4400,66108,7658011,2060,39.88,-29180,0,0,0,0,0,0
20050415,96300,96300,94000,94500,800,49348,7655811,-2200,39.88,-10160,0,0,0,0,0,0
20050418,93700,95300,93400,95000,500,32775,7652241,-3570,39.86,4350,0,0,0,0,0,0
20050419,95000,95000,93700,93700,1300,28421,7652961,720,39.86,-3510,0,0,0,0,0,0
20050420,94200,95000,93300,94000,300,49602,7669851,16890,39.95,-14800,0,0,0,0,0,0
20050421,93300,94200,92700,94200,200,28261,7670061,202,39.95,1550,0,0,0,0,0,0
20050422,94400,95000,93700,94200,0,19916,7670489,420,39.96,20,0,0,0,0,0,0
20050425,93500,95000,93500,94300,100,15441,7668149,-2340,39.94,2220,0,0,0,0,0,0
20050426,94500,94600,93300,93300,1000,14096,7667189,-960,39.94,-3377,0,0,0,0,0,0
20050427,92900,93000,91500,91800,1500,25379,7674209,7020,39.98,-6307,0,0,0,0,0,0
20050428,92500,92700,91000,91000,800,22731,7673759,-450,39.97,1301,0,0,0,0,0,0
20050429,91400,92100,90600,91900,900,18592,7672389,-1370,39.97,3480,0,0,0,0,0,0
20050502,92100,93200,92100,93200,1300,12020,7672429,40,39.97,2340,0,0,0,0,0,0
20050503,94100,95500,94000,95000,1800,33965,7659759,-12670,39.9,8849,0,0,0,0,0,0
20050504,95000,102000,94600,101000,6000,83598,7632109,-27650,39.76,26716,0,0,0,0,0,0
20050506,99800,101500,98200,98800,2200,28584,7621087,-11022,39.7,6089,0,0,0,0,0,0
20050509,98700,98800,95200,97900,900,46440,7601947,-19140,39.6,7880,0,0,0,0,0,0
20050510,97900,98600,96700,97300,600,17399,7598387,-3560,39.58,4655,0,0,0,0,0,0
20050511,96700,97400,95500,96200,1100,23236,7595777,-2610,39.57,-2630,0,0,0,0,0,0
20050512,95100,97400,95100,96700,500,37600,7581329,-14400,39.48,13070,0,0,0,0,0,0
20050513,96000,96700,93200,96700,0,22713,7579579,-1750,39.48,1440,0,0,0,0,0,0
20050516,96700,99800,96600,98900,2200,33619,7574579,-5000,39.46,15770,0,0,0,0,0,0
20050517,99000,99900,95100,96900,2000,37745,7574149,-430,39.45,4080,0,0,0,0,0,0
20050518,97200,98400,96100,96100,800,25674,7572119,-2030,39.43,700,0,0,0,0,0,0
20050519,96400,97400,95900,96100,0,47278,7547049,-25070,39.31,19684,0,0,0,0,0,0
20050520,95500,96300,95000,95000,1100,22561,7540259,-6790,39.28,6080,0,0,0,0,0,0
20050523,94000,97000,94000,94500,500,24466,7531629,-8630,39.23,970,0,0,0,0,0,0
20050524,94500,95100,93700,95000,500,27719,7521759,-9870,39.18,5980,0,0,0,0,0,0
20050525,94800,95400,93200,93200,1800,36441,7502709,-19050,39.08,3649,0,0,0,0,0,0
20050526,92700,93300,91100,91300,1900,65268,7477689,-25020,38.95,14070,0,0,0,0,0,0
20050527,91500,92800,91500,92100,800,47065,7446739,-30950,38.79,18025,0,0,0,0,0,0
20050530,93000,94500,92400,92900,800,38909,7426059,-20680,38.67,6660,92900,92900,92900,92900,0,5
20050531,92400,94300,92400,92600,300,44143,7402099,-23960,38.56,8226,92600,92900,92600,92900,300,115
20050601,92700,93700,92700,93500,900,37376,7392139,-9960,38.51,7497,93500,93500,93500,93500,0,0
20050602,94100,94900,93600,94500,1000,39216,7383049,-9090,38.46,13530,94500,94500,94500,94500,0,0
20050603,95500,96000,94800,95300,800,48425,7365879,-17170,38.37,3940,94200,95300,94200,95000,-300,705
20050607,95300,95700,92800,93600,1700,40412,7351019,-14860,38.29,-672,93600,93600,93600,93600,0,10
20050608,91000,94000,91000,94000,400,33613,7341249,-9770,38.24,15820,94000,94000,94000,94000,0,0
20050609,93300,93900,92500,93900,100,82181,7323565,-17684,38.15,20055,93900,93900,93900,93900,0,0
20050610,93600,94600,93100,93100,800,34777,7326155,2590,38.16,-789,93100,93100,93100,93100,0,0
20050613,94500,94500,93400,94000,900,13134,7324985,-1170,38.16,4440,94000,94000,94000,94000,0,0
20050614,93200,94300,93200,94000,0,29010,7316905,-8080,38.11,9280,94000,94000,94000,94000,0,0
20050615,93900,94000,93100,93400,600,31473,7299651,-17254,38.02,6020,93400,93400,93400,93400,0,0
20050616,93500,94500,92900,92900,500,31242,7288571,-11080,37.97,5430,92900,92900,92900,92900,0,0
20050617,92500,92900,91400,91800,1100,45630,7263571,-25000,37.84,-980,91800,91800,91800,91800,0,0
20050620,91800,92000,90700,90700,1100,22920,7257441,-6130,37.8,-7015,90700,90700,90700,90700,0,0
20050621,90700,91700,90200,91000,300,34221,7244431,-13010,37.74,8930,91000,91000,91000,91000,0,0
20050622,90300,91000,90100,90200,800,52418,7219981,-24450,37.61,7397,90200,90200,90200,90200,0,0
20050623,90000,90800,88500,90800,600,69009,7212421,-7560,37.57,-15369,90800,90800,90800,90800,0,0
20050624,89900,90700,89200,90100,700,38863,7207791,-4630,37.55,-11501,90100,90100,90100,90100,0,0
20050627,90100,90500,88700,89000,1100,38951,7211401,3610,37.56,-16630,89000,89000,89000,89000,0,0
20050628,88300,89100,88000,88500,500,60219,7193341,-18060,37.47,-15110,88500,88500,88500,88500,0,0
20050629,89100,90000,88500,89700,1200,35730,7183721,-9620,37.41,4119,89700,89700,89700,89700,0,0
20050630,89100,89600,88700,89200,500,66717,7172201,-11520,37.36,-9748,89200,89200,89200,89200,0,0
20050701,88500,89600,88500,88500,700,31663,7172701,500,37.36,-18528,88500,88500,88500,88500,0,0
20050704,88300,89300,88300,89300,800,27798,7171031,-1670,37.35,-4801,89300,89300,89300,89300,0,0
20050705,89800,91900,89500,91500,2200,50906,7170303,-728,37.35,9103,91500,91500,91500,91500,0,0
20050706,91700,93300,91000,93000,1500,76881,7165353,-4950,37.31,4330,93000,93100,93000,93100,100,20
20050707,92700,93700,91800,92100,900,36081,7169943,4590,37.35,-2289,92100,92100,92100,92100,0,0
20050708,91600,92500,90900,92000,100,43749,7174873,4930,37.36,-5370,92000,92000,92000,92000,0,0
20050711,92000,95400,92000,94000,2000,88176,7194633,19760,37.48,12167,94000,94000,94000,94000,0,2
20050712,94500,98100,94500,96800,2800,125986,7198613,3980,37.5,-13960,97000,97000,96500,96500,-300,15
20050713,98000,98200,97000,97900,1100,141264,7141843,-56770,37.2,55037,97900,97900,97900,97900,0,0
20050714,98200,99300,94500,97900,0,110902,7093213,-48630,36.95,40888,97900,97900,97900,97900,0,0
20050715,98000,108000,98000,106500,8600,203751,7034583,-58630,36.64,67464,103500,106500,103500,106500,0,29
20050718,108000,108000,103000,106000,500,120236,6990658,-43925,36.41,44165,106500,106500,106500,106500,500,96
20050719,105500,116000,105500,114000,8000,170649,7002019,11361,36.47,8245,116000,116000,116000,116000,2000,4
20050720,116500,118500,106500,112500,1500,160916,7020347,18328,36.57,-32861,115500,115500,113000,113500,1000,82
20050721,117500,119500,105500,109000,3500,274408,6994274,-26073,36.43,-4007,109000,109000,109000,109000,0,487
20050722,105500,110000,105500,109000,0,145765,6970925,-23349,36.31,37007,109000,109000,109000,109000,0,500
20050725,107000,108500,106000,107500,1500,97785,6951315,-19610,36.21,28400,107500,107500,107500,107500,0,15
20050726,105500,106500,104000,106000,1500,104325,6945690,-5625,36.18,6646,106500,106500,106500,106500,500,80
20050727,106000,107000,101500,103500,2500,132367,6919272,-26418,36.04,14720,103500,103500,103500,103500,0,0
20050728,102500,108000,102000,105000,1500,147356,6946599,27327,36.19,-4927,105000,105000,105000,105000,0,5
20050729,104500,109000,104000,105500,500,47231,6944519,-2080,36.17,-1075,105500,105500,105500,105500,0,0
20050801,105500,107000,103500,105500,0,28694,6950369,5850,36.21,-6061,105500,105500,105500,105500,0,3
20050802,105500,107500,105000,107500,2000,44077,6955122,4753,36.23,5725,107500,107500,107500,107500,0,0
20050803,107500,110000,106500,109500,2000,54778,6952545,-2577,36.22,6241,109500,109500,109500,109500,0,0
20050804,107500,108000,103500,103500,6000,80425,6931524,-21021,36.1,8770,104000,104000,104000,104000,500,140
20050805,102000,105000,102000,102500,1000,63569,6956277,24753,36.24,-13702,102500,102500,102500,102500,0,0
20050808,101000,102000,100500,102000,500,51865,6955701,-576,36.23,-1041,102000,102000,102000,102000,0,1
20050809,100500,101500,99300,100500,1500,81857,6967392,11691,36.29,-20980,100500,100500,100500,100500,0,0
20050810,100000,100500,97300,97400,3100,143112,6949806,-17586,36.2,-24427,97500,97500,97500,97500,100,10
20050811,98500,101000,98500,101000,3600,55675,6955116,5310,36.23,4885,101500,101500,101500,101500,500,40
20050812,100000,105000,98700,102500,1500,89300,6908022,-47094,35.98,33045,102500,102500,102500,102500,0,0
20050816,102500,105500,100000,100000,2500,68148,6897926,-10096,35.93,15746,100000,100000,100000,100000,0,10
20050817,100000,103500,100000,102500,2500,76666,6868833,-29093,35.78,22952,102500,102500,102500,102500,0,0
20050818,103000,108000,103000,104500,2000,126457,6829081,-39752,35.57,34475,104500,104500,104500,104500,0,50
20050819,104000,105000,102000,102500,2000,112659,6776725,-52356,35.3,39079,102500,102500,102500,102500,0,0
20050822,105000,111000,105000,110000,7500,120748,6735719,-41006,35.09,65306,110000,110000,110000,110000,0,0
20050823,109500,109500,105500,108000,2000,57193,6707245,-28474,34.94,18141,108000,108000,108000,108000,0,0
20050824,108000,108000,104000,106000,2000,79307,6687146,-20099,34.83,8976,108000,108000,108000,108000,2000,40
20050825,103500,106500,103500,104000,2000,79918,6668571,-18575,34.74,18360,104000,104000,104000,104000,0,1
20050826,104000,106000,103000,104000,0,63815,6653444,-15127,34.66,8897,104000,104000,104000,104000,0,0
20050829,104000,104000,102500,102500,1500,39386,6648783,-4661,34.63,757,102500,102500,102500,102500,0,5
20050830,102500,105500,102000,105500,3000,40376,6647226,-1557,34.63,-3144,105500,105500,105500,105500,0,0
20050831,103000,105000,103000,105000,500,57274,6623175,-24051,34.49,9934,105000,105000,105000,105000,0,0
20050901,104000,105000,103000,104500,500,63863,6611758,-11417,34.44,7506,104500,104500,104500,104500,0,0
20050902,105000,106500,104000,105000,500,80930,6573411,-38347,34.24,12043,105000,105000,105000,105000,0,0
20050905,105000,106500,104500,104500,500,59970,6561336,-12075,34.18,4928,104500,104500,104500,104500,0,0
20050906,103000,105000,101000,103000,1500,128749,6515133,-46203,33.94,41084,103000,103000,103000,103000,0,0
20050907,102500,104500,102500,103500,500,54055,6497177,-17956,33.84,-109,103500,103500,103500,103500,0,34
20050908,103500,105500,103000,103000,500,111077,6475655,-21522,33.73,31399,103000,103000,103000,103000,0,30
20050909,103000,111500,103000,110500,7500,118257,6432274,-43381,33.51,57099,110500,110500,110500,110500,0,0
20050912,110000,117500,109500,115500,5000,121657,6429275,-2993,33.48,-525,115500,115500,115500,115500,0,0
20050913,117000,122000,115500,119500,4000,145715,6463136,33861,33.67,15372,119500,119500,119500,119500,0,0
20050914,120000,125000,117000,125000,5500,89955,6462901,-235,33.67,28264,125000,125000,125000,125000,0,5
20050915,125000,125000,120500,122000,3000,47764,6455691,-7210,33.63,1512,122000,122000,122000,122000,0,0
20050916,122500,122500,117500,119500,2500,53667,6444149,-11542,33.57,3265,119500,119500,119500,119500,0,0
20050920,118500,125000,118000,125000,5500,50031,6447707,3558,33.58,-6148,125000,125000,125000,125000,0,0
20050921,124000,125000,121500,123500,1500,64980,6424197,-23510,33.46,7712,123500,123500,123500,123500,0,0
20050922,122000,129000,120000,129000,5500,81397,6403459,-20738,33.36,1219,129000,129000,129000,129000,0,0
20050923,128500,133500,125000,130000,1000,169130,6310055,-93404,32.87,81476,130000,130000,130000,130000,0,42
20050926,131500,136000,129000,136000,6000,138830,6226074,-83981,32.42,100445,136000,136000,136000,136000,0,0
20050927,137000,142500,136500,142000,6000,147589,6265845,39771,32.64,-11031,142500,142500,142500,142500,500,6
20050928,142000,142500,135500,140000,2000,134968,6226097,-39748,32.42,30610,139000,139000,139000,139000,-1000,2
20050929,138500,138500,130000,134000,6000,177072,6099902,-126195,31.77,55902,134000,134000,134000,134000,0,0
20050930,135000,137500,129000,129000,5000,90370,6059849,-40053,31.57,10148,129000,129000,129000,129000,0,94
20051004,129500,133500,127000,130000,1000,139427,5991112,-68737,31.21,50396,129000,129000,129000,129000,-1000,45
20051005,128500,129500,125500,128000,2000,97480,5972923,-18189,31.11,10238,126500,127000,126500,127000,-1000,112
20051006,127000,132500,124500,132500,4500,103366,5971412,-1511,31.11,10421,132500,132500,132000,132000,-500,33
20051007,130000,136500,130000,135500,3000,65897,5970576,-836,31.1,19592,135500,135500,135500,135500,0,1
20051010,135500,137500,133500,137500,2000,54882,5973110,2534,31.11,10433,138000,138000,138000,138000,500,100
20051011,137500,139000,135000,139000,1500,44910,5966738,-6372,31.08,12838,139000,139000,139000,139000,0,0
20051012,139500,140000,135500,139000,0,51604,5947793,-18945,30.98,-8394,139000,139000,139000,139000,0,50
20051013,136500,138500,131000,131000,8000,54726,5943954,-3839,30.96,-19525,131000,131000,131000,131000,0,0
20051014,131000,135500,126000,133000,2000,59509,5952179,8225,31.01,-3826,133000,133000,133000,133000,0,50
20051017,133000,138500,133000,136500,3500,62902,5960141,7962,31.05,13504,136500,136500,136500,136500,0,0
20051018,136000,139000,136000,138500,2000,43466,5952629,-7512,31.01,11616,138500,138500,138500,138500,0,10
20051019,137000,137000,134500,137000,1500,42326,5954254,1625,31.01,898,137000,137000,137000,137000,0,0
20051020,137000,139000,136500,138500,1500,38662,5951112,-3142,31.0,972,138500,138500,138500,138500,0,0
20051021,135500,145500,135500,144500,6000,82142,5952866,1754,31.01,18305,144500,144500,144500,144500,0,0
20051024,144500,145500,136500,140000,4500,49953,5933865,-19001,30.91,-2612,139000,139000,139000,139000,-1000,5
20051025,140500,144000,138000,138500,1500,48220,5920595,-13270,30.84,10451,138500,138500,138500,138500,0,0
20051026,139500,141500,137000,137000,1500,37917,5914484,-6111,30.81,-1148,137000,137000,137000,137000,0,310
20051027,136000,138000,126500,129000,8000,203300,5833300,-81184,30.39,21099,129000,129000,129000,129000,0,13
20051028,125500,130500,123500,125500,3500,80027,5833883,583,30.39,-5219,125500,125500,125500,125500,0,0
20051031,126500,128500,124500,126000,500,73118,5828662,-5221,30.36,7358,127000,127000,127000,127000,1000,1037
20051101,124500,128500,124000,127500,1500,86838,5817920,-10742,30.31,9794,127500,127500,126500,126500,-1000,12
20051102,126000,131000,126000,131000,3500,72244,5810687,-7233,30.27,12456,131000,131000,131000,131000,0,0
20051103,132500,132500,130000,130500,500,100702,5775999,-34688,30.09,31797,130500,130500,130500,130500,0,0
20051104,130500,132000,130000,131500,1000,83823,5746520,-29479,29.93,34568,131500,131500,131500,131500,0,0
20051107,131000,131000,125500,127000,4500,68914,5711366,-35154,29.75,20923,127000,127000,127000,127000,0,0
20051108,126000,132000,126000,131500,4500,104975,5681928,-29438,29.6,42679,130500,130500,130500,130500,-1000,5
20051109,130000,134500,129000,131000,500,113274,5653346,-28582,29.45,22553,131000,131000,131000,131000,0,0
20051110,131000,133500,130000,131500,500,64544,5643107,-10239,29.4,6727,134500,134500,134500,134500,3000,63
20051111,132000,139000,132000,139000,7500,116864,5631824,-11283,29.34,18582,140000,140000,140000,140000,1000,100
20051114,139000,143000,137000,139500,500,90086,5678689,46865,29.58,-18655,139500,139500,139500,139500,0,0
20051115,140000,143000,135000,143000,3500,63851,5698960,20271,29.69,-11283,142500,142500,142500,142500,-500,1
20051116,143000,143500,140000,143500,500,58094,5699171,571,29.69,4546,143500,143500,143500,143500,0,0
20051117,141000,147000,140500,147000,3500,57581,5687943,-11228,29.63,12493,147000,147000,147000,147000,0,0
20051118,147000,152000,147000,149500,2500,56042,5706766,18823,29.73,-449,149500,149500,149500,149500,0,0
20051121,150000,150500,144500,148000,1500,43083,5712114,5348,29.75,-4249,148000,148000,148000,148000,0,0
20051122,150000,154000,146500,154000,6000,82870,5721113,11999,29.8,5474,154000,154000,154000,154000,0,0
20051123,157000,167000,156000,166500,12500,138819,5756461,35348,29.99,-24455,166500,166500,166500,166500,0,5
20051124,166500,171500,163000,167000,500,66507,5764200,7739,30.03,-9655,167000,167000,167000,167000,0,1
20051125,167000,169500,163500,169000,2000,37753,5766567,2367,30.04,2942,169000,169000,169000,169000,0,0
20051128,165500,169000,157000,157000,12000,171908,5810967,44400,30.27,-68036,157000,157000,157000,157000,0,0
20051129,157000,157500,149000,150000,7000,145560,5797078,-13889,30.2,-19402,150000,150000,150000,150000,0,30
20051130,148500,151500,145500,151000,1000,205059,5758099,-36759,29.99,-27247,151000,151000,150000,151000,0,29
20051201,148500,151000,147500,148000,3000,75992,5751752,-6347,29.96,-313,148000,148000,148000,148000,0,0
20051202,148500,148500,141000,144000,4000,2552317,5729850,-21902,29.85,-11116,144000,144000,144000,144000,0,82
20051205,141500,144000,138500,144000,0,326016,5744145,14295,29.92,-49511,143000,143500,143000,143500,-500,25
20051206,144000,144000,141000,141000,3000,117567,5736047,-8098,29.88,197,141000,141000,141000,141000,0,0
20051207,140000,144500,140000,143500,2500,149430,5723080,-12967,29.8,4099,142500,142500,142500,142500,-1000,25
20051208,141500,145000,140000,143000,500,112388,5715612,-7468,29.77,14135,143000,143000,143000,143000,0,0
20051209,144000,152000,142500,148000,5000,179329,5637835,-76457,29.37,42372,148000,148000,147500,147500,-500,23
20051212,147000,147000,142000,143000,5000,141090,5568583,-69252,29.01,23678,143000,143500,143000,143500,500,190
20051213,143000,146500,142500,143000,0,76145,5537784,-30943,28.85,3935,143000,143000,143000,143000,0,0
20051214,143500,145500,142000,144500,1500,74213,5537234,-550,28.84,-2558,144500,144500,144500,144500,0,0
20051215,146500,148000,145000,146000,1500,107092,5518452,-18782,28.75,12251,142000,145000,142000,145000,-1000,18
20051216,145000,147000,142500,146500,500,80126,5519772,1320,28.75,3592,146500,146500,146500,146500,0,40
20051219,147000,153500,146000,149000,2500,115021,5497573,-22199,28.64,17727,149000,149000,149000,149000,0,0
20051220,149000,150000,145500,146500,2500,73576,5468721,-28852,28.49,2188,146500,146500,146500,146500,0,0
20051221,146500,147000,143000,145000,1500,77696,5479167,10446,28.54,-6784,145000,145000,145000,145000,0,5
20051222,144000,145000,142000,142500,2500,75953,5478722,-445,28.54,-13470,142500,142500,142500,142500,0,0
20051223,142500,143500,141000,142000,500,38176,5472188,-6534,28.51,7176,142000,142000,142000,142000,0,0
20051226,142000,143500,142000,142000,0,51211,5466892,-5296,28.48,5620,142000,142000,142000,142000,0,0
20051227,142000,146500,141500,145000,3000,62564,5429612,-37280,28.28,16598,144000,144000,144000,144000,-1000,1
20051228,145000,145500,142500,144000,1000,50053,5405347,-24265,28.16,4240,144000,144000,144000,144000,0,0
20051229,146000,146000,140000,144000,0,105508,5376937,-28410,28.01,-19086,143000,143000,143000,143000,-1000,10
20060102,142500,143000,137500,140000,4000,120832,5371643,-5294,27.98,-3430,139500,139500,139500,139500,-500,20
20060103,140000,140500,134000,138500,1500,160398,5382262,10619,28.04,4000,137000,137500,137000,137500,-1000,3
20060104,138500,143500,136500,142000,3500,185653,5340257,-40805,27.82,47814,143000,143000,143000,143000,1000,1
20060105,144000,144000,138000,139500,2500,2377289,5306196,-34061,27.64,20433,141500,141500,141500,141500,2000,40
20060106,142000,152000,139000,151000,11500,725526,5019259,-288197,26.15,37940,151000,151000,150000,150000,-1000,38
20060109,150500,154000,144500,149000,2000,207183,5013988,-5811,26.12,-34793,150000,150000,150000,150000,1000,23
20060110,150500,151500,143000,143000,6000,217000,5044742,26754,26.28,-58294,143000,143000,143000,143000,0,4
20060111,142000,149000,142000,149000,6000,230238,5051613,6871,26.31,64882,149000,149000,149000,149000,0,7
20060112,148000,149500,143000,146000,3000,106820,5068193,18380,26.4,-7956,146000,146000,146000,146000,0,0
20060113,144000,146000,141500,145000,1000,132017,5074775,6582,26.43,20025,145000,145000,145000,145000,0,40
20060116,144000,144000,138500,139500,5500,197220,5092492,17717,26.53,-9494,139500,140000,139500,140000,500,291
20060117,139500,142500,133500,133500,6000,276315,5109948,17456,26.62,-18214,133500,133500,132500,133000,-500,272
20060118,133000,133500,124500,130000,3500,258814,5152828,42880,26.84,-70224,130000,130000,130000,130000,0,177
20060119,128000,131000,126500,129500,500,138389,5175416,22588,26.96,-50822,129500,129500,129500,129500,0,47
20060120,128000,131500,124500,124500,5000,131567,5208760,33344,27.13,-20370,124500,126000,124500,126000,1500,793
20060123,120000,125500,116500,116500,8000,196060,5224007,15247,27.21,-4371,117000,118000,117000,117500,1000,154
20060124,119000,126000,117500,125000,8500,158801,5280842,56835,27.51,-27848,125000,125000,124000,124000,-1000,110
20060125,125500,129000,125000,127000,2000,158962,5301444,20602,27.62,-15891,127000,127000,127000,127000,0,50
20060126,128500,128500,118000,120500,6500,346174,5302272,828,27.62,-143456,121000,121500,121000,121500,1000,198
20060127,122500,125500,121000,125000,4500,173224,5307651,5379,27.65,-6597,125000,125000,125000,125000,0,601
20060131,126000,126500,123000,123500,1500,127058,5332701,25050,27.78,-21991,123500,123500,123500,123500,0,0
20060201,120500,124000,120000,120500,3000,166069,5348355,29154,27.86,-24394,121000,121000,120500,120500,0,218
20060202,123000,124500,121000,122000,1500,191366,5332087,-16268,27.78,36298,121000,121000,119500,119500,-2500,556
20060203,119000,124000,118000,120000,2000,198854,5337254,5167,27.8,1301,120500,120500,120000,120000,0,51
20060206,119000,121500,118000,121000,1000,254290,5367545,30291,27.96,-46012,121000,121000,121000,121000,0,0
20060207,121500,121500,118000,118500,2500,94635,5371255,3710,27.98,-41146,118500,118500,118000,118000,-500,45
20060208,118500,122000,118500,119000,500,107123,5404105,32850,28.14,-6719,118500,119000,118500,119000,0,27
20060209,120000,121500,118500,119000,0,88263,5416636,12531,28.22,-28510,119000,120000,119000,120000,1000,65
20060210,120000,127000,119500,125500,6500,124964,5436593,19957,28.32,30069,125500,125500,125500,125500,0,19
20060213,128000,128000,125000,127500,2000,63455,5450550,13957,28.39,-1496,127000,127000,127000,127000,-500,130
20060214,129000,132000,127000,132000,4500,111627,5483275,32725,28.56,10309,132000,132000,132000,132000,0,175
20060215,132500,133000,126000,127500,4500,86769,5498101,14826,28.64,-20845,127500,127500,127500,127500,0,0
20060216,128500,134000,128000,133500,6000,132067,5544562,46461,28.88,21139,133500,133500,133500,133500,0,0
20060217,135000,136500,132500,136000,2500,118092,5573541,28979,29.03,-6098,136000,136000,136000,136000,0,0
20060220,136000,137000,133500,135500,500,65863,5577501,3960,29.05,963,135500,135500,135500,135500,0,41
20060221,135500,136000,134000,134500,1000,34197,5580695,3194,29.07,6130,134500,134500,134500,134500,0,27
20060222,133000,134500,131500,133000,1500,55254,5596667,15972,29.15,-10990,133000,133000,133000,133000,0,1
20060223,134000,134500,132500,134000,1000,49040,5582627,-14040,29.08,23343,134000,134000,134000,134000,0,0
20060224,134500,135500,132000,134000,0,63520,5594534,11907,29.14,4320,134000,134000,134000,134000,0,0
20060227,133000,139000,132500,139000,5000,71546,5582897,-11637,29.08,25263,139000,139000,139000,139000,0,100
20060228,139000,141000,137000,141000,2000,54224,5583821,924,29.09,12254,141000,141000,141000,141000,0,0
20060302,140500,140500,134000,134000,7000,65485,5564825,-18996,28.99,-848,134000,134500,134000,134000,0,605
20060303,136000,136000,129000,131000,3000,62755,5562718,-2107,28.98,-10505,131000,131000,131000,131000,0,0
20060306,131000,134000,128500,132000,1000,49745,5563595,877,28.98,-2497,132000,132000,132000,132000,0,0
20060307,132000,136000,132000,134000,2000,84967,5611658,48063,29.23,-13403,134000,134000,134000,134000,0,0
20060308,133000,135000,128500,128500,5500,88604,5563177,-48481,28.98,16459,128500,130000,128500,128500,0,154
20060309,130000,132500,129000,130500,2000,62998,5573316,10139,29.03,-12932,130500,130500,130500,130500,0,0
20060310,130500,132000,128500,129000,1500,36493,5568678,-4638,29.01,-9527,129000,129000,129000,129000,0,12
20060313,132000,134000,130000,133000,4000,86075,5545631,-23047,28.89,1077,133000,133000,133000,133000,0,0
20060314,135500,136000,133500,133500,500,80482,5569710,24079,29.01,-17337,133500,133500,133500,133500,0,0
20060315,136000,136000,131500,134000,500,103072,5554574,-15136,28.93,42153,134000,134000,134000,134000,0,0
20060316,134000,138500,134000,135500,1500,70863,5550286,-4288,28.91,13236,135500,135500,135500,135500,0,4
20060317,137000,139000,136000,139000,3500,105912,5575636,25350,29.04,8618,139000,139000,139000,139000,0,90
20060320,139000,140000,135500,136000,3000,62706,5570084,-5552,29.02,8474,136000,136000,136000,136000,0,0
20060321,136000,137500,135000,136000,0,72708,5581260,11176,29.07,-12270,136000,136000,136000,136000,0,0
20060322,135500,135500,131000,131000,5000,83773,5586265,5005,29.1,-18772,131000,131000,131000,131000,0,20
20060323,132000,134500,130500,131000,0,102741,5594469,8204,29.14,-12305,131000,131000,131000,131000,0,0
20060324,131500,131500,128500,130000,1000,114781,5592456,-2013,29.13,-4761,130000,130000,130000,130000,0,50
20060327,130000,131000,130000,130000,0,58041,5598881,6425,29.17,-2661,130500,130500,130500,130500,500,1
20060328,130000,132500,130000,131000,1000,94561,5623942,25061,29.3,-450,131000,131000,131000,131000,0,40
20060329,131500,135500,130500,134500,3500,48191,5629131,5189,29.32,6551,134500,134500,134500,134500,0,1
20060330,136000,139000,134000,138500,4000,97072,5675364,46233,29.55,-9532,138500,138500,138500,138500,0,0
20060331,138500,138500,136500,138500,0,58639,5675375,11,29.55,11155,137500,137500,137500,137500,-1000,10
20060403,138500,140000,138500,140000,1500,109450,5687870,12495,29.63,-7202,140000,140000,139000,139000,-1000,176
20060404,138500,141000,138500,139500,500,60301,5705962,18092,29.72,-4544,139000,139000,139000,139000,-500,1
20060405,141000,141500,139000,139500,0,57907,5704792,-1170,29.72,-4296,139500,139500,139500,139500,0,10
20060406,140500,140500,139000,139500,0,63347,5708374,3582,29.74,-1572,139500,139500,139500,139500,0,0
20060407,139000,140000,137000,138500,1000,29246,5707543,-831,29.73,5830,138500,138500,138500,138500,0,0
20060410,140000,140000,137500,138500,0,47533,5704311,-3232,29.7,-34,138500,138500,138500,138500,0,0
20060411,139000,139000,133000,133000,5500,91836,5703870,-441,29.7,-44308,133000,133500,133000,133500,500,151
20060412,132500,134500,132500,134500,1500,62722,5716684,12814,29.78,-18528,134500,134500,134500,134500,0,1
20060413,133500,133500,129500,130000,4500,205459,5701920,-14764,29.7,-53549,131000,131000,131000,131000,1000,400
20060414,130000,131500,128000,129000,1000,176858,5733008,31088,29.85,-96949,130000,130000,129500,129500,500,68
20060417,129500,131000,127000,127000,2000,144849,5724309,-8699,29.82,-46459,127000,127500,127000,127500,500,56
20060418,127000,130000,126000,127500,500,120238,5763935,39626,30.02,-33196,128000,128000,128000,128000,500,201
20060419,129000,132000,129000,130000,2500,106127,5787283,23348,30.15,-24396,130000,130000,130000,130000,0,60
20060420,131500,132000,121500,123000,7000,251285,5801045,13762,30.22,-68135,123000,124500,123000,124000,1000,1318
20060421,125000,128500,124500,128000,5000,150959,5847586,46541,30.46,-26699,127000,127000,127000,127000,-1000,22
20060424,128000,128000,125000,127000,1000,92548,5869824,22238,30.58,-22765,127000,127000,127000,127000,0,95
20060425,126000,129500,125500,128000,1000,138393,5890456,20632,30.68,-9607,128000,128000,128000,128000,0,10
20060426,129500,129500,124500,125500,2500,97228,5881284,-9172,30.64,-33415,126000,126000,125500,126000,500,111
20060427,125500,126500,122500,123000,2500,132632,5854356,-26928,30.5,-48894,123500,123500,123000,123000,0,240
20060428,124000,124000,121500,124000,1000,70642,5873399,19043,30.6,-24370,124000,124000,124000,124000,0,0
20060502,122500,125000,122000,122500,1500,228542,5839690,-33709,30.42,16289,122500,122500,122500,122500,0,5
20060503,122500,123500,121000,121000,1500,124299,5844871,5181,30.45,-33713,121000,121500,121000,121500,500,61
20060504,122000,122500,121000,121500,500,48907,5840669,-4202,30.42,6052,121500,121500,121500,121500,0,39
20060508,124000,124000,122000,123500,2000,75830,5867578,26909,30.56,-22855,122500,123000,122500,123000,-500,112
20060509,122500,124500,122000,123500,0,49737,5872305,4727,30.59,-3939,123500,123500,123500,123500,0,0
20060510,123500,124000,122000,122000,1500,35559,5867664,-4641,30.57,987,122000,122000,122000,122000,0,0
20060511,122500,123500,122000,123000,1000,51862,5863905,-3759,30.55,5136,123000,123000,123000,123000,0,0
20060512,124000,124000,120500,120500,2500,81944,5880569,16664,30.63,-31411,121000,121000,121000,121000,500,50
20060515,120500,120500,117500,117500,3000,75165,5861755,-18814,30.53,-2878,117500,117500,117500,117500,0,0
20060516,119000,120500,117000,117000,500,72004,5838379,-23376,30.41,11413,118500,118500,118500,118500,1500,1
20060517,117000,119500,117000,117500,500,126981,5855238,16859,30.5,-13352,117500,117500,117500,117500,0,30
20060518,116000,116500,112500,113000,4500,112182,5852169,-3069,30.48,11408,113500,113500,113500,113500,500,30
20060519,113500,118000,113500,116500,3500,75410,5856556,4387,30.51,-4319,116500,116500,116500,116500,0,0
20060522,119000,119000,113000,113500,3000,66095,5870116,13560,30.58,-4052,113500,113500,113500,113500,0,200
20060523,113000,116000,111500,111500,2000,84098,5838983,-31133,30.42,16740,112500,112500,112500,112500,1000,40
20060524,111000,112500,107500,110000,1500,62890,5817177,-21822,30.3,13152,111000,111000,111000,111000,1000,10
20060525,110500,110500,103000,103000,7000,102579,5779872,-37305,30.11,10971,103000,103000,103000,103000,0,508
20060526,104500,108000,104500,108000,5000,87528,5805087,25215,30.24,-14935,108500,108500,108500,108500,500,10
20060529,107500,110500,106000,106000,2000,72919,5819921,14834,30.32,-18185,105000,107000,105000,106500,500,16
20060530,106000,106500,101000,102500,3500,144600,5823354,3433,30.33,-15216,103000,103000,102500,102500,0,105
20060601,101000,104000,98500,99500,3000,152165,5846616,23262,30.46,-30380,99500,99500,99000,99000,-500,205
20060602,100500,100500,98600,98900,600,105795,5860992,14376,30.53,-11749,98900,98900,98700,98700,-200,427
20060605,99700,101000,97200,98400,500,99059,5872687,11687,30.59,-21421,98400,98400,98400,98400,0,105
20060607,97300,98000,95600,95600,2800,315298,5878166,5471,30.62,7874,95600,95600,95600,95600,0,0
20060608,94200,95100,92000,94000,1600,246983,5901391,23225,30.74,-14689,94000,94000,93900,93900,-100,25
20060609,94600,98600,93200,97100,3100,139202,5905625,4234,30.76,1670,97100,97200,97100,97200,100,6
20060612,97000,101000,97000,99700,2600,54104,5905306,-319,30.76,6356,99700,99700,99700,99700,0,0
20060613,99300,99500,95600,95600,4100,47710,5902259,-3047,30.75,1957,95600,95600,95600,95600,0,0
20060614,92600,92600,89100,91900,3700,2889191,5738639,-163620,29.89,15605,95600,95600,91900,92500,600,107
20060615,93000,99900,92600,99000,7100,180836,5780681,42042,30.11,-21422,98100,98100,98100,98100,-900,10
20060616,102000,102500,98700,99500,500,100567,5784203,3522,30.13,-2118,99000,99000,99000,99000,-500,10
20060619,99500,100000,99000,99500,0,77729,5793606,9403,30.18,-7405,94600,94600,94600,94600,-4900,15
20060620,99000,99500,96000,96300,3200,73310,5799392,5786,30.21,-1158,96300,98400,96300,98400,2100,212
20060621,96000,96300,92200,93100,3200,44790,5798964,-428,30.21,-3025,93100,93100,93100,93100,0,0
20060622,94000,95700,93200,94500,1400,78510,5783682,-15282,30.13,12403,94500,94500,94500,94500,0,0
20060623,93500,95000,91800,92900,1600,32701,5776579,-7103,30.09,675,92900,92900,92900,92900,0,0
20060626,91800,93000,91800,92300,600,27664,5773176,-3403,30.07,4229,92000,92000,92000,92000,-300,29
20060627,92300,92300,90100,90100,2200,117005,5737855,-35321,29.89,-1386,90100,90100,90100,90100,0,0
20060628,89500,89500,88000,88500,1600,143134,5732127,-5728,29.85,-13354,88800,88900,88800,88800,300,17
20060629,88800,90600,88600,90000,1500,113910,5715249,-16878,29.77,10194,90000,90000,90000,90000,0,0
20060630,92200,94900,90700,94900,4900,201700,5747630,32381,29.94,-5222,94900,94900,94900,94900,0,842
20060703,95100,97300,93200,95900,1000,78397,5749773,2143,29.95,-6556,96000,96000,96000,96000,100,10
20060704,96900,97500,94800,95900,0,204440,5737461,-12312,29.89,5994,95900,95900,95900,95900,0,0
20060705,94000,96500,92000,95900,0,60645,5758243,20782,30.0,-4281,95900,95900,95900,95900,0,0
20060706,95000,95500,92300,92300,3600,66370,5753606,-4637,29.97,-11783,92300,92300,92300,92300,0,0
20060707,93000,93700,92500,93000,700,54405,5744504,-9102,29.92,-4224,93400,93400,93400,93400,400,11
20060710,92000,97000,92000,96900,3900,103683,5723197,-21307,29.8,48389,96900,96900,96900,96900,0,7
20060711,97200,104000,96500,100000,3100,211501,5745157,21960,29.93,14518,99400,99400,99200,99200,-800,65
20060712,101500,104500,98400,103000,3000,154144,5741856,-3301,29.9,47984,103000,103000,103000,103000,0,20
20060713,101500,104500,101000,102000,1000,79076,5765082,23226,30.03,-14361,102000,102000,102000,102000,0,0
20060714,99100,101000,98000,100000,2000,58815,5765397,315,30.03,-8995,100000,100000,100000,100000,0,1
20060718,100000,100500,98500,99800,200,73656,5778186,12789,30.1,1843,99800,99800,99800,99800,0,0
20060719,101500,101500,95600,95600,4200,105679,5774910,-3276,30.08,-6583,95700,95700,95700,95700,100,130
20060720,99000,99100,93200,94000,1600,183098,5696941,-77969,29.68,16505,94900,94900,94400,94900,900,56
20060721,93500,102500,92900,100500,6500,220967,5698510,1569,29.68,21300,100000,100000,100000,100000,-500,2
20060724,100000,103000,99900,103000,2500,126829,5728041,29531,29.84,-14678,103000,103500,103000,103500,500,1971
20060725,105000,108000,103500,106000,3000,188136,5766538,38497,30.04,6382,106000,106000,106000,106000,0,19
20060726,106000,107000,104000,106000,0,76631,5769250,2712,30.05,5064,106000,106000,106000,106000,0,6
20060727,107000,110000,107000,110000,4000,128881,5792801,23551,30.18,4864,111000,111000,111000,111000,1000,30
20060728,110000,114000,109000,113500,3500,147381,5825908,33107,30.35,-17619,114000,114000,114000,114000,500,17
20060731,114000,114500,111000,113500,0,285897,5840098,14190,30.42,-8571,113500,113500,113500,113500,0,0
20060801,113500,115000,111000,111000,2500,48322,5854135,14037,30.49,-10699,111000,111000,111000,111000,0,6
20060802,110000,116000,109000,116000,5000,102965,5883490,29355,30.65,338,116000,116000,116000,116000,0,1
20060803,116000,116500,110500,112000,4000,94885,5881675,-1815,30.64,-15559,112000,112000,112000,112000,0,0
20060804,112000,113500,108000,109500,2500,65202,5877520,-4155,30.62,173,111000,111000,111000,111000,1500,20
20060807,110000,112000,105500,105500,4000,98648,5880567,3047,30.63,-31846,105500,105500,105500,105500,0,20
20060808,106000,107500,104500,105500,0,73632,5852054,-28513,30.48,5374,106000,106000,106000,106000,500,38
20060809,105500,107000,104000,106500,1000,70295,5853637,1583,30.49,-5086,106500,107000,106500,107000,500,77
20060810,106000,107000,101500,102500,4000,134150,5828746,-24891,30.36,-15176,103000,103000,103000,103000,500,90
20060811,103500,106500,103000,105000,2500,93945,5864272,35526,30.55,-3720,105000,105000,105000,105000,0,10
20060814,105500,110500,105500,110000,5000,62382,5887479,23207,30.66,6865,110000,110000,110000,110000,0,2
20060816,111000,111500,109000,109500,500,51524,5902835,15356,30.75,6946,109500,109500,109500,109500,0,0
20060817,110500,112500,107500,108000,1500,74386,5906466,4093,30.76,-2597,108000,108000,108000,108000,0,0
20060818,110000,110000,104000,104500,3500,101429,5895367,-11099,30.71,-14260,104000,105000,104000,105000,500,995
20060821,105000,105000,103000,103000,1500,52577,5886462,-8905,30.66,-4615,103000,103000,103000,103000,0,0
20060822,101500,102500,99700,100500,2500,193992,5840983,-45149,30.43,-20236,101000,101000,101000,101000,500,398
20060823,99900,102000,99400,100000,500,162988,5838017,-2966,30.41,-7826,100500,100500,100000,100000,0,12
20060824,100000,101000,99800,100000,0,70201,5848795,10778,30.47,-2406,100000,100000,100000,100000,0,164
20060825,100000,104000,100000,104000,4000,108096,5845677,-3118,30.45,-3108,104000,104000,104000,104000,0,0
20060828,102500,103500,100500,101500,2500,93011,5873232,27555,30.59,-17205,101500,101500,101500,101500,0,0
20060829,102500,103000,100500,101500,0,145463,5907674,34442,30.76,-8861,101500,101500,101500,101500,0,0
20060830,102500,103500,100500,103000,1500,126568,5957878,50204,31.04,-30913,103000,103000,103000,103000,0,11
20060831,104500,110000,104000,109000,6000,161959,5998926,41048,31.25,31420,109000,109000,109000,109000,0,110
20060901,108000,110500,106500,109000,0,137122,5974770,-24156,31.11,14237,109000,109000,109000,109000,0,0
20060904,110000,115500,109500,114500,5500,110351,6074152,99382,31.64,-13503,114500,114500,114500,114500,0,8
20060905,114500,114500,111000,113000,1500,68118,6074468,316,31.64,-236,112000,112000,112000,112000,-1000,17
20060906,112500,113500,109500,110500,2500,75646,6073163,-1305,31.64,-4917,110500,110500,110500,110500,0,0
20060907,109500,111000,109000,111000,500,76152,6077303,4140,31.66,505,110000,110000,110000,110000,-1000,9
20060908,110000,111000,109000,110000,1000,90891,6077670,367,31.66,3407,110000,110000,110000,110000,0,0
20060911,112000,113000,109500,110000,0,60549,6088266,10596,31.71,-3892,110000,110000,110000,110000,0,0
20060912,110500,111500,105500,106000,4000,59484,6075389,-12877,31.65,976,106000,106500,106000,106500,500,300
20060913,107500,110000,106000,107000,1000,55325,6104010,28621,31.8,-22532,107000,107000,107000,107000,0,0
20060914,108000,115000,107500,115000,8000,123092,6158781,54771,32.07,15737,115000,115000,115000,115000,0,5
20060915,113000,113500,109000,110500,4500,73576,6131518,-27263,31.94,-5138,111500,111500,111500,111500,1000,15
20060918,111000,113500,110500,110500,0,55491,6128173,-3345,31.92,3459,110500,110500,110500,110500,0,0
20060919,110500,113500,110500,112500,2000,46899,6143582,15409,32.0,-17796,112500,112500,112500,112500,0,0
20060920,112500,114500,112500,113500,1000,52058,6159266,15684,32.07,8271,114500,114500,114500,114500,1000,28
20060921,115000,116000,113000,115500,2000,74749,6185060,25794,32.22,1641,115500,115500,115500,115500,0,1
20060922,115500,117000,114500,116500,1000,152887,6221301,36241,32.41,-7524,116500,116500,116500,116500,0,0
20060925,116500,117000,115000,115000,1500,66506,6228729,7428,32.45,4469,114500,114500,114500,114500,-500,2
20060926,115000,116500,113000,115000,0,49120,6240876,12147,32.51,-9369,114000,114000,114000,114000,-1000,2
20060927,114500,117000,114500,116500,1500,74686,6249505,8629,32.55,13225,116500,116500,116000,116000,-500,85
20060928,117000,118000,116500,117000,500,71136,6263299,13794,32.63,890,117000,117000,117000,117000,0,0
20060929,117000,117000,114500,117000,0,61321,6284275,20976,32.74,-1294,117000,117000,117000,117000,0,0
20061002,118000,118000,115500,117000,0,51683,6289177,4902,32.76,5241,117000,117000,117000,117000,0,0
20061004,116500,119500,115500,118500,1500,52500,6314676,25499,32.89,-6497,118500,118500,118500,118500,0,10
20061009,117000,119000,115000,118000,500,102453,6380823,66147,33.23,-6387,118000,118000,118000,118000,0,0
20061010,116000,120500,115500,120000,2000,89869,6414782,33959,33.42,-6655,120000,120000,120000,120000,0,0
20061011,119500,120000,118000,120000,0,51697,6429498,14716,33.48,1027,120000,120000,120000,120000,0,0
20061012,120000,120500,118500,120000,0,51042,6433129,3631,33.51,-1829,120000,120000,120000,120000,0,0
20061013,120500,121500,119500,121500,1500,97418,6420752,-12377,33.45,21528,121500,121500,121500,121500,0,0
20061016,122000,124000,121000,122500,1000,78328,6422717,1965,33.46,-2921,122500,122500,122500,122500,0,0
20061017,122500,122500,120000,122000,500,47300,6426896,4179,33.48,2094,122000,122000,122000,122000,0,0
20061018,121500,122500,117500,118500,3500,66143,6438676,11780,33.53,7957,118500,118500,118500,118500,0,0
20061019,119000,120000,111000,113000,5500,168823,6397497,-41179,33.33,2669,113000,113000,113000,113000,0,0
20061020,113000,114000,111000,112000,1000,104314,6387432,-10065,33.27,16974,112000,112000,112000,112000,0,0
20061023,112000,112000,110000,110000,2000,76518,6370791,-16641,33.18,5626,110000,110000,110000,110000,0,2
20061024,111000,115500,111000,114000,4000,54154,6371349,558,33.18,-6702,114500,114500,114500,114500,500,57
20061025,113500,116500,111500,115000,1000,81890,6386451,15102,33.27,1735,115000,115000,115000,115000,0,0
20061026,114500,115500,113000,114000,1000,25448,6384135,-2316,33.26,1753,114000,114000,114000,114000,0,0
20061027,113000,114500,112000,114500,500,37119,6387461,3326,33.27,3050,114500,114500,114500,114500,0,0
20061030,114000,114000,111500,112500,2000,23038,6382296,-5165,33.25,6084,112500,112500,112500,112500,0,0
20061031,111500,113500,110500,112000,500,50333,6381725,-571,33.23,1694,112000,112000,112000,112000,0,0
20061101,112000,112000,108500,109000,3000,118160,6320588,-61137,32.92,17049,109000,109000,109000,109000,0,0
20061102,109500,111500,108500,109000,0,72332,6294021,-26567,32.79,12450,109000,109000,109000,109000,0,0
20061103,109500,111000,109000,111000,2000,88376,6298728,4707,32.81,-10449,111000,111000,111000,111000,0,0
20061106,109500,110000,107000,108000,3000,75115,6279848,-18880,32.71,4209,108000,108000,108000,108000,0,0
20061107,109500,110000,109000,109000,1000,21725,6278386,-1462,32.7,4595,109000,109000,109000,109000,0,0
20061108,109000,110500,109000,110000,1000,31200,6278115,-271,32.7,645,110000,110000,110000,110000,0,0
20061109,110000,112000,109000,112000,2000,86008,6282027,3912,32.72,2867,112000,112000,112000,112000,0,0
20061110,112500,115500,112500,114500,2500,62247,6306416,24389,32.85,-1129,114500,114500,114500,114500,0,0
20061113,115000,115500,113000,115000,500,23857,6315204,8788,32.9,2109,115000,115000,115000,115000,0,0
20061114,114500,118000,114500,117500,2500,55365,6345115,29911,33.05,-8778,117500,117500,117500,117500,0,0
20061115,118500,118500,114500,115000,2500,44814,6354066,8951,33.1,-3171,115000,115000,115000,115000,0,0
20061116,113500,114000,111500,113000,2000,50524,6344875,-9191,33.05,1765,113000,113000,113000,113000,0,0
20061117,113000,117000,113000,117000,4000,71808,6373518,28643,33.2,5137,117000,117000,117000,117000,0,0
20061120,118000,118500,116500,117500,500,83193,6392286,18768,33.3,-6697,117500,117500,117500,117500,0,0
20061121,116500,119000,115500,115500,2000,26809,6391564,-722,33.28,5487,115500,115500,115500,115500,0,0
20061122,115500,119500,115500,119000,3500,46231,6407042,15478,33.37,4491,119000,119000,119000,119000,0,0
20061123,119500,120000,118000,119500,500,71037,6412847,7605,33.41,-903,119500,119500,119500,119500,0,0
20061124,119500,121500,117500,120000,500,60714,6429985,17138,33.48,2462,120000,120000,120000,120000,0,0
20061127,119000,121000,117500,121000,1000,28371,6439409,9424,33.53,-4999,121000,121000,121000,121000,0,0
20061128,118500,120000,117500,118000,3000,37428,6441243,1834,33.55,-5574,118000,118000,118000,118000,0,0
20061129,118000,120000,117000,117500,500,54785,6419032,-22211,33.43,7809,117500,117500,117500,117500,0,0
20061130,117000,117500,113000,115000,2500,113762,6388607,-30425,33.28,-7760,115000,115000,115000,115000,0,194
20061201,114500,115000,112500,112500,2500,50458,6370396,-18211,33.18,-5461,113000,113000,113000,113000,500,10
20061204,112500,116000,112000,116000,3500,77890,6351596,-18800,33.09,17404,116000,116000,116000,116000,0,75
20061205,115500,116000,113500,115000,1000,37990,6366600,15004,33.16,-15312,114000,114000,114000,114000,-1000,5
20061206,114000,121000,113500,120500,5500,192024,6368028,1428,33.17,55261,120500,120500,120500,120500,0,0
20061207,121000,126000,121000,125500,5000,231727,6254035,-113993,32.58,140169,125500,126000,125500,126000,500,14
20061208,125000,127000,123000,126000,500,188421,6173231,-80804,32.16,76116,126000,126000,126000,126000,0,0
20061211,126500,127500,125000,126500,500,62197,6160063,-13168,32.09,11484,126500,126500,126500,126500,0,0
20061212,125500,127000,120000,125000,1500,72648,6163784,3721,32.11,-7265,122000,122000,122000,122000,-3000,10
20061213,124500,128000,124000,125000,0,81455,6164796,1012,32.11,-1642,125000,125000,125000,125000,0,0
20061214,125000,126000,122000,125000,0,108708,6175983,11187,32.17,-24457,125000,125000,125000,125000,0,0
20061215,124000,124000,121500,124000,1000,71075,6151673,-24310,32.04,848,124000,124000,124000,124000,0,0
20061218,123500,125000,122500,124000,0,73119,6108859,-42814,31.82,13760,124000,124000,124000,124000,0,0
20061219,124500,126500,123000,123000,1000,127155,6028892,-79967,31.41,63553,123000,123000,123000,123000,0,0
20061220,122000,125000,119000,122500,500,156662,5945558,-83334,30.96,38511,122500,122500,122500,122500,0,0
20061221,122000,123000,118000,119500,3000,110223,5894475,-51083,30.7,8377,119500,119500,119500,119500,0,10
20061222,118500,120000,116500,116500,3000,69012,5861841,-32634,30.53,4212,116500,116500,116500,116500,0,22
20061226,115000,118000,115000,116500,0,66451,5836842,-24999,30.4,5247,116000,116000,116000,116000,-500,60
20061227,116500,118500,115500,118500,2000,31899,5845628,8786,30.45,7366,118500,118500,118500,118500,0,8
20061228,119500,120500,118500,119500,1000,40285,5845638,10,30.45,445,119500,119500,119500,119500,0,0
20070102,118500,121500,118000,118000,1500,31636,5836523,-9115,30.4,-1075,118000,118000,118000,118000,0,0
20070103,119000,120000,117000,119000,1000,95679,5813398,-23125,30.28,-226,119000,119000,119000,119000,0,0
20070104,118000,119500,115000,116500,2500,98608,5854527,41129,30.5,-56827,116500,116500,116500,116500,0,0
20070105,117500,122000,116500,121000,4500,148097,5923473,68946,30.86,-23510,121000,121000,121000,121000,0,0
20070108,121000,125500,120500,124000,3000,73924,5941216,17743,30.95,3773,124000,124000,124000,124000,0,0
20070109,124500,125000,121500,124000,0,88166,5947345,6129,30.98,7968,124000,124000,124000,124000,0,0
20070110,122000,123500,116500,120500,3500,99642,5907128,-40217,30.76,21235,120500,120500,120500,120500,0,0
20070111,118000,121000,116500,117500,3000,80363,5885391,-21737,30.66,6123,117500,117500,117500,117500,0,0
20070112,117500,118500,116000,118000,500,71419,5871384,-14007,27.7,7112,118000,118000,118000,118000,0,93
20070115,118500,119000,117500,119000,1000,24106,5882176,10792,27.75,-5392,119000,119000,119000,119000,0,0
20070116,118500,122000,118500,120500,1500,40597,5873902,-8274,27.71,15196,120500,120500,120500,120500,0,0
20070117,121500,122000,117500,119000,1500,44931,5876004,2102,27.72,-948,119000,119000,119000,119000,0,1
20070118,118000,119000,117000,118500,500,17490,5874349,-1655,27.71,1678,118500,118500,118500,118500,0,0
20070119,118500,118500,114500,116500,2000,42110,5859988,-14361,27.65,7598,116500,116500,116500,116500,0,30
20070122,115000,118000,114500,114500,2000,26688,5863859,3871,27.66,1917,115000,115000,114500,114500,0,184
20070123,115500,117500,115000,116000,1500,27187,5875737,11878,27.72,259,115000,115000,115000,115000,-1000,1000
20070124,116000,119000,116000,119000,3000,23033,5872995,-2742,27.71,11081,114000,119000,114000,119000,0,2010
20070125,119000,119000,118000,119000,0,22051,5863576,-9419,27.66,14571,119000,119000,119000,119000,0,0
20070126,119000,119000,117000,119000,0,21814,5870027,6451,27.69,-5183,119000,119000,119000,119000,0,0
20070129,119000,119000,116500,116500,2500,28913,5856469,-10568,27.63,11322,116500,116500,116500,116500,0,0
20070130,118000,119000,116500,118500,2000,39452,5842587,-13882,27.56,6697,118500,118500,118500,118500,0,0
20070131,118500,119000,116500,118000,500,36622,5839555,-3032,27.55,-73,118000,118000,118000,118000,0,0
20070201,118000,118500,116500,117500,500,37871,5829836,-9719,27.5,8670,117500,117500,117500,117500,0,0
20070202,117000,117500,113500,115500,2000,110704,5766387,-63449,27.2,5893,115000,115000,115000,115000,-500,26
20070205,114500,114500,110000,111000,4500,132716,5679469,-86918,26.79,25927,111500,111500,111500,111500,500,1
20070206,112000,113000,111000,112000,1000,136413,5631031,-48438,26.56,23107,112500,112500,112500,112500,500,30
20070207,113500,117000,113000,116500,4500,97974,5663803,32772,26.72,15485,116000,116000,116000,116000,-500,51
20070208,116500,117500,114500,117000,500,62250,5659673,-4130,26.7,13269,117000,117000,117000,117000,0,0
20070209,115500,118500,115500,117000,0,73324,5660812,1139,26.71,18429,117000,117000,117000,117000,0,1
20070212,115500,116000,112500,116000,1000,52275,5638467,-20185,26.6,21008,116000,116000,116000,116000,0,0
20070213,115500,117500,114500,116000,0,45273,5639586,1119,26.61,12073,116000,116000,116000,116000,0,0
20070214,116000,118000,115500,115500,500,57142,5638419,-1167,26.6,-4381,115500,115500,115500,115500,0,0
20070215,114500,114500,110000,110500,5000,125702,5563470,-74949,26.25,-5628,110500,111000,110500,111000,500,41
20070216,111000,111000,109000,110500,0,57178,5553018,-10452,26.2,4663,110500,110500,110500,110500,0,0
20070220,110500,111000,107500,107500,3000,84128,5524457,-28561,26.06,-5892,107500,107500,107500,107500,0,0
20070221,107000,110000,107000,109000,1500,151246,5530149,5692,26.09,-9932,109000,109000,109000,109000,0,0
20070222,109000,110500,104500,106000,3000,167493,5485023,-45126,25.87,-19939,106000,106000,106000,106000,0,48
20070223,105500,108000,105000,106500,500,154834,5448262,-36761,25.7,29173,106000,106000,106000,106000,-500,169
20070226,106500,107500,104500,105000,1500,122377,5407243,-41019,25.51,1497,105000,105000,105000,105000,0,1
20070227,104500,105000,102500,103500,1500,197820,5330290,-76953,25.15,49971,104000,104000,103500,103500,0,30
20070228,102000,102500,100500,101500,2000,171017,5308120,-22170,25.04,8265,102500,102500,102500,102500,1000,2
20070302,101500,106000,101500,104000,2500,188491,5296755,-11365,24.99,18276,104500,104500,104500,104500,500,33
20070305,102000,103500,100000,100000,4000,111536,5307290,10535,25.04,-4327,100000,100000,100000,100000,0,176
20070306,99500,105500,99500,104500,4500,122485,5295196,-12094,24.98,38076,104500,104500,104500,104500,0,19
20070307,105000,107500,104500,106000,1500,132248,5337743,42547,25.18,-12777,106500,106500,106000,106500,500,25
20070308,105000,108500,105000,108000,2000,84904,5327767,-9976,25.13,24649,108000,108000,108000,108000,0,0
20070309,107000,108000,104500,107000,1000,105949,5313123,-14644,25.07,6181,107000,107000,107000,107000,0,0
20070312,105000,108500,105000,106000,1000,106330,5280037,-33086,24.91,22280,106000,106000,106000,106000,0,10
20070313,107500,107500,105500,106000,0,64662,5265031,-15006,24.84,15223,106000,106000,106000,106000,0,0
20070314,104000,109500,104000,108500,2500,131261,5238639,-26392,24.71,47627,108500,108500,108500,108500,0,50
20070315,107500,112000,107500,112000,3500,153914,5197781,-40858,24.52,70591,112000,112000,112000,112000,0,0
20070316,111000,112000,109000,109500,2500,43482,5198379,598,24.52,-2411,111500,111500,111500,111500,2000,30
20070319,108000,111500,108000,111500,2000,38069,5206122,7743,24.56,5984,111500,111500,111500,111500,0,0
20070320,111000,113500,109500,112500,1000,137056,5238709,32587,24.71,-7054,113000,113000,113000,113000,500,20
20070321,112500,113000,110000,112500,0,91373,5258055,19346,24.81,4750,112500,112500,112500,112500,0,0
20070322,111500,114500,111500,114000,1500,112476,5265048,6993,24.84,15765,114000,114000,114000,114000,0,99
20070323,114000,115000,113000,113000,1000,72475,5276065,11017,24.89,-4635,113000,113000,113000,113000,0,0
20070326,112500,114000,110500,112000,1000,65284,5265637,-10428,24.84,7058,111500,111500,111500,111500,-500,2
20070327,112000,114000,110500,113000,1000,94015,5276085,10448,24.89,7286,113000,113000,113000,113000,0,0
20070328,113000,113000,109500,110000,3000,74587,5262407,-13678,24.83,-4286,110000,110000,110000,110000,0,0
20070329,109000,112000,109000,110500,500,65053,5271225,8818,24.87,-3180,110500,110500,110500,110500,0,0
20070330,111500,112500,111000,112500,2000,43720,5296501,25276,24.99,-11804,112500,112500,112500,112500,0,17
20070402,112000,113000,111500,113000,500,54107,5311400,14899,25.06,-7537,113000,113000,113000,113000,0,0
20070403,114000,116000,112500,115000,2000,159685,5378395,66995,25.37,-40913,115000,115000,115000,115000,0,0
20070404,116000,116000,114000,114000,1000,91836,5387151,8756,25.41,-20680,114000,114000,114000,114000,0,208
20070405,113000,114000,112000,114000,0,44153,5396437,9286,25.46,-13177,114000,114000,114000,114000,0,0
20070406,113500,113500,111500,113000,1000,34045,5402339,5902,25.49,-15497,112000,112500,112000,112500,-500,122
20070409,112000,115000,112000,112000,1000,45651,5408095,5756,25.51,-2545,112000,112000,112000,112000,0,0
20070410,112500,114000,112000,113000,1000,44319,5427299,19204,25.6,-4441,113000,113000,113000,113000,0,39
20070411,113000,115000,113000,114500,1500,53755,5448513,21214,25.7,-18790,113500,113500,113500,113500,-1000,1
20070412,115000,117000,113500,117000,2500,108726,5464476,15963,25.77,9144,117000,117000,117000,117000,0,0
20070413,117000,119000,117000,117000,0,190469,5482262,17786,25.86,-13004,117000,117000,117000,117000,0,44
20070416,116000,119000,115500,118500,1500,73408,5466103,-16159,25.79,18975,118500,118500,118500,118500,0,0
20070417,118000,122000,117500,120500,2000,118261,5466946,843,25.79,17976,120500,120500,120500,120500,0,0
20070418,122500,126000,122500,124500,4000,187157,5493477,26531,25.92,8570,125000,125000,125000,125000,500,6
20070419,125000,125000,121000,124500,0,132167,5521949,28472,26.05,-15323,125000,125000,125000,125000,500,1
20070420,123500,124500,122500,124000,500,163509,5552962,31013,26.2,-41975,124000,124000,124000,124000,0,0
20070423,125000,128500,124000,127000,3000,90871,5559819,6857,26.23,10788,127000,127000,127000,127000,0,0
20070424,127500,127500,125000,126500,500,63358,5576471,16652,26.31,-8097,126500,126500,126500,126500,0,0
20070425,125500,128500,124500,128000,1500,106991,5600377,23906,26.42,-7969,128000,128000,128000,128000,0,0
20070426,126000,128500,126000,128000,0,121635,5636340,35963,26.59,-33531,128000,128000,128000,128000,0,0
20070427,126000,129000,125000,128500,500,83822,5684207,47867,26.82,-33712,128500,128500,128500,128500,0,0
20070430,125500,131500,125500,131500,3000,144113,5716957,32750,26.97,1,131500,131500,131500,131500,0,1
20070502,132500,133000,123500,128000,3500,135708,5678368,-38589,26.79,1504,128000,128000,128000,128000,0,1
20070503,127000,127500,122500,123500,4500,90387,5639471,-38897,26.6,2731,122000,122000,122000,122000,-1500,30
20070504,124000,126000,123000,123000,500,85395,5597134,-42337,26.41,11222,123000,123000,123000,123000,0,0
20070507,124000,126000,123500,125000,2000,91048,5573064,-24070,26.29,-4737,125000,125500,125000,125500,500,76
20070508,125000,125000,120000,121000,4000,124923,5547844,-25220,26.17,-12044,121000,121000,121000,121000,0,50
20070509,121000,124000,121000,123500,2500,46312,5549420,1576,26.17,7484,124500,124500,124500,124500,1000,44
20070510,123000,129500,123000,126500,3000,113489,5558367,8947,26.22,13527,126500,131000,126500,131000,4500,427
20070511,129000,131000,127500,129500,3000,136031,5590885,32518,26.38,-7464,129500,129500,129500,129500,0,0
20070514,128000,131000,124500,126000,3500,66405,5575939,-14946,26.31,-7808,126000,126000,126000,126000,0,0
20070515,126500,126500,120000,120500,5500,123345,5557907,-18032,26.22,-16562,120500,120500,120500,120500,0,1
20070516,120500,123500,119500,123500,3000,53390,5564311,6404,26.25,1503,123500,123500,122000,122000,-1500,61
20070517,123500,125000,123000,123500,0,59859,5572087,7776,26.29,-8017,123500,123500,123500,123500,0,0
20070518,124500,127500,124500,126000,2500,39112,5587211,14926,26.36,-2184,126000,126000,126000,126000,0,0
20070521,125000,127000,122500,124000,2000,56504,5573740,-13471,26.29,4702,123000,123000,123000,123000,-1000,1
20070522,123000,124000,121000,122500,1500,57154,5583593,9853,26.34,-31186,122500,122500,122500,122500,0,0
20070523,122500,124000,121000,122000,500,56516,5581662,-1931,26.33,-21295,122000,122000,122000,122000,0,0
20070525,121000,122500,120000,121000,1000,34951,5580498,-1164,26.33,-4173,120000,121000,120000,121000,0,40
20070528,121500,122500,121000,122000,1000,34333,5580281,-217,26.33,-14991,122000,122000,122000,122000,0,0
20070529,121500,124000,121000,122000,0,62377,5580694,413,26.33,-22890,122000,122000,122000,122000,0,0
20070530,122000,122000,116500,119500,2500,176702,5541732,-38962,26.14,-14345,120000,120000,120000,120000,500,3
20070531,119500,122000,119000,122000,2500,164500,5580991,39259,26.33,-32447,122000,122000,122000,122000,0,0
20070601,121000,123500,120500,121000,1000,125581,5580559,-432,26.33,-16615,121000,121000,121000,121000,0,12
20070604,123000,123500,117500,119500,1500,131664,5582776,2217,26.34,-58332,119500,119500,119500,119500,0,0
20070605,121000,123000,120000,122500,3000,89030,5587724,4948,26.36,-21125,122500,122500,122500,122500,0,0
20070607,123000,126500,121500,125000,2500,244143,5469758,-117966,25.8,43912,125000,125000,125000,125000,0,70
20070608,124000,126000,123000,124000,1000,113024,5472590,2832,25.82,11092,123500,123500,123500,123500,-500,1
20070611,125000,126000,120500,123000,1000,112311,5453604,-18986,25.72,-22090,123000,123000,123000,123000,0,0
20070612,122000,123000,121000,121500,1500,58924,5454554,950,25.72,-12034,121500,121500,121500,121500,0,0
20070613,121000,122500,120500,121000,500,53387,5453846,-708,25.72,-11639,121000,122000,121000,122000,1000,11
20070614,122000,125000,121000,124500,3500,131064,5460677,6831,25.76,1129,124500,124500,124500,124500,0,472
20070615,126000,130500,125500,130500,6000,280429,5548883,88206,26.17,3977,130500,130500,130500,130500,0,10
20070618,131000,133500,129000,129000,1500,130126,5561079,12196,26.23,6789,129000,129000,129000,129000,0,0
20070619,129500,130000,126500,127000,2000,70704,5561161,82,26.24,-16797,128000,128000,128000,128000,1000,1
20070620,128500,130000,123500,126000,1000,94500,5558600,-2561,26.22,1668,126000,126000,126000,126000,0,3
20070621,124000,128500,123000,126000,0,84656,5560977,2377,26.23,-10923,127500,127500,127500,127500,1500,183
20070622,127000,127000,123000,125000,1000,95659,5547504,-13473,26.17,-11851,125500,125500,125500,125500,500,7
20070625,123000,123500,119000,122000,3000,147638,5488804,-58700,25.89,1395,122000,122000,122000,122000,0,3
20070626,120500,121000,116500,119000,3000,128065,5433430,-55374,25.62,20406,118500,118500,118000,118000,-1000,6
20070627,119500,119500,113500,118500,500,164823,5391370,-42060,25.43,5948,118000,118500,118000,118500,0,35
20070628,118500,118500,116500,117000,1500,52860,5373496,-17874,25.35,-1199,118000,118000,117000,117000,0,4
20070629,118000,120000,116500,120000,3000,106008,5384571,11075,25.4,3975,120000,120000,120000,120000,0,50
20070702,120000,121000,118500,120000,0,61670,5370953,-13618,25.34,8647,120000,120500,120000,120500,500,256
20070703,121500,122000,120500,121500,1500,85432,5371152,199,25.34,7470,121500,121500,121500,121500,0,0
20070704,122000,122000,119500,120500,1000,77009,5363957,-7195,25.31,2511,121000,121000,121000,121000,500,145
20070705,120000,121500,118500,119500,1000,84208,5339818,-24139,25.19,-1586,119500,119500,119500,119500,0,0
20070706,119500,120000,119000,120000,500,53198,5340217,399,25.19,-13372,120000,120000,120000,120000,0,92
20070709,120000,123500,119500,122000,2000,102663,5341123,906,25.2,-2551,122000,122000,122000,122000,0,0
20070710,122500,123000,119500,119500,2500,91730,5298517,-42606,25.0,-2891,119500,119500,119000,119000,-500,524
20070711,119000,119500,118000,118500,1000,72330,5275568,-22949,24.89,6213,118500,118500,118500,118500,0,6
20070712,118500,120500,118000,120000,1500,96661,5279298,3730,24.91,-25295,120000,120000,120000,120000,0,5
20070713,121000,125000,119500,123000,3000,189798,5323843,44545,25.12,-9630,123000,123000,123000,123000,0,66
20070716,124500,126500,122500,126000,3000,184548,5347547,23704,25.23,37864,126000,126000,126000,126000,0,30
20070718,125000,128000,124000,124000,2000,246877,5326116,-21431,25.13,33532,124000,124000,123500,123500,-500,163
20070719,124500,127500,123500,126500,2500,110715,5338246,12130,25.18,6286,126500,126500,126500,126500,0,0
20070720,127500,129500,125500,129000,2500,163206,5351168,12922,25.24,15292,129000,129000,129000,129000,0,0
20070723,128500,130000,125500,129500,500,104246,5351860,692,25.25,16341,129500,129500,129500,129500,0,30
20070724,128500,128500,126500,127500,2000,73170,5375701,23841,25.36,-12621,127500,127500,127500,127500,0,0
20070725,127500,128000,126000,127000,500,70714,5373556,-2145,25.35,531,128000,128000,127500,127500,500,385
20070726,128000,128000,123500,124500,2500,111029,5351179,-22377,25.24,4906,124500,124500,124500,124500,0,20
20070727,121000,124500,118000,121500,3000,104030,5358954,7775,25.28,-9437,121500,121500,121500,121500,0,0
20070730,121500,121500,118500,119500,2000,57394,5334814,-24140,25.17,5062,119000,120000,119000,120000,500,5
20070731,120000,122000,118500,121500,2000,96448,5344782,9968,25.21,-28578,121500,121500,121000,121000,-500,13
20070801,119500,120000,114500,117500,4000,107684,5325757,-19025,25.12,-6949,116000,116000,116000,116000,-1500,4
20070802,117500,121500,112500,114000,3500,186195,5291954,-33803,24.97,-3415,114500,114500,114000,114000,0,21
20070803,116500,119500,116000,118500,4500,69292,5295237,3283,24.98,15272,118500,118500,118500,118500,0,5
20070806,116000,118500,115500,118500,0,35317,5295389,152,24.98,-3060,118500,118500,118500,118500,0,0
20070807,121000,121000,116500,117000,1500,42898,5296959,1570,24.99,-1101,117500,117500,117500,117500,500,220
20070808,117500,121500,117500,121000,4000,67768,5331220,34261,25.15,8605,121000,121000,121000,121000,0,0
20070809,121500,124500,121500,122000,1000,115687,5370957,39737,25.34,-9497,122000,122000,122000,122000,0,0
20070810,119000,119000,116000,118000,4000,145766,5360721,-10236,25.29,-4267,118000,118000,118000,118000,0,0
20070813,117500,118000,116000,116000,2000,75401,5376185,15464,25.36,-23704,116000,116500,116000,116500,500,101
20070814,116500,117000,115000,116000,0,102700,5380253,4068,25.38,-3850,116000,116000,116000,116000,0,0
20070816,113500,115000,109000,109000,7000,150162,5405877,25624,25.5,17394,109000,109000,109000,109000,0,0
20070817,110500,112000,104000,104000,5000,88686,5384132,-21745,25.4,-1098,104000,104000,104000,104000,0,20
20070820,106500,111000,106000,109000,5000,124082,5439311,55179,25.66,-50648,109000,109000,109000,109000,0,22
20070821,111000,112500,110000,110000,1000,48153,5442159,2848,25.67,-2165,110000,110000,110000,110000,0,0
20070822,112000,117000,110500,115000,5000,116435,5455572,13413,25.74,20261,115000,115000,115000,115000,0,0
20070823,115500,120500,115500,119000,4000,162124,5472368,16796,25.82,24721,119000,119000,119000,119000,0,0
20070824,119000,120000,116000,117500,1500,62425,5478445,6077,25.85,-10232,117500,117500,117500,117500,0,0
20070827,120000,121000,117000,117500,0,53633,5487955,9510,25.89,-2234,117500,117500,117500,117500,0,0
20070828,117500,120500,117500,119500,2000,44857,5484632,-3323,25.87,15023,119500,119500,119500,119500,0,0
20070829,117000,120000,117000,120000,500,56403,5494985,10353,25.92,2938,120000,120000,120000,120000,0,30
20070830,120000,121500,120000,121000,1000,59405,5492569,-2416,25.91,26713,120000,120000,119500,119500,-1500,25
20070831,121000,124000,121000,122500,1500,101995,5539006,46437,26.12,12848,122500,122500,122500,122500,0,5
20070903,123000,123500,122000,122500,0,31498,5546511,7505,26.17,-2279,123500,123500,122500,122500,0,101
20070904,121500,124500,121500,121500,1000,77497,5563052,16541,26.24,6746,121500,121500,121500,121500,0,0
20070905,123000,125000,122500,124000,2500,89167,5596110,33058,26.4,-10091,124000,124000,124000,124000,0,1
20070906,124000,126500,123500,126000,2000,61593,5599880,3770,26.42,18492,126000,126000,126000,126000,0,0
20070907,126000,127000,124500,126000,0,45056,5611874,11994,26.47,3265,126000,126000,126000,126000,0,0
20070910,123500,124000,120500,123500,2500,79079,5612883,1009,26.48,2622,123500,123500,123500,123500,0,0
20070911,125500,129500,124500,127000,3500,177514,5698688,85805,26.88,-9417,127000,127000,127000,127000,0,0
20070912,127500,129500,127000,128500,1500,160239,5766029,67341,27.2,-15625,128500,128500,128500,128500,0,0
20070913,128500,129000,124000,128500,0,73551,5765649,-380,27.2,5031,128500,128500,128500,128500,0,0
20070914,129000,130500,128500,128500,0,69818,5798804,33155,27.36,7496,128500,128500,128500,128500,0,0
20070917,130000,131000,128000,130500,2000,46039,5816957,18153,27.44,-52,130500,130500,130500,130500,0,0
20070918,129500,130500,127500,128500,2000,32333,5833706,16749,27.52,-3417,128500,128500,128500,128500,0,0
20070919,131000,133500,128500,129500,1000,120948,5817152,-16554,27.44,36823,129500,129500,129500,129500,0,0
20070920,131000,131000,127500,128000,1500,35500,5821059,3907,27.46,4321,123000,128500,123000,128500,500,232
20070921,127500,130000,122500,124000,4000,88358,5778235,-42824,27.26,19311,124500,124500,124500,124500,500,10
20070927,125500,128000,125000,125500,1500,125251,5768672,-9563,27.21,-4728,125500,125500,125500,125500,0,0
20070928,126000,130500,125000,128000,2500,190388,5800665,31993,27.37,-28976,128000,128000,128000,128000,0,0
20071001,129500,132000,129000,131000,3000,77151,5822294,21629,27.47,9363,131000,131000,131000,131000,0,0
20071002,133000,136000,132000,135000,4000,169210,5872371,50077,27.7,333,135000,135000,135000,135000,0,0
20071004,135000,136000,132000,134000,1000,133058,5881759,9388,27.75,3669,134000,134000,134000,134000,0,0
20071005,135000,135000,130500,133000,1000,96437,5900104,18345,27.83,-22500,133000,133000,133000,133000,0,0
20071008,134500,137000,131000,133000,0,66900,5929825,29721,27.97,-21677,133500,133500,133500,133500,500,16
20071009,135500,140000,133500,139500,6500,92009,5936288,6463,28.01,7861,139500,139500,139500,139500,0,0
20071010,140500,146000,139500,144000,4500,131074,5932897,-3391,27.99,34568,143000,143000,143000,143000,-1000,1
20071011,143500,143500,140000,141500,2500,92212,5905184,-27713,27.86,15686,141500,141500,141500,141500,0,0
20071012,141500,145500,134500,136500,5000,173539,5875658,-29526,27.72,6268,137000,137000,136500,136500,0,87
20071015,137000,142000,132500,135000,1500,129524,5837585,-38073,27.54,-5640,135000,135500,135000,135500,500,45
20071016,134000,136500,131500,132000,3000,126874,5789172,-48413,27.31,28617,132000,132000,132000,132000,0,62
20071017,132000,134000,127500,130000,2000,126872,5750284,-38888,27.13,32583,130000,130000,130000,130000,0,0
20071018,130000,131500,126500,128000,2000,125712,5724707,-25577,27.01,-2967,128000,128000,128000,128000,0,21
20071019,129000,130500,126000,126500,1500,98757,5725623,916,27.01,-16827,126500,126500,126500,126500,0,4
20071022,120000,126500,118500,125500,1000,79079,5727927,2304,27.02,-5642,125500,125500,125500,125500,0,0
20071023,128000,129500,124500,124500,1000,71370,5725004,-2923,27.01,-23463,125000,125500,125000,125500,1000,126
20071024,125500,128000,122000,125000,500,84018,5729241,4237,27.03,-12055,125000,125000,125000,125000,0,2
20071025,126500,130000,126500,127000,2000,103672,5756924,27683,27.16,-13791,128000,129000,128000,129000,2000,35
20071026,129000,132000,127500,129000,2000,79668,5761129,4205,27.18,11844,130000,130000,130000,130000,1000,90
20071029,131500,133000,129500,130500,1500,203381,5771343,10214,27.23,2128,130500,130500,130500,130500,0,9
20071030,131000,133000,129000,132500,2000,73757,5810885,39542,27.41,588,130500,130500,130500,130500,-2000,10
20071031,133500,135500,131500,134000,1500,58311,5808123,29443,27.4,1231,134000,134000,134000,134000,0,0
20071101,136000,143500,134000,139000,5000,107511,5817244,9121,27.44,31923,139000,139000,139000,139000,0,0
20071102,137000,142000,136000,140500,1500,85864,5821133,3889,27.46,6809,140500,140500,140500,140500,0,0
20071105,139000,139500,132000,135500,5000,73051,5807448,-13685,27.4,-4875,135500,135500,135500,135500,0,9
20071106,134000,136000,133000,135000,500,61601,5782826,-24670,27.28,2106,135000,135000,135000,135000,0,36
20071107,134000,138500,133500,135000,0,98165,5769400,-13426,27.22,25156,135000,135000,135000,135000,0,24
20071108,133000,133500,125500,125500,9500,101603,5775077,5389,27.23,-28428,126500,126500,126500,126500,1000,101
20071109,127000,132500,125500,132500,7000,100697,5741898,-33179,27.08,35796,132500,132500,132500,132500,0,0
20071112,128500,130000,126000,126500,6000,65525,5748119,6221,27.12,-10046,128500,128500,128500,128500,2000,58
20071113,128000,135000,127000,133500,7000,67544,5739410,-8709,27.08,23023,134500,134500,134500,134500,1000,1
20071114,136500,139000,133500,137000,3500,94728,5721822,-17588,26.98,29562,137000,137000,137000,137000,0,50
20071115,136000,138500,133000,134000,3000,54781,5696629,-25193,26.87,31004,133500,133500,133500,133500,-500,1
20071116,129500,131000,126500,128500,5500,66410,5671658,-24971,26.76,1353,128500,128500,128500,128500,0,10
20071119,128500,130500,125500,127000,1500,82251,5629736,-41922,26.56,30151,127000,127000,127000,127000,0,0
20071120,125000,128000,123000,125500,1500,104016,5609825,-19911,26.46,35344,125500,125500,125500,125500,0,0
20071121,126000,129000,124000,126000,500,134899,5628867,19042,26.55,-16820,126000,126000,126000,126000,0,0
20071122,126500,129500,126500,128000,2000,127512,5625767,-3100,26.54,16900,127000,127000,127000,127000,-1000,3
20071123,130000,132000,127500,128500,500,112749,5649164,23397,26.65,11750,128500,128500,128500,128500,0,0
20071126,128000,132500,127000,131000,2500,57535,5661712,12548,26.71,-9396,131000,131000,131000,131000,0,17
20071127,130000,132500,127000,129500,1500,61096,5663914,2202,26.72,11480,129500,129500,129500,129500,0,0
20071128,131000,134500,130000,132000,2500,63489,5663403,-511,26.72,3706,132000,132000,132000,132000,0,0
20071129,134000,135500,132500,132500,500,80633,5662461,-942,26.71,11047,132500,132500,132500,132500,0,0
20071130,132000,136000,131500,133500,1000,57153,5683110,-3595,26.81,5910,133500,133500,133500,133500,0,0
20071203,135000,135000,131500,132500,1000,27745,5684445,1335,26.82,394,132500,132500,132500,132500,0,0
20071204,132000,134500,129500,132000,500,48589,5663361,-21084,26.72,11090,132000,132000,132000,132000,0,0
20071205,132000,134000,128500,131000,1000,56333,5674327,10966,26.77,-4378,131000,131000,131000,131000,0,557
20071206,131500,133500,130500,132500,1500,54713,5655410,-19189,26.68,18966,132500,132500,132500,132500,0,0
20071207,135000,139000,131500,133000,500,163110,5675022,19612,26.77,-678,133000,133000,133000,133000,0,0
20071210,133500,135500,130500,134500,1500,40069,5663411,-11611,26.72,10756,132500,133000,132500,133000,-1500,52
20071211,134500,136000,131500,135000,500,71478,5676136,13093,26.78,-8696,135000,135000,135000,135000,0,11
20071212,134500,134500,127500,131500,3500,107136,5686389,9757,26.83,-22475,131500,131500,131500,131500,0,90
20071213,131000,132000,128000,130500,1000,74389,5692634,6565,26.86,-16272,130500,130500,130500,130500,0,0
20071214,129500,131500,129500,129500,1000,26995,5694478,1844,26.86,2875,129000,129000,129000,129000,-500,10
20071217,129000,131000,128000,130500,1000,35271,5689783,-4695,26.84,7657,130000,130000,129500,129500,-1000,34
20071218,130000,131000,127500,128500,2000,39871,5681382,-8401,26.8,5794,128500,128500,128500,128500,0,0
20071220,130000,132000,128500,130000,1500,30407,5694576,15254,26.86,-7876,131000,131000,131000,131000,1000,6
20071221,129500,135000,129500,134500,4500,44859,5696806,4936,26.88,14029,134500,134500,134500,134500,0,0
20071224,136000,137000,134500,135000,500,56180,5722940,26134,27.0,-16013,135000,135000,135000,135000,0,51
20071226,134500,138000,134500,138000,3000,44721,5742970,20030,27.08,11085,138000,138000,138000,138000,0,0
20071227,138500,140000,136000,139000,1000,42787,5767094,24124,27.21,-15907,139000,139000,139000,139000,0,0
20071228,139500,142500,137500,142500,3500,90124,5808277,41183,27.4,-8429,142500,142500,142500,142500,0,2
20080102,141000,146000,140000,141000,1500,59640,5845484,37207,27.58,-24712,141000,141000,141000,141000,0,0
20080103,139000,139000,135500,137000,4000,75297,5826248,-19236,27.49,9943,137000,137000,137000,137000,0,0
20080104,137000,140000,136500,138000,1000,83282,5855343,29095,27.62,-27774,138000,138000,138000,138000,0,227
20080107,138000,143500,133000,140000,2000,68040,5874988,19645,27.72,-12092,140000,140000,140000,140000,0,0
20080108,140500,144500,138500,142500,2500,81975,5891824,16836,27.8,-4381,142500,142500,142500,142500,0,0
20080109,141500,144500,139500,143000,500,134951,5907283,15459,27.87,-933,143000,143000,143000,143000,0,17
20080110,143500,146000,136000,136000,7000,117933,5907802,519,27.87,-29207,136000,136500,136000,136500,500,194
20080111,138000,138000,132500,137000,1000,47996,5912049,4247,27.89,401,135000,135500,135000,135000,-2000,263
20080114,133000,136000,130500,133000,4000,75031,5897910,-14139,27.82,13107,133000,133000,133000,133000,0,10
20080115,132500,135000,130000,134000,1000,91093,5908937,11027,27.88,-2369,134000,134000,134000,134000,0,0
20080116,135000,135500,129000,134000,0,66874,5875839,-34523,27.72,26313,134000,134000,134000,134000,0,0
20080117,134000,136500,130500,130500,3500,47074,5868638,-5551,27.69,1954,131000,131500,131000,131500,1000,131
20080118,128500,135500,128000,134500,4000,40096,5861294,-7344,27.65,8733,134500,134500,134500,134500,0,0
20080121,135000,135000,128000,130000,4500,66585,5827410,-33884,27.49,12897,130000,130000,130000,130000,0,0
20080122,127000,127000,118500,120000,10000,143183,5782423,-44987,27.28,19103,120000,120000,120000,120000,0,0
20080123,123000,126000,120000,126000,6000,134344,5769794,-12629,27.22,25283,123500,124000,123500,124000,-2000,119
20080124,128000,131000,126000,128500,2500,87117,5796006,26212,27.33,787,128500,128500,128500,128500,0,0
20080125,129000,130500,126500,129500,1000,44625,5794853,-1153,27.33,-3185,129500,129500,129500,129500,0,0
20080128,126500,133000,124000,133000,3500,30636,5791129,-3724,27.32,6477,133000,133000,133000,133000,0,0
20080129,132000,132000,125500,125500,7500,54817,5775659,-15470,27.25,2934,125500,125500,125500,125500,0,0
20080130,126000,127000,121000,125000,500,58934,5758000,-17659,27.16,-1531,125000,125000,125000,125000,0,0
20080131,126500,126500,119500,124000,1000,227576,5717438,-40562,26.97,33647,122000,124000,122000,124000,0,82
20080201,122500,124000,118000,118500,5500,147548,5679155,-38283,26.79,-22697,118500,119000,118500,119000,500,210
20080204,118500,119000,115000,115000,3500,197292,5615096,-64059,26.49,-20860,115500,115500,115000,115000,0,187
20080205,116000,118000,115000,116500,1500,89297,5586041,-29055,26.35,7908,117500,117500,117500,117500,1000,45
20080211,113000,114500,113000,114500,2000,48195,5582926,-3115,26.34,-1878,114500,114500,114500,114500,0,10
20080212,115500,116000,113000,113500,1000,70893,5575594,-7332,26.3,-5416,114000,114500,114000,114000,500,32
20080213,113500,114000,108500,110500,3000,162411,5566683,-8911,26.26,-12028,110500,110500,110500,110500,0,98
20080214,112000,113000,110000,111000,500,126724,5574745,8062,26.3,-32924,111500,111500,111500,111500,500,360
20080215,110000,115000,110000,114000,3000,90873,5579061,4316,26.32,-8559,114000,114000,114000,114000,0,0
20080218,114500,116000,113000,115000,1000,70919,5579271,210,26.32,-412,116000,116000,116000,116000,1000,83
20080219,116000,116500,113000,114000,1000,59331,5561525,-17767,26.24,11891,114000,114000,114000,114000,0,136
20080220,114000,114000,111000,112500,1500,80635,5554274,-7251,26.2,-12276,112500,112500,112500,112500,0,0
20080221,112000,113000,111000,112000,500,59700,5547182,-7114,26.17,-3959,112000,112500,112000,112000,0,203
20080222,112000,113000,109000,111000,1000,72365,5535638,-11544,26.11,-325,111500,111500,111500,111500,500,10
20080225,112000,117500,112000,115000,4000,94376,5557501,21825,26.22,15717,115500,115500,115500,115500,500,186
20080226,117000,117500,114500,116000,1000,56770,5560758,3257,26.23,5040,116500,116500,116500,116500,500,3
20080227,116500,119000,115500,117000,1000,84985,5589898,29140,26.37,-3027,117000,117000,117000,117000,0,0
20080228,118000,121000,117000,118500,1500,96491,5653840,63942,26.67,-44108,118500,118500,118500,118500,0,10
20080229,119500,119500,116500,118000,500,68515,5658518,4678,26.69,-16046,118000,118000,118000,118000,0,25
20080303,115500,117500,114000,117000,1000,54177,5655902,-2616,26.68,-4397,117000,117000,117000,117000,0,0
20080304,116000,119000,115000,116500,500,58326,5672855,16953,26.76,-17738,117500,117500,117000,117000,500,19
20080305,118000,118000,112500,114500,2000,81129,5634219,-38636,26.58,5188,114500,114500,114500,114500,0,0
20080306,114500,115000,110500,111500,3000,128756,5595736,-38483,26.4,-22838,111500,112000,111500,111500,0,167
20080307,110500,112000,109500,112000,500,70327,5582071,-13665,26.33,-7116,112000,112000,112000,112000,0,49
20080310,109500,111000,109500,110500,1500,49267,5564477,-17594,26.25,5180,111500,111500,111500,111500,1000,203
20080311,111000,117000,111000,113500,3000,96613,5588214,23737,26.36,-10468,114000,114000,114000,114000,500,101
20080312,115500,116500,114500,114500,1000,67749,5593270,5056,26.39,-1960,113500,113500,113500,113500,-1000,20
20080313,114000,116000,113500,114500,0,124489,5592797,-473,26.38,-23085,114500,114500,114500,114500,0,0
20080314,115500,116500,113000,114000,500,94937,5559392,-33405,26.23,-8475,114000,114000,114000,114000,0,0
20080317,114500,115000,108000,108500,5500,166279,5486908,-72484,25.89,-21975,108500,108500,107000,107000,-1500,44
20080318,108500,111000,107000,109500,1000,111565,5473534,-13944,25.82,-2130,109500,109500,109500,109500,0,0
20080319,111000,112000,104500,107500,2000,134107,5414452,-59082,25.54,-4653,106000,106000,106000,106000,-1500,93
20080320,105000,108500,104500,107500,0,88566,5416148,2376,25.55,-27900,111000,111000,111000,111000,3500,80
20080321,107500,116000,107000,112500,5000,123773,5441847,25699,25.67,-13495,113000,113000,113000,113000,500,10
20080324,113000,116500,113000,116000,3500,50233,5427587,-14260,25.61,19830,116000,116000,116000,116000,0,0
20080325,115500,116500,112000,113000,3000,68135,5404066,-23521,25.49,-4717,113000,113000,113000,113000,0,0
20080326,112000,114000,110500,112000,1000,70057,5375167,-28899,25.36,-6801,112000,112000,112000,112000,0,1
20080327,112500,113000,110000,111000,1000,59795,5360126,-15041,25.29,-21366,111000,111000,111000,111000,0,0
20080328,110000,115000,110000,111500,500,68556,5365948,5822,25.31,1725,111500,111500,111500,111500,0,18
20080331,113500,113500,109000,111500,0,74599,5352014,-13934,25.25,-18489,111500,111500,111500,111500,0,1
20080401,110500,112000,110000,110000,1500,104694,5334575,-17439,25.17,-18746,110000,110000,110000,110000,0,8
20080402,111000,113500,109500,110000,0,87693,5317892,-16683,25.09,-10597,110500,110500,110000,110500,500,19
20080403,110500,112500,109500,112000,2000,136173,5328200,10308,25.14,-17763,112500,113000,112500,113000,1000,36
20080404,112000,113000,110500,111000,1000,91480,5319747,-12346,25.1,-21852,111500,111500,111500,111500,500,126
20080407,112500,113500,111500,112500,1500,76177,5318088,-1659,25.09,10599,112500,112500,112500,112500,0,13
20080408,113000,113500,111000,111500,1000,49991,5313868,-500,25.07,-12932,112000,112000,111500,111500,0,18
20080410,110500,111500,109500,111000,500,91155,5281585,-32283,24.92,15771,111000,111000,111000,111000,0,42
20080411,111000,112000,110000,111500,500,57675,5276866,-4719,24.89,2367,111500,111500,111500,111500,0,0
20080414,110500,111000,110000,111000,500,60296,5276201,-665,24.89,-8034,112000,112000,112000,112000,1000,1
20080415,111500,114000,110500,110500,500,91629,5247168,-29033,24.75,9293,110500,111000,110500,111000,500,167
20080416,112000,122000,110500,119000,8500,467597,5456985,209817,25.74,-91476,119000,119500,119000,119500,500,113
20080417,120000,120000,115500,118500,500,281296,5516129,59144,26.02,-41761,118500,118500,118000,118000,-500,13
20080418,118500,121000,117500,121000,2500,78417,5536894,20765,26.12,-3518,121000,121000,121000,121000,0,41
20080421,121500,122000,119500,120500,500,140591,5564894,28000,26.25,-6276,120500,120500,120500,120500,0,0
20080422,119500,121000,118000,120000,500,163072,5589837,24943,26.37,-16743,120000,120000,120000,120000,0,0
20080423,120000,122500,119500,121500,1500,66578,5595042,5205,26.4,5430,121500,121500,121500,121500,0,145
20080424,120500,120500,115000,118000,3500,181268,5565353,-29689,26.26,-29601,117000,117000,117000,117000,-1000,5
20080425,116500,120000,115000,116500,1500,87020,5559573,-5780,26.23,5767,116500,116500,116500,116500,0,50
20080428,117000,118000,115000,118000,1500,83944,5556950,-2623,26.22,-1823,117500,117500,117500,117500,-500,2
20080429,118000,118000,116000,118000,0,32202,5552549,-4401,26.19,6414,118000,118000,117500,117500,-500,3
20080430,118000,118500,117000,118500,500,66604,5564380,11831,26.25,-1612,118500,118500,118500,118500,0,0
20080502,119500,120000,117500,118500,0,75746,5566478,2098,26.26,-13033,118500,118500,118500,118500,0,24
20080506,119500,120000,118000,120000,1500,64091,5575647,9169,26.3,-1288,120000,120000,120000,120000,0,5
20080507,120000,124500,120000,123000,3000,139797,5628627,52980,26.55,-14997,123000,123000,123000,123000,0,60
20080508,122500,124500,121000,122500,500,72685,5625499,-3128,26.54,7404,122500,122500,122500,122500,0,6
20080509,122000,122500,119500,122000,500,61886,5622896,-2603,26.53,-5759,122000,122000,122000,122000,0,0
20080513,121000,123000,120000,122000,0,58458,5619949,-2947,26.51,-3743,122000,122000,122000,122000,0,0
20080514,121000,122000,119500,121000,1000,53147,5625920,5971,26.54,2224,121500,121500,121500,121500,500,119
20080515,121000,123500,120500,120500,500,99072,5622340,-3580,26.52,-5202,121000,121000,120500,120500,0,42
20080516,122000,122500,118500,120500,0,124224,5591390,-30950,26.38,10951,121000,121000,120500,120500,0,9
20080519,121500,124000,121000,122500,2000,81533,5617261,25871,26.5,-2390,122500,122500,122500,122500,0,0
20080520,122000,122500,119000,121000,1500,96234,5596112,-21149,26.4,12354,121000,121000,121000,121000,0,0
20080521,119500,121000,118500,121000,0,43610,5598942,2830,26.41,2548,121000,121000,121000,121000,0,0
20080522,119000,120500,116500,119000,2000,100213,5596538,-2404,26.4,-8531,119000,119000,119000,119000,0,5
20080523,119000,120000,117500,120000,1000,40598,5602692,6154,26.43,-8252,120000,120000,120000,120000,0,1
20080526,118000,120500,118000,119500,500,59192,5600194,-2498,26.42,6994,119000,119000,119000,119000,-500,4
20080527,119500,120500,118000,119000,500,49926,5607440,7246,26.45,-16662,119000,119000,119000,119000,0,0
20080528,119000,120000,117500,119500,500,56270,5623409,15969,26.53,-13067,119500,119500,119500,119500,0,0
20080529,119500,120000,117500,118000,1500,102078,5623994,585,26.53,-1148,118000,118000,118000,118000,0,0
20080530,118000,118500,116000,116000,2000,63221,5609530,-14464,26.46,-2278,116000,116000,116000,116000,0,288
20080602,115000,120000,113500,116000,0,102204,5636138,26608,26.59,-10201,115500,116000,115500,116000,0,103
20080603,117000,117500,114500,115000,1000,41344,5628510,-7628,26.55,2976,115000,115000,115000,115000,0,0
20080604,115000,115500,114000,115000,0,65267,5612308,-16202,26.48,7471,114500,114500,114500,114500,-500,1
20080605,114500,115500,113500,114500,500,70735,5607661,-4647,26.45,-3043,115500,115500,115000,115000,500,21
20080609,111500,112500,110000,111000,3500,227659,5563480,-44181,26.25,6007,111500,112000,111500,112000,1000,126
20080610,112500,112500,109000,110500,500,92084,5553498,-9982,26.2,2565,110000,110000,110000,110000,-500,42
20080611,110000,111000,109000,110000,500,69747,5548424,-5074,26.17,-2706,110000,110000,110000,110000,0,10
20080612,110000,110500,107000,108000,2000,181451,5524214,-24210,26.06,16044,108500,108500,108000,108000,0,40
20080613,109000,110000,108000,109500,1500,96824,5504413,-19801,25.97,9902,109500,109500,109500,109500,0,10
20080616,110500,114000,110000,112000,2500,153655,5533991,29578,26.11,-23174,112500,112500,112500,112500,500,1
20080617,112500,113500,111000,113500,1500,73414,5535903,1912,26.12,5297,113500,113500,113500,113500,0,0
20080618,113000,114000,112500,113000,500,50089,5530021,-5882,26.09,9332,113000,114000,113000,114000,1000,48
20080619,113000,113000,111500,111500,1500,71301,5541392,11371,26.14,-8312,111500,111500,111500,111500,0,0
20080620,111500,112500,109000,111000,500,119253,5513638,-27549,26.01,12267,110500,110500,110500,110500,-500,5
20080623,111000,111500,109500,111000,0,57691,5530679,17041,26.09,-6824,111500,111500,111500,111500,500,5
20080624,111000,114000,110500,112500,1500,67508,5533412,2733,26.1,-4063,113000,113000,113000,113000,500,99
20080625,113500,115500,112000,115000,2500,147766,5546359,12947,26.17,12025,115000,115000,115000,115000,0,10
20080626,115500,117500,114000,117500,2500,187391,5529738,-16621,26.09,-17096,116000,117000,116000,117000,-500,120
20080627,117500,117500,117500,117500,0,0,5529738,0,26.09,0,117500,117500,117500,117500,0,0
20080630,117500,117500,117500,117500,0,0,5529738,0,26.09,0,117500,117500,117500,117500,0,0
20080701,117500,117500,117500,117500,0,0,5529738,0,26.09,0,117500,117500,117500,117500,0,0
20080702,117500,117500,117500,117500,0,0,5529738,0,26.09,0,117500,117500,117500,117500,0,0
20080703,117500,117500,117500,117500,0,0,5529738,0,26.09,0,117500,117500,117500,117500,0,0
20080704,117500,117500,117500,117500,0,0,5529738,0,26.09,0,117500,117500,117500,117500,0,0
20080707,117500,117500,117500,117500,0,0,5529738,0,26.09,0,117500,117500,117500,117500,0,0
20080708,117500,117500,117500,117500,0,0,5529738,0,26.09,0,117500,117500,117500,117500,0,0
20080709,117500,117500,117500,117500,0,0,5529738,0,26.09,0,117500,117500,117500,117500,0,0
20080710,117500,117500,117500,117500,0,0,5529738,0,26.09,0,117500,117500,117500,117500,0,0
20080711,117500,117500,117500,117500,0,0,5529738,0,26.09,0,117500,117500,117500,117500,0,0
20080714,117500,117500,117500,117500,0,0,5529738,0,26.09,0,117500,117500,117500,117500,0,0
20080715,117500,117500,117500,117500,0,0,5529738,0,26.09,0,117500,117500,117500,117500,0,0
20080716,117500,117500,117500,117500,0,0,5529738,0,26.09,0,117500,117500,117500,117500,0,0
20080717,117500,117500,117500,117500,0,0,5529738,0,26.09,0,117500,117500,117500,117500,0,0
20080718,117500,117500,117500,117500,0,0,5529738,0,26.09,0,117500,117500,117500,117500,0,0
20080721,117500,117500,117500,117500,0,0,5529738,0,26.09,0,117500,117500,117500,117500,0,0
20080722,117500,117500,117500,117500,0,0,5529738,0,26.09,0,117500,117500,117500,117500,0,0
20080723,117500,117500,117500,117500,0,0,5529738,0,26.09,0,117500,117500,117500,117500,0,0
20080724,117500,117500,117500,117500,0,0,5529738,0,26.09,0,117500,117500,117500,117500,0,0
20080725,117500,117500,117500,117500,0,0,5529738,0,26.09,0,117500,117500,117500,117500,0,0
20080728,117500,117500,117500,117500,0,0,5529738,0,26.09,0,117500,117500,117500,117500,0,0
20080729,117500,117500,117500,117500,0,0,5529738,0,26.09,0,117500,117500,117500,117500,0,0
20080730,62800,62800,53400,53400,9400,166327,1851259,-81089,15.65,9546,53400,53400,53400,53400,0,405
20080731,45400,45400,45400,45400,8000,152674,1778740,-72519,15.04,62146,45400,45400,45400,45400,0,131
20080801,42000,43950,39100,39450,5950,1222250,1357986,-420754,11.48,64456,39200,39450,39200,39400,-50,1500
20080804,40100,41200,38200,38650,800,299575,1312858,-45137,11.1,-14502,38650,38950,38550,38550,-100,355
20080805,38650,40250,38600,39450,800,247481,1308465,-4391,11.06,32448,39750,39750,39450,39600,150,27
20080806,39750,40200,38300,38600,850,231926,1269223,-39242,10.73,9729,38450,38650,38450,38650,50,268
20080807,39050,39350,36100,36100,2500,293421,1201182,-67621,10.16,-10251,36050,36050,36000,36000,-100,471
20080808,35900,41000,35050,39150,3050,241836,1216948,15766,10.29,18168,39200,39250,39200,39200,50,317
20080811,39850,40150,37550,37550,1600,206351,1129552,-87376,9.55,1891,37500,37500,37100,37100,-450,157
20080812,36750,37450,36000,36000,1550,190019,1036138,-93414,8.76,8488,36000,36200,36000,36050,50,193
20080813,36000,36700,35900,36400,400,110118,1016148,-19990,8.59,11398,36100,36200,36100,36200,-200,10
20080814,36400,37050,36100,36600,200,106497,988335,-27813,8.35,11518,36550,36650,36550,36650,50,60
20080818,36750,37150,35550,35550,1050,128518,955406,-32929,8.08,-5307,35700,35800,35550,35800,250,107
20080819,35250,35300,34700,34900,650,70902,945163,-10143,7.99,-770,34800,34850,34800,34800,-100,160
20080820,34500,35200,34250,34250,650,103697,924112,-21051,7.81,-10658,34300,34650,34300,34650,400,21
20080821,34250,34500,32700,34100,150,181324,951856,27774,8.05,-46115,33550,33800,33550,33800,-300,29
20080822,33900,36000,33300,35950,1850,109851,970266,18570,8.2,-2323,35300,35550,35300,35500,-450,42
20080825,35500,37100,35500,36300,350,144077,932786,-37480,7.89,54880,35150,36300,35150,36300,0,27
20080826,35750,36800,35200,36050,250,75133,919137,-13649,7.77,33779,36000,36000,35900,35900,-150,6
20080827,36100,37400,35500,36800,750,103072,926977,7840,7.84,24850,36800,36850,36200,36800,0,237
20080828,37400,37400,35350,35350,1450,90367,874597,-52190,7.38,-3900,35350,35350,34350,34450,-900,13
20080829,35200,35300,34450,34550,800,53438,864520,-9817,7.31,6428,34550,34550,34200,34200,-350,9
20080901,34550,34700,29400,29400,5150,236477,774805,-89715,6.55,10759,29400,29400,29400,29400,0,5
20080902,29000,29350,25000,25000,4400,287723,728645,-45860,6.16,-17080,25000,25400,25000,25400,400,374
20080903,24000,24800,22100,24000,1000,238029,695407,-33078,5.88,-20682,24150,24300,24000,24000,0,1490
20080904,23850,25700,23850,24650,650,212322,676236,-18771,5.72,9341,24700,25000,24700,24900,250,377
20080905,23500,25850,23500,25000,350,123678,676140,-96,5.72,9263,24900,24900,24800,24800,-200,13
20080908,25850,28750,25350,28200,3200,203510,674452,-1688,5.7,39777,28200,28200,28200,28200,0,45
20080909,28100,28200,25800,26150,2050,194174,619862,-54590,5.24,10758,26600,26600,26150,26150,0,1314
20080910,25600,26950,25100,26950,800,209907,566556,-53306,4.79,29909,26950,26950,26950,26950,0,226
20080911,26650,27600,26000,26000,950,134914,534046,-32510,4.51,-20256,26050,26200,26050,26200,200,208
20080912,26700,27650,26400,27650,1650,115881,517676,-16370,4.38,21163,27500,27500,27250,27500,-150,73
20080916,25450,26100,23550,24100,3550,131331,476455,-41201,4.03,9539,23550,24100,23550,24000,-100,506
20080917,24850,26050,24700,25500,1400,94933,491545,15330,4.16,-1675,25500,25500,25450,25500,0,64
20080918,24750,26200,24150,25700,200,185350,514135,22850,4.34,-2294,25650,25700,25650,25700,0,204
20080919,26900,29100,26400,29100,3400,169530,502475,-11660,4.25,43905,29100,29200,29100,29200,100,1377
20080922,29400,29500,27500,28150,950,107585,502605,130,4.25,1725,28100,28300,28100,28300,150,190
20080923,28200,31800,28000,29750,1600,176720,508483,5878,4.29,-15253,30050,30200,30050,30150,400,98
20080924,29850,30200,28400,29000,750,198236,432393,-76068,3.66,5532,29000,29000,28900,29000,0,845
20080925,28500,28700,27800,27900,1100,142726,2655913,2223680,22.45,-1230,27850,27950,27850,27950,50,659
20080926,28500,29900,27600,27650,250,154566,2640218,-15375,22.32,872,27700,27850,27650,27850,200,751
20080929,28050,29300,27950,28150,500,101293,2662023,21805,22.51,-8660,28200,28200,28050,28050,-100,375
20080930,26000,28400,26000,28400,250,128171,2636048,-25975,22.29,41580,28000,28450,28000,28450,50,69
20081001,28500,29400,28300,29050,650,69894,2647119,11071,22.38,-3147,29000,29000,28900,29000,-50,13
20081002,29050,29400,28100,28350,700,45893,2637697,-9422,22.3,6380,28500,28600,28500,28600,250,100
20081006,28100,28550,27450,27800,550,54055,2650696,10719,22.41,1985,27450,27450,27450,27450,-350,210
20081007,27200,28300,26550,27950,150,63397,2668214,17528,22.56,-93,27950,27950,27950,27950,0,6
20081008,26850,27400,24800,25400,2550,55432,2668654,440,22.56,-2850,25250,25350,25250,25250,-150,109
20081009,25400,26150,24800,25500,100,95088,2679366,10712,22.65,-11305,25550,25650,25200,25650,150,465
20081010,22100,24450,21900,22700,2800,104547,2680848,1482,22.67,-26643,22700,22700,22500,22500,-200,1223
20081013,23300,24500,23150,24350,1650,100644,2701008,20160,22.84,-19541,24350,24750,24350,24750,400,11
20081014,26000,27000,25650,26800,2450,99823,2690910,-10098,22.75,-4570,26800,26800,26800,26800,0,20
20081015,26050,27000,25300,26400,400,54898,2694333,3423,22.78,3853,26400,26400,26400,26400,0,2
20081016,24400,25000,23000,23000,3400,79751,2685923,-8410,22.71,4390,23000,23500,23000,23500,500,725
20081017,24000,25500,23300,24950,1950,92783,2712813,26890,22.94,5880,24550,24550,24500,24500,-450,23
20081020,24550,25750,23900,25100,150,59066,2709883,-2900,22.91,4692,25100,25150,25100,25150,50,40
20081021,26050,26100,24600,25400,300,41602,2707023,-2850,22.89,-814,25300,25300,24850,24850,-550,20
20081022,25750,25900,22500,23800,1600,58807,2698059,-8824,22.81,4142,23800,23800,23800,23800,0,253
20081023,21900,23550,21700,21950,1850,114073,2740249,42210,23.17,-230,21950,21950,21950,21950,0,18
20081024,22250,22500,18700,18700,3250,89040,2749119,8870,23.24,4207,18700,18700,18700,18700,0,341
20081027,17000,19400,17000,17400,1300,112489,2760566,11447,23.34,-1421,17400,17400,16700,16700,-700,400
20081028,16500,19400,16500,18950,1550,95625,2792006,31440,23.6,-1710,18950,19350,18950,19350,400,11
20081029,20050,20900,18400,19100,150,109764,2806246,15540,23.73,-8724,19150,19150,19150,19150,50,415
20081030,21000,21950,19900,21950,2850,112978,2794830,-11416,23.63,-1199,21950,21950,21950,21950,0,21
20081031,22100,24000,21500,22300,350,126579,2835949,41119,23.98,-15932,23400,23400,22300,22300,0,1146
20081103,22550,23900,21050,21650,650,174503,2775729,-60220,23.47,7337,21500,21700,21500,21700,50,101
20081104,22000,22050,20700,21250,400,117869,2752099,-23630,23.27,3298,21450,21450,21400,21400,150,46
20081105,22050,22250,20350,20750,500,339728,2600761,-151238,21.99,-4758,20750,20750,20500,20500,-250,317
20081106,19900,20800,19100,19350,1400,130398,2584321,-16440,21.85,-962,19300,19300,19000,19000,-350,11
20081107,18900,19850,18100,19300,50,144540,2560771,-23550,21.65,-9565,19350,19500,19350,19500,200,240
20081110,19850,20900,19400,20450,1150,119649,2567501,6810,21.71,1717,20550,20550,20550,20550,100,110
20081111,20050,20750,19200,19850,600,93282,2539930,-27571,21.47,11006,19600,19650,19600,19650,-200,41
20081112,19150,19700,18350,19000,850,148038,2495850,-44080,21.1,5350,19550,19550,19450,19450,450,201
20081113,18250,18750,17500,18600,400,109850,2482590,-13160,20.99,14219,18600,18600,18600,18600,0,63
20081114,19100,19550,18500,18650,50,108253,2455270,-27320,20.76,13510,18650,18650,18650,18650,0,0
20081117,18300,19000,18050,18300,350,130969,2446985,-8285,20.69,9840,18500,18500,18500,18500,200,70
20081118,18100,18800,17900,18400,100,109359,2462757,15766,20.82,3819,18400,18400,18400,18400,0,30
20081119,18700,18700,17500,18300,100,112596,2443057,-19700,20.65,14652,18250,18250,18250,18250,-50,5
20081120,17500,17500,16250,17400,900,175486,2424836,-18220,20.5,55090,16750,16900,16750,16900,-500,135
20081121,16500,17600,16250,17600,200,175919,2355566,-69270,19.91,17797,17500,17550,17500,17550,-50,83
20081124,17300,17400,15700,15700,1900,443825,2173578,-181988,18.38,41471,15650,15650,15500,15500,-200,314
20081125,16400,16400,13750,14650,1050,458288,2102038,-71540,17.77,-38490,14550,14550,14350,14350,-300,235
20081126,14600,15300,14100,15150,500,280122,2012788,-89250,17.02,59271,15150,15200,15050,15200,50,623
20081127,15450,16650,15150,16650,1500,271391,2019768,6980,17.08,20653,16300,16450,16300,16450,-200,70
20081128,16350,17900,16050,17900,1250,258830,1995693,-24075,16.87,114280,17650,17650,17600,17600,-300,918
20081201,17700,17700,16500,16500,1400,232221,1983863,-11830,16.76,-117587,16300,16350,16300,16300,-200,824
20081202,15050,15650,15050,15350,1150,178359,1985297,1434,16.78,-41804,15150,15450,15150,15450,100,1106
20081203,15750,15750,14900,15100,250,165781,1989407,4110,16.81,-50575,15100,15200,15100,15100,0,61
20081204,15300,15600,14700,14900,200,127583,1990999,1592,16.83,-28904,14850,14900,14800,14900,0,251
20081205,14950,15350,14850,15350,450,113399,2007784,16785,16.97,-15635,15350,15350,15350,15350,0,8
20081208,15650,17050,15550,16950,1600,263762,2031400,23616,17.17,-28956,16600,16950,16600,16900,-50,22
20081209,17200,18700,16700,17450,500,444289,2021830,-9570,17.09,-26842,17500,17500,17400,17400,-50,235
20081210,17450,18200,17300,17950,500,189185,2039950,18120,17.24,-15888,18050,18050,17950,17950,0,662
20081211,18000,18950,17800,18850,900,225921,2041670,1720,17.26,19879,18800,18800,18700,18750,-100,185
20081212,18500,19350,17800,18250,600,202561,2096700,55030,17.73,-7252,18250,18250,18250,18250,0,638
20081215,18800,19650,18750,19600,1350,130974,2104620,8060,17.79,-1625,19600,19600,19450,19450,-150,32
20081216,19400,20200,19150,19600,0,85163,2105110,490,17.8,-3605,19600,19600,19600,19600,0,60
20081217,20400,20400,18450,19100,500,146588,2095950,-9160,17.72,-4553,19100,19100,19050,19050,-50,59
20081218,19150,19300,18700,18850,250,100438,2103850,7900,17.79,3182,18850,18900,18850,18900,50,22
20081219,19000,19400,18800,18800,50,77837,2109477,5627,17.82,-890,18800,18800,18800,18800,0,159
20081222,18900,18900,17750,18000,800,278033,2102007,-7360,17.77,-32124,18000,18100,18000,18100,100,465
20081223,18000,18000,16850,17500,500,172701,2102727,720,17.78,-6776,17400,17400,17200,17300,-200,207
20081224,17500,17700,17050,17700,200,87450,2102415,-312,17.77,10681,17700,17700,17700,17700,0,207
20081226,17800,17900,17250,17600,100,66705,2100475,-1940,17.76,2096,17600,17600,17500,17600,0,481
20081229,17100,17300,16150,16400,1200,132875,2088605,-11870,17.66,-39175,16450,16600,16450,16600,200,62
20081230,16500,17000,16400,16400,0,67264,2094805,6200,17.71,-10532,16500,16500,16400,16400,0,170
20090102,16700,17150,16250,17050,650,83042,2103565,8860,17.78,-3803,17200,17200,17200,17200,150,2
20090105,17400,18300,16900,17900,850,145983,2105165,1900,17.8,25719,17900,17900,17900,17900,0,200
20090106,18100,18500,17650,18100,200,91417,2106048,883,17.81,7177,17900,18100,17900,18000,-100,307
20090107,18100,18250,17650,17950,150,121039,2115218,9170,17.87,-14388,17900,17900,17700,17700,-250,589
20090108,17500,18300,17450,17900,50,121840,2126958,11800,17.97,-7522,17900,17900,17900,17900,0,1
20090109,18250,18550,18050,18200,300,104026,2129097,2139,18.0,-1340,18000,18000,18000,18000,-200,30
20090112,18050,18200,17250,17350,850,54745,2124167,-4930,17.96,590,18000,18000,18000,18000,650,8
20090113,17150,17300,16750,16950,400,78946,2105487,-18680,17.8,-12686,17050,17050,16950,16950,0,120
20090114,17000,17250,16750,17150,200,59565,2103843,-1644,17.79,-9463,17500,17500,17500,17500,350,21
20090115,16550,16850,15650,15650,1500,132674,2070553,-33290,17.51,-16815,15650,15750,15100,15750,100,505
20090116,15700,16050,15700,16050,400,74996,2069179,-1334,17.49,-7153,16050,16200,16050,16200,150,25
20090119,16100,16350,15900,16050,0,93643,2042059,-27120,17.26,-4640,16050,16200,16050,16200,150,162
20090120,16100,16150,15650,16150,100,52665,2027709,-14350,17.14,-6010,16000,16200,16000,16200,50,5
20090121,15700,15950,15500,15650,500,80716,2010239,-17470,17.0,-14032,15800,15800,15750,15750,100,6
20090122,15850,16000,15650,15850,200,53136,1998467,-11752,16.9,-2234,15950,15950,15950,15950,100,453
20090123,15850,16000,15400,15400,450,61866,1981087,-17380,16.75,-4710,15800,15800,15400,15400,0,39
20090128,15900,16050,15650,15900,500,68044,1972947,-8140,16.68,6621,15900,16050,15900,16050,150,162
20090129,16050,16600,16000,16250,350,67072,1976507,2760,16.71,2799,16250,16250,16100,16150,-100,630
20090130,16000,16250,15800,16000,250,78585,1962217,-14290,16.59,-3332,15900,16100,15900,16100,100,440
20090202,16000,16350,15900,16350,350,64630,1965802,3705,16.61,-5740,16100,16300,16100,16300,-50,40
20090203,16300,16500,16100,16300,50,50874,1973402,6750,16.68,-5033,16500,16500,16250,16250,-50,142
20090204,16500,16700,16250,16400,100,70131,1961902,-11500,16.59,-10711,16550,16550,16550,16550,150,3
20090205,16400,16400,15350,15350,1050,141487,1898312,-63590,16.05,-2471,15350,15350,15300,15350,0,1596
20090206,15450,15750,15200,15500,150,133587,1853311,-45001,15.67,4123,15500,15650,15500,15650,150,153
20090209,15600,15950,15600,15600,100,103835,1855241,1930,15.69,-2442,15600,15600,15600,15600,0,35
20090210,15800,16350,15650,16350,750,101285,1853221,-2020,15.67,5000,16350,16350,16350,16350,0,1
20090211,15750,16050,15700,15850,500,65373,1834983,-18238,15.5,-3560,15800,15850,15800,15850,0,47
20090212,16000,16500,15750,16500,650,104681,1836793,1810,15.53,26380,16500,16500,16500,16500,0,1
20090213,16400,16800,16350,16800,300,75703,1837923,1130,15.54,4110,16800,16900,16800,16900,100,123
20090216,16850,17500,16850,17100,300,118435,1833133,-4790,15.5,-4900,16850,17100,16850,17100,0,117
20090217,17000,17000,15750,15800,1300,98030,1821003,-12130,15.4,-7270,15800,15800,15600,15700,-100,20
20090218,15700,16250,15300,16150,350,65843,1819903,-1100,15.39,-5368,16000,16050,16000,16050,-100,13
20090219,16150,16150,15700,15900,250,44824,1825502,5599,15.43,-10045,15900,15900,15900,15900,0,154
20090220,15950,15950,15200,15400,500,65215,1820382,-5120,15.39,315,15150,15250,15150,15150,-250,606
20090223,15150,16000,15100,15700,300,45108,1832922,12540,15.5,-2731,15700,15850,15700,15850,150,32
20090224,15250,15750,15050,15700,0,37480,1843014,10092,15.58,-814,16400,16400,15550,15550,-150,103
20090225,16000,16200,15650,15950,250,39555,1852734,9720,15.66,-3041,15900,16000,15900,15900,-50,10
20090226,16250,17250,15750,16300,350,118438,1887024,34290,15.95,-2929,16300,16600,16300,16600,300,99
20090227,16600,16750,16100,16350,50,32369,1887544,520,15.96,-3982,16450,16450,16400,16400,50,5
20090302,16150,16150,15050,15050,1300,68018,1871995,-15549,15.83,-10810,15100,15100,15100,15100,50,102
20090303,14450,15100,14450,14750,300,39455,1873005,1410,15.84,2230,14800,14800,14700,14800,50,70
20090304,14700,15350,14600,15350,600,37850,1875681,3076,15.86,-3060,14900,15350,14900,15350,0,12
20090305,15250,15550,15100,15200,150,46348,1873301,-2380,15.84,-1775,15200,15200,15200,15200,0,0
20090306,14900,15150,14750,15000,200,38345,1873051,-250,15.84,4515,15000,15000,14850,15000,0,150
20090309,15050,15200,14850,14900,100,28557,1872548,-503,15.83,-2004,14800,15050,14800,15050,150,80
20090310,14800,15250,14700,15200,300,49089,1878810,6762,15.88,-15814,15200,15200,15200,15200,0,0
20090311,15500,15900,15350,15700,500,55966,1878744,-66,15.88,-2220,15400,15700,15400,15700,0,9
20090312,15900,16700,15500,16700,1000,150877,1935494,56750,16.36,760,16700,16750,16700,16750,50,47
20090313,16950,16950,16250,16400,300,68298,1934214,-1280,16.35,8410,16400,16400,16400,16400,0,10
20090316,16400,17050,16350,16550,150,56707,1932754,3580,16.34,6393,16900,16900,16350,16400,-150,9
20090317,16500,17100,16500,16900,350,95294,1936354,3800,16.37,30156,16900,17100,16900,17100,200,16
20090318,17200,17500,16900,17200,300,92298,1939532,3178,16.4,807,16850,16850,16850,16850,-350,5
20090319,17450,17650,17050,17350,150,66105,1939742,210,16.4,197,17150,17200,17150,17200,-150,9
20090320,17250,17450,16800,16800,550,84209,1902838,-36904,16.08,4877,16600,16900,16600,16900,100,126
20090323,16900,18050,16900,18000,1200,105491,1932528,29690,16.34,-870,18100,18100,18100,18100,100,16
20090324,18500,18500,17700,18100,100,93606,1941959,9440,16.42,-16126,18100,18100,18100,18100,0,0
20090325,17900,19400,17800,19250,1150,96234,1944070,2120,16.44,1389,19300,19300,19300,19300,50,149
20090326,19650,21100,19050,21100,1850,255136,1930297,-13773,16.32,-16571,21350,21600,21250,21600,500,449
20090327,21800,24250,21500,24250,3150,399298,1939067,8770,16.39,6445,24250,24250,24250,24250,0,274
20090330,24950,27850,24500,27850,3600,548059,1962095,23040,16.59,-7036,27850,27850,27850,27850,0,244
20090331,29000,30800,26500,27200,650,1202110,1930746,-31342,16.32,17977,27400,27400,27400,27400,200,2616
20090401,27500,27800,26150,26300,900,645246,1959479,29100,16.56,-24284,26500,26500,26300,26300,0,6783
20090402,26800,27100,24950,25000,1300,655980,1898795,-60504,16.05,5044,25050,25050,25000,25000,0,3843
20090403,25450,27050,25250,25600,600,700966,1892975,-5820,16.0,4821,25650,25700,25600,25600,0,1192
20090406,26000,28700,25800,26600,1000,537527,1872655,-20320,15.83,-2483,26650,26900,26650,26650,50,987
20090407,27000,27700,25850,26300,300,276588,1844657,-27998,15.6,7440,26350,26400,26300,26300,0,949
20090408,25750,26850,25600,25600,700,174302,1834259,-10398,15.5,1060,26000,26000,25600,25600,0,185
20090409,25750,27300,25650,27000,1400,260980,1859549,25290,15.72,-2961,27000,27450,27000,27050,50,742
20090410,27800,28550,26750,28200,1200,314357,1861191,1642,15.74,-1904,28300,28300,28200,28300,100,647
20090413,29150,32400,28800,32400,4200,320957,1857851,-3340,15.71,1070,32400,32400,32400,32400,0,59
20090414,35500,37250,33050,37250,4850,684957,1854667,-3184,15.68,-8955,37250,37250,37250,37250,0,327
20090415,36650,36700,32000,34950,2300,729155,1858537,3870,15.71,-10736,34900,35000,34650,35000,50,603
20090416,36050,37850,33300,33800,1150,385858,1863467,4930,15.75,-7061,33800,33800,33050,33600,-200,621
20090417,34050,34600,31100,31850,1950,201067,1859537,-3930,15.72,-7843,31850,31850,31750,31750,-100,452
20090420,31850,35400,30900,33850,2000,284165,1859450,-87,15.72,-13203,33850,33850,33850,33850,0,131
20090421,32400,35050,32350,35000,1150,182336,1858913,-537,15.72,2540,34900,34900,34650,34800,-200,386
20090422,35850,35850,34400,34400,600,164101,1860318,1405,15.73,-4200,34400,34400,34350,34350,-50,699
20090423,34600,35100,33550,33550,850,148068,1853398,-6920,15.67,20,34000,34000,33650,33950,400,71
20090424,34350,34350,32400,32700,850,123252,1852061,-1337,15.66,-5950,32450,32800,32450,32800,100,369
20090427,32850,34400,31800,31800,900,128229,1857577,5516,15.7,-2130,31800,32100,31800,32100,300,212
20090428,32750,33100,31000,31000,800,126311,1853507,-5716,15.67,7070,31000,31000,30900,30900,-100,383
20090429,31000,32400,30100,32400,1400,120376,1854347,840,15.68,14080,32500,32500,32400,32500,100,87
20090430,33500,33600,31750,32400,0,124718,1859287,4940,15.72,-10020,32400,33150,32400,33100,700,782
20090504,33300,33300,32200,32700,300,96702,1860504,1220,15.73,-3228,32700,32800,32700,32800,100,379
20090506,33450,36000,32700,35300,2600,351393,1870904,12040,15.82,-3500,35450,35500,35450,35500,200,419
20090507,36000,36500,33700,33900,1400,202065,1856114,-14790,15.69,1290,33900,34000,33800,34000,100,576
20090508,34300,34400,32700,33550,350,140274,1848204,-7910,15.63,3961,33600,33600,33600,33600,50,50
20090511,33800,35200,33400,34450,900,161511,1848884,680,15.63,-5982,34450,34450,34450,34450,0,82
20090512,34300,34300,33500,33800,650,75029,1848324,-560,15.63,7665,33800,34000,33800,34000,200,14
20090513,34050,34550,32750,33500,300,100127,1846384,-1940,15.61,1530,33500,33550,33500,33550,50,92
20090514,33100,33250,32000,32050,1450,135568,1844294,-2090,15.59,-11570,32200,32200,32150,32150,100,627
20090515,32700,33350,31700,33000,950,91487,1860264,15970,15.73,-2687,33000,33150,33000,33000,0,323
20090518,32750,32800,31650,31950,1050,65488,1859354,-910,15.72,-5191,32300,32300,31900,31900,-50,317
20090519,32500,32800,32050,32300,350,61738,1860564,1210,15.73,-4006,32000,32300,32000,32300,0,105
20090520,32300,32300,31550,31950,350,67389,1861697,1133,15.74,-2590,31950,31950,31950,31950,0,100
20090521,31950,31950,30750,31200,750,98447,1859287,-2410,15.72,3022,31200,31200,31200,31200,0,44
20090522,30550,32550,30550,31300,100,74466,1862527,3240,15.75,-1619,31300,31400,31300,31400,100,34
20090525,30800,32000,26650,30200,1100,90252,1860171,-2350,15.73,-14789,30200,30200,30100,30100,-100,127
20090526,30850,30900,28500,28700,1500,87359,1860498,327,15.73,-13760,28700,28750,28350,28350,-350,716
20090527,29000,29500,27000,27100,1600,115049,1843328,-17170,15.58,-5193,27500,27500,27000,27000,-100,1610
20090528,26550,27900,26550,27900,800,64647,1846658,3330,15.61,-1090,27900,27900,27500,27500,-400,256
20090529,27650,28850,27450,28850,950,61993,1841175,-5483,15.57,6950,28850,29000,28850,29000,150,367
20090601,28850,29800,28550,29350,500,50270,1836295,-4880,15.52,-7755,29400,29800,29400,29750,400,10
20090602,29700,30400,28600,28750,600,79111,1831945,-4350,15.49,-14363,28650,28650,28450,28500,-250,358
20090603,29350,29350,28550,28650,100,44306,1824598,-7347,15.43,5120,28650,28650,28650,28650,0,0
20090604,28650,29000,27500,27500,1150,48120,1819378,-5220,15.38,-5110,27550,27600,27550,27600,100,283
20090605,27550,28300,27550,28300,800,42860,1816542,-2836,15.35,-2431,28300,28300,28300,28300,0,200
20090608,28000,29850,28000,29600,1300,77193,1809870,3930,15.3,-6427,29600,29600,29150,29150,-450,532
20090609,30000,30100,28000,28000,1600,84797,1800849,-9021,15.23,-13990,27800,27950,27750,27950,-50,914
20090610,28200,28900,28000,28150,150,45471,1805149,4300,15.26,-2693,28250,28250,28250,28250,100,22
20090611,28200,30600,27800,29400,1250,160224,1840902,36153,15.55,-32336,29400,29450,29400,29400,0,221
20090612,30500,31200,29800,30250,850,133116,1841862,960,15.57,-10105,30500,30500,30500,30500,250,173
20090615,30300,30300,29150,29550,700,54418,1834662,-7200,15.5,-8110,30000,30000,29300,29300,-250,197
20090616,28650,29500,28650,29100,450,33380,1834262,-400,15.5,-3441,29950,29950,29950,29950,850,1
20090617,28800,29750,28550,29700,600,43712,1836692,2430,15.53,-2733,29050,29050,29050,29050,-650,10
20090618,29600,32000,29500,31450,1750,176405,1840262,3570,15.55,11140,31450,32500,31450,32500,1050,2194
20090619,32300,34700,32200,33500,2050,390593,1808952,-31310,15.29,67965,33500,33500,33300,33500,0,1155
20090622,33750,34250,32000,32950,550,171621,1812592,3640,15.32,3649,32950,32950,32950,32950,0,357
20090623,32300,32600,31450,31600,1350,114739,1816102,3510,15.35,-8023,31550,31600,31500,31600,0,635
20090624,31600,32300,30750,32000,400,88731,1814713,-1389,15.34,-2294,32000,32000,31950,31950,-50,325
20090625,31650,33200,31000,32050,50,94960,1822723,8010,15.4,-6510,32300,32300,32150,32250,200,553
20090626,32400,33000,30250,30850,1200,103278,1798881,-23842,15.21,-450,31150,31150,30900,30900,50,111
20090629,30600,31450,30600,30850,0,43752,1802525,3644,15.24,1220,30900,31650,30900,31650,800,18
20090630,31350,31450,30450,31450,600,57528,1808095,5570,15.29,6580,32000,32000,31500,32000,550,525
20090701,32450,33450,32050,32100,650,174715,1804925,-3170,15.26,-25274,32050,32400,32050,32400,300,121
20090702,32100,32400,31450,31500,600,67635,1814285,9360,15.34,-6550,32000,32000,31900,31900,400,40
20090703,30750,31900,30750,31900,400,45634,1817385,3100,15.37,-1440,31900,31950,31900,31900,0,933
20090706,32150,32150,31300,31300,600,41061,1815615,-1770,15.35,-249,31300,31300,30400,30750,-550,258
20090707,31300,31300,30500,31100,200,63256,1815185,-430,15.35,2385,31100,31150,31000,31000,-100,153
20090708,31000,32400,30750,31450,350,70414,1815565,380,15.35,6655,31450,31800,31450,31800,350,120
20090709,31700,31850,31000,31100,350,57396,1822815,7250,15.4,-17522,31050,31300,31050,31300,200,227
20090710,31250,32050,30800,32050,950,57424,1818799,-4012,15.38,2580,32100,32100,32100,32100,50,100
20090713,32450,33250,31400,31550,500,151704,1810559,-8240,15.31,-5180,31850,31850,31550,31750,200,109
20090714,32800,32800,31650,31800,250,71561,1809299,-1260,15.3,-680,31800,32000,31800,31850,50,69
20090715,32200,32500,31700,31900,100,60046,1809350,51,15.3,46,31900,31900,31900,31900,0,10
20090716,32300,32300,31050,31450,450,84861,1803920,-5430,15.25,5600,31400,31400,31400,31400,-50,120
20090717,31500,35200,31450,34350,2900,370163,1888030,84110,15.96,-4700,34250,34350,34250,34350,0,1677
20090720,34300,34700,33700,34500,150,152065,1892828,4798,16.0,-239,34500,34500,34450,34500,0,544
20090721,34500,36500,34150,34850,350,179993,1904828,12000,16.1,-4615,34850,35200,34850,35200,350,450
20090722,35150,35350,34100,35100,250,70113,1905778,950,16.11,-20,35000,35000,34550,34600,-500,1281
20090723,33800,33800,32550,33150,1950,206219,1913738,7960,16.18,2792,33200,33200,33150,33150,0,90
20090724,33500,34250,32500,33900,750,115752,1933398,19660,16.35,790,34000,34000,33950,33950,50,102
20090727,33500,34300,33500,33700,200,54934,1935818,2420,16.37,590,33700,33700,33700,33700,0,21
20090728,34000,36000,33600,35850,2150,157931,1971826,36008,16.66,-1682,35800,35850,35800,35850,0,360
20090729,36000,37400,35350,36600,750,184695,1989066,17240,16.81,16626,36500,36600,36500,36600,0,151
20090730,36400,39100,36050,38300,1700,224358,2004516,15450,16.95,28240,38300,38300,38050,38050,-250,405
20090731,38700,40300,38000,38500,200,135061,1997696,-6820,16.89,3943,38500,38500,38300,38300,-200,421
20090803,38250,39300,37700,38050,450,79791,1996760,-936,16.88,-4960,38050,38050,38000,38050,0,348
20090804,37750,39100,37700,38200,150,67649,1994630,-2130,16.86,-6740,38150,38150,38100,38150,-50,27
20090805,38000,38050,36600,36800,1400,86205,1986380,-8250,16.79,9960,36750,36750,36650,36650,-150,567
20090806,36800,38200,36300,37050,250,72288,1987845,1465,16.81,2699,37100,37150,37100,37100,50,115
20090807,37050,38950,36800,38350,1300,86569,2004645,16800,16.95,-5846,38350,38400,38350,38350,0,77
20090810,38600,39950,38550,39800,1450,93953,2020315,15670,17.08,-8470,39800,39800,39800,39800,0,6
20090811,39650,40150,39400,39700,100,58451,2019035,-1280,17.07,2040,39700,39700,39700,39700,0,70
20090812,39100,40100,38400,39300,400,89434,2008905,-10130,16.98,8416,38800,38800,38800,38800,-500,5
20090813,39900,39900,38600,38600,700,80307,2000775,-8030,16.92,-9888,38600,38700,38600,38700,100,149
20090814,38600,41100,38550,41000,2400,145518,2055425,14350,17.38,-2871,41000,41100,41000,41100,100,115
20090817,41000,44550,40400,43950,2950,239826,2045884,-9540,17.29,68848,43550,43550,43400,43400,-550,216
20090818,43300,45200,41050,42250,1700,235050,2003504,-42380,8.63,12459,42300,42300,42300,42300,50,250
20090819,42500,43750,42000,42750,500,125494,2004259,755,8.64,-838,42600,42600,42600,42600,-150,146
20090820,42900,43550,41500,42350,400,131245,1982596,-21663,8.54,-256,43700,43700,42350,42350,0,8
20090821,43000,43200,40500,40950,1400,127906,1947136,-35460,8.39,-2010,41000,41000,41000,41000,50,928
20090824,40550,42600,40050,41600,650,111404,1946086,-1050,8.39,2918,41550,41550,41550,41550,-50,39
20090825,41500,43800,40300,42600,1000,170387,1947386,1300,8.39,-10490,44000,44550,44000,44500,1900,6688
20090826,44200,45100,42050,42050,550,201398,1933056,-14330,8.33,-6780,42050,42050,42000,42050,0,880
20090827,42500,42500,40950,41550,500,89280,1926896,-6160,8.3,3176,41450,41450,41450,41450,-100,101
20090828,41950,42800,40800,41450,100,109492,1921686,-5210,8.28,16460,41450,41800,41450,41800,350,73
20090831,40350,41450,40000,40000,1450,139111,1912316,-9370,8.24,20596,40400,40400,39950,39950,-50,123
20090901,39600,40300,38700,40250,250,125345,1916941,4625,8.26,8300,40250,40250,40100,40100,-150,60
20090902,40000,40200,37400,37650,2600,312539,1911246,-4895,8.24,-19920,37400,37800,37400,37450,-200,239
20090903,37600,37600,35250,36350,1300,182932,1911956,710,8.24,-1512,36350,36400,36350,36400,50,53
20090904,36350,37600,36350,37500,1150,67064,1908456,-3500,8.22,3070,37500,37500,37500,37500,0,10
20090907,37500,38650,37250,37250,250,45122,1899706,-8350,8.19,2471,37250,37250,37250,37250,0,0
20090908,37300,37500,36200,36450,800,66483,1901896,2190,8.2,-8760,36450,36750,36450,36450,0,283
20090909,36500,36500,35950,36100,350,53920,1901846,750,8.2,-16680,36000,36100,36000,36100,0,2
20090910,36150,40800,36150,38950,2850,254868,1864348,-37498,8.03,-1360,38950,39300,38950,39300,350,1022
20090911,39700,39700,38500,39000,50,89246,1860248,-4100,8.01,-3526,39100,39300,39100,39100,100,243
20090914,39100,39200,37950,37950,1050,54712,1852018,-8230,7.98,-4962,38800,38800,38000,38000,50,247
20090915,38600,39900,38000,39200,1250,117894,1867850,15832,8.05,-10445,39200,39200,39150,39150,-50,158
20090916,39200,40100,37050,37350,1850,238298,1835570,-32280,7.91,5870,37400,37550,37350,37350,0,969
20090917,37050,38200,32650,33600,3750,571615,1822140,-13430,7.85,-42923,33600,33850,33600,33850,250,1098
20090918,33950,34950,33650,34950,1350,186023,1856130,33290,8.0,-23606,34950,34950,34950,34950,0,335
20090921,35200,35200,34500,35000,50,60881,1855180,-750,7.99,-4194,35000,35100,35000,35000,0,516
20090922,34600,35300,34350,34600,400,78465,1854620,-560,7.99,-3781,34750,34750,34600,34700,100,211
20090923,34550,34550,33300,33700,900,101776,1855700,1080,8.0,-21857,33700,33700,33700,33700,0,1
20090924,33300,34250,32950,33000,700,82803,1851413,-4287,7.98,-11524,33400,33400,33000,33000,0,180
20090925,32950,33450,32500,33300,300,45978,1856979,5570,8.0,-1280,33300,33500,33300,33500,200,46
20090928,33350,33900,33100,33600,300,40309,1854109,-2870,7.99,-1200,33600,33600,33600,33600,0,63
20090929,33600,34900,33600,34900,1300,64879,1852669,-1440,7.98,3670,34900,34900,34900,34900,0,109
20090930,35000,35150,34300,34850,50,71573,1860775,8106,8.01,9010,35100,35100,35100,35100,250,1
20091001,34000,34500,31000,32200,2650,158870,1850855,-9920,7.98,2896,32200,32200,32200,32200,0,4
20091005,30300,33750,30300,32600,400,72332,1873525,22670,8.06,4535,32700,32700,32700,32700,100,6
20091006,33100,33550,32600,32950,350,29303,1873445,-80,8.06,760,32950,32950,32950,32950,0,2
20091007,33100,33650,32950,33550,600,33493,1866725,-6720,8.04,2650,33550,33550,33550,33550,0,5
20091008,33550,33800,32750,32800,750,32526,1868185,1460,8.05,-1090,32800,32800,32800,32800,0,64
20091009,32800,32800,32150,32300,500,37995,1870585,2400,8.06,150,32000,32100,32000,32100,-200,90
20091012,32550,32850,31950,32050,250,27329,1887165,16580,8.13,-4253,32050,32050,32000,32000,-50,180
20091013,32250,32450,31350,31350,700,71088,1862349,-24816,8.03,-900,31050,31050,31050,31050,-300,60
20091014,31400,31800,30550,30900,450,63655,1861819,-530,8.01,3135,30900,30900,30900,30900,0,91
20091015,31150,33350,31000,33200,2300,79130,1874319,12500,8.08,-2730,33400,33400,33200,33200,0,1162
20091016,33350,34000,32700,33250,50,74182,1876019,1700,8.08,-110,33250,33250,33150,33150,-100,211
20091019,33200,33250,31900,33250,0,68633,1908789,32770,8.23,740,33200,33250,33200,33250,0,20
20091020,33650,33650,32800,33550,300,40045,1924579,15790,8.29,1070,33250,33600,33250,33450,-100,81
20091021,33600,34400,33350,33850,300,49802,1924599,20,8.29,1820,33600,33750,33600,33750,-100,14
20091022,33950,33950,33100,33250,600,24803,1912249,-12350,8.24,-1160,33350,33350,33300,33300,50,2
20091023,33350,33500,31800,32150,1100,38097,1912800,551,8.24,-2367,32150,32150,32150,32150,0,3
20091026,32150,32650,31550,32400,250,27353,1918868,6068,8.27,9866,32400,32400,32400,32400,0,1
20091027,32350,32350,31750,31800,600,32454,1924118,5250,8.29,-4020,32250,32250,32000,32000,200,41
20091028,31850,32150,30850,31000,800,31055,1929208,4890,8.3,-5475,31500,31500,31000,31000,0,30
20091029,31000,31000,30000,30100,900,42952,1936758,7550,8.35,-5010,30200,30200,30200,30200,100,31
20091030,30500,31500,30400,31100,1000,34671,1949638,12880,8.4,-7130,31950,31950,31950,31950,850,10
20091102,30500,31000,29650,29850,1250,35262,1951868,2430,8.4,-1102,29850,29850,29850,29850,0,0
20091103,29850,30000,29250,29250,600,20119,1951768,430,8.4,-4530,29550,29550,29150,29150,-100,330
20091104,29500,33400,29500,31900,2650,156452,1955340,3572,8.43,58649,32100,32100,31900,31900,0,101
20091105,32050,32050,30700,30700,1200,22068,1950275,-5065,8.4,-990,30200,30700,30200,30700,0,52
20091106,31200,31750,30600,30600,100,24815,1944093,-6362,8.38,228,30600,31000,30600,31000,400,201
20091109,31150,31250,30400,30450,150,19769,1942963,-1130,8.37,-1943,30450,30450,30450,30450,0,3
20091110,30600,30900,30000,30100,350,35056,1947983,5020,8.39,-1902,30300,30300,29850,29850,-250,201
20091111,30450,30650,30050,30550,450,12169,1946563,-1420,8.39,4466,30300,30300,30300,30300,-250,600
20091112,30550,30600,29950,29950,600,19549,1945183,-1380,8.38,350,29950,29950,29950,29950,0,0
20091113,29600,30250,29600,30050,100,23115,1946103,920,8.39,2575,30050,30050,30050,30050,0,0
20091116,30300,30300,29450,29450,600,18746,1944873,-1230,8.38,3241,29200,29300,29200,29300,-150,85
20091117,29500,29950,28900,28950,500,31926,1935333,-9540,8.34,-7940,28950,28950,28950,28950,0,0
20091118,28950,29350,28400,28700,250,31330,1936833,1500,8.35,-1220,28750,28750,28750,28750,50,50
20091119,28500,28850,28200,28350,350,39382,1942443,5610,8.37,-5240,28600,28600,28350,28350,0,3
20091120,28350,28900,28350,28650,300,38498,1938493,-3950,8.35,-4900,28400,28600,28400,28600,-50,344
20091123,28550,29500,28450,29050,400,35626,1934963,-3530,8.34,11710,29000,29050,29000,29050,0,39
20091124,29400,29400,28700,28700,350,13361,1934033,-930,8.33,1370,28700,29000,28350,28350,-350,162
20091125,28550,28850,28400,28400,300,15452,1934003,-30,8.33,1092,28400,28900,28400,28400,0,170
20091126,28200,28750,28200,28450,50,19671,1935243,1240,8.34,-1700,28400,28400,28250,28250,-200,130
20091127,28200,28600,26650,26750,1700,29385,1934713,-530,8.34,-2390,26750,26750,26750,26750,0,0
20091130,27100,27400,26700,26750,0,32547,1934153,-560,8.33,-6280,26750,26750,26750,26750,0,50
20091201,26100,27250,26100,27250,500,34041,1936943,2790,8.35,2630,27250,27300,27250,27300,50,33
20091202,27250,27900,26950,27000,250,33199,1939093,2150,8.35,-1802,27000,27000,27000,27000,0,0
20091203,26850,27200,26700,26850,150,40881,1933893,-5200,8.33,5290,26850,26850,26850,26850,0,0
20091204,26750,27000,26450,27000,150,70450,1932583,-1310,8.33,4959,27000,27000,27000,27000,0,1
20091207,27150,27600,27000,27550,550,24722,1934783,2200,8.34,1490,27500,27500,27500,27500,-50,1
20091208,27500,27800,27300,27800,250,23208,1933773,-1010,8.33,3390,27800,27800,27800,27800,0,1
20091209,27500,28050,27400,27750,50,25681,1932553,-1220,8.33,7660,28450,28450,28450,28450,700,50
20091210,27900,27900,26950,27150,600,53659,1921483,-11070,8.28,2352,27300,27300,27300,27300,150,151
20091211,27200,28450,27200,28350,1200,51725,1924645,3162,8.29,6260,29250,29250,28700,28700,350,110
20091214,28800,29350,28500,29200,850,54893,1929375,5330,8.3,9597,29200,29400,29200,29400,200,751
20091215,29200,29500,28900,29500,300,40328,1934665,5290,8.34,1970,29500,29500,29500,29500,0,110
20091216,29500,29800,29250,29550,50,36548,1936415,1750,8.34,8050,29550,29550,29550,29550,0,90
20091217,29050,29500,29000,29200,350,22942,1932285,-4130,8.33,2191,29200,29200,28700,28750,-450,6
20091218,28700,29200,28550,28800,400,26924,1919065,-13220,8.27,14510,28800,28900,28800,28900,100,4
20091221,29600,29600,28400,28700,100,39308,1913265,-5800,8.24,4644,29000,29000,29000,29000,300,1
20091222,28550,29300,28550,29250,550,30933,1911515,-1750,8.24,6730,29000,29200,29000,29200,-50,41
20091223,29300,29300,28500,28800,450,33887,1890055,-21460,8.14,8201,28800,28800,28750,28750,-50,22
20091224,28600,29300,28600,29150,350,32992,1885965,-4090,8.13,11620,29150,29150,29150,29150,0,1
20091228,29000,30700,28800,30200,1050,80964,1884914,-1441,8.12,21889,30200,30500,30200,30500,300,31
20091229,29950,29950,29150,29350,850,20685,1882614,-2300,8.11,30,29900,29900,29150,29750,400,83
20091230,29100,29350,28650,28900,450,19083,1882694,80,8.11,-760,28850,28900,28850,28900,0,105
20100104,28450,29400,28450,28850,50,19426,1882364,-330,8.11,3793,28500,28850,28500,28850,0,26
20100105,28650,29000,27900,28200,650,41135,1881384,-980,8.11,1500,28350,28350,28350,28350,150,70
20100106,28000,28700,28000,28700,500,43244,1875577,-5807,8.08,2980,28700,28700,28700,28700,0,0
20100107,28750,28750,28150,28550,150,39713,1877117,1540,8.09,5430,28900,28900,28900,28900,350,60
20100108,28550,29800,28250,29100,550,63470,1860537,-16580,8.01,10804,29300,29300,29300,29300,200,1
20100111,29350,29350,28400,28550,550,48741,1843287,-17250,7.94,1905,28550,28550,28450,28450,-100,56
20100112,28350,28850,28100,28800,250,39552,1845827,2540,7.95,-790,28850,28850,28800,28800,0,24
20100113,28600,28650,28150,28400,400,20419,1842447,-3380,7.94,-690,28700,28700,28000,28000,-400,18
20100114,28250,28550,28000,28000,400,37202,1834467,-7980,7.9,1630,28000,28000,28000,28000,0,20
20100115,28000,28350,27900,28250,250,28501,1836402,1935,7.91,1730,28300,28300,28300,28300,50,21
20100118,28050,28100,27550,28000,250,27900,1834522,-1880,7.91,-1350,27600,27600,27600,27600,-400,1
20100119,27900,28100,27450,27650,350,22516,1834092,-430,7.9,587,27600,27600,27600,27600,-50,31
20100120,27650,27650,27000,27000,650,32323,1831812,-2280,7.89,-2140,27000,27000,27000,27000,0,25
20100121,26700,27450,26650,27450,450,13846,1834752,2940,7.91,720,27450,27450,27450,27450,0,25
20100122,27450,27450,26650,26800,650,38221,1832862,-1890,7.9,-1715,26800,26800,26800,26800,0,0
20100125,26800,26800,26300,26650,150,19139,1832419,-443,7.9,4130,26650,26650,26650,26650,0,0
20100126,26350,26400,24250,24600,2050,101203,1830159,-2260,7.89,-2360,24700,24700,24700,24700,100,1
20100127,24400,24500,23300,24500,100,46864,1833359,3200,7.9,4930,24200,24500,24000,24000,-500,103
20100128,24000,24600,23500,23600,900,34740,1832049,-1310,7.89,-2265,23750,23750,23600,23750,150,250
20100129,23300,23600,22150,22650,950,61027,1841609,9560,7.94,-750,22650,22650,22550,22550,-100,13
20100201,22500,22800,22000,22800,150,32822,1847379,5770,7.96,467,22600,22750,22600,22600,-200,8
20100202,22600,23300,22250,22750,50,39013,1847299,-80,7.96,-4253,22800,22800,22800,22800,50,10
20100203,22750,23150,22600,22700,50,26436,1844207,-3092,7.95,-6930,22900,22900,22900,22900,200,50
20100204,22800,24200,22600,23650,950,55221,1855827,11620,8.0,-9630,23650,23650,23650,23650,0,0
20100205,22900,23600,22900,23300,350,33470,1852457,-3370,7.98,14600,23150,23150,23150,23150,-150,30
20100208,23050,23100,21600,21850,1450,36273,1849327,-3130,7.96,-170,21850,21850,21850,21850,0,0
20100209,21550,21800,20950,21200,650,49310,1855967,6520,8.0,-17762,21450,21450,21350,21350,150,8
20100210,21300,21500,21000,21000,200,33136,1853087,-3240,7.99,-6510,21000,21000,21000,21000,0,0
20100211,21150,21850,21150,21300,300,38241,1851307,-1900,7.98,11130,21300,21300,21300,21300,0,40
20100212,21500,21500,21000,21100,200,30239,1842592,-8715,7.94,-4610,21400,21400,21300,21300,200,200
20100216,21050,21550,21050,21250,150,24382,1843972,1380,7.95,-9892,21300,21300,21300,21300,50,11
20100217,21350,22150,21200,21700,450,39437,1841792,-2180,7.94,-1460,21700,21800,21700,21800,100,114
20100218,21900,22150,21550,21900,200,20534,1839132,-2660,7.92,-650,21900,21900,21900,21900,0,0
20100219,21700,22150,21350,21350,550,31480,1835582,-3550,7.91,-5750,21350,21350,21350,21350,0,0
20100222,21500,22100,21500,21950,600,27469,1838712,3130,7.92,5270,22300,22300,22300,22300,350,15
20100223,21700,22050,21700,22050,100,24582,1831182,-7530,7.89,3120,22050,22050,22050,22050,0,0
20100224,21700,22200,21600,21900,150,35166,1816486,-14696,7.83,1370,21900,21900,21800,21800,-100,100
20100225,21800,21800,19500,21000,900,57743,1793465,-23021,7.72,-200,21350,21350,21000,21000,0,336
20100226,20750,21050,20400,20400,600,32210,1780177,-13288,7.67,-800,20400,20400,20400,20400,0,0
20100302,20500,20900,20400,20600,200,24060,1784357,4180,7.69,3729,20600,20600,20600,20600,0,130
20100303,20500,21000,20450,20650,50,26000,1781557,-2800,7.67,5860,20650,20650,20650,20650,0,0
20100304,20650,21050,20500,20500,150,23980,1776153,-5404,7.65,1180,20500,20500,20500,20500,0,516
20100305,20550,20850,20550,20600,100,26157,1771013,-5140,7.63,-180,20600,20950,20600,20950,350,5
20100308,20650,21750,20500,21750,1150,44231,1767133,-3880,7.61,10920,21800,21800,21800,21800,50,20
20100309,21750,23400,21550,22300,550,103095,1759523,-7610,7.58,-6322,22050,22500,22050,22500,200,2
20100310,22400,23000,22300,23000,700,54765,1740103,-19420,7.5,12539,22950,22950,22950,22950,-50,17
20100311,22900,23150,22500,22500,500,63554,1719133,-20970,7.41,24380,22850,22850,22550,22800,300,42
20100312,22600,23800,22600,23800,1300,61651,1709663,-9470,7.37,12398,23500,23550,23500,23550,-250,2
20100315,24100,24450,23450,24000,200,66234,1695623,-14040,7.31,13838,24000,24000,24000,24000,0,80
20100316,24050,24350,23700,23750,250,19732,1698810,3187,7.32,-808,23500,23500,23500,23500,-250,22
20100317,23600,24700,23600,24000,250,29198,1705820,7010,7.35,-3070,24100,24100,24100,24100,100,10
20100318,24000,24450,23800,23800,200,28912,1710690,4870,7.37,-210,23800,23800,23800,23800,0,0
20100319,23800,23950,23100,23800,0,50979,1719000,8310,7.41,-2992,23800,23800,23800,23800,0,0
20100322,23800,23800,23050,23200,600,21424,1713730,-5270,7.38,10,23200,23200,23200,23200,0,110
20100323,23200,23450,23050,23400,200,14149,1713870,140,7.38,-700,23400,23400,23400,23400,0,29
20100324,23400,23650,23100,23150,250,17096,1712454,-1416,7.38,-1320,23100,23150,23100,23150,0,45
20100325,23150,23300,22350,22500,650,34405,1711354,-1100,7.37,-7920,22500,22550,22500,22550,50,36
20100326,22500,22850,22200,22650,150,25349,1711194,-160,7.37,-1855,22650,22650,22650,22650,0,1
20100329,22550,23750,22550,23300,650,32085,1714124,2930,7.38,1340,23500,23500,23500,23500,200,10
20100330,23350,23600,22900,23000,300,21106,1711714,-2410,7.38,-1270,23200,23200,23200,23200,200,21
20100331,23050,23300,22700,23200,200,24057,1708544,-3170,7.36,2310,23000,23000,23000,23000,-200,1
20100401,23300,23500,23050,23450,250,30006,1708944,400,7.36,248,23450,23450,23450,23450,0,0
20100402,23450,23450,22700,22800,650,38578,1704024,-4920,7.34,-2330,22800,22800,22800,22800,0,200
20100405,22800,23400,22500,22850,50,45012,1701204,-2820,7.33,15850,22850,22850,22850,22850,0,0
20100406,22950,24700,22800,24600,1750,143818,1701184,-20,7.33,-1840,24650,24650,24650,24650,50,149
20100407,24900,25750,24500,24800,200,106347,1700774,-410,7.33,-9454,24800,24800,24450,24450,-350,160
20100408,24800,25450,24750,25000,200,58866,1702004,1230,7.33,-8720,24800,24800,24800,24800,-200,90
20100409,25000,25650,25000,25100,100,49644,1699704,-2300,7.32,-1820,25100,25100,25100,25100,0,5
20100412,25200,26100,25100,25950,850,65680,1699024,-680,7.32,9080,25950,25950,25950,25950,0,31
20100413,26200,26250,25100,25500,450,41142,1695574,-3780,7.31,-2977,25500,25500,25500,25500,0,0
20100414,25500,25950,25150,25250,250,27728,1699394,3820,7.32,326,25250,25450,25250,25250,0,47
20100415,25650,26600,25150,26600,1350,75776,1699764,370,7.32,8649,26600,26650,26600,26600,0,68
20100416,26650,26850,26200,26600,0,48496,1699644,-120,7.32,600,26500,26500,26500,26500,-100,60
20100419,26250,26600,25450,25450,1150,51761,1693364,-6280,7.3,-420,25600,25600,25450,25450,0,173
20100420,25600,26350,25600,26300,850,33784,1695724,2360,7.31,13490,26300,26300,26300,26300,0,9
20100421,26500,27000,26250,26500,200,31313,1694174,-1550,7.3,90,26500,26500,26500,26500,0,50
20100422,26500,26500,26050,26150,350,20661,1693544,-630,7.3,-210,26100,26100,26100,26100,-50,9
20100423,26150,26150,25200,25400,750,34825,1691894,-1650,7.29,-150,25700,25700,25400,25400,0,3
20100426,25400,25850,25250,25750,350,18028,1693804,1910,7.3,971,25750,25750,25750,25750,0,0
20100427,25750,26350,25300,26250,500,36054,1695144,1340,7.3,15150,26250,26350,26250,26350,100,150
20100428,25500,25950,25350,25450,800,36838,1691444,-3760,7.29,-2366,25450,25500,25450,25500,50,75
20100429,25550,25550,24500,24550,900,42145,1684734,-6710,7.26,-2350,24550,24550,24550,24550,0,1
20100430,24550,24850,24050,24850,300,47969,1683904,-830,7.26,5830,24850,24850,24700,24700,-150,14
20100503,24800,25000,24300,24450,400,18149,1681244,-2660,7.24,3400,24450,24450,24450,24450,0,0
20100504,24600,25200,24400,25200,750,33365,1680074,-1170,7.24,4710,25200,25200,25200,25200,0,0
20100506,24400,24600,23900,24050,1150,38651,1667274,-12740,7.18,7800,24000,24000,24000,24000,-50,60
20100507,23150,23150,22100,22650,1400,59134,1652284,-14990,7.12,-3060,22750,22750,22750,22750,100,1
20100510,22550,23350,22550,23000,350,24541,1643914,-8370,7.08,-4050,23000,23000,23000,23000,0,1
20100511,23450,24250,22900,24050,1050,61950,1633404,-10510,7.04,12100,24050,24050,24050,24050,0,30
20100512,24300,24550,23550,23650,400,23330,1635044,1640,7.04,32,23650,23650,23650,23650,0,42
20100513,24000,24150,23650,23750,100,21096,1629894,-5150,7.02,190,23750,23750,23700,23700,-50,506
20100514,23450,23750,23150,23250,500,25527,1629054,-840,7.02,-1400,23350,23350,23000,23000,-250,11
20100517,23100,23100,22000,22200,1050,38541,1618864,-10190,6.98,-2040,22250,22250,22250,22250,50,1
20100518,22000,22750,22000,22500,300,28920,1609624,-9240,6.94,3000,22500,22500,22500,22500,0,0
20100519,22100,22200,21550,21800,700,28571,1616694,7070,6.97,-2994,21800,21800,21700,21700,-100,120
20100520,21350,22000,20700,21200,600,34489,1615564,-1130,6.96,-2358,21150,21150,21150,21150,-50,26
20100524,21000,21750,20900,21400,200,21171,1618974,3410,6.98,170,21550,21550,21550,21550,150,1
20100525,20950,20950,19150,19700,1700,57453,1611994,-6980,6.95,-3352,19750,19750,19700,19700,0,131
20100526,19700,20750,19700,20100,400,39965,1617754,5760,6.97,-172,20050,20100,20050,20100,0,53
20100527,19900,21000,19900,20300,200,39888,1607584,-10170,6.93,-4310,20300,20300,20300,20300,0,0
20100528,20550,21750,20000,20650,350,97928,1578674,-28910,6.8,-3883,20700,20700,20700,20700,50,229
20100531,21000,21300,20650,20950,300,33690,1577314,-1360,6.8,-2610,20950,20950,20950,20950,0,69
20100601,20950,21250,20750,21150,200,24820,1578774,1460,6.8,-580,21150,21150,21150,21150,0,0
20100603,21200,22050,21050,21800,650,35361,1580374,1600,6.8,-3711,21800,21800,21800,21800,0,0
20100604,22200,22500,21700,22000,200,38858,1578464,-1910,6.8,9260,22000,22000,22000,22000,0,6
20100607,21600,21700,20850,21000,1000,65768,1576674,-1790,6.79,-43150,21000,21000,21000,21000,0,0
20100608,21000,21350,20850,21150,150,34517,1581234,4560,6.8,-13870,21150,21150,21150,21150,0,17
20100609,21250,21500,20750,20900,250,62994,1573094,-8140,6.78,-11374,20900,20900,20900,20900,0,0
20100610,21200,21750,21100,21150,250,142275,1579594,6500,6.8,-35418,21350,21350,21200,21200,50,106
20100611,21500,22000,21300,21450,300,70089,1579230,-364,6.8,143,21050,21050,21050,21050,-400,1
20100614,21750,21900,21450,21700,250,46069,1580706,1476,6.8,1047,21750,21750,21750,21750,50,31
20100615,21550,21750,21450,21750,50,21978,1579792,-914,6.8,-130,21650,21650,21650,21650,-100,1
20100616,21700,21800,21400,21700,50,26948,1584288,4496,6.83,-1411,21700,21700,21700,21700,0,0
20100617,21900,21900,21300,21500,200,35729,1589339,5051,6.85,-90,21350,21350,21350,21350,-150,1
20100618,21350,21450,21050,21050,450,32811,1582619,-6720,6.82,-1860,21050,21050,21050,21050,0,0
20100621,21200,21600,21150,21600,550,34952,1598157,15538,6.89,-7450,21600,21600,21600,21600,0,0
20100622,21600,21600,21250,21500,100,18496,1602734,4577,6.91,850,21800,21800,21800,21800,300,4
20100623,21500,21500,21150,21250,250,30513,1608545,5811,6.93,-945,21250,21250,21250,21250,0,0
20100624,21150,21600,21150,21450,200,24635,1611315,2770,6.94,530,21450,21450,21450,21450,0,209
20100625,21450,21900,21350,21900,450,56563,1617895,6580,6.97,14404,21750,21800,21750,21800,-100,122
20100628,22000,22500,21950,22300,400,37415,1619525,1630,6.98,-1000,22300,22300,22300,22300,0,0
20100629,22400,22400,21350,21500,800,33891,1616315,-3210,6.96,180,21300,21300,21300,21300,-200,17
20100630,21200,21600,20950,21600,100,36520,1614915,-1400,6.96,11150,21600,21700,21600,21700,100,120
20100701,21750,21750,21100,21300,300,20621,1612665,-2250,6.95,620,21300,21300,21300,21300,0,0
20100702,21100,21450,21100,21250,50,23280,1606965,-5700,6.92,4640,21250,21250,21250,21250,0,0
20100705,21250,21450,21200,21200,50,17428,1603286,-3679,6.91,1010,21200,21200,21200,21200,0,1390
20100706,21100,21100,20550,20900,300,29894,1589656,-13630,6.85,1740,20900,20900,20900,20900,0,0
20100707,21000,21000,20650,20800,100,19595,1586976,-2680,6.84,1280,20800,20800,20800,20800,0,0
20100708,20900,21150,20850,21100,300,26329,1588383,1407,6.84,-400,21100,21100,21100,21100,0,0
20100709,21100,21100,20750,20800,300,22761,1582503,-5880,6.82,-1481,20800,20800,20800,20800,0,50
20100712,20750,21000,20750,20800,0,19666,1586003,3500,6.83,-190,20800,20800,20800,20800,0,0
20100713,20800,21000,20800,20950,150,16591,1585406,-597,6.83,820,21050,21050,21050,21050,100,1
20100714,21000,22000,21000,21800,850,65968,1597146,11740,6.88,1450,22000,22000,22000,22000,200,11
20100715,21900,22000,21550,21600,200,24992,1600966,3820,6.9,-5240,21750,21750,21750,21750,150,6
20100716,21500,21900,21500,21850,250,22222,1606036,5070,6.92,-2350,21850,21850,21850,21850,0,1
20100719,21800,21800,21400,21750,100,14461,1604036,-2000,6.91,-1341,21750,21750,21750,21750,0,0
20100720,21750,21750,21400,21600,150,19400,1602686,-1350,6.91,-1245,21600,21600,21600,21600,0,0
20100721,21800,21800,21300,21300,300,16132,1602146,-540,6.9,-1780,21300,21300,21300,21300,0,5
20100722,21150,21300,20300,20600,700,51906,1601108,-1038,6.9,-28418,20600,20800,20600,20800,200,6
20100723,20950,21250,20600,21250,650,32558,1609448,8340,6.94,-540,21250,21250,21250,21250,0,0
20100726,21050,21750,21000,21300,50,19985,1609968,520,6.94,806,21300,21300,21300,21300,0,1
20100727,21300,21350,20800,20950,350,26192,1608088,-1880,6.93,-2380,21000,21000,20950,20950,0,351
20100728,20900,21250,20850,21250,300,12649,1610648,2560,6.94,620,21500,21500,21500,21500,250,1
20100729,21000,21400,21000,21400,150,13352,1612225,1577,6.95,-95,21450,21450,21450,21450,50,10
20100730,21150,21400,21100,21100,300,15370,1612645,420,6.95,-4680,21100,21100,21100,21100,0,567
20100802,21000,21150,20650,20650,450,21256,1613055,410,6.95,-2752,20950,20950,20950,20950,300,20
20100803,20850,20900,20750,20800,150,6955,1613515,460,6.95,-190,20700,20700,20550,20550,-250,150
20100804,20800,20950,20500,20850,50,12818,1613915,400,6.95,6817,20850,20850,20800,20800,-50,7
20100805,20850,20950,20550,20550,300,23573,1616445,2530,6.97,3640,20550,20550,20550,20550,0,0
20100806,20650,21150,20500,20900,350,21832,1618975,2630,6.98,234,21050,21050,21050,21050,150,1
20100809,21100,22000,21100,22000,1100,52821,1617195,-1780,6.97,-3090,22150,22150,22150,22150,150,10
20100810,22000,22200,21450,21550,450,32785,1615515,-1680,6.96,-2450,21550,21550,21550,21550,0,0
20100811,21700,21700,21100,21100,450,33356,1611565,-3950,6.94,-4490,21100,21100,21100,21100,0,0
20100812,20300,21900,20300,21850,750,58010,1608905,-2660,6.93,32108,21850,21850,21850,21850,0,16
20100813,21900,22800,21500,22600,750,68989,1601345,-7560,6.9,21475,22700,22700,22600,22600,0,5
20100816,22500,22850,21550,22250,350,49827,1597825,-3520,6.89,12084,22250,22250,22250,22250,0,8
20100817,22250,22350,21700,21850,400,22184,1598765,940,6.89,-380,21850,21850,21850,21850,0,4
20100818,21900,22250,21750,22100,250,20689,1598255,-510,6.89,-700,22150,22150,22150,22150,50,1
20100819,21950,22500,21650,22450,350,37686,1596245,-2010,6.88,-1992,22450,22450,22450,22450,0,0
20100820,22350,22450,22000,22100,350,17040,1596435,190,6.88,2070,22100,22100,22100,22100,0,0
20100823,22200,22400,21700,21750,350,13092,1597455,1020,6.88,600,21750,21750,21750,21750,0,0
20100824,21600,21900,21350,21600,150,12982,1597015,-440,6.88,-380,21600,21600,21600,21600,0,1
20100825,21300,21550,20900,20950,650,22199,1595845,-1170,6.88,23,20900,20950,20700,20950,0,323
20100826,20900,21300,20800,20800,150,13078,1594445,-1400,6.87,70,20800,20800,20800,20800,0,0
20100827,20950,21000,20250,20250,550,34525,1589955,-4490,6.85,-2555,20250,20250,20250,20250,0,0
20100830,20400,20900,20300,20600,350,13860,1590545,581,6.85,142,20600,20600,20600,20600,0,0
20100831,20450,20900,20350,20550,50,15060,1588270,-2275,6.84,-1785,20550,20550,20550,20550,0,0
20100901,20550,20850,20400,20800,250,26872,1587145,-1125,6.84,-632,20800,20800,20800,20800,0,20
20100902,21150,21150,20450,20550,250,34579,1577935,-9210,6.8,-640,20700,20700,20700,20700,150,1
20100903,20500,20850,20500,20750,200,17351,1576925,-1010,6.8,-950,20750,20750,20750,20750,0,0
20100906,20600,20850,20600,20600,150,18363,1575515,-1410,6.79,-580,20600,20600,20600,20600,0,1
20100907,20850,20850,20600,20600,0,14609,1575570,55,6.79,-141,20650,20650,20650,20650,50,40
20100908,20600,20600,20250,20500,100,21920,1575910,340,6.79,-30,20500,20500,20500,20500,0,0
20100909,20900,20900,20300,20300,200,45435,1569496,-6414,6.75,-23088,20300,20300,20300,20300,0,0
20100910,20350,20600,20350,20450,150,28428,1566466,-3030,6.75,388,20450,20450,20450,20450,0,0
20100913,20450,20700,20300,20450,0,14432,1567706,1240,6.75,-20,20450,20450,20450,20450,0,6
20100914,20500,20500,20150,20150,300,19761,1568236,530,6.75,-370,20150,20150,20150,20150,0,0
20100915,20200,20400,20200,20250,100,89691,1570756,2520,6.77,-70,20250,20250,20250,20250,0,0
20100916,20300,20450,20000,20100,150,28371,1564596,-6160,6.74,-31,20400,20400,20400,20400,300,1
20100917,20200,20400,20100,20400,300,164832,1567658,3062,6.75,-2407,20600,20650,20600,20650,250,143
20100920,20550,20650,20450,20450,50,17176,1567287,-379,6.75,-298,20400,20400,20400,20400,-50,50
20100924,20350,20500,20250,20250,200,21440,1557997,-9290,6.71,330,20250,20250,20250,20250,0,0
20100927,20400,20400,20250,20350,100,23785,1556567,-1430,6.71,-330,20450,20450,20450,20450,100,10
20100928,20400,20500,20300,20350,0,25497,1558897,2330,6.72,-110,20150,20150,20150,20150,-200,3
20100929,20400,20900,20350,20900,550,33415,1559457,560,6.72,899,21500,21500,20900,20900,0,40
20100930,21450,24000,21450,22350,1450,211113,1560747,1290,6.73,660,22350,22350,22350,22350,0,232
20101001,22150,22700,22000,22550,200,62031,1562667,1920,6.73,720,22550,22550,22550,22550,0,0
20101004,22850,22850,22100,22100,450,34746,1557027,-5640,6.71,-30,22100,22100,22100,22100,0,3
20101005,22100,22300,21550,22050,50,32628,1558497,1470,6.72,165,22050,22050,22050,22050,0,10
20101006,22100,22750,22100,22550,500,33321,1558967,470,6.72,-17,22550,22550,22550,22550,0,1
20101007,22700,24800,22600,24250,1700,151592,1547027,-11940,6.67,190,24150,24150,24150,24150,-100,12
20101008,24250,24350,23450,24150,100,40181,1540877,-6150,6.64,-20,23900,23900,23900,23900,-250,1
20101011,24200,24250,23500,23550,600,30778,1546567,5690,6.66,450,23550,23550,23550,23550,0,0
20101012,23500,24000,23000,23100,450,28388,1543127,-3440,6.65,880,23050,23050,23050,23050,-50,10
20101013,23250,23350,22600,22800,300,42190,1542537,-590,6.65,-120,22800,22800,22800,22800,0,8
20101014,22850,23300,22700,23050,250,37360,1542997,460,6.65,-6690,23050,23050,23050,23050,0,40
20101015,23100,23300,22900,23300,250,28119,1543117,120,6.65,-454,23350,23350,23350,23350,50,80
20101018,23300,23400,22800,23000,300,23011,1538077,-5040,6.63,970,23000,23000,23000,23000,0,0
20101019,23000,23000,22250,22250,750,36069,1538767,690,6.63,-3012,22250,22250,22250,22250,0,0
20101020,22000,22500,21750,22400,150,22312,1536937,-1830,6.62,-330,22150,22150,22150,22150,-250,5
20101021,22350,22400,21400,22000,400,50154,1530347,-6590,6.59,-1700,22000,22000,22000,22000,0,0
20101022,22100,22700,21800,22600,600,32617,1528387,-1960,6.59,3353,23250,23250,23250,23250,650,1
20101025,22750,22800,22200,22450,150,26337,1524607,-3780,6.57,-16,22000,22000,22000,22000,-450,10
20101026,22350,22800,22100,22150,300,28567,1520707,-3900,6.55,8330,22400,22400,22200,22200,50,2
20101027,22150,22500,22050,22100,50,28610,1522127,1420,6.56,-1570,22050,22050,22000,22000,-100,30
20101028,22300,22400,21750,21900,200,29411,1516387,-5740,6.53,-110,21900,21900,21900,21900,0,0
20101029,21900,22000,21100,21250,650,40086,1505607,-10780,6.49,-796,21250,21250,21250,21250,0,0
20101101,21250,21450,21000,21450,200,27684,1502673,-2934,6.48,40,21500,21500,21500,21500,50,66
20101102,21400,21550,21250,21400,50,14454,1502053,-620,6.46,-261,21400,21400,21400,21400,0,0
20101103,21400,21650,21250,21500,100,22762,1501787,-266,6.46,20,21500,21500,21500,21500,0,0
20101104,21500,21750,21500,21600,100,16531,1500547,-1240,6.46,10,21600,21600,21600,21600,0,19
20101105,21900,22100,21550,21550,50,25407,1501697,1150,6.46,-70,21550,21550,21550,21550,0,20
20101108,21550,21600,21000,21200,350,31420,1504557,2860,6.48,-3299,21200,21200,21200,21200,0,0
20101109,21300,21600,21200,21400,200,24719,1513977,9420,6.51,-12,21300,21300,21300,21300,-100,28
20101110,21500,22550,21350,22200,800,54250,1523027,9050,6.56,0,22200,22200,22200,22200,0,0
20101111,22400,22500,21300,21300,900,66000,1498847,-24180,6.46,8760,21600,21600,21550,21600,300,90
20101112,21700,21900,20300,21000,300,41755,1500997,2150,6.46,1410,21000,21300,21000,21300,300,42
20101115,21000,21350,20800,20850,150,9239,1500437,-560,6.46,1620,20850,20850,20850,20850,0,0
20101116,20900,21150,20650,21050,200,15049,1501008,571,6.46,-1060,21900,21900,21850,21850,800,652
20101117,20800,20950,20600,20700,350,9695,1498958,-2050,6.46,980,20700,20700,20700,20700,0,0
20101118,20700,20900,20500,20700,0,21391,1496328,-2630,6.45,-150,20700,20700,20700,20700,0,0
20101119,20800,21150,20700,20950,250,10611,1495768,-560,6.45,-640,20950,20950,20950,20950,0,1
20101122,21000,21100,20700,20850,100,18742,1497448,1680,6.45,-596,20850,21050,20850,21050,200,16
20101123,20850,21050,20750,20800,50,10776,1496848,-600,6.45,420,19800,19800,19800,19800,-1000,974
20101124,20000,20600,20000,20400,400,24236,1494038,-2810,6.44,750,20700,20700,20700,20700,300,6
20101125,20450,20600,20200,20400,0,20303,1488628,-5410,6.41,-220,20400,20400,20400,20400,0,0
20101126,20500,20500,19350,20250,150,37360,1489788,1160,6.41,5870,20250,20250,20250,20250,0,70
20101129,20250,20250,19900,20000,250,14229,1488118,-1670,6.41,710,20000,20000,20000,20000,0,6
20101130,19750,20050,19750,19950,50,16838,1487898,-220,6.41,4020,19950,19950,19950,19950,0,5
20101201,20000,20000,19800,19900,50,9086,1487898,0,6.41,-65,20100,20100,19900,19900,0,10
20101202,20000,20150,19950,19950,50,10262,1487738,-160,6.41,-740,19950,19950,19950,19950,0,0
20101203,20050,20050,19700,19800,150,9408,1487819,81,6.41,-18,19800,19800,19800,19800,0,0
20101206,19800,19800,19500,19550,250,10600,1488379,560,6.41,-200,19600,19600,19600,19600,50,30
20101207,19500,20200,19500,20000,450,20369,1486049,-2330,6.4,-172,20000,20000,20000,20000,0,12
20101208,20200,20250,20000,20100,100,14394,1491460,5411,6.43,110,20100,20100,20100,20100,0,12
20101209,20350,20750,20100,20700,600,25132,1496180,4720,6.45,8490,20700,20700,20700,20700,0,1
20101210,20850,20850,20200,20350,350,10866,1496211,31,6.45,-4500,20450,20450,20450,20450,100,74
20101213,20300,20600,20100,20600,250,22130,1498751,2540,6.46,-3930,20600,20600,20600,20600,0,18
20101214,20350,20600,20300,20500,100,8763,1499641,890,6.46,10,20600,20600,20600,20600,100,1
20101215,20550,20700,19700,20550,50,11971,1501151,1510,6.46,-70,21000,21000,21000,21000,450,10
20101216,20300,20550,20300,20500,50,6715,1500923,-228,6.46,2995,20700,20700,20700,20700,200,10
20101217,20600,20700,20100,20200,300,18544,1498763,-2160,6.46,-31,20250,20250,20200,20250,50,260
20101220,19900,20250,19800,19800,400,14720,1499263,500,6.46,2221,19850,19850,19850,19850,50,1
20101221,19900,20350,19900,20100,300,9941,1503133,3870,6.48,635,20100,20100,20100,20100,0,0
20101222,20400,20500,20100,20150,50,12018,1503778,645,6.48,0,20100,20150,20100,20150,0,9
20101223,20200,20250,19800,20150,0,15396,1506218,2440,6.49,320,20000,20000,20000,20000,-150,100
20101224,20150,20150,19750,19950,200,16325,1507008,670,6.49,100,19950,19950,19950,19950,0,5
20101227,20000,20100,19500,20000,50,11124,1508838,1830,6.5,2638,20000,20000,20000,20000,0,102
20101228,20000,20350,19900,20300,300,15621,1512458,3620,6.51,2020,20300,20300,20300,20300,0,0
20101229,20000,20300,19950,19950,350,19468,1510403,-2055,6.51,2260,19950,19950,19950,19950,0,5
20101230,19950,20200,19900,20200,250,24944,1501363,-9040,6.46,2280,20000,20100,20000,20100,-100,13
20110103,20250,20350,20100,20200,0,31177,1510503,9140,6.51,13050,20200,21050,20200,21050,850,36
20110104,20150,20700,20150,20450,250,35317,1513483,2980,6.51,14580,20000,20450,20000,20450,0,25
20110105,20550,20900,20450,20600,150,33115,1512743,-740,6.51,12590,20600,20600,20600,20600,0,0
20110106,20800,20800,20250,20600,0,30805,1511983,-660,6.51,11240,20600,20600,20600,20600,0,1
20110107,20700,20850,20400,20600,0,25790,1510133,-1850,6.51,10340,20600,20600,20600,20600,0,4
20110110,20650,20750,20450,20700,100,13162,1510073,-60,6.51,650,20700,20700,20700,20700,0,0
20110111,20350,20700,20100,20400,300,20746,1510663,590,6.51,-230,20100,20400,20100,20400,0,5
20110112,20500,20500,19900,19900,500,24991,1510003,-660,6.51,-2070,19900,19900,19900,19900,0,2
20110113,19850,20000,19700,19800,100,28357,1509626,-377,6.51,-2834,19800,19800,19800,19800,0,194
20110114,19800,19950,19600,19800,0,20953,1507136,-2490,6.49,-20,19350,19950,19350,19950,150,11
20110117,19950,19950,19550,19800,0,15929,1503636,-3500,6.48,4910,19800,19800,19800,19800,0,0
20110118,19700,19850,19600,19600,200,15970,1501336,-2300,6.46,1510,19600,19600,19600,19600,0,125
20110119,19600,19700,19450,19450,150,21212,1497336,-4000,6.45,-20,19450,19450,19450,19450,0,0
20110120,19400,19450,18950,19000,450,53842,1495396,-1940,6.44,9960,19000,19000,19000,19000,0,0
20110121,19000,19100,18450,18600,400,36893,1491006,-4390,6.41,1636,18600,18600,18600,18600,0,490
20110124,18350,18600,18300,18400,200,16087,1490996,-10,6.41,-990,18400,18400,18400,18400,0,2
20110125,18500,18750,18300,18450,50,18052,1490889,-107,6.41,-4280,18600,18600,18600,18600,150,1
20110126,18450,18700,18200,18550,100,13464,1490369,-520,6.41,925,18550,18550,18550,18550,0,0
20110127,18450,18500,18000,18150,400,36905,1490596,227,6.41,-4532,18150,18150,18150,18150,0,5
20110128,18150,18250,17500,17500,650,44797,1491636,1040,6.43,10638,17700,17700,17700,17700,200,2
20110131,17350,17350,17000,17200,300,19216,1494126,2490,6.44,60,17100,17100,17100,17100,-100,9
20110201,17100,17200,16650,16650,550,40951,1483756,-10370,6.39,740,16650,16650,16650,16650,0,0
20110207,16700,17150,16650,16750,100,23066,1481786,-1970,6.39,-870,16750,16750,16750,16750,0,0
20110208,16800,18900,16800,17700,950,52036,1481556,-230,6.38,-410,17700,17700,17700,17700,0,80
20110209,17550,17950,17100,17100,600,30492,1476266,-5290,6.36,-8030,17100,17100,17100,17100,0,0
20110210,17200,18150,17200,17850,750,45367,1464296,-11970,6.31,24650,17850,17850,17850,17850,0,0
20110211,18300,18300,17500,17500,350,19080,1460206,-4090,6.29,-3098,17500,17500,17500,17500,0,10
20110214,17800,17800,16650,16900,600,34618,1458806,-1400,6.29,670,16900,16900,16900,16900,0,0
20110215,16550,17350,16500,16900,0,17946,1455221,-3585,6.27,-1200,16900,16900,16900,16900,0,5
20110216,16900,17650,16750,17600,700,14162,1455371,150,6.27,8350,17600,17600,17600,17600,0,0
20110217,17600,17700,17050,17400,200,16061,1453751,-1620,6.26,5529,17400,17400,17400,17400,0,0
20110218,17300,17800,17050,17800,400,23991,1451371,-2380,6.25,5570,17800,17800,17800,17800,0,1
20110221,17800,17800,17200,17450,350,16320,1447871,-3500,6.24,5240,17450,17450,17450,17450,0,0
20110222,17250,17800,16950,17350,100,16332,1445151,-2720,6.23,7750,17350,17350,17350,17350,0,3
20110223,17350,18000,17350,17900,550,14093,1446756,1605,6.23,8365,17700,17850,17700,17850,-50,102
20110224,17800,18350,17600,18300,400,24030,1451986,5230,6.26,8130,18250,18250,18250,18250,-50,30
20110225,18150,18450,18000,18250,50,14620,1448326,-3660,6.24,6518,18250,18250,18250,18250,0,0
20110228,18250,18350,17800,17850,400,14600,1456036,7710,6.27,5681,17850,17850,17850,17850,0,0
20110302,17500,18000,17500,17900,50,15600,1456476,440,6.28,7800,17900,17900,17900,17900,0,0
20110303,17750,18100,17350,17500,400,36180,1454236,-2240,6.27,-17980,17500,17500,17500,17500,0,151
20110304,17550,17600,17050,17100,400,34353,1453236,-1000,6.26,-16700,17100,17100,17100,17100,0,0
20110307,17100,17200,16550,16550,550,38622,1452956,-280,6.26,-17509,16650,16650,16550,16550,0,151
20110308,16700,17150,16700,16950,400,18610,1453806,850,6.26,4850,16950,16950,16950,16950,0,0
20110309,16950,17400,16850,17400,450,20174,1457566,3760,6.28,4840,17400,17400,17400,17400,0,0
20110310,17550,17550,17000,17000,400,37033,1453646,-6920,6.26,-10060,17000,17000,17000,17000,0,14
20110311,16750,17150,16750,16900,100,22948,1450116,-3530,6.25,-1658,16900,16900,16900,16900,0,0
20110314,16800,17300,16500,16500,400,13151,1447386,-2730,6.24,10,16950,16950,16500,16500,0,101
20110315,16400,16850,16000,16300,200,84099,1447881,495,6.24,35150,16350,16350,16350,16350,50,5
20110316,16100,16350,15800,15950,350,88079,1452041,4160,6.26,27229,16450,16450,16000,16000,50,72
20110317,15800,16050,15500,15700,250,47465,1452001,-40,6.26,-3695,15600,15700,15600,15700,0,968
20110318,15550,15950,15550,15550,150,57220,1440326,-11675,6.21,2800,15600,15600,15600,15600,50,3
20110321,15600,16250,15600,16050,500,31599,1499336,59010,6.46,-1590,16050,16050,16050,16050,0,0
20110322,16350,16550,16050,16150,100,35901,1505876,6540,6.49,-2321,16150,16150,16150,16150,0,0
20110323,15950,16400,15950,16350,200,10200,1509076,3200,6.5,118,16450,16450,16450,16450,100,8
20110324,16300,16900,16250,16800,450,24899,1513036,3960,6.51,1771,16800,16800,16800,16800,0,9
20110325,17100,17150,16700,16700,100,34498,1517286,4250,6.54,-12025,16700,16700,16700,16700,0,0
20110328,16700,16950,16700,16800,100,16351,1517216,-70,6.54,-2060,16800,16800,16800,16800,0,0
20110329,16600,17300,16600,16700,100,16381,1519966,2750,6.55,100,16700,16700,16700,16700,0,5
20110330,16700,17550,16700,17400,700,57806,1524276,4310,6.57,9969,17400,17400,17400,17400,0,4
20110331,17500,17700,17300,17500,100,24170,1530784,6508,6.6,-3920,17500,17500,17500,17500,0,0
20110401,17500,17650,17300,17500,0,17929,1537684,6900,6.63,-6800,17500,17500,17500,17500,0,0
20110404,17750,17750,17350,17350,150,31811,1525934,-11750,6.58,-3670,17350,17350,17350,17350,0,0
20110405,17500,17550,17400,17500,150,19347,1525104,-830,6.57,-7970,17500,17500,17500,17500,0,0
20110406,17500,17600,17100,17450,50,24832,1517985,-7110,6.54,-4500,17400,17400,17400,17400,-50,1
20110407,17300,17550,17100,17300,150,41482,1514565,-3420,6.53,-10060,17300,17300,17300,17300,0,7
20110408,17650,19850,17300,19850,2550,495110,1499833,-14730,6.46,-67790,19850,19850,19850,19850,0,3719
20110411,21000,21350,18550,18800,1050,414199,1470773,-29060,6.34,-30830,18500,18700,18500,18700,-100,339
20110412,18900,19050,17700,17700,1100,153615,1472654,1881,6.35,-32719,17700,17700,17600,17650,-50,390
20110413,17750,18100,17200,17450,250,137769,1460204,-12450,6.29,-18670,17450,17450,17450,17450,0,23
20110414,17450,17600,16750,17150,300,138207,1463514,3310,6.31,-37560,17150,17150,17000,17000,-150,110
20110415,17250,17300,16550,16700,450,94981,1435414,-28100,6.19,-36179,16500,16700,16500,16650,-50,1773
20110418,16800,16850,16300,16400,300,59309,1442584,7170,6.22,-9500,16400,16400,16400,16400,0,6
20110419,16300,16500,16150,16150,250,52079,1406351,-36233,6.06,-11191,16150,16150,16150,16150,0,200
20110420,16200,16350,16100,16200,50,50738,1397120,-9231,6.02,-9444,16200,16250,16200,16250,50,91
20110421,16350,16600,16200,16400,200,65364,1396780,-340,6.02,-8890,16400,16400,16400,16400,0,208
20110422,16500,16500,16100,16250,150,41668,1401690,4910,6.04,-9408,16350,16350,16200,16200,-50,30
20110425,16300,16300,15750,16000,250,39720,1406710,5580,6.06,-12680,15550,15950,15550,15900,-100,305
20110426,15800,15850,15550,15700,300,80351,1390080,-16630,5.99,-8120,15650,15800,15650,15800,100,33
20110427,15650,16100,15600,15600,100,57754,1398040,7960,6.02,-19890,15700,15700,15700,15700,100,4
20110428,15600,16200,15600,16150,550,45970,1404621,6590,6.05,-8730,16100,16100,16100,16100,-50,10
20110429,16150,16350,15750,15900,250,61481,1402961,-1660,6.05,-14450,15850,15850,15850,15850,-50,5
20110502,15850,16350,15800,16150,250,30321,1408061,5100,6.07,-9820,16150,16150,16150,16150,0,1
20110503,16150,16450,16150,16250,100,21725,1410701,2640,6.08,1000,16500,16500,16500,16500,250,2
20110504,16200,16700,16200,16300,50,32819,1414301,3600,6.09,1870,16300,16300,16300,16300,0,0
20110506,16350,16550,16000,16000,300,28488,1414181,-120,6.09,290,16000,16150,16000,16150,150,5
20110509,16050,16200,15750,16000,0,29643,1409631,-2550,6.07,-220,16000,16000,16000,16000,0,0
20110511,15950,16250,15900,15900,100,24834,1406211,-3420,6.06,-360,16000,16000,16000,16000,100,1
20110512,15800,16000,15700,15700,200,33626,1396261,-9950,6.02,-2110,15700,15700,15700,15700,0,80
20110513,15800,16150,15750,16000,300,21392,1395641,-620,6.01,0,16000,16000,16000,16000,0,2
20110516,15900,16050,15800,15850,150,21677,1396991,-650,6.02,-240,15850,15850,15850,15850,0,0
20110517,15800,16100,15800,15800,50,16274,1396790,1799,6.02,-30,15800,15800,15800,15800,0,0
20110518,15800,16000,15700,15800,0,12558,1398130,1340,6.02,400,15750,15750,15750,15750,-50,3
20110519,15800,16000,15700,15900,100,16825,1398840,710,6.03,4240,15800,16000,15800,16000,100,4
20110520,15850,16050,15850,15950,50,17178,1399370,530,6.03,-30,15950,15950,15950,15950,0,8
20110523,16100,16100,15250,15400,550,29501,1397170,-2200,6.02,-37,15400,15400,15400,15400,0,1
20110524,15200,15400,15050,15050,350,31431,1395680,-1490,6.01,-3430,15200,15200,15200,15200,150,1
20110525,15000,15150,14700,15000,50,52058,1401970,6290,6.04,5680,15000,15000,15000,15000,0,31
20110526,14700,15200,14700,15100,100,18561,1403300,1330,6.05,-150,15100,15100,15100,15100,0,0
20110527,14950,15200,14900,15150,50,12840,1404720,1420,6.05,20,15200,15200,15200,15200,50,10
20110530,15250,15650,15100,15100,50,35217,1403620,-1100,6.05,-16170,15300,15300,14800,14800,-300,6
20110531,15200,15350,15000,15350,250,16253,1408480,4860,6.07,-3880,15350,15350,15350,15350,0,0
20110601,15350,15550,15200,15350,0,13266,1411610,3130,6.08,-1190,15250,15250,15250,15250,-100,1
20110602,15000,15200,14800,14850,500,23116,1411390,-220,6.08,-906,14850,14850,14850,14850,0,0
20110603,14950,15100,14750,14950,100,9313,1412730,1340,6.09,-240,15000,15000,15000,15000,50,1
20110607,14800,15650,14800,15550,600,25801,1422100,9370,6.13,40,15200,15200,15200,15200,-350,1
20110608,15750,15850,15000,15300,250,18841,1421800,-300,6.13,-10,15300,15300,15300,15300,0,0
20110609,15150,15250,14850,14850,450,32951,1423073,1273,6.13,-12649,14850,14850,14850,14850,0,48
20110610,14850,15050,14850,14850,0,14426,1425723,2659,6.14,-1742,14850,14850,14850,14850,0,5
20110613,14950,15100,14750,14750,100,8878,1427083,1360,6.15,-494,14950,14950,14950,14950,200,1
20110614,15000,15100,14750,14800,50,5431,1428283,1200,6.15,-15,14800,14950,14800,14950,150,2
20110615,14950,15100,14700,14950,150,11602,1430823,2540,6.17,-1522,14950,14950,14950,14950,0,0
20110616,14950,15000,14750,14900,50,9055,1430943,120,6.17,-10,14900,14900,14900,14900,0,0
20110617,14950,15100,14800,15050,150,10242,1433243,2300,6.18,890,15000,15000,15000,15000,-50,1
20110620,15050,15200,14850,15200,150,18771,1432623,-620,6.17,1587,15050,15050,15050,15050,-150,4
20110621,15250,15450,15000,15000,200,16704,1435083,2460,6.18,7,15000,15000,15000,15000,0,2
20110622,15000,15350,14800,15300,300,13691,1437073,1990,6.19,1,15300,15300,15300,15300,0,102
20110623,15300,15300,14900,15050,250,18995,1440163,3090,6.21,-6210,14950,14950,14950,14950,-100,5
20110624,15050,15450,15050,15250,200,17976,1447633,7470,6.24,-10,15350,15350,15150,15350,100,16
20110627,15350,15350,15100,15200,50,4471,1448053,420,6.24,0,15200,15200,15200,15200,0,0
20110628,15200,15500,15200,15450,250,14012,1450953,2900,6.25,0,15450,15450,15450,15450,0,0
20110629,15450,15600,15400,15500,50,16833,1452523,1570,6.26,829,15550,15550,15500,15500,0,6
20110630,15700,15700,15200,15650,150,20700,1452163,-360,6.26,2750,15650,15650,15650,15650,0,0
20110701,15700,15750,15400,15700,50,9330,1452463,300,6.26,-10,15700,15700,15700,15700,0,0
20110704,15800,15800,15550,15700,0,12435,1454443,1980,6.27,-10,15700,15700,15700,15700,0,0
20110705,15700,15800,15500,15600,100,16647,1455243,800,6.27,40,15600,15600,15600,15600,0,0
20110706,15800,16500,15550,16350,750,51160,1454463,-780,6.27,40,16350,16350,16350,16350,0,0
20110707,16350,17000,16200,16550,200,51201,1460133,5670,6.29,0,16650,16650,16650,16650,100,90
20110708,16550,16850,16550,16700,150,18610,1462720,2587,6.3,440,16700,16700,16700,16700,0,0
20110711,16700,16800,16250,16500,200,14281,1466820,4100,6.32,-120,16550,16550,16550,16550,50,1
20110712,16100,16700,16100,16400,100,40320,1469340,2520,6.33,-80,16400,16400,16400,16400,0,0
20110713,16200,16850,16200,16800,400,27978,1474400,5060,6.35,0,16750,16800,16750,16800,0,65
20110714,16800,16950,16650,16850,50,17111,1473050,-1350,6.35,-50,16850,16850,16850,16850,0,100
20110715,16750,16800,16600,16650,200,10592,1472740,-310,6.35,0,16650,16650,16650,16650,0,0
20110718,16600,16600,16400,16400,250,27792,1473010,270,6.35,90,16350,16350,16350,16350,-50,30
20110719,16400,16850,16300,16450,50,13494,1473710,700,6.35,340,16450,16450,16450,16450,0,0
20110720,16550,17250,16550,17000,550,39226,1475120,1410,6.36,348,17000,17000,17000,17000,0,80
20110721,17000,17350,16900,17200,200,21188,1475680,560,6.36,-30,17200,17200,17200,17200,0,0
20110722,17100,17550,17100,17500,300,29916,1476060,380,6.36,1370,17500,17500,17500,17500,0,0
20110725,17500,17850,17200,17500,0,25322,1474860,-1200,6.36,-10,17700,17700,17500,17500,0,21
20110726,17300,17750,17300,17500,0,19860,1476570,1710,6.36,0,17500,17500,17500,17500,0,0
20110727,17700,17700,17300,17600,100,14462,1478000,1430,6.37,10,17600,17600,17600,17600,0,2
20110728,17300,17550,17200,17400,200,12000,1477750,-250,6.37,-240,17400,17400,17400,17400,0,0
20110729,17250,17500,16950,17200,200,16551,1480010,2260,6.38,260,17200,17200,17200,17200,0,0
20110801,17400,17550,17000,17450,250,12461,1482910,2900,6.39,-40,17500,17600,17500,17600,150,11
20110802,17450,17450,17000,17100,350,22140,1474630,-8280,6.35,740,17100,17100,17100,17100,0,0
20110803,16800,16800,16150,16350,750,36488,1467720,-6910,6.32,1860,16350,16350,16350,16350,0,50
20110804,16350,16800,16100,16400,50,22970,1467114,-606,6.32,50,16400,16400,16400,16400,0,0
20110805,14950,16100,14950,16000,400,39622,1466574,-540,6.32,5520,16000,16000,16000,16000,0,67
20110808,15800,15800,14000,14650,1350,48604,1468034,1460,6.33,1010,14400,14400,14400,14400,-250,10
20110809,14000,14400,12500,13000,1650,79149,1456564,-11470,6.28,4710,13400,13400,13000,13000,0,1069
20110810,13700,14000,13200,13400,400,39469,1448134,-8430,6.24,0,13400,13400,13400,13400,0,0
20110811,12950,13400,12600,13250,150,39514,1446214,-1920,6.23,-960,13500,13500,13250,13250,0,6
20110812,13550,13900,13450,13550,300,22774,1440434,-5780,6.21,400,13550,13550,13550,13550,0,0
20110816,13800,14100,13750,13950,400,42467,1413904,-26530,6.09,560,13650,13650,13650,13650,-300,3
20110817,14000,14350,13800,14300,350,13268,1413584,-320,6.09,-13,14000,14100,14000,14100,-200,5
20110818,14150,14400,14000,14200,100,23623,1411154,-2430,6.08,-40,14200,14200,14200,14200,0,0
20110819,13850,14600,13300,14000,200,43917,1410044,-1116,6.08,-683,14000,14000,13450,13450,-550,121
20110822,14000,14400,13700,14050,50,21090,1409490,-560,6.07,30,14050,14050,14050,14050,0,0
20110823,14100,14250,13700,14000,50,16555,1407320,-2170,6.06,-1250,14050,14050,14050,14050,50,5
20110824,14200,14200,13750,13900,100,9410,1405920,-1400,6.06,-15,13900,13900,13900,13900,0,0
20110825,14150,14500,13700,13750,150,16150,1406350,430,6.06,480,13750,13750,13750,13750,0,0
20110826,13700,14000,13700,14000,250,4177,1407330,980,6.06,-30,14000,14000,14000,14000,0,0
20110829,14000,14150,13800,14100,100,12492,1407150,-180,6.06,-430,14100,14100,14100,14100,0,0
20110830,14350,14500,14000,14300,200,19921,1407480,330,6.06,980,14300,14300,14300,14300,0,0
20110831,14600,14700,14350,14700,400,8742,1408590,1110,6.07,990,14700,14700,14700,14700,0,0
20110901,14550,14750,14400,14500,200,25331,1406320,-2270,6.06,830,14500,14500,14500,14500,0,0
20110902,14700,14700,14150,14150,350,10570,1404070,-2250,6.05,0,14000,14000,14000,14000,-150,50
20110905,14100,14100,13500,13750,400,12970,1398100,-5970,6.02,380,13750,13750,13750,13750,0,0
20110906,13550,13700,12900,13100,650,27551,1390830,-7270,5.99,40,13100,13100,13100,13100,0,0
20110907,13250,13650,13250,13650,550,16165,1392310,1480,6.0,80,13300,13500,13300,13500,-150,14
20110908,13650,14050,13300,13700,50,9518,1393690,1380,6.01,-190,14350,14350,13700,13700,0,37
20110909,13550,13750,13350,13600,100,7160,1393269,-420,6.0,-260,13600,13600,13600,13600,0,0
20110914,13400,13450,12500,12500,1100,49358,1376759,-16510,5.93,490,12500,12500,12500,12500,0,0
20110915,12800,13000,12400,12400,100,29833,1385419,8660,5.97,-19990,12400,12400,12400,12400,0,3
20110916,12600,12950,12450,12750,350,41708,1386799,1380,5.98,12,12750,12750,12750,12750,0,0
20110919,12600,12900,12100,12250,500,51852,1376659,-10140,5.93,362,12250,12250,12250,12250,0,0
20110920,12100,12250,11650,12000,250,45345,1378769,2110,5.94,20,12000,12300,12000,12300,300,9
20110921,11900,12150,11700,12000,0,33763,1379389,620,5.94,50,12000,12000,12000,12000,0,0
20110922,11900,11950,11500,11600,400,25560,1377869,-1520,5.94,800,11650,11650,11600,11600,0,20
20110923,11150,11300,10300,10550,1050,96219,1376649,-1220,5.93,-2821,10350,10600,10350,10600,50,8
20110926,10600,10700,9800,9850,700,41929,1380389,3740,5.95,-220,9850,9850,9700,9700,-150,4696
20110927,9700,10050,9490,9560,290,119999,1366339,-14050,5.89,-6781,9570,9580,9560,9580,20,100
20110928,9650,9850,9590,9840,280,29244,1367249,910,5.89,-140,9840,9840,9840,9840,0,0
20110929,9740,9800,9490,9800,40,34068,1351229,-16020,5.82,-863,9800,9800,9800,9800,0,0
20110930,9820,10150,9790,10100,300,37480,1347129,-4100,5.8,-1230,10100,10100,10100,10100,0,0
20111004,9250,9690,9250,9650,450,30425,1338419,-8710,5.77,620,9650,9650,9650,9650,0,1
20111005,9650,9700,9350,9440,210,42438,1335319,-3100,5.75,-2050,9440,9440,9440,9440,0,10
20111006,9620,9850,9600,9710,270,20910,1334335,-984,5.75,-12,9710,9710,9710,9710,0,0
20111007,9900,10300,9800,10250,540,56789,1340835,6500,5.78,-80,9860,10300,9860,10300,50,25
20111010,10350,10550,10100,10200,50,29361,1336504,-4331,5.76,20,10200,10200,10200,10200,0,0
20111011,10500,10600,10200,10250,50,44714,1327084,-9420,5.72,-270,10750,10750,10750,10750,500,10
20111012,10300,10300,10000,10100,150,30990,1317564,-9520,5.68,470,10100,10100,10100,10100,0,392
20111013,10250,10750,10200,10650,550,95712,1304814,-12750,5.62,480,10650,10650,10650,10650,0,0
20111014,10500,10700,10300,10700,50,19961,1301174,-3640,5.61,540,10700,10700,10700,10700,0,0
20111017,10850,11550,10650,11200,500,65943,1298364,-2810,5.59,-10,11200,11200,11200,11200,0,0
20111018,10900,11200,10650,10950,250,41198,1284354,-14010,5.53,410,10950,10950,10950,10950,0,117
20111019,11200,11200,10700,10900,50,22871,1276514,-7840,5.5,10,10900,10900,10900,10900,0,0
20111020,10900,10950,10300,10300,600,36858,1271874,-4640,5.48,100,10350,10350,10350,10350,50,4
20111021,10300,10450,10150,10450,150,25299,1266644,-5230,5.46,20,10450,10450,10450,10450,0,2
20111024,10600,10800,10500,10750,300,52315,1240499,-26145,5.35,0,10750,10750,10750,10750,0,130
20111025,10750,10750,10400,10450,300,36914,1223099,-17400,5.27,-20,10500,10500,10350,10350,-100,3
20111026,10200,10650,10200,10650,200,13210,1222075,-1020,5.27,400,10650,10650,10650,10650,0,0
20111027,10700,10850,10600,10750,100,25483,1216276,-5799,5.24,40,11200,11200,11150,11150,400,2
20111028,10950,11450,10900,11100,350,50625,1226966,10690,5.29,60,11300,11300,11300,11300,200,1
20111031,11200,11300,10900,11150,50,27944,1227616,650,5.29,-10,11150,11150,11100,11100,-50,2
20111101,10700,10950,10700,10900,250,21976,1220926,-6690,5.26,-40,10500,10500,10500,10500,-400,9
20111102,10550,10850,10500,10650,250,25601,1220046,-880,5.26,210,10600,10900,10600,10900,250,9
20111103,10850,11350,10750,10800,150,53014,1214137,-5909,5.23,230,10600,10600,10600,10600,-200,8
20111104,10850,11200,10850,11000,200,17198,1211407,-2730,5.22,30,11400,11400,11400,11400,400,1
20111107,11100,11400,11050,11200,200,19428,1208187,-3220,5.21,-50,11200,11200,11200,11200,0,0
20111108,11350,11450,11050,11100,100,23881,1203557,-4630,5.19,40,11100,11100,11100,11100,0,0
20111109,11200,11300,10850,10950,150,39098,1199057,-4500,5.17,-50,10850,10850,10850,10850,-100,1
20111110,10650,10700,10350,10550,400,25348,1196917,-2140,5.16,20,10650,10650,10600,10600,50,2
20111111,10550,10750,10400,10650,100,25109,1190587,-6330,5.13,-40,10600,10600,10550,10550,-100,11
20111114,10800,11000,10700,10800,150,23167,1189147,-1440,5.12,30,10800,10800,10800,10800,0,7
20111115,10650,11250,10600,11100,300,33016,1183907,-5240,5.09,-8690,11300,11300,11300,11300,200,8
20111116,10950,11350,10950,11200,100,62245,1172892,-11015,5.05,-8820,11550,11550,11550,11550,350,800
20111117,11350,11350,10900,11250,50,18785,1168752,-4140,5.04,-2170,11250,11250,11250,11250,0,0
20111118,11200,11250,10900,11100,150,32372,1160722,-8030,5.0,-1050,11100,11100,11100,11100,0,1
20111121,11100,11250,10950,11150,50,37035,1146122,-14600,4.94,240,11150,11150,11150,11150,0,0
20111122,10950,11000,10700,10950,200,48393,1127292,-18830,4.86,-10,10950,10950,10950,10950,0,0
20111123,11000,11000,10500,10700,250,39841,1107502,-19790,4.77,9930,10700,10700,10700,10700,0,11
20111124,10500,10700,10350,10450,250,18082,1101452,-6050,4.75,0,10550,10550,10550,10550,100,2
20111125,10350,10500,10250,10400,50,21050,1094872,-6580,4.72,390,10400,10400,10400,10400,0,0
20111128,10450,10750,10350,10750,350,21611,1089742,-5130,4.7,0,10900,10900,10900,10900,150,1
20111129,10900,10950,10650,10850,100,19200,1087452,-2290,4.69,-30,10850,10850,10850,10850,0,0
20111130,10950,10950,10750,10750,100,57213,1086752,-700,4.68,260,10750,10750,10750,10750,0,0
20111201,11100,11100,10850,10850,100,31794,1092242,5490,4.71,40,10850,10850,10850,10850,0,1
20111202,10950,11000,10750,10950,100,17901,1096322,4080,4.72,790,10950,10950,10950,10950,0,0
20111205,11050,11300,11000,11200,250,37480,1094272,-2050,4.72,0,11200,11200,11200,11200,0,0
20111206,11150,11300,10950,11050,150,14013,1092012,-2260,4.71,330,11300,11300,11300,11300,250,1
20111207,11150,11200,11050,11150,100,22295,1093620,1608,4.71,-290,11150,11150,11150,11150,0,16
20111208,11150,12400,11000,11950,800,150676,1068613,-25007,4.6,8740,11950,12050,11950,12050,100,69
20111209,12000,12350,11850,12000,50,96803,1047953,-20660,4.51,14260,12100,12100,12100,12100,100,2
20111212,12000,12000,11600,11650,350,56720,1047103,-850,4.51,-20,11650,11650,11650,11650,0,0
20111213,11650,11650,10950,11050,600,52379,1049383,2280,4.51,2073,11050,11050,11050,11050,0,3
20111214,11050,11400,11000,11350,300,24053,1048953,-430,4.51,6780,11350,11350,11350,11350,0,0
20111215,11200,11500,11000,11300,50,27182,1046193,-2760,4.51,6670,10900,10900,10900,10900,-400,5
20111216,11300,11450,11100,11350,50,25501,1044273,-1920,4.5,6658,11200,11200,11200,11200,-150,2
20111219,11200,11300,10400,10600,750,45118,1036913,-7360,4.46,80,10550,10600,10550,10600,0,51
20111220,10500,10850,10500,10800,200,18842,1036663,-250,4.46,-1900,10800,10800,10800,10800,0,0
20111221,11050,11050,10800,10850,50,19330,1036373,-290,4.46,0,10850,10850,10850,10850,0,0
20111222,10950,11150,10750,11100,250,8162,1035503,-870,4.46,0,11100,11100,11100,11100,0,0
20111223,11150,11400,11100,11350,250,25944,1039943,4440,4.48,-20,11350,11350,11350,11350,0,0
20111226,11350,11450,11150,11300,50,8453,1040343,400,4.48,120,11050,11050,11050,11050,-250,2
20111227,11200,11350,11050,11150,150,45509,1041193,850,4.49,-13370,11150,11150,11150,11150,0,3
20111228,10650,11150,10650,10750,400,10530,1040883,-310,4.49,720,10600,10600,10600,10600,-150,358
20111229,10600,10750,10550,10750,0,11685,1040393,-490,4.48,40,10750,10750,10750,10750,0,0
20120102,10700,11000,10700,10800,50,4611,1039593,-800,4.48,0,10750,10750,10750,10750,-50,1
20120103,10800,11050,10750,11050,250,10792,1040223,630,4.48,0,11050,11050,11050,11050,0,10
20120104,11100,11100,10800,10800,250,13056,1040193,-30,4.48,-10,10800,10800,10800,10800,0,13
20120105,10950,11000,10650,10900,100,14559,1041683,1490,4.49,0,10900,10900,10900,10900,0,0
20120106,10900,10900,10500,10700,200,41088,1042183,500,4.49,-8010,10450,10450,10450,10450,-250,136
20120109,10700,10800,10500,10750,50,8730,1041473,-710,4.49,-80,10750,10750,10750,10750,0,0
20120110,10500,11000,10500,11000,250,40073,1044823,3350,4.5,-9790,11150,11150,11150,11150,150,2
20120111,10950,11200,10800,11150,150,27763,1046163,1340,4.51,-2010,11150,11150,11150,11150,0,6
20120112,11100,11250,11100,11100,50,10964,1047853,1690,4.51,-10,11100,11100,11000,11000,-100,203
20120113,11200,11200,11000,11150,50,11155,1052473,4620,4.54,-10,11150,11150,11150,11150,0,0
20120116,11150,11150,10900,10950,200,11561,1053493,1020,4.54,0,10800,10800,10800,10800,-150,5
20120117,11000,11300,11000,11150,200,21162,1057903,4410,4.56,-24,11350,11350,11350,11350,200,1
20120118,11200,11450,10750,10800,350,62139,1042317,-15586,4.49,-10,10800,10800,10800,10800,0,3
20120119,10800,10950,10700,10750,50,29590,1047727,5410,4.51,0,10750,10750,10750,10750,0,0
20120120,10700,11000,10650,10950,200,25196,1054615,6888,4.54,0,10950,10950,10950,10950,0,2
20120125,11000,11200,10750,11150,200,23319,1057603,2988,4.56,-110,11050,11050,11050,11050,-100,5
20120126,11200,11350,10950,11300,150,52338,1062681,5078,4.58,-30,11350,11350,11350,11350,50,1
20120127,11300,11450,11100,11450,150,24728,1067361,4680,4.6,-10,11450,11450,11450,11450,0,0
20120130,11500,11950,11450,11500,50,40530,1070341,2980,4.61,-1710,11500,11500,11500,11500,0,0
20120131,11350,11800,11350,11700,200,23918,1078497,8156,4.65,-2360,11700,11700,11700,11700,0,4
20120201,11800,11850,11500,11800,100,25252,1079007,510,4.65,-30,11800,11800,11800,11800,0,1
20120202,11800,12350,11800,12000,200,51654,1086291,7284,4.68,-10230,12050,12050,12000,12000,0,274
20120203,12000,12300,11900,12000,0,18201,1088311,2020,4.69,380,12000,12000,12000,12000,0,0
20120206,12300,12300,11900,12100,100,34701,1093321,5010,4.71,-10000,12050,12050,12050,12050,-50,5
20120207,12050,12300,11900,12150,50,37474,1102254,8933,4.75,-150,11950,11950,11950,11950,-200,200
20120208,12150,12150,11900,12100,50,18586,1105534,3280,4.76,-330,12100,12200,12100,12200,100,100
20120209,12050,12200,11900,12100,0,37174,1108744,3210,4.78,20,12200,12300,12200,12300,200,54
20120210,12050,12200,11600,11700,400,74350,1109664,920,4.78,-9820,11550,11700,11550,11650,-50,1095
20120213,11700,11950,11550,11700,0,63901,1109324,-340,4.78,-210,11700,11700,11700,11700,0,0
20120214,11850,11850,11650,11800,100,14341,1110304,980,4.78,-31,11800,11800,11800,11800,0,0
20120215,11700,11850,11650,11700,100,19438,1110724,420,4.79,-130,11600,11700,11600,11700,0,158
20120216,11550,11750,11500,11500,200,16826,1110606,-118,4.79,423,11500,11500,11500,11500,0,107
20120217,11550,11800,11500,11750,250,21358,1112356,1750,4.79,430,11750,11750,11750,11750,0,0
20120220,11750,12250,11750,12100,350,48181,1116404,4048,4.8,-8150,12150,12150,12150,12150,50,1
20120221,12000,12550,12000,12100,0,51853,1117374,970,4.8,-15020,12050,12050,12050,12050,-50,3
20120222,12100,12300,11900,12050,50,32988,1118564,1190,4.82,0,12000,12000,12000,12000,-50,10
20120223,11950,12150,11900,12050,0,24892,1120494,1930,4.83,-10,12350,12350,12350,12350,300,1
20120224,12000,12250,11900,12100,50,52611,1118554,-1940,4.82,-10480,12100,12100,12100,12100,0,0
20120227,12150,12150,11950,12000,100,19083,1119591,1037,4.82,-10,12000,12000,12000,12000,0,0
20120228,11950,12000,11750,11800,200,24135,1120137,546,4.83,-410,11800,11800,11800,11800,0,0
20120229,11950,12250,11750,12000,200,32581,1122377,2240,4.84,-6810,11900,11900,11700,11850,-150,29
20120302,12150,12150,12000,12000,0,26521,1123464,1087,4.84,-8100,12000,12000,12000,12000,0,0
20120305,11900,12150,11850,11900,100,17763,1119874,-3590,4.83,20,11900,11900,11900,11900,0,0
20120306,11900,12000,11750,11800,100,37175,1119954,80,4.83,10,11750,11750,11750,11750,-50,1
20120307,11650,12000,11600,11750,50,40718,1116766,-3188,4.8,0,12000,12000,12000,12000,250,60
20120308,11800,11950,11550,11550,200,33376,1114946,-1820,4.8,80,11550,11550,11550,11550,0,48
20120309,11650,11700,11550,11550,0,12301,1114596,-350,4.8,-540,11550,11550,11550,11550,0,0
20120312,11550,11650,11400,11450,100,20549,1112816,-1780,4.8,-40,11300,11300,11300,11300,-150,100
20120313,11450,11650,11400,11600,150,17354,1114646,1830,4.8,0,11600,11600,11600,11600,0,1
20120314,11600,11800,11600,11700,100,25000,1117827,3181,4.82,-170,11700,11750,11700,11750,50,10
20120315,11700,11800,11650,11750,50,18710,1117989,162,4.82,-236,11900,11900,11900,11900,150,1
20120316,11750,11800,11500,11800,50,22833,1124329,6340,4.84,-870,11800,11800,11800,11800,0,0
20120319,11800,11800,11650,11700,100,14997,1124499,170,4.85,-30,11800,11800,11800,11800,100,2
20120320,11700,11850,11550,11750,50,14820,1123589,-910,4.84,-40,11750,11750,11750,11750,0,0
20120321,11750,11750,11500,11600,150,12762,1121299,-2290,4.83,0,11600,11600,11600,11600,0,0
20120322,11600,11600,11400,11400,200,8543,1121369,70,4.83,0,11400,11400,11400,11400,0,8
20120323,11300,11500,11250,11500,100,5974,1120679,-690,4.83,0,11500,11500,11500,11500,0,0
20120326,11450,11500,11300,11500,0,10033,1120295,-384,4.83,-490,11500,11500,11500,11500,0,0
20120327,11350,11450,11200,11450,50,14892,1119885,-410,4.83,-1056,11250,11300,11250,11300,-150,10
20120328,11300,11450,11200,11450,0,15783,1119255,-630,4.82,2070,11450,11450,11450,11450,0,2
20120329,11450,11450,11050,11250,200,22022,1119125,-130,4.82,0,11250,11250,11250,11250,0,1
20120330,11250,11300,11100,11300,50,10831,1118365,-760,4.82,660,11300,11300,11300,11300,0,0
20120402,11200,11450,11200,11350,50,11437,1118025,-340,4.82,-3010,11350,11350,11350,11350,0,0
20120403,11300,11400,11150,11400,50,11130,1116975,-1050,4.8,-130,11400,11400,11400,11400,0,0
20120404,11350,11350,11000,11200,200,16744,1117025,50,4.8,0,11200,11200,11200,11200,0,0
20120405,10950,11200,10850,11150,50,16418,1114885,-2140,4.8,0,10950,11000,10950,10950,-200,6
20120406,10950,11200,10900,11200,50,9780,1114945,60,4.8,-10,11200,11200,11200,11200,0,0
20120409,11000,11150,10750,11000,200,12731,1114295,-650,4.8,0,11000,11000,11000,11000,0,0
20120410,11000,11000,10850,11000,0,7281,1114375,80,4.8,440,11000,11000,11000,11000,0,1
20120412,11000,11000,10800,11000,0,4362,1114765,390,4.8,-10,11000,11000,11000,11000,0,1
20120413,10900,11050,10800,10950,50,12798,1115565,800,4.8,0,10950,10950,10950,10950,0,0
20120416,10950,11200,10850,11150,200,11770,1114695,-870,4.8,0,11600,11600,11600,11600,450,260
20120417,11200,11450,11100,11200,50,15403,1113775,-920,4.8,4590,11200,11200,11200,11200,0,0
20120418,11350,11350,11050,11300,100,18478,1119755,5980,4.83,180,11300,11300,11300,11300,0,0
20120419,11250,11300,11200,11250,50,8806,1122555,2800,4.84,-446,11250,11250,11250,11250,0,0
20120420,11250,11300,11050,11250,0,10971,1122725,170,4.84,620,11250,11250,11250,11250,0,0
20120423,11150,11300,11100,11300,50,11152,1121555,-1170,4.83,0,11300,11300,11300,11300,0,0
20120424,11300,11550,11100,11350,50,23405,1121138,-417,4.83,0,11750,11750,11750,11750,400,1
20120425,11400,11400,10650,10650,700,48649,1121525,387,4.83,-1560,10650,10650,10650,10650,0,0
20120426,10750,10850,10500,10600,50,15857,1120985,-540,4.83,-10,10600,10600,10600,10600,0,0
20120427,10600,10700,10500,10650,50,6427,1119945,-1040,4.83,-120,10650,10650,10650,10650,0,0
20120430,10650,10650,10350,10550,100,12061,1119665,-280,4.82,70,10550,10550,10550,10550,0,0
20120502,10450,10550,10400,10450,100,5420,1118751,-914,4.82,113,10450,10450,10450,10450,0,0
20120503,10400,10600,10300,10400,50,10322,1117811,-940,4.82,0,10400,10400,10400,10400,0,1
20120504,10250,10400,10250,10400,0,7337,1117541,-270,4.82,-180,10400,10400,10350,10350,-50,64
20120507,10300,10350,10150,10150,250,7718,1115399,-2142,4.8,1606,10150,10150,10150,10150,0,0
20120508,10000,10450,10000,10250,100,14541,1116148,749,4.8,-120,10250,10250,10250,10250,0,0
20120509,10200,10750,10200,10400,150,10756,1116086,288,4.8,-20,10400,10400,10400,10400,0,0
20120510,10300,10500,10200,10400,0,8410,1114196,-1890,4.8,0,10400,10400,10400,10400,0,0
20120511,10450,10500,10250,10400,0,6331,1110996,-3200,4.79,0,10300,10300,10300,10300,-100,100
20120514,10400,10400,9980,10100,300,15610,1108432,-2564,4.78,1549,10100,10100,10100,10100,0,1
20120515,9830,10350,9830,10250,150,18240,1107252,-1180,4.77,9120,10250,10250,10250,10250,0,0
20120516,10250,10300,9930,10250,0,15335,1107612,360,4.77,5100,10250,10250,10250,10250,0,0
20120517,10300,10300,9920,9960,290,13809,1102783,-4829,4.75,0,9960,9960,9960,9960,0,0
20120518,9910,9990,9250,9590,370,17491,1095923,-6860,4.72,0,9590,9590,9590,9590,0,0
20120521,9630,9630,9400,9570,20,13375,1095331,-592,4.72,260,9570,9570,9570,9570,0,0
20120522,9580,9650,9400,9530,40,10345,1092891,-2440,4.71,245,9530,9530,9530,9530,0,0
20120523,9340,9630,9310,9400,130,12019,1088132,-4759,4.69,0,9400,9400,9400,9400,0,0
20120524,9400,9440,9010,9270,130,31062,1089740,1608,4.7,0,9270,9270,9270,9270,0,0
20120525,9200,9230,9070,9230,40,13179,1090140,400,4.7,-20,8970,8970,8970,8970,-260,1
20120529,9290,9300,9190,9260,30,16354,1091071,931,4.7,-1480,9260,9260,9260,9260,0,0
20120530,9120,9280,9120,9120,140,7597,1089344,-1727,4.69,20,9120,9120,9120,9120,0,0
20120531,9080,9170,8970,9030,90,12742,1083067,-6277,4.67,-300,9030,9030,9030,9030,0,0
20120601,9010,9090,8980,9000,30,24132,1080063,-3004,4.65,-10,9000,9000,9000,9000,0,0
20120604,8900,8900,8710,8800,200,13267,1080303,240,4.66,40,8800,8800,8800,8800,0,0
20120605,8750,8980,8750,8960,160,8712,1081163,860,4.66,2280,8960,8960,8960,8960,0,0
20120607,9010,9170,9000,9000,40,8382,1081404,241,4.66,-2540,9090,9090,9090,9090,90,21
20120608,8940,9130,8940,9060,60,7184,1083208,1804,4.67,-2780,9060,9060,9060,9060,0,0
20120611,9100,9130,9010,9050,10,6710,1083602,394,4.67,0,9040,9040,9040,9040,-10,70
20120612,9030,9070,8690,8750,300,30710,1083682,80,4.67,-200,8750,8750,8750,8750,0,0
20120613,8820,8880,8770,8850,100,7923,1085402,1720,4.68,-80,8850,8850,8850,8850,0,0
20120614,8890,9080,8850,9080,230,12926,1092855,7453,4.71,260,9050,9050,9050,9050,-30,1
20120615,9110,9370,9000,9370,290,17923,1097805,4950,4.73,3050,9370,9370,9370,9370,0,78
20120618,9400,9800,9360,9690,320,21090,1101195,3390,4.75,2570,9690,9690,9690,9690,0,0
20120619,9730,9740,9500,9680,10,6959,1101525,330,4.75,810,9600,9680,9600,9680,0,11
20120620,9730,9730,9560,9680,0,185590,1283615,182090,5.53,0,9680,9680,9680,9680,0,0
20120621,9680,9970,9620,9920,240,7483,1287075,3460,5.55,-30,9950,9950,9950,9950,30,1
20120622,9710,9890,9650,9650,270,19802,1285975,-1100,5.54,20,9650,9650,9650,9650,0,50
20120625,9520,9730,9330,9430,220,10033,1284634,-1341,5.54,1300,9430,9430,9430,9430,0,0
20120626,9490,9490,9250,9260,170,17487,1278631,-6003,5.51,0,9310,9310,9310,9310,50,2022
20120627,9230,9390,9200,9380,120,5477,1277051,-1580,5.5,2063,9390,9390,9390,9390,10,3
20120628,9320,9440,9320,9360,20,3661,1275681,-1370,5.5,1640,9360,9360,9360,9360,0,1
20120629,9270,9510,9260,9370,10,4460,1273991,-1690,5.49,-40,9370,9370,9370,9370,0,0
20120702,9260,9480,9260,9370,0,6723,1274121,130,5.49,-30,9580,9580,9580,9580,210,3
20120703,9330,9510,9330,9470,100,7520,1274171,50,5.49,0,9470,9470,9470,9470,0,0
20120704,9560,9560,9400,9470,0,6332,1273551,-620,5.49,10,9470,9470,9470,9470,0,0
20120705,9540,9540,9380,9430,40,4031,1272831,-720,5.48,0,9340,9350,9340,9350,-80,111
20120706,9320,9480,9300,9310,120,7187,1272781,-50,5.48,0,9300,9300,9300,9300,-10,164
20120709,9390,9400,9300,9310,0,3562,1270421,-2360,5.47,28,9310,9310,9310,9310,0,0
20120710,9220,9370,9190,9210,100,9764,1270921,500,5.48,-204,9210,9210,9210,9210,0,0
20120711,9210,9220,9110,9200,10,6824,1270181,-740,5.47,0,9200,9200,9200,9200,0,0
20120712,9120,9210,8860,9120,80,19919,1268411,-1770,5.47,-50,8970,9110,8970,9110,-10,12
20120713,8960,9160,8960,9040,80,6708,1265438,-2973,5.45,0,9040,9040,9040,9040,0,5
20120716,9070,9170,8950,9120,80,5828,1262498,-2940,5.44,-211,9120,9120,9070,9070,-50,7
20120717,9100,9150,9010,9070,50,7645,1259572,-2926,5.43,-10,9070,9070,9070,9070,0,0
20120718,9050,9140,9010,9100,30,7260,1259002,-570,5.43,10,9100,9100,9100,9100,0,0
20120719,9130,9170,9080,9100,0,3891,1258602,-400,5.42,0,9100,9100,9100,9100,0,0
20120720,9110,9160,9060,9070,30,4730,1258262,-340,5.42,-10,9070,9070,9070,9070,0,0
20120723,9060,9060,8910,8920,150,6298,1257772,-490,5.42,0,8850,8850,8850,8850,-70,2
20120724,8770,9090,8770,8910,10,6504,1256842,-930,5.42,0,8910,8910,8910,8910,0,24
20120725,8760,8880,8710,8840,70,13522,1253402,-3440,5.4,0,8510,8850,8510,8850,10,11
20120726,8720,9100,8720,9000,160,6102,1252972,-430,5.4,0,9000,9000,9000,9000,0,0
20120727,8970,9090,8970,9000,0,21733,1251232,-1740,5.39,-133,9000,9000,9000,9000,0,0
20120730,9110,9110,9010,9100,100,6672,1251912,680,5.39,-29,9100,9100,9100,9100,0,200
20120731,9060,9190,9000,9170,70,10580,1253522,1610,5.4,0,9170,9170,9170,9170,0,0
20120801,9170,9190,9070,9160,10,7580,1254402,880,5.41,0,9160,9160,9160,9160,0,0
20120802,9180,9180,9080,9100,60,6584,1255612,1210,5.41,10,8810,8810,8810,8810,-290,1
20120803,9080,9100,9000,9090,10,4388,1255642,30,5.41,10,9090,9090,9090,9090,0,7
20120806,9090,9150,9030,9110,20,5164,1255942,300,5.41,-1409,9110,9110,9110,9110,0,0
20120807,9010,9110,9010,9110,0,14172,1256092,150,5.41,0,9110,9110,9110,9110,0,1
20120808,9040,9460,9040,9450,340,28479,1261772,5680,5.44,4800,9320,9320,9320,9320,-130,3
20120809,9480,9840,9380,9840,390,32152,1278602,16830,5.51,3590,9840,9840,9840,9840,0,0
20120810,9840,9890,9690,9810,30,34592,1283092,4490,5.53,21990,9810,9810,9810,9810,0,0
20120813,9990,9990,9710,9980,170,30353,1285642,2550,5.54,21987,9980,9980,9980,9980,0,0
20120814,9970,10800,9970,10350,370,57082,1291542,5900,5.57,20187,10350,10350,10350,10350,0,0
20120816,10300,10350,10150,10250,100,9477,1292696,1154,5.57,0,10250,10250,10250,10250,0,10
20120817,10250,10450,9990,10100,150,35899,1294896,2200,5.58,4990,10100,10100,10100,10100,0,0
20120820,10100,10150,9870,9940,160,26664,1297296,2400,5.59,5046,9940,9940,9940,9940,0,0
20120821,9930,10100,9880,10100,160,22890,1299106,1810,5.6,5000,10100,10100,10100,10100,0,0
20120822,10150,10500,10000,10400,300,21535,1302436,3330,5.61,-10,10400,10400,10400,10400,0,0
20120823,10400,10550,10050,10200,200,15011,1303426,990,5.62,0,10200,10200,10200,10200,0,0
20120824,10250,10400,10050,10250,50,8281,1303516,90,5.62,60,10250,10250,10250,10250,0,0
20120827,10250,10600,10200,10550,300,24942,1309466,5950,5.64,-176,10550,10550,10550,10550,0,0
20120828,10450,10550,10150,10200,350,13771,1304416,-5050,5.62,0,10100,10100,10100,10100,-100,1
20120829,10250,10300,10150,10300,100,6673,1302426,-1990,5.61,20,10050,10150,10050,10150,-150,13
20120830,10200,10300,10100,10150,150,7620,1301596,-830,5.61,-240,10150,10150,10150,10150,0,0
20120831,10100,10350,9980,9980,170,7925,1301382,-214,5.61,-360,9980,9980,9980,9980,0,0
20120903,9980,10200,9840,10100,120,14821,1302932,1550,5.61,-51,10100,10100,10100,10100,0,0
20120904,10100,10300,10000,10300,200,14933,1302322,-610,5.61,0,10300,10300,10300,10300,0,0
20120905,10100,10500,10100,10400,100,42584,1302472,150,5.61,537,10700,10700,10700,10700,300,1
20120906,10500,10550,10150,10250,150,28752,1301132,-1340,5.61,-20,10250,10250,10250,10250,0,2
20120907,10450,10500,10200,10500,250,10772,1301274,142,5.61,-900,10500,10500,10500,10500,0,0
20120910,10500,10500,10200,10400,100,10312,1302024,750,5.61,-31,10400,10400,10400,10400,0,1
20120911,10250,10350,10050,10050,350,16046,1301894,-130,5.61,-155,10150,10150,10150,10150,100,1
20120912,10100,10200,10000,10150,100,16876,1301684,-210,5.61,-10,10150,10150,10150,10150,0,1
20120913,10150,10300,10100,10100,50,38074,1298644,-3040,5.6,0,10100,10100,10100,10100,0,0
20120914,10350,10350,10100,10150,50,35750,1302499,3855,5.61,-1940,10150,10150,10150,10150,0,0
20120917,10250,10450,10150,10250,100,18449,1302329,-170,5.61,4659,10500,10500,10100,10100,-150,8
20120918,10200,10350,10150,10250,0,8637,1303309,980,5.62,-550,10250,10250,10250,10250,0,0
20120919,10250,10350,10150,10300,50,24962,1307249,3940,5.63,-170,10300,10300,10300,10300,0,0
20120920,10250,10350,10200,10350,50,16441,1309169,1920,5.64,-150,10350,10350,10350,10350,0,0
20120921,10350,10550,10250,10500,150,45419,1312449,3280,5.66,-110,10500,10500,10500,10500,0,2
20120924,10600,10850,10450,10650,150,98878,1312759,310,5.66,-215,10600,10600,10600,10600,-50,35
20120925,10600,10700,10500,10500,150,20336,1311929,-830,5.65,-240,10500,10500,10500,10500,0,0
20120926,10500,10500,10350,10500,0,9662,1312029,100,5.65,-176,10400,10400,10350,10350,-150,11
20120927,10450,10450,10250,10350,150,17290,1312399,370,5.66,-120,10350,10350,10350,10350,0,0
20120928,10300,10400,10200,10300,50,18129,1313519,1120,5.66,0,10350,10350,10350,10350,50,10
20121002,10350,10350,10150,10200,100,24253,1313369,-150,5.66,-15200,10200,10200,10200,10200,0,2
20121004,10150,10200,10000,10150,50,26937,1315221,1852,5.67,-14440,10150,10150,10150,10150,0,0
20121005,10250,10300,10100,10200,50,24203,1314721,-500,5.67,-110,10200,10200,10200,10200,0,0
20121008,10200,10300,10150,10200,0,12720,1316161,1440,5.67,-380,10200,10200,10200,10200,0,0
20121009,10250,10950,10250,10750,550,95233,1318861,2700,5.68,-10,10750,10750,10750,10750,0,14
20121010,10550,11000,10550,10800,50,27668,1320211,1350,5.69,-10,10650,10650,10650,10650,-150,181
20121011,10750,10850,10600,10700,100,21846,1321101,890,5.69,-10,10700,10700,10700,10700,0,3
20121012,10600,10800,10600,10800,100,24909,1325521,4420,5.71,0,10800,10800,10800,10800,0,0
20121015,10800,12400,10750,12400,1600,837069,1318801,-6720,5.68,401707,12400,12400,12400,12400,0,68
20121016,13200,13400,12350,12650,250,435307,1312171,-6630,5.65,-590,12650,12650,12600,12650,0,1180
20121017,12700,13200,12350,13200,550,197325,1312341,170,5.65,-339,13200,13200,13150,13200,0,1206
20121018,13450,13600,12800,12850,350,142926,1306541,-5800,5.63,1820,12850,13000,12850,13000,150,28
20121019,12700,13150,12450,13050,200,91066,1309961,3420,5.64,-9320,13050,13050,13000,13000,-50,156
20121022,12900,13250,12650,12800,250,115000,1304741,-5220,5.62,-2890,12750,12750,12700,12750,-50,189
20121023,13100,13100,12600,12700,100,78810,1311755,7014,5.65,-10750,12700,12700,12700,12700,0,20
20121024,12600,13350,12600,13000,300,159284,1322925,11170,5.7,270,13000,13000,13000,13000,0,0
20121025,13100,14800,13100,13900,900,520929,1322050,-875,5.7,11091,14050,14100,13950,13950,50,778
20121026,14000,14700,13400,13400,500,271518,1322150,100,5.7,-2470,13250,13400,13250,13400,0,1364
20121029,13550,14100,13300,13650,250,136960,1324000,1850,5.71,2605,13550,13700,13550,13700,50,782
20121030,13750,13950,13450,13700,50,72997,1320770,-3230,5.69,-590,13600,13600,13600,13600,-100,52
20121031,13700,14000,13400,14000,300,108704,1326270,5500,5.72,10650,14000,14050,14000,14050,50,19
20121101,14000,14550,13500,14450,450,157274,1324170,-2100,5.71,69090,14500,14500,14500,14500,50,20
20121102,14700,15750,14650,15250,800,203688,1315820,-8350,5.67,48730,15250,15400,15250,15300,50,49
20121105,15450,16150,15200,16150,900,142405,1310030,-5790,5.65,10000,16150,16150,16150,16150,0,12
20121106,16150,16400,15700,15900,250,106477,1299620,-10410,5.6,-10,15900,15900,15800,15900,0,21
20121107,15700,15800,15150,15600,300,111191,1320790,21170,5.69,19993,15650,16300,15650,15700,100,16
20121108,15350,16950,15300,16900,1300,167103,1308040,-12750,5.64,10670,16900,17100,16900,17100,200,61
20121109,17000,17400,16400,16750,150,143197,1291270,-16770,5.56,25640,16600,16700,16600,16600,-150,114
20121112,16800,17800,16600,17650,900,143599,1286660,-4610,5.54,29360,17850,17850,17650,17650,0,11
20121113,17800,18100,17250,17750,100,109619,1279630,-7030,5.51,-15,17750,17750,17750,17750,0,1
20121114,18000,18000,16100,16150,1600,208084,1291990,12360,5.57,-1770,16200,16200,16150,16150,0,996
20121115,15950,16750,15300,16400,250,175003,1317910,25920,5.68,22230,16750,16750,16700,16700,300,13
20121116,16800,16800,15400,15700,700,94925,1327540,9630,5.72,5610,15700,15700,15700,15700,0,2
20121119,15900,16500,15750,16500,800,63729,1337065,9525,5.76,2092,16800,16800,16800,16800,300,160
20121120,16600,16950,15900,16500,0,63253,1322405,-14660,5.7,17670,16600,16600,16600,16600,100,1
20121121,16450,16650,16000,16150,350,52905,1327855,5450,5.72,-60,16150,16150,16150,16150,0,0
20121122,16350,16350,15900,15900,250,49686,1332605,4750,5.74,-6200,15900,15900,15850,15850,-50,311
20121123,15900,16400,15350,16350,450,103130,1340855,8250,5.78,30380,16500,16500,16250,16250,-100,70
20121126,16400,16600,15800,15800,550,36349,1341355,500,5.78,-10,15800,15800,15800,15800,0,161
20121127,15700,16300,15050,15100,700,117352,1347205,5850,5.81,24660,15100,15100,15100,15100,0,244
20121128,15200,15800,15200,15550,450,55970,1360485,13280,5.86,-14500,15550,15550,15550,15550,0,0
20121129,15750,15750,15100,15400,150,42733,1366285,5800,5.89,40,15400,15400,15400,15400,0,2
20121130,15200,15550,14750,14950,450,52626,1369565,3280,5.9,25,14950,14950,14850,14850,-100,70
20121203,14850,15050,14150,14300,650,98396,1385785,16220,5.97,-12321,14300,14300,14250,14250,-50,260
20121204,14300,14550,14150,14450,150,47097,1396065,10280,6.02,-5349,14400,14400,14400,14400,-50,51
20121205,14250,14950,14250,14900,450,66757,1399095,3030,6.03,22040,14900,14900,14900,14900,0,0
20121206,15100,15100,13600,14150,750,101565,1406275,7180,6.06,110,14150,14150,14150,14150,0,28
20121207,14100,14200,13650,13950,200,49815,1408805,2530,6.07,90,13950,13950,13950,13950,0,0
20121210,13850,14550,13850,14400,450,29261,1410616,1811,6.08,0,14400,14400,14400,14400,0,11
20121211,14450,14450,13950,14000,400,29977,1409336,-1280,6.07,-160,14000,14000,14000,14000,0,1
20121212,14150,14400,13800,13950,50,34440,1413986,4650,6.09,-3620,13950,13950,13950,13950,0,30
20121213,13850,14450,13850,14400,450,43694,1417079,3093,6.11,5515,14100,14400,14100,14300,-100,321
20121214,14400,14700,14200,14700,300,31388,1420149,3070,6.12,-1380,14650,14650,14650,14650,-50,7
20121217,14800,14900,14350,14800,100,32322,1419491,-658,6.12,130,14800,14800,14800,14800,0,0
20121218,14900,15000,14450,14800,0,39971,1411811,-7680,6.08,11760,14800,14800,14800,14800,0,7
20121220,14950,15900,14700,15650,850,114057,1424101,12290,6.14,28120,15650,15700,15650,15650,0,107
20121221,15750,16450,15700,16350,700,128189,1440081,15980,6.21,28140,16300,16450,16300,16400,50,378
20121224,16550,17550,16500,17100,750,252714,1435121,-4960,6.18,128329,16950,17100,16950,17100,0,700
20121226,16950,17100,16300,16350,750,113728,1439631,4510,6.2,6640,16400,16400,16300,16300,-50,444
20121227,16400,16400,15850,16150,200,55232,1446811,7180,6.23,12025,16150,16150,16000,16000,-150,259
20121228,16150,16650,16100,16400,250,32287,1446831,20,6.23,-1887,16450,16450,16450,16450,50,3
20130102,16400,17200,16200,17050,650,76233,1445081,-1750,6.23,29380,17000,17100,17000,17100,50,11
20130103,17150,17500,17000,17400,350,77465,1446909,1828,6.23,32668,17900,17900,17500,17500,100,220
20130104,17550,18050,17050,17700,300,96014,1448979,2070,6.24,49820,17750,17750,17700,17700,0,176
20130107,18000,18000,17350,17700,0,89341,1447359,-1620,6.24,-6450,17700,17700,17700,17700,0,0
20130108,17700,18550,17650,18550,850,116366,1445788,-1571,6.23,26060,18400,18500,18400,18500,-50,14
20130109,18700,18950,17950,17950,600,89971,1443088,-2700,6.22,-8540,18250,18250,17950,17950,0,400
20130110,18200,18200,17350,17350,600,76603,1447518,4430,6.24,-12320,17350,17350,17350,17350,0,143
20130111,17550,17550,16750,17150,200,93959,1461698,14180,6.3,-36008,17100,17100,17100,17100,-50,20
20130114,17150,17550,16850,17250,100,73848,1459708,-1990,6.29,10030,17300,17300,17250,17250,0,595
20130115,17450,17450,16650,17300,50,80895,1454748,-4960,6.27,20580,17300,17300,17300,17300,0,1
20130116,17300,17900,17300,17450,150,70193,1452231,-2517,6.26,15720,17450,17450,17450,17450,0,0
20130117,17550,17800,17350,17600,150,54879,1447341,-4890,6.24,24730,17600,17650,17600,17650,50,39
20130118,17700,18050,17550,17600,0,45130,1448201,860,6.24,13040,17600,17600,17600,17600,0,10
20130121,17550,17650,17250,17400,200,21321,1451401,3200,6.25,883,17350,17350,17350,17350,-50,1
20130122,17450,17450,16550,16600,800,76091,1442361,-9040,6.22,1523,16700,17200,16700,17200,600,171
20130123,16650,16750,16500,16700,100,22792,1444881,2520,6.23,865,16700,16700,16700,16700,0,0
20130124,16750,16800,16250,16650,50,28180,1446661,1780,6.23,10720,16650,16650,16650,16650,0,0
20130125,16800,16800,16400,16500,150,25062,1446971,310,6.24,-4425,16500,16500,16500,16500,0,2
20130128,16650,16950,16400,16900,400,32333,1446801,-170,6.23,15920,16900,17550,16900,17550,650,413
20130129,17000,17000,16600,16850,50,28043,1449871,3070,6.25,1280,16850,16850,16850,16850,0,0
20130130,16850,16950,16450,16450,400,17262,1452481,2610,6.26,-4560,16450,16450,16450,16450,0,2
20130131,16450,16550,16200,16200,250,23971,1458391,5910,6.28,-3340,16100,16100,16100,16100,-100,1
20130201,16200,16300,15450,15750,450,48752,1449861,-8530,6.25,-1750,15700,15700,15600,15600,-150,120
20130204,15800,16550,15500,16500,750,27036,1453091,3230,6.26,-1950,16400,16400,16400,16400,-100,8
20130205,16200,16750,16200,16750,250,26830,1448931,-4160,6.24,3710,16650,16650,16650,16650,-100,10
20130206,16750,17050,16400,17050,300,36428,1443011,-5920,6.22,-4766,17050,17050,17050,17050,0,7
20130207,16900,17100,16600,16850,200,23709,1439551,-3460,6.2,-2650,16850,16850,16850,16850,0,1
20130208,16700,16900,16250,16250,600,25486,1436761,-2790,6.19,-2640,16200,16200,16200,16200,-50,26
20130212,16100,17050,16100,16850,600,25892,1436461,-300,6.19,10899,16850,16850,16850,16850,0,0
20130213,16750,16950,16350,16500,350,33110,1435431,-1030,6.19,-2900,16500,16500,16500,16500,0,0
20130214,16500,16500,16300,16450,50,9091,1436851,1420,6.19,-3,16450,16450,16450,16450,0,0
20130215,16500,16750,16450,16450,0,11052,1437781,930,6.2,-110,16450,16450,16450,16450,0,0
20130218,16500,16500,16300,16350,100,11716,1438056,275,6.2,310,16350,16350,16350,16350,0,0
20130219,16250,16500,16200,16250,100,16910,1438276,220,6.2,-690,16250,16250,16250,16250,0,0
20130220,16300,16300,16050,16050,200,27404,1440986,2710,6.21,-3674,16050,16050,16050,16050,0,0
20130221,16550,17200,16200,16250,200,61660,1444936,3950,6.23,4086,16250,16250,16250,16250,0,0
20130222,16500,16800,16250,16700,450,21879,1445286,350,6.23,8770,16650,16650,16650,16650,-50,3
20130225,16650,17000,16200,16300,400,16597,1445756,470,6.23,-1990,16300,16300,16300,16300,0,0
20130226,16100,16350,16000,16150,150,20273,1446136,380,6.23,-1290,16150,16150,16150,16150,0,0
20130227,16250,16250,15800,16000,150,34305,1448426,2290,6.24,-3910,16000,16000,16000,16000,0,7
20130228,15900,16250,15900,16200,200,25659,1455226,6800,6.27,5660,16450,16450,16450,16450,250,204
20130304,16150,16300,15850,16100,100,12376,1454486,-740,6.27,3370,16150,16150,16150,16150,50,130
20130305,16000,16150,15800,15850,250,21367,1453576,-910,6.26,-5570,15850,15850,15850,15850,0,52
20130306,16000,16100,15450,15900,50,39866,1453886,310,6.26,17080,15900,15900,15900,15900,0,6
20130307,15850,16050,15700,15900,0,11523,1456306,2420,6.28,-4940,15900,15900,15900,15900,0,0
20130308,15900,16600,15900,16250,350,64819,1459796,3490,6.29,35180,16250,16250,16250,16250,0,0
20130311,16450,16450,16100,16250,0,15089,1458136,-1660,6.28,3230,16250,16250,16250,16250,0,0
20130312,16250,16800,16250,16600,350,57353,1438894,-19242,6.2,33210,16600,16600,16600,16600,0,20
20130313,16800,17000,16600,17000,400,62998,1436124,-2770,6.19,31080,16950,17000,16950,17000,0,11
20130314,17100,17100,16300,16700,300,48120,1437154,1030,6.19,2040,16950,16950,16950,16950,250,380
20130315,16600,16900,16300,16900,200,36965,1445214,8060,6.23,50,16900,16900,16900,16900,0,74
20130318,17000,17050,16500,16600,300,30488,1443744,-1470,6.22,14193,16500,16550,16500,16550,-50,28
20130319,16700,17100,16500,16950,350,40932,1449484,5740,6.25,9080,17000,17000,16950,16950,0,32
20130320,16950,16950,16500,16650,300,44538,1457524,8040,6.28,-9810,16650,16650,16650,16650,0,6
20130321,16650,16850,16350,16700,50,28167,1455104,-2420,6.27,10250,16700,16700,16700,16700,0,250
20130322,16550,16800,16500,16700,0,11072,1452164,-2940,6.26,3310,16700,16700,16700,16700,0,2
20130325,16700,16850,16500,16750,50,21764,1451804,-360,6.26,6556,16550,16550,16550,16550,-200,4
20130326,16750,17150,16600,17150,400,28311,1448734,-3070,6.24,2820,17150,17150,17150,17150,0,4
20130327,17150,17250,16850,16900,250,24098,1449734,1000,6.25,-1930,16900,16900,16900,16900,0,27
20130328,16800,16900,16300,16900,0,42288,1448034,-1700,6.24,2403,16700,16750,16700,16750,-150,8
20130329,16800,17050,16650,16900,0,18041,1450614,2580,6.25,-180,16900,16900,16900,16900,0,1
20130401,16900,16900,16300,16450,450,27948,1449576,-1038,6.25,5700,16450,16500,16450,16500,50,21
20130402,16400,16600,16200,16450,0,27480,1449936,360,6.25,7260,16450,16450,16450,16450,0,0
20130403,16400,16450,16050,16100,350,29155,1448116,-1820,6.24,1650,16100,16100,16000,16000,-100,152
20130404,16100,16200,15600,16100,0,43202,1448126,10,6.24,-4290,16350,16350,16350,16350,250,110
20130405,15950,16000,15650,15700,400,19203,1446986,-1140,6.24,3802,15650,15650,15650,15650,-50,10
20130408,15550,15550,14500,14950,750,82332,1441173,-5813,6.21,-10310,14950,14950,14950,14950,0,11
20130409,14750,14800,13950,14100,850,57700,1445383,4210,6.23,-5500,14100,14100,14100,14100,0,28
20130410,14100,14550,14100,14550,450,23062,1443043,-2340,6.22,-2110,14250,14250,14250,14250,-300,1
20130411,14500,15400,14500,15050,500,40027,1438036,-5000,6.2,10910,15350,15350,15350,15350,300,6
20130412,15200,15350,15000,15050,0,15232,1436146,-1890,6.19,-1284,15100,15100,15100,15100,50,1
20130415,15150,15300,15050,15100,50,21591,1437096,950,6.19,-580,15100,15100,15100,15100,0,0
20130416,15050,15150,14650,15150,50,44855,1431326,-5770,6.17,7010,15150,15150,15150,15150,0,335
20130417,15200,15200,14750,14900,250,33512,1426956,-4370,6.15,-7170,15100,15100,15100,15100,200,142
20130418,15000,15150,14800,15050,150,7877,1429874,2918,6.16,-180,15050,15050,15050,15050,0,0
20130419,14900,15000,14700,14850,200,22400,1435844,5970,6.19,-5100,14850,14850,14850,14850,0,0
20130422,14800,15100,14700,15000,150,18850,1441694,5850,6.21,1400,15000,15000,15000,15000,0,0
20130423,14900,15250,14850,15150,150,17893,1443584,1890,6.22,-296,15200,15200,15200,15200,50,1
20130424,15100,15550,15100,15300,150,34946,1442654,-930,6.22,-7500,15300,15300,15300,15300,0,0
20130425,15250,15250,14350,14350,950,161441,1447574,4360,6.24,-105750,14450,14450,14400,14400,50,181
20130426,14450,14500,14150,14350,0,43896,1454944,7360,6.27,-4290,14350,14350,14350,14350,0,0
20130429,14450,14550,14100,14150,200,27005,1453224,-1720,6.26,-1240,14350,14350,14350,14350,200,50
20130430,14300,14700,14200,14700,550,41812,1469744,16520,6.33,-8950,14700,14700,14700,14700,0,6
20130502,14700,14750,14250,14450,250,23604,1467394,-2350,6.32,-5510,14250,14250,14250,14250,-200,3
20130503,14450,14450,13950,14250,200,60461,1471174,4350,6.34,-41130,14400,14400,14400,14400,150,160
20130506,14100,14400,14100,14400,150,32400,1478154,6980,6.37,-14200,14400,14400,14400,14400,0,10
20130507,14400,14400,14250,14250,150,12563,1481654,3500,6.38,-6559,14250,14250,14250,14250,0,0
20130508,14200,14300,13950,14100,150,42617,1485684,4030,6.4,-27270,14200,14200,14200,14200,100,154
20130509,14100,14500,14100,14400,300,21027,1488644,2960,6.41,3593,14400,14400,14400,14400,0,0
20130510,14400,14600,13900,13950,450,55128,1487774,-870,6.41,-23980,14050,14050,14050,14050,100,40
20130513,14050,14050,13600,13700,250,38330,1485974,-1800,6.4,-19270,13700,13700,13700,13700,0,0
20130514,13850,13850,13350,13600,100,39204,1486534,560,6.41,-12210,13800,13800,13600,13600,0,11
20130515,13750,13750,13250,13700,100,43957,1483464,-3070,6.39,-19800,13600,13650,13600,13650,-50,6
20130516,13700,14250,13700,13950,250,39478,1482844,-620,6.39,400,13950,13950,13950,13950,0,0
20130520,13900,14050,13850,14050,100,45948,1484264,1420,6.4,-5990,14050,14050,14050,14050,0,0
20130521,14100,14400,14050,14250,200,34139,1490294,6030,6.41,2980,14300,14300,14300,14300,50,11
20130522,14400,14750,14300,14750,500,51802,1502507,12213,6.46,-780,14700,14700,14700,14700,-50,1
20130523,14850,14850,14200,14300,450,32604,1498787,-3720,6.46,-6192,14300,14300,14300,14300,0,0
20130524,14200,14300,13950,14250,50,27342,1494637,-4150,6.44,340,14250,14250,14250,14250,0,6
20130527,14250,14550,14250,14550,300,20562,1494917,280,6.44,-100,14550,14550,14550,14550,0,0
20130528,14550,14550,14250,14550,0,16370,1494187,-730,6.44,-1510,14550,14550,14550,14550,0,0
20130529,14500,14650,14400,14400,150,14357,1495117,930,6.44,-1482,14300,14300,14300,14300,-100,30
20130530,14200,14600,14200,14600,200,23787,1496397,1280,6.45,1350,14600,14600,14600,14600,0,0
20130531,14650,14700,14300,14350,250,30500,1491817,-4580,6.43,-4030,14300,14300,14300,14300,-50,50
20130603,14200,14500,14200,14450,100,28160,1496907,5090,6.45,2010,14400,14400,14400,14400,-50,10
20130604,14400,14550,14150,14250,200,24652,1497267,360,6.45,1910,14250,14250,14250,14250,0,0
20130605,14400,14400,13700,13800,450,48680,1499547,2280,6.46,-9830,13800,13800,13800,13800,0,0
20130607,13650,14000,13350,13350,450,42031,1486917,-12630,6.41,5780,13350,13350,13350,13350,0,0
20130610,13500,13650,13350,13500,150,33309,1489977,3060,6.41,-13920,13500,13500,13500,13500,0,0
20130611,13700,13700,13150,13450,50,38277,1492027,2050,6.43,-14200,13450,13450,13450,13450,0,0
20130612,13550,13550,13050,13050,400,34261,1490357,-1670,6.41,-16220,13050,13050,13050,13050,0,0
20130613,12900,13050,12450,12450,600,72881,1492777,2420,6.43,-37370,12450,12500,12450,12500,50,466
20130614,12500,12700,12250,12350,100,41293,1497177,4400,6.45,-11280,12350,12400,12350,12400,50,218
20130617,12350,12450,11950,12050,300,47267,1486563,-10614,6.41,-7450,12200,12200,12050,12050,0,71
20130618,12250,12400,11800,12400,350,32618,1485603,-960,6.4,7740,12400,12400,12400,12400,0,0
20130619,12400,12500,12250,12450,50,13700,1486573,970,6.41,20,12850,12850,12850,12850,400,200
20130620,12400,12500,12000,12400,50,29655,1489243,2670,6.41,8790,12400,12400,12400,12400,0,0
20130621,12150,12850,11900,12700,300,67657,1499584,10341,6.46,-3555,12700,12700,12700,12700,0,4
20130624,12500,12750,12400,12500,200,17590,1498144,-1440,6.46,910,12500,12500,12500,12500,0,20
20130625,12600,12600,11800,12050,450,31309,1496924,-1220,6.45,1589,12100,12500,12100,12500,450,318
20130626,12250,12500,11950,12500,450,17722,1501444,4520,6.46,0,12400,12400,12400,12400,-100,2
20130627,12700,12700,12450,12700,200,22922,1494764,-6680,6.44,-30,12500,12500,12500,12500,-200,1
20130628,12750,13100,12750,13050,350,25110,1498394,3630,6.46,2400,13050,13050,13050,13050,0,0
20130701,13000,13300,12750,13050,0,21961,1496704,-1690,6.45,260,13000,13000,13000,13000,-50,1
20130702,12950,13200,12900,13150,100,23191,1499974,3270,6.46,-50,13150,13150,13150,13150,0,0
20130703,13150,13200,12650,12650,500,15430,1496454,-3529,6.45,630,12650,12650,12650,12650,0,0
20130704,12900,13150,12700,13050,400,15830,1502253,5790,6.46,1360,13050,13050,13050,13050,0,0
20130705,13200,13200,12850,13100,50,16175,1500383,-1870,6.46,2800,13050,13050,13050,13050,-50,5
20130708,13250,13250,12700,12900,200,14412,1501113,730,6.46,1450,12900,12900,12900,12900,0,0
20130709,12900,12900,12700,12900,0,6063,1500983,-130,6.46,860,12900,12900,12900,12900,0,0
20130710,12950,12950,12700,12700,200,7620,1501473,490,6.46,640,12700,12700,12700,12700,0,0
20130711,12900,12950,12600,12750,50,24683,1498823,-2650,6.46,1410,12700,12700,12700,12700,-50,30
20130712,13000,13100,12700,12700,50,11300,1496423,-2400,6.45,-520,12700,12700,12700,12700,0,0
20130715,12750,12950,12700,12900,200,15281,1496343,-80,6.45,-176,12900,12900,12900,12900,0,0
20130716,12900,13100,12750,12900,0,12174,1501443,5100,6.46,3560,12900,12900,12900,12900,0,0
20130717,12950,13100,12850,13050,150,22480,1499413,-2030,6.46,110,13050,13050,13050,13050,0,0
20130718,13050,13200,12800,13000,50,12620,1497743,-1670,6.45,1210,13000,13000,13000,13000,0,0
20130719,13000,13150,12800,13000,0,9406,1497173,-570,6.45,870,13000,13000,13000,13000,0,0
20130722,13150,13250,12950,13100,100,8869,1496993,-180,6.45,142,13100,13100,13100,13100,0,0
20130723,12900,13250,12900,13200,100,11621,1498453,1460,6.46,269,13200,13200,13200,13200,0,0
20130724,13100,13350,12900,13000,200,23191,1499133,680,6.46,-14530,13000,13000,13000,13000,0,10
20130725,12900,13000,12750,13000,0,12251,1499373,240,6.46,0,13000,13000,13000,13000,0,0
20130726,13050,13050,12800,13000,0,4541,1499683,310,6.46,40,13000,13000,13000,13000,0,1
20130729,13000,13000,12800,12950,50,7186,1498003,-1680,6.46,564,12950,12950,12950,12950,0,0
20130730,13000,13050,12800,13000,50,8040,1500133,2130,6.46,560,13000,13000,13000,13000,0,0
20130731,12900,13150,12900,12950,50,8812,1502623,2490,6.46,0,12950,12950,12950,12950,0,0
20130801,13000,13000,12900,13000,50,9435,1504813,2190,6.48,70,13000,13000,13000,13000,0,0
20130802,13050,13200,12950,13050,50,17066,1507093,2280,6.49,2980,13250,13250,13150,13150,100,440
20130805,13100,13250,13100,13200,150,13790,1507143,50,6.49,10,13600,13600,13600,13600,400,190
20130806,13250,13250,12950,13100,100,16731,1505833,-1310,6.49,1610,13100,13100,13100,13100,0,0
20130807,13050,13050,12600,12600,500,28636,1505883,50,6.49,2730,12600,12600,12550,12550,-50,1951
20130808,12600,12800,12450,12600,0,26054,1505753,-130,6.49,-100,12600,12600,12600,12600,0,0
20130809,12750,12750,12300,12600,0,20590,1503303,-2450,6.48,2580,12600,12600,12600,12600,0,0
20130812,12500,12600,12400,12500,100,7057,1501253,-2050,6.46,680,12500,12500,12500,12500,0,0
20130813,12400,12550,12250,12450,50,11680,1500513,-740,6.46,1090,12450,12450,12450,12450,0,0
20130814,12400,12750,12250,12650,200,28189,1498663,-1850,6.46,4420,12650,12650,12650,12650,0,9
20130816,12650,12650,12400,12600,50,8908,1497083,-1580,6.45,1250,12600,12600,12600,12600,0,0
20130819,12550,12650,12300,12600,0,14154,1495603,-1480,6.44,20,12600,12600,12600,12600,0,0
20130820,12500,12650,12350,12400,200,13422,1491183,-4420,6.43,1210,12400,12400,12400,12400,0,0
20130821,12400,12450,11950,11950,450,27816,1483958,-7225,6.39,-220,11950,11950,11950,11950,0,0
20130822,11800,11900,11550,11600,350,23829,1479368,-4590,6.37,2316,12000,12000,12000,12000,400,1
20130823,11600,11850,11600,11600,0,18974,1476988,-2380,6.36,-3994,11600,11600,11600,11600,0,0
20130826,11600,11650,11450,11600,0,9670,1475608,-1380,6.36,-460,11600,11600,11600,11600,0,0
20130827,11600,11800,11550,11600,0,9440,1474338,-1270,6.35,690,11600,11600,11600,11600,0,0
20130828,11500,11600,11350,11550,50,7225,1472868,-1470,6.35,1060,11550,11550,11550,11550,0,0
20130829,11500,11700,11500,11650,100,12986,1471018,-1850,6.34,-1660,11650,11650,11650,11650,0,0
20130830,11700,11700,11450,11700,50,15202,1470218,-800,6.34,-4260,11700,11700,11700,11700,0,0
20130902,11950,11950,11750,11900,200,14792,1469558,-660,6.33,480,11900,11900,11900,11900,0,1
20130903,11800,12000,11800,12000,100,16597,1470748,1190,6.34,44,12050,12050,11900,11900,-100,2
20130904,12000,12050,11700,11900,100,38015,1468488,-2260,6.33,-20610,11900,11900,11900,11900,0,10
20130905,11850,12000,11700,11800,100,100928,1469148,660,6.33,29380,11800,11800,11800,11800,0,0
20130906,11850,11950,11800,11800,0,20646,1467448,-1700,6.32,5830,11550,11550,11550,11550,-250,2
20130909,11800,11900,11600,11700,100,62520,1467938,490,6.33,-39610,11700,11800,11700,11800,100,266
20130910,11800,11850,11700,11800,100,80232,1471058,3120,6.34,-13498,11800,11800,11800,11800,0,4
20130911,11850,12050,11800,12000,200,79252,1477098,6040,6.36,-40400,12000,12000,12000,12000,0,0
20130912,12000,12350,11950,12200,200,118083,1486038,8940,6.4,-91042,12100,12300,12100,12300,100,14
20130913,12050,12250,12050,12100,100,18506,1486208,170,6.4,5710,12000,12000,12000,12000,-100,12
20130916,12050,12200,11900,12100,0,33365,1487558,1350,6.41,-15080,12100,12100,12050,12050,-50,65
20130917,12050,12050,11750,11850,250,66040,1490098,2540,6.41,-46930,11850,11850,11850,11850,0,0
20130923,11800,12000,11800,11950,100,23864,1494618,4520,6.44,-950,11950,11950,11950,11950,0,0
20130924,11950,12000,11850,11850,100,18588,1498436,3818,6.46,3060,11850,11850,11850,11850,0,0
20130925,11850,12150,11850,12050,200,23450,1504576,6140,6.48,5350,12050,12050,12050,12050,0,100
20130926,12100,12500,12100,12500,450,51926,1517376,12800,6.54,640,12450,12500,12450,12500,0,32
20130927,12550,12650,12450,12650,150,36760,1519716,2340,6.55,-560,12650,12650,12650,12650,0,0
20130930,12600,12650,12350,12500,150,38515,1514076,-5640,6.51,4190,12500,12500,12500,12500,0,190
20131001,12400,12550,12250,12250,250,31823,1512006,-2070,6.51,-200,12250,12250,12250,12250,0,83
20131002,12450,12450,12150,12300,50,27972,1513156,1150,6.51,-6582,12300,12300,12300,12300,0,20
20131004,12200,12350,12000,12100,200,26470,1508656,-4500,6.5,-2890,12100,12100,12100,12100,0,0
20131007,12100,12200,11850,11900,200,65802,1497785,-10871,6.45,-9921,11900,11900,11900,11900,0,0
20131008,11900,11900,11650,11850,50,39831,1498665,880,6.46,-9380,12250,12250,12100,12100,250,20
20131010,11850,12050,11750,11950,100,13170,1501025,2360,6.46,1090,12050,12050,12050,12050,100,20
20131011,12050,12200,11750,11850,100,62553,1497865,-3160,6.45,-30490,11850,11850,11850,11850,0,0
20131014,11850,11950,11650,11800,50,35681,1497105,-760,6.45,-10930,12100,12100,12100,12100,300,10
20131015,11800,11900,11550,11600,200,66305,1495135,-1970,6.44,-32213,11600,11600,11600,11600,0,0
20131016,11450,11600,11050,11200,400,130434,1497549,2414,6.45,-82700,11200,11200,11200,11200,0,168
20131017,11300,11300,10950,11050,150,61694,1495379,-2170,6.44,-6210,11300,11300,11100,11100,50,109
20131018,11050,11300,11050,11300,250,38022,1497229,1850,6.45,-2640,11200,11200,11200,11200,-100,129
20131021,11300,11400,11200,11300,0,25229,1498309,1080,6.46,2620,11200,11200,11200,11200,-100,1
20131022,11250,11600,11250,11400,100,23059,1502509,4200,6.46,-860,11400,11400,11400,11400,0,0
20131023,11450,11600,11400,11450,50,15130,1506129,3620,6.49,-158,11400,11400,11400,11400,-50,4
20131024,11550,11650,11400,11550,100,19655,1507649,1520,6.5,-2490,11650,11650,11650,11650,100,4
20131025,11600,11700,11450,11500,50,18878,1507849,200,6.5,-1060,11750,11750,11750,11750,250,1
20131028,11600,11950,11450,11700,200,41443,1507179,-670,6.49,-630,11700,11700,11700,11700,0,0
20131029,11700,11800,11550,11600,100,17931,1512439,5260,6.51,-1130,11600,11600,11600,11600,0,0
20131030,11600,11700,11500,11700,100,22197,1513129,690,6.51,2078,11700,11700,11700,11700,0,0
20131031,11650,11750,11550,11550,150,11543,1513939,810,6.51,-800,11500,11500,11500,11500,-50,1
20131101,11550,11650,11500,11550,0,8661,1513129,-810,6.51,50,11550,11550,11550,11550,0,0
20131104,11500,11500,11350,11400,150,26119,1509529,-3600,6.5,-1730,11400,11400,11400,11400,0,49
20131105,11450,11450,11200,11250,150,18076,1505529,-4000,6.49,1234,11250,11250,11250,11250,0,0
20131106,11200,11400,11150,11350,100,13545,1505169,-360,6.49,-1060,11350,11350,11350,11350,0,5
20131107,11250,11500,11050,11450,100,25744,1502199,-2970,6.46,1460,11450,11450,11450,11450,0,200
20131108,11350,11350,11100,11100,350,18975,1495149,-7050,6.44,1450,11100,11100,11100,11100,0,0
20131111,11100,11150,10900,10950,150,13970,1491959,-3190,6.43,-10,10850,10850,10850,10850,-100,2
20131112,10900,11150,10900,11150,200,14467,1489149,-2810,6.41,120,11100,11100,11100,11100,-50,10
20131113,11050,11200,10900,10900,250,14424,1485799,-3350,6.4,1690,10950,10950,10950,10950,50,2
20131114,10850,10950,10700,10800,100,23010,1481189,-4610,6.38,810,10800,10800,10800,10800,0,0
20131115,10800,11050,10800,11000,200,23009,1486559,5370,6.41,-54,11000,11000,11000,11000,0,0
20131118,11200,11350,11000,11250,250,15490,1485659,-900,6.4,10,11250,11250,11250,11250,0,0
20131119,11300,11400,11200,11250,0,8505,1487839,2180,6.41,350,11200,11200,11200,11200,-50,15
20131120,11300,11350,11200,11250,0,21704,1483619,-4220,6.39,60,11250,11250,11250,11250,0,0
20131121,11200,11300,11150,11250,0,5150,1482309,-1310,6.39,-170,11250,11250,11250,11250,0,0
20131122,11250,11250,11000,11150,100,11710,1478349,-3960,6.37,960,11100,11100,11100,11100,-50,60
20131125,11200,11650,11100,11650,500,25911,1479769,1420,6.38,10940,11650,11650,11650,11650,0,11
20131126,11600,11600,11350,11450,200,16716,1478479,-1290,6.37,1540,11500,11500,11500,11500,50,30
20131127,11350,11700,11350,11600,150,17696,1475399,-3080,6.36,-3490,11600,11600,11600,11600,0,0
20131128,11550,11850,11550,11850,250,21691,1475429,30,6.36,-1330,11850,11850,11850,11850,0,301
20131129,11700,11850,11600,11800,50,13261,1477038,1609,6.36,150,11600,11600,11600,11600,-200,1
20131202,11800,11800,11400,11550,250,24086,1476478,-560,6.36,580,11500,11500,11500,11500,-50,1
20131203,11450,11550,11350,11550,0,7941,1475248,-1230,6.36,380,11550,11550,11550,11550,0,1
20131204,11550,11600,11350,11500,50,15909,1472754,-2494,6.35,510,11400,11400,11350,11400,-100,9
20131205,11500,11650,11400,11500,0,7952,1471444,-1310,6.34,-320,11450,11450,11450,11450,-50,2
20131206,11450,11550,11350,11500,0,9841,1469314,-2130,6.33,2500,11500,11500,11500,11500,0,0
20131209,11650,11650,11200,11350,150,26521,1467448,-1860,6.32,-11021,11350,11350,11250,11250,-100,90
20131210,11450,11450,11200,11350,0,12438,1465208,-2240,6.31,809,11300,11300,11300,11300,-50,1
20131211,11250,11400,11150,11200,150,10543,1461118,-4090,6.3,609,11200,11300,11200,11300,100,13
20131212,11150,11300,11050,11200,0,34000,1452218,-8900,6.26,-2150,11200,11200,11200,11200,0,0
20131213,11250,11400,11000,11100,100,18912,1449258,-2960,6.24,1670,11200,11200,11200,11200,100,11
20131216,11200,11550,11100,11400,300,29810,1444688,-4570,6.23,-1520,11500,11500,11500,11500,100,2
20131217,11400,11600,11300,11300,100,18518,1439408,-5280,6.2,520,11350,11350,11350,11350,50,2
20131218,11300,11450,11250,11350,50,15770,1437448,-1960,6.19,540,11350,11350,11350,11350,0,0
20131219,11550,11650,11300,11300,50,22784,1433018,-4430,6.18,230,11300,11300,11300,11300,0,189
20131220,11350,11450,11200,11200,100,22051,1419648,-13370,6.12,-280,11200,11200,11200,11200,0,1
20131223,11300,11700,11300,11650,450,27442,1421128,1480,6.12,8270,11950,11950,11950,11950,300,401
20131224,11700,11700,11350,11500,150,60792,1381108,-40020,5.95,6693,11500,11500,11500,11500,0,0
20131226,11500,11650,11400,11500,0,68158,1343528,-37580,5.79,8260,11450,11450,11450,11450,-50,5
20131227,11300,11450,11200,11300,200,66451,1293763,-49765,5.57,4860,11450,11450,11450,11450,150,13
20131230,11350,11650,11100,11600,300,96724,1266549,-27214,5.46,40,11550,11550,11450,11450,-150,8
20140102,11600,11600,11450,11450,150,39428,1265479,-1070,5.45,-6970,11400,11400,11400,11400,-50,140
20140103,11450,11500,11350,11450,0,28501,1263249,-2230,5.44,-11070,11350,11350,11350,11350,-100,1
20140106,11500,11500,11300,11400,50,18900,1261379,-1870,5.44,-6300,11400,11500,11400,11500,100,9
20140107,11450,11450,11200,11300,100,14351,1260639,-740,5.43,1780,11300,11300,11300,11300,0,0
20140108,11400,11750,11150,11650,350,84251,1257099,-3540,5.42,-25090,11600,11600,11600,11600,-50,30
20140109,11550,11700,11500,11600,50,17587,1257739,640,5.42,-1858,11600,11600,11600,11600,0,3
20140110,11600,11850,11600,11600,0,16211,1257229,-510,5.42,449,11600,11600,11600,11600,0,0
20140113,11600,11850,11550,11700,100,29526,1258519,1290,5.42,-120,11750,11750,11750,11750,50,9
20140114,11750,11800,11650,11700,0,13560,1258719,200,5.42,-60,11700,11700,11700,11700,0,0
20140115,11800,11900,11650,11750,50,12521,1259239,520,5.43,-140,11750,11750,11750,11750,0,0
20140116,11850,11900,11750,11800,50,16896,1254279,-4960,5.4,239,11800,11800,11800,11800,0,4
20140117,11800,11900,11650,11700,100,13947,1251799,-2480,5.39,1353,11700,11700,11700,11700,0,1
20140120,11650,11800,11650,11800,100,7225,1250569,-1230,5.39,10,11800,11800,11800,11800,0,2
20140121,11800,11800,11550,11600,200,20637,1249589,-980,5.38,1390,11550,11650,11550,11550,-50,57
20140122,11600,11650,11450,11650,50,40708,1249839,250,5.39,-19890,11650,11700,11650,11700,50,375
20140123,11650,12000,11600,11850,200,72156,1268569,18730,5.47,-16520,11800,11850,11800,11800,-50,150
20140124,11800,11800,11500,11700,150,26155,1262569,-6000,5.44,2660,11650,11700,11650,11700,0,3
20140127,11550,11600,11250,11550,150,37561,1253149,-9420,5.4,3730,11500,11500,11500,11500,-50,6
20140128,11500,11500,11350,11450,100,18009,1250469,-2680,5.39,1870,11450,11450,11450,11450,0,5
20140129,11600,11600,11400,11500,50,7374,1252139,1670,5.4,230,11350,11350,11350,11350,-150,2
20140203,11600,11650,11400,11600,100,19315,1255759,3620,5.41,270,11400,11400,11400,11400,-200,875
20140204,11500,11500,11200,11200,400,28080,1250559,-5200,5.39,2040,11100,11150,11100,11150,-50,39
20140205,11400,11400,11200,11300,100,17055,1249029,-1090,5.38,10898,11250,11300,11250,11300,0,6
20140206,11300,11300,11200,11250,50,25633,1249599,570,5.38,-2760,11100,11100,11050,11050,-200,1311
20140207,11100,11350,11100,11350,100,32027,1253489,3890,5.4,4250,11350,11350,11350,11350,0,0
20140210,11450,11500,11300,11500,150,14917,1254189,700,5.4,2200,11500,11500,11500,11500,0,211
20140211,11500,11550,11350,11500,0,20960,1253299,-890,5.4,2511,11850,11850,11850,11850,350,200
20140212,11500,11700,11400,11700,200,42920,1253169,-130,5.4,9996,11700,11700,11700,11700,0,246
20140213,11750,11950,11650,11800,100,60602,1250339,-2830,5.39,22127,11950,11950,11750,11750,-50,6510
20140214,11900,12400,11850,12400,600,89117,1255479,5140,5.41,1200,12350,12400,12350,12400,0,132
20140217,12450,12600,12250,12600,200,71851,1259589,4110,5.43,-4480,12600,12600,12600,12600,0,120
20140218,12700,12750,12450,12700,100,33896,1259779,190,5.43,5170,12650,12650,12650,12650,-50,2
20140219,12600,12650,12450,12600,100,26457,1264059,4280,5.45,-1913,12600,12600,12600,12600,0,11
20140220,12500,12600,12350,12450,150,19864,1268009,3950,5.46,2290,12400,12400,12400,12400,-50,5
20140221,12500,12900,12450,12850,400,69370,1272469,4460,5.48,-27650,12850,12850,12850,12850,0,0
20140224,12750,13050,12750,12850,0,39708,1274009,1540,5.49,3820,12600,12700,12600,12700,-150,8
20140225,12850,12850,12550,12850,0,21880,1276629,2620,5.5,-500,12850,12850,12850,12850,0,0
20140226,12750,12850,12450,12650,200,40529,1279329,2700,5.51,7310,12650,12650,12650,12650,0,10
20140227,12650,12800,12450,12450,200,16041,1281069,1740,5.52,1260,12450,12450,12450,12450,0,1
20140228,12450,13200,12450,12900,450,77050,1282479,1410,5.53,7520,13000,13000,13000,13000,100,930
20140303,13050,13050,12800,12800,100,26834,1278719,-3760,5.51,1610,12800,12800,12800,12800,0,4
20140304,12800,12950,12600,12900,100,32233,1276659,-2060,5.5,7550,12900,12900,12900,12900,0,2
20140305,12750,13000,12750,13000,100,51397,1281409,4750,5.52,10840,13000,13000,13000,13000,0,0
20140306,13100,14150,12950,13950,950,137234,1272159,-9250,5.48,3667,13950,14100,14000,14100,150,46
20140307,14100,14250,13650,13950,0,92737,1270539,-1620,5.47,13160,13950,13950,13950,13950,0,83
20140310,14100,14350,13800,13950,0,82252,1272099,1560,5.48,730,13950,13950,13950,13950,0,273
20140311,14000,14200,13750,14100,150,68355,1275489,3390,5.5,7763,14100,14100,14100,14100,0,0
20140312,14200,14250,13800,14050,50,47891,1269789,-5700,5.47,4550,14050,14000,14000,14000,-50,8
20140313,14200,14500,14000,14400,350,100221,1272759,2970,5.48,-10390,14400,14400,14400,14400,0,3
20140314,14150,14650,14050,14500,100,80231,1273169,410,5.49,4390,14500,14500,14500,14500,0,218
20140317,14350,14750,14350,14500,0,42075,1273519,350,5.49,-380,14500,14500,14500,14500,0,2
20140318,14500,14750,14350,14500,0,56045,1278299,4780,5.51,-2761,14500,14500,14500,14500,0,7
20140319,14500,14700,14250,14400,100,57282,1274999,-3300,5.49,7002,14400,14400,14400,14400,0,0
20140320,14300,14700,14250,14600,200,53381,1275899,900,5.5,16000,14600,14500,14500,14500,-100,1
20140321,14700,14700,14050,14050,550,63914,1244879,-31020,5.36,14820,14050,14200,14100,14100,50,28
20140324,14050,14350,14000,14100,50,55003,1255929,11050,5.41,11280,14100,14100,14100,14100,0,0
20140325,14050,14800,14050,14750,650,65512,1256329,400,5.41,17780,14750,14600,14600,14600,-150,1
20140326,14750,15050,14500,14600,150,60984,1247499,-8830,5.38,6697,14600,14550,14550,14550,-50,22
20140327,14700,14900,14400,14550,50,21141,1246749,-750,5.37,-4150,14550,14500,14500,14500,-50,1
20140328,14550,14800,14200,14300,250,44413,1247159,410,5.37,-5580,14300,14150,14150,14150,-150,32
20140331,14250,14500,14200,14300,0,26265,1249909,2750,5.39,1040,14300,14300,14300,14300,0,0
20140401,14400,14450,13800,13950,350,53706,1253749,3840,5.4,-810,13950,13950,13900,13950,0,7
20140402,13950,14100,13800,13850,100,50286,1258149,4400,5.42,-1081,13850,13850,13850,13850,0,5
20140403,13900,14050,13650,13700,150,44845,1260059,1910,5.43,-11721,13700,13700,13700,13700,0,0
20140404,13700,13800,13350,13450,250,67408,1263259,3200,5.44,-9540,13450,13550,13450,13450,0,38
20140407,13450,13550,13300,13450,0,28924,1264809,1550,5.45,-564,13450,13450,13450,13450,0,0
20140408,13350,13650,13350,13450,0,25335,1265359,550,5.45,-4480,13450,13450,13450,13450,0,3
20140409,13550,13800,13450,13750,300,29303,1267269,1910,5.46,-2978,13750,13900,13750,13900,150,10
20140410,13850,13950,13700,13900,150,24960,1268772,1503,5.47,1692,13900,13900,13900,13900,0,91
20140411,13750,14100,13700,13900,0,26042,1270219,1447,5.47,30,13900,13900,13800,13800,-100,3
20140414,14100,14250,13900,14000,100,32292,1265859,-4360,5.45,-360,14000,14000,14000,14000,0,0
20140415,14100,14300,14000,14100,100,37433,1265809,-50,5.45,40,14100,14100,14100,14100,0,103
20140416,14100,14150,13350,13600,500,103365,1261879,-3930,5.44,6840,13600,13600,13450,13500,-100,93
20140417,13600,13700,13150,13400,200,61792,1264578,2699,5.45,6580,13400,13400,13400,13400,0,0
20140418,13450,13600,13300,13450,50,27577,1261464,-3114,5.44,3257,13450,13450,13450,13450,0,70
20140421,13550,13600,13300,13350,100,13193,1259484,-1980,5.43,-70,13350,13350,13350,13350,0,0
20140422,13250,13500,12900,13000,350,83002,1263014,3530,5.44,-3180,13000,13050,13000,13000,0,35
20140423,13000,13350,13000,13350,350,32063,1263664,650,5.45,4982,13350,13350,13350,13350,0,0
20140424,13350,13400,13050,13050,300,28898,1258054,-5610,5.42,8487,13050,13150,13050,13050,0,14
20140425,13050,13400,13050,13050,0,35270,1256374,-1680,5.41,10450,13050,13050,13050,13050,0,100
20140428,13150,13150,12850,13100,50,32531,1257484,950,5.42,2360,13100,13100,13100,13100,0,0
20140429,13050,13300,12950,13050,50,26450,1258424,940,5.42,-1690,13050,13050,13050,13050,0,0
20140430,13050,13200,12900,13050,0,19962,1262004,3580,5.44,280,13050,13050,13050,13050,0,2
20140502,13050,13200,12900,13000,50,22790,1259404,-2600,5.43,2160,13000,13050,13050,13050,50,10
20140507,13050,13100,12650,12800,200,22650,1256204,-3200,5.41,2580,12800,12600,12500,12600,-200,8
20140508,12850,12950,12450,12750,50,39609,1258374,2170,5.42,3820,12750,12800,12750,12800,50,70
20140509,12650,12900,12650,12900,150,13830,1266054,7680,5.46,1360,12900,12900,12900,12900,0,0
20140512,13000,13000,12450,12500,400,34122,1264664,-1390,5.45,1010,12500,12600,12550,12600,100,211
20140513,12550,12900,12550,12800,300,19143,1268204,3540,5.46,-80,12800,12900,12700,12900,100,10
20140514,12800,13050,12750,12950,150,16162,1269314,1110,5.47,5892,12950,12950,12950,12950,0,0
20140515,12950,13250,12950,13200,250,27963,1267974,-1340,5.46,3710,13200,13250,13200,13200,0,11
20140516,13050,13200,12450,12750,450,63940,1266314,-1660,5.46,-7010,12750,12650,12650,12650,-100,20
20140519,12700,13150,12650,13100,350,29846,1263994,-2320,5.45,6201,13100,13050,12850,13050,-50,7
20140520,13100,13200,12800,12800,300,13059,1262244,-1750,5.44,1171,12800,12800,12800,12800,0,0
20140521,12900,13050,12750,12800,0,10283,1260114,-2130,5.43,-1860,12800,12800,12800,12800,0,30
20140522,12800,13050,12700,12900,100,6023,1259684,-430,5.43,-80,12900,12800,12800,12800,-100,2
20140523,12900,13200,12900,13100,200,12149,1260274,590,5.43,920,13100,13100,13100,13100,0,0
20140526,13200,13250,12950,12950,150,14084,1259204,-1070,5.43,20,12950,12950,12950,12950,0,0
20140527,13000,13000,12700,12900,50,18121,1256464,-2740,5.41,3640,12900,12900,12900,12900,0,0
20140528,13050,13050,12650,12900,0,21856,1256874,410,5.42,410,12900,12900,12900,12900,0,0
20140529,12950,13000,12750,12800,100,21035,1254814,-2060,5.41,1851,12800,12800,12800,12800,0,0
20140530,12850,12850,12600,12850,50,14412,1253204,-1610,5.4,140,12850,12850,12800,12800,-50,2
20140602,12800,12850,12400,12400,450,25116,1250121,-3083,5.39,2310,12400,12550,12550,12550,150,10
20140603,12200,12650,11850,11850,550,50576,1252482,2361,5.4,-4329,11850,11850,11850,11850,0,5
20140605,11700,11950,11100,11200,650,89220,1258929,6447,5.42,-5986,11200,11400,11250,11250,50,87
20140609,11250,11650,11000,11550,350,88739,1266282,7353,5.46,-5586,11550,11550,11550,11550,0,0
20140610,11550,11650,11150,11400,150,41011,1259331,-6951,5.43,100,11400,11450,11450,11450,50,5
20140611,11400,11500,11250,11300,100,27460,1260521,1190,5.43,-958,11300,11300,11200,11300,0,35
20140612,11300,11600,11200,11200,100,48835,1265515,4994,5.45,-31225,11200,11300,11300,11300,100,3
20140613,11050,11300,11050,11250,50,44277,1265672,157,5.45,7881,11250,11250,11250,11250,0,1
20140616,11250,11500,11250,11450,200,19482,1265201,-471,5.45,7410,11450,11550,11550,11550,100,32
20140617,11500,11650,11350,11500,50,27936,1266574,1373,5.46,9332,11500,11400,11250,11400,-100,68
20140618,11500,11700,11150,11200,300,53470,1265646,-928,5.45,-33671,11200,11200,11200,11200,0,0
20140619,11350,11350,11100,11100,100,38036,1266469,823,5.46,-14580,11100,11200,11200,11200,100,1
20140620,11200,11250,11000,11000,100,32939,1268937,2468,5.47,3,11000,11000,11000,11000,0,0
20140623,11000,11100,10900,11050,50,33235,1269158,221,5.47,59,11050,11050,11050,11050,0,4
20140624,11150,11150,11000,11050,0,22548,1268040,-1118,5.46,-3469,11050,11050,11050,11050,0,0
20140625,11100,11150,10800,10900,150,36571,1267811,-229,5.46,-3275,10900,11100,11100,11100,200,60
20140626,10900,11050,10650,10900,0,41690,1271246,3435,5.48,2664,10900,10900,10900,10900,0,0
20140627,10900,11000,10700,10900,0,9656,1273716,2470,5.49,156,10900,11050,11050,11050,150,25
20140630,11000,11300,10850,11250,350,22844,1275440,1724,5.5,-1669,11250,11250,11250,11250,0,10
20140701,11300,11750,11150,11450,200,47635,1277881,2441,5.51,1739,11450,11450,11450,11450,0,0
20140702,11650,11800,11500,11500,50,31453,1275175,-2706,5.49,-4348,11500,11500,11500,11500,0,0
20140703,11550,12000,11550,12000,500,44794,1275272,97,5.5,9356,12000,12000,12000,12000,0,0
20140704,12000,12300,11800,12100,100,31643,1269658,-5614,5.47,9350,12100,12100,12100,12100,0,0
20140707,12150,12300,11900,12050,50,20056,1266062,-3596,5.46,8648,12050,12200,12200,12200,150,2
20140708,12250,12250,11600,11700,350,28093,1267326,1264,5.46,-4221,11700,11700,11700,11700,0,6
20140709,11600,11800,11450,11500,200,30358,1264852,-2474,5.45,-9981,11500,11500,11500,11500,0,0
20140710,11600,11800,11450,11750,250,18498,1266096,1244,5.46,-481,11750,11750,11750,11750,0,0
20140711,11750,11750,11300,11450,300,26388,1264988,-1108,5.45,-2241,11450,11400,11400,11400,-50,51
20140714,11450,11750,11450,11650,200,22245,1266782,1794,5.46,-3182,11650,11650,11650,11650,0,0
20140715,11600,12300,11600,12100,450,72640,1278089,11307,5.51,-2340,12100,12100,12100,12100,0,0
20140716,12300,12300,11800,11950,150,29899,1279565,1476,5.51,-10666,11950,11950,11950,11950,0,0
20140717,12100,12100,11800,11950,0,25543,1283849,4284,5.53,-3086,11950,11950,11950,11950,0,0
20140718,12050,12050,11500,11500,450,43824,1282877,-972,5.53,-4052,11500,11550,11550,11550,50,20
20140721,11550,11800,11550,11750,250,16276,1286271,3394,5.54,-1604,11750,11750,11750,11750,0,0
20140722,11750,11900,11450,11850,100,7207,1290279,4008,5.56,-626,11850,11850,11850,11850,0,0
20140723,11950,12100,11700,11950,100,28261,1288757,-1522,5.55,5959,11950,11800,11800,11800,-150,105
20140724,11950,12000,11700,11800,150,14380,1288949,192,5.55,-1304,11800,11800,11800,11800,0,0
20140725,11800,12100,11700,11850,50,20212,1288989,40,5.55,4683,11850,11850,11850,11850,0,0
20140728,12100,12100,11750,11950,100,18521,1287894,-1095,5.55,-7055,11950,11950,11950,11950,0,33
20140729,12100,12400,11800,12350,400,48495,1286322,-1572,5.54,8815,12350,12400,12350,12400,50,101
20140730,12500,12500,12100,12150,200,29279,1288260,1938,5.55,-2734,12150,12150,12150,12150,0,0
20140731,12350,12700,12100,12700,550,53297,1291450,3190,5.56,9102,12700,12750,12750,12750,50,10
20140801,12500,12900,12500,12900,200,51069,1285962,-5488,5.54,7857,12900,12900,12900,12900,0,0
20140804,12900,13100,12450,12700,200,41150,1287270,1308,5.55,3110,12700,12700,12700,12700,0,5
20140805,12800,13000,12800,12850,150,29362,1285508,-1762,5.54,13470,12850,12850,12850,12850,0,327
20140806,12950,13050,12850,12950,100,27985,1286682,1174,5.54,3320,12950,13000,12950,13000,50,30
20140807,13050,13350,12850,12850,100,64514,1287202,520,5.55,6290,12850,12850,12850,12850,0,0
20140808,12800,13200,12550,13200,350,32437,1290174,2972,5.56,2403,13200,13200,13200,13200,0,0
20140811,13400,13600,13150,13450,250,43961,1286862,-3312,5.55,10398,13450,13250,13250,13250,-200,10
20140812,13550,13550,13150,13350,100,40035,1285290,-1572,5.54,10312,13350,13350,13350,13350,0,0
20140813,13350,13700,13300,13450,100,33352,1288862,3572,5.55,150,13450,13450,13450,13450,0,0
20140814,13450,13450,13200,13400,50,24385,1292994,4132,5.57,-826,13400,13400,13400,13400,0,4
20140818,13400,13500,13050,13150,250,33571,1291481,-1513,5.57,4641,13150,13100,13100,13100,-50,2
20140819,13150,13750,13150,13700,550,37967,1301625,10144,5.61,7992,13700,13950,13950,13950,250,22
20140820,13650,13900,13450,13700,0,40779,1305171,3546,5.62,7522,13700,13700,13700,13700,0,0
20140821,13750,13750,13400,13400,300,31669,1302615,-2556,5.61,1838,13400,13400,13400,13400,0,0
20140822,13600,13650,13400,13550,150,23510,1302344,-271,5.61,4827,13550,13400,13400,13400,-150,1
20140825,13550,13600,13000,13250,300,37837,1306482,4138,5.63,5217,13250,13250,13250,13250,0,2
20140826,13450,13500,13150,13300,50,37116,1314291,7809,5.66,5827,13300,13300,13300,13300,0,3
20140827,13400,14000,13300,13950,650,90079,1317631,3340,5.68,50267,13950,13950,13950,13950,0,2
20140828,13950,14000,13350,13350,600,41586,1307057,-10574,5.63,-8206,13350,13400,13350,13400,50,357
20140829,13350,13650,13350,13550,200,16815,1304527,-2530,5.62,6155,13550,13600,13500,13550,0,67
20140901,13350,13500,13100,13450,100,24331,1303123,-1404,5.62,3426,13450,13350,13350,13350,-100,2
20140902,13550,13550,12900,12900,550,26734,1306029,2906,5.63,-8030,12900,12950,12750,12800,-100,84
20140903,12900,13150,12300,12300,600,91680,1334110,28081,5.75,-17345,12300,12400,12300,12350,50,613
20140904,12450,13000,12400,13000,700,49877,1337575,3465,5.76,12179,13000,13000,13000,13000,0,0
20140905,13000,13300,12900,13150,150,19697,1339247,1672,5.77,4587,13150,13150,13150,13150,0,0
20140911,13350,13400,12950,12950,200,15393,1336024,-3223,5.76,-97,12950,12950,12950,12950,0,0
20140912,13100,13200,12850,13000,50,17068,1334268,-1756,5.75,3116,13000,13000,13000,13000,0,0
20140915,12800,12900,12350,12500,500,51482,1334968,700,5.75,-15715,12500,12450,12450,12450,-50,2
20140916,12450,12950,12250,12600,100,21388,1337842,2874,5.76,-4006,12600,12600,12600,12600,0,2
20140917,12600,13000,12600,12700,100,20558,1338719,877,5.77,-5703,12700,12700,12700,12700,0,0
20140918,12700,13000,12300,12450,250,33380,1338561,-158,5.77,-16527,12450,12450,12450,12450,0,0
20140919,12500,12700,12500,12600,150,18165,1337855,-706,5.76,2014,12600,12600,12600,12600,0,5
20140922,12500,13100,12500,13000,400,31140,1337195,-660,5.76,4541,13000,13100,13100,13100,100,1
20140923,12900,13100,12800,13000,0,16805,1336310,-885,5.76,-1682,13000,13000,13000,13000,0,0
20140924,13000,13400,12950,13350,350,33041,1335993,-317,5.76,6665,13350,13350,13350,13350,0,0
20140925,13450,13450,13200,13250,100,16142,1333937,-2056,5.75,-554,13250,13450,13450,13450,200,3
20140926,13200,13400,13050,13200,50,21343,1333189,-748,5.74,4717,13200,13200,13200,13200,0,0
20140929,13450,13900,13400,13500,300,65725,1334639,1450,5.75,-5025,13500,13500,13500,13500,0,0
20140930,13500,13650,13050,13250,250,35308,1333357,-1282,5.75,-4242,13250,13150,13150,13150,-100,1
20141001,13200,13550,13150,13500,250,57709,1347117,13760,5.8,-7217,13500,13500,13500,13500,0,0
20141002,13450,13600,13300,13300,200,36125,1354210,7093,5.84,2466,13300,13300,13300,13300,0,550
20141006,13500,13550,13150,13550,250,47243,1342920,-11290,5.79,6644,13550,13500,13500,13500,-50,11
20141007,13650,13650,13050,13200,350,62725,1330530,-12390,5.73,-4528,13200,13200,13200,13200,0,0
20141008,13200,14250,13150,14200,1000,115570,1338126,7596,5.77,10434,14200,14250,14200,14200,0,849
20141010,14200,14250,13750,13950,250,60843,1342693,4567,5.79,-6356,13950,13950,13850,13950,0,205
20141013,13850,14050,13350,13700,250,82241,1339628,-3065,5.77,-596,13700,13700,13700,13700,0,0
20141014,13500,13850,13400,13550,150,44742,1341446,1818,5.78,-10640,13550,13650,13650,13650,100,1
20141015,13550,13700,12900,13000,550,64296,1349620,8174,5.82,-17301,13000,13000,12950,12950,-50,118
20141016,12850,13000,12500,12600,400,66539,1363912,14292,5.88,-15549,12600,12600,12600,12600,0,0
20141017,12600,12850,12250,12400,200,56844,1374609,10697,5.92,-14796,12400,12450,12300,12450,50,531
20141020,12550,13050,12400,12750,350,63102,1380523,5914,5.95,-30669,12750,12750,12750,12750,0,0
20141021,12750,12900,12450,12550,200,24840,1377752,-2771,5.94,-8753,12550,12500,12500,12500,-50,1
20141022,12600,13200,12600,13000,450,67532,1377089,-663,5.93,-27272,13000,13350,13300,13300,300,63
20141023,13000,13200,12750,12900,100,42043,1372946,-4143,5.92,-5790,12900,12900,12900,12900,0,0
20141024,13000,13100,12550,12600,300,62421,1371753,-1193,5.91,-12820,12600,12500,12450,12450,-150,3
20141027,12600,12900,12600,12900,300,24411,1371645,-108,5.91,908,12900,12900,12900,12900,0,0
20141028,12850,12900,12650,12750,150,13670,1367764,-3881,5.89,159,12750,12750,12750,12750,0,0
20141029,12650,12950,12600,12800,50,31176,1368446,682,5.9,4920,12800,12800,12800,12800,0,0
20141030,12900,12900,12550,12750,50,20967,1365427,-3019,5.88,-129,12750,12750,12750,12750,0,0
20141031,12700,12750,12100,12500,250,66685,1361902,-3525,5.87,12040,12500,12500,12400,12400,-100,24
20141103,12550,12650,12250,12500,0,16767,1363818,1916,5.88,2206,12500,12500,12500,12500,0,1
20141104,12500,12600,11950,12200,300,69990,1358426,-5392,5.85,26057,12200,12100,12100,12100,-100,3
20141105,12200,12300,11950,12050,150,17597,1361015,2589,5.86,542,12050,12000,12000,12000,-50,3
20141106,12000,12150,11800,11900,150,23980,1359676,-1339,5.86,27,11900,11900,11800,11900,0,3
20141107,11850,12250,11850,12150,250,41178,1358411,-1265,5.85,2735,12150,12150,12150,12150,0,0
20141110,12100,12200,11650,11700,450,52044,1353989,-4422,5.83,-11683,11700,11800,11700,11800,100,12
20141111,11700,11900,11600,11900,200,71496,1368037,14048,5.89,-11478,11900,11900,11900,11900,0,0
20141112,11950,12000,11700,11800,100,30970,1366345,-1692,5.89,-15420,11800,11800,11700,11800,0,14
20141113,11800,12000,11750,11950,150,35052,1367991,1646,5.89,-4011,11950,11950,11950,11950,0,0
20141114,11900,12100,11750,11900,50,40901,1366700,-1291,5.89,3991,11900,11900,11900,11900,0,0
20141117,12000,12300,11950,12100,200,103490,1363368,-3332,5.87,14656,12100,12100,12100,12100,0,0
20141118,12300,12650,12050,12650,550,76792,1369976,6608,5.9,13522,12650,12650,12650,12650,0,17
20141119,12700,12850,12550,12700,50,53699,1375819,5843,5.93,3247,12700,12750,12750,12750,50,1
20141120,12750,13000,12550,12900,200,55822,1382891,7072,5.96,-7025,12900,12850,12850,12850,-50,2
20141121,13000,13000,12800,12850,50,13667,1388590,5699,5.98,675,12850,12850,12850,12850,0,0
20141124,12800,12950,12700,12850,0,24960,1395058,6468,6.01,-82,12850,12850,12850,12850,0,0
20141125,12950,13000,12800,13000,150,27582,1396251,1193,6.02,1983,13000,13000,13000,13000,0,0
20141126,13100,13100,12750,12850,150,34531,1396247,-4,6.02,-229,12850,12850,12850,12850,0,0
20141127,12950,12950,12700,12750,100,12137,1396754,507,6.02,23,12750,12750,12750,12750,0,0
20141128,12750,12800,12550,12650,100,11774,1396849,95,6.02,0,12650,12650,12650,12650,0,0
20141201,12650,12700,12450,12600,50,13185,1399502,2653,6.03,3201,12600,12600,12600,12600,0,0
20141202,12600,13300,12600,13050,450,50238,1399698,196,6.03,11416,13050,13200,13050,13200,150,37
20141203,13000,13400,13000,13300,250,47545,1401364,1666,6.04,7844,13300,13400,13350,13400,100,38
20141204,13400,13400,13100,13200,100,24789,1407236,5872,6.06,612,13200,13200,13200,13200,0,0
20141205,13350,13600,13150,13500,300,22362,1403662,-3574,6.05,872,13500,13500,13500,13500,0,0
20141208,13750,13750,13250,13250,250,27123,1406703,3041,6.06,-3376,13250,13250,13250,13250,0,0
20141209,13400,13400,12850,13200,50,29816,1410664,3961,6.08,-3203,13200,13200,13200,13200,0,0
20141210,13300,13350,12800,12950,250,34851,1409513,-1151,6.07,1324,12950,12950,12950,12950,0,10
20141211,12950,13100,12700,12700,250,29693,1403342,-6171,6.05,98,12700,12650,12600,12600,-100,70
20141212,12650,12850,12500,12550,150,22124,1404822,1480,6.05,242,12550,12500,12500,12500,-50,13
20141215,12500,12550,12150,12550,0,11551,1406161,1339,6.06,1357,12550,12600,12600,12600,50,10
20141216,12450,12600,12300,12550,0,17178,1405990,-171,6.06,4105,12550,12550,12550,12550,0,0
20141217,12450,12500,12300,12350,200,22071,1406598,608,6.06,59,12350,12400,12350,12350,0,5
20141218,12450,12550,12150,12450,100,27715,1405510,-1088,6.06,-2553,12450,12450,12450,12450,0,0
20141219,12450,12600,12200,12550,100,15431,1405319,-191,6.06,512,12550,12550,12550,12550,0,0
20141222,12700,12700,12300,12450,100,29607,1404388,-931,6.05,-6973,12450,12450,12450,12450,0,49
20141223,12500,12500,12150,12350,100,19512,1405269,881,6.06,2650,12350,12400,12400,12400,50,8
20141224,12300,12600,12300,12500,150,34015,1405575,306,6.06,-902,12500,12400,12400,12400,-100,3
20141226,12550,12750,12400,12700,200,38556,1400896,-4679,6.04,11252,12700,12750,12750,12750,50,1
20141229,12400,12500,12200,12200,500,16439,1395315,-5581,6.01,-3688,12200,12100,12100,12100,-100,4
20141230,12200,12250,12100,12200,0,13655,1397773,2458,6.02,-3444,12200,12200,12200,12200,0,0
20150102,12300,12350,11850,11950,250,18021,1392476,-5297,6.0,21,11950,11900,11900,11900,-50,100
20150105,11850,11900,11550,11800,150,24129,1405746,13270,6.06,-1274,11800,11800,11700,11800,0,94
20150106,11700,11800,11500,11750,50,25693,1408580,2834,6.07,4101,11750,11750,11750,11750,0,0
20150107,11600,12100,11550,11700,50,35239,1404691,-3889,6.05,-1499,11700,11700,11700,11700,0,381
20150108,11850,11900,11700,11900,200,13708,1403520,-1171,6.05,-3461,11900,11950,11950,11950,50,15
20150109,11850,12050,11800,12000,100,18398,1405234,1714,6.06,1123,12000,12000,12000,12000,0,0
20150112,12000,12000,11800,11900,100,17645,1407162,1928,6.06,3602,11900,11900,11900,11900,0,13
20150113,11850,11850,11550,11700,200,38020,1409843,2681,6.08,5464,11700,11700,11700,11700,0,0
20150114,11750,11800,11500,11550,150,37389,1414562,4719,6.1,2729,11550,11750,11550,11750,200,103
20150115,11450,11700,11450,11600,50,21701,1419598,5036,6.12,131,11600,11600,11600,11600,0,0
20150116,11600,11650,11350,11450,150,26433,1422119,2521,6.13,3850,11450,11450,11450,11450,0,0
20150119,11500,11700,11450,11650,200,15154,1422751,632,6.13,58,11650,11650,11650,11650,0,285
20150120,11700,11850,11650,11850,200,17946,1422547,-204,6.13,-1135,11850,11850,11850,11850,0,1
20150121,11850,11950,11700,11750,100,26369,1424788,2241,6.14,-3092,11750,11750,11750,11750,0,0
20150122,11750,12200,11600,11700,50,65413,1422950,-1838,6.13,-7157,11700,11700,11700,11700,0,0
20150123,11700,11700,11450,11550,150,41848,1429073,6123,6.16,-6327,11550,11550,11550,11550,0,20
20150126,11650,11650,11450,11600,50,12062,1428968,-105,6.16,0,11600,11550,11550,11550,-50,1
20150127,11700,11800,11600,11800,200,19900,1433188,4220,6.18,-2603,11800,11800,11800,11800,0,0
20150128,11800,11900,11500,11600,200,28022,1435273,2085,6.18,-20626,11600,11600,11600,11600,0,51
20150129,11600,11700,11500,11650,50,8029,1436495,1222,6.19,-365,11650,11750,11650,11750,100,2
20150130,11700,11750,11400,11550,100,24289,1438337,1842,6.2,-3807,11550,11550,11550,11550,0,0
20150202,11450,11600,11400,11550,0,26452,1439971,1634,6.2,-3618,11550,11550,11550,11550,0,0
20150203,11550,11600,11350,11400,150,28362,1437424,-2547,6.19,-9684,11400,11350,11350,11350,-50,1
20150204,11400,11600,11400,11550,150,27722,1445335,7911,6.23,-256,11550,11550,11550,11550,0,0
20150205,11600,11700,11450,11650,100,29006,1449060,3725,6.24,-781,11650,11650,11650,11650,0,0
20150206,11700,11700,11400,11600,50,29279,1455755,6695,6.27,-1849,11600,11600,11600,11600,0,0
20150209,11500,12000,11400,11750,150,64421,1455756,1,6.27,930,11750,11750,11750,11750,0,10
20150210,11850,11950,11650,11800,50,26213,1456401,645,6.28,7132,11800,11800,11800,11800,0,0
20150211,11900,12000,11750,12000,200,30926,1456952,551,6.28,2525,12000,12000,12000,12000,0,0
20150212,12100,12100,11800,11800,200,49293,1470885,13933,6.34,-8288,11800,11800,11800,11800,0,0
20150213,11800,12350,11750,12300,500,34904,1472374,1489,6.34,17271,12300,12300,12300,12300,0,0
20150216,12300,12900,12250,12450,150,101995,1470681,-1693,6.34,-10521,12450,12450,12450,12450,0,0
20150217,12350,12500,11900,12000,450,56772,1474470,3789,6.35,2584,12000,12000,12000,12000,0,0
20150223,12200,12400,11800,11950,50,56192,1483659,9189,6.39,-19310,11950,11950,11950,11950,0,0
20150224,11950,12250,11900,12200,250,30196,1492474,8815,6.43,-1673,12200,12200,12200,12200,0,0
20150225,12350,12350,12000,12100,100,49781,1491879,-595,6.43,1308,12100,12100,12100,12100,0,0
20150226,12300,12300,12050,12200,100,42480,1496966,5087,6.45,-12331,12200,12200,12200,12200,0,0
20150227,12100,12300,11950,12000,200,41474,1501309,4343,6.46,-9358,12000,12100,11950,11950,-50,121
20150302,11850,12150,11800,12100,100,42833,1500780,-529,6.46,8183,12100,12100,12100,12100,0,0
20150303,12250,12250,11850,12200,100,48331,1498024,-2756,6.46,-2069,12200,12200,12200,12200,0,0
20150304,12100,12400,12000,12350,150,28932,1500107,2083,6.46,787,12350,12200,12200,12200,-150,4
20150305,12200,12450,12150,12300,50,37684,1499392,-715,6.46,-3764,12300,12300,12300,12300,0,1
20150306,12250,12750,12250,12600,300,55701,1507323,7931,6.5,-4577,12600,12850,12700,12700,100,3
20150309,12650,12800,12400,12700,100,29815,1512588,5265,6.51,-4301,12700,12750,12650,12750,50,44
20150310,12750,12750,12350,12450,250,37777,1521805,9217,6.56,1955,12450,12450,12450,12450,0,0
20150311,12350,12400,12200,12250,200,24001,1522654,849,6.56,707,12250,12200,12200,12200,-50,2
20150312,12050,12300,12000,12000,250,51344,1534260,11606,6.61,-25291,12000,12000,12000,12000,0,0
20150313,12050,12600,12050,12500,500,30425,1533215,-1045,6.61,-804,12500,12550,12550,12550,50,1
20150316,12750,13050,12600,12600,100,94535,1537140,3925,6.62,-7178,12600,12600,12550,12550,-50,11
20150317,12850,13000,12550,12700,100,25793,1539019,1879,6.63,-49,12700,12700,12700,12700,0,0
20150318,12700,13000,12600,12950,250,33146,1546476,7457,6.66,-2355,12950,12950,12950,12950,0,0
20150319,12950,13050,12800,12800,150,24121,1550662,4186,6.68,70,12800,12800,12800,12800,0,0
20150320,12700,13000,12500,12650,150,33621,1549123,-1539,6.68,-4311,12650,12650,12650,12650,0,0
20150323,12900,12900,12400,12500,150,35225,1547542,-1581,6.67,1007,12500,12500,12500,12500,0,0
20150324,12600,12700,12450,12600,100,33983,1550892,3350,6.68,-2679,12600,12700,12700,12700,100,100
20150325,12800,12800,12400,12500,100,32355,1550585,-307,6.68,-2235,12500,12500,12500,12500,0,0
20150326,12600,12600,12250,12400,100,23771,1549102,-1483,6.68,-46,12400,12400,12400,12400,0,0
20150327,12300,12550,12250,12300,100,17730,1543920,-5182,6.65,-697,12300,12300,12300,12300,0,1
20150330,12200,12550,12200,12450,150,21005,1544665,745,6.66,-664,12450,12450,12450,12450,0,0
20150331,12450,12700,12450,12600,150,32847,1539727,-4938,6.63,-928,12600,12600,12600,12600,0,1
20150401,12600,12800,12450,12650,50,34421,1538189,-1538,6.63,4865,12650,12650,12650,12650,0,0
20150402,12650,12900,12500,12800,150,50205,1540625,2436,6.64,-1864,12800,12800,12800,12800,0,0
20150403,12950,12950,12600,12750,50,41618,1541908,1283,6.64,-17149,12750,12650,12600,12650,-100,263
20150406,12750,12950,12700,12800,50,45713,1540002,-1906,6.64,-3906,12800,12900,12800,12900,100,16
20150407,12950,12950,12600,12750,50,42852,1536581,-3421,6.62,-7209,12750,12750,12750,12750,0,0
20150408,12850,12850,12650,12750,0,28029,1539291,2710,6.63,-3437,12750,12750,12750,12750,0,39
20150409,12750,12900,12650,12850,100,30668,1541569,2278,6.64,-4346,12850,12850,12850,12850,0,0
20150410,12850,13150,12850,13100,250,66376,1545047,3478,6.66,-3324,13100,13100,13100,13100,0,1
20150413,13100,13200,12800,13000,100,48254,1544806,-241,6.66,-8705,13000,13000,13000,13000,0,0
20150414,13050,13050,12750,12950,50,48986,1545554,748,6.66,-1197,12950,12950,12950,12950,0,0
20150415,13050,13200,12900,13150,200,43911,1543569,-1985,6.65,-3679,13150,13150,13150,13150,0,0
20150416,13150,13650,13100,13550,400,85987,1555549,11980,6.7,-2322,13550,13600,13550,13600,50,207
20150417,13450,14700,13450,14150,600,159981,1555197,-352,6.7,-17763,14150,14150,14150,14150,0,0
20150420,14150,14550,14000,14050,100,103420,1560600,5403,6.72,-17830,14050,14200,14050,14200,150,10
20150421,14150,14350,14000,14100,50,68972,1560335,-265,6.72,-41,14100,14100,14100,14100,0,0
20150422,14400,14650,13650,13950,150,117093,1575095,14760,6.79,66,13950,13950,13800,13800,-150,241
20150423,14100,14250,13450,13950,0,69484,1586011,10916,6.83,-2525,13950,13950,13950,13950,0,0
20150424,14100,14400,13650,14000,50,57066,1585767,-244,6.83,-6181,14000,13950,13900,13900,-100,12
20150427,14150,14500,13850,14300,300,43025,1593389,7622,6.87,-1900,14300,14450,14450,14450,150,4
20150428,14450,14450,14000,14100,200,31792,1591240,-2149,6.86,7198,14100,14100,14100,14100,0,0
20150429,14100,14250,13850,13950,150,33467,1598521,7281,6.89,-266,13950,14400,13950,14400,450,2
20150430,13950,14300,13700,13900,50,61694,1607445,8924,6.93,4683,13900,13900,13900,13900,0,45
20150504,13900,14500,13750,14500,600,58518,1612345,4900,6.95,12027,14500,14550,14500,14500,0,8
20150506,14500,14500,13750,13950,550,60511,1604871,-7474,6.92,1471,13950,13950,13900,13950,0,29
20150507,13800,13950,13550,13900,50,42641,1614129,9258,6.96,-265,13900,13900,13900,13900,0,0
20150508,13900,14050,13750,13950,50,17969,1617223,3094,6.97,-130,13950,13950,13950,13950,0,0
20150511,14200,14250,13950,14150,200,44997,1624813,7590,7.0,-11503,14150,14150,14150,14150,0,0
20150512,14300,14300,13750,13950,200,36848,1628916,4103,7.02,-9909,13950,13950,13950,13950,0,20
20150513,13950,15700,13900,15400,1450,159073,1639670,10754,7.07,-9475,15400,15400,15300,15400,0,12
20150514,15350,16250,15150,15850,450,162434,1640631,961,7.07,-554,15850,15850,15800,15850,0,63
20150515,15850,15950,15050,15250,600,79900,1645557,4926,7.09,-10249,15250,15250,15250,15250,0,70
20150518,15250,16450,14800,15900,650,118691,1646718,1161,7.09,-8061,15900,16250,15950,16250,350,6
20150519,15650,16000,15450,15750,150,94602,1649753,3035,7.11,-12014,15750,15950,15950,15950,200,100
20150520,15650,16150,15450,15650,100,84110,1674534,24781,7.22,-12621,15650,15650,15650,15650,0,100
20150521,15950,15950,15550,15800,150,76228,1686481,11947,7.27,-8914,15800,15800,15800,15800,0,0
20150522,15850,16750,15550,16600,800,152894,1677154,-9327,7.23,18293,16600,16750,16600,16750,150,12
20150526,16550,16750,15900,16050,550,110212,1658544,-18610,7.14,8948,16050,16050,16050,16050,0,28
20150527,15750,15750,14750,14850,1200,153364,1663888,5344,7.17,326,14850,14950,14850,14850,0,155
20150528,14950,15200,14450,14550,300,136670,1684128,20240,7.26,-40915,14550,14500,14500,14500,-50,463
20150529,14400,15200,14300,15200,650,107717,1704915,20787,7.35,-3949,15200,15200,15150,15200,0,2
20150601,15400,15400,14300,14450,750,75648,1692500,-12415,7.29,3286,14450,14450,14450,14450,0,0
20150602,14600,14650,14150,14200,250,34975,1682685,-9815,7.25,2499,14200,14200,14200,14200,0,1
20150603,14100,14450,13850,14000,200,34255,1674057,-8628,7.21,5347,14000,14000,14000,14000,0,4
20150604,14050,14350,13850,13900,100,28361,1672367,-1690,7.21,1110,13900,13900,13850,13900,0,4
20150605,13850,14050,13450,13600,300,42571,1676437,4070,7.22,2324,13600,13650,13650,13650,50,5
20150608,13800,14100,13700,14000,400,28099,1674458,-1979,7.22,2961,14000,14300,14300,14300,300,1
20150609,14000,14450,13950,14350,350,29830,1664389,-10069,7.17,10855,14350,14150,14150,14150,-200,21
20150610,14450,14450,14050,14300,50,27063,1658128,-6261,7.14,10532,14300,14300,14300,14300,0,0
20150611,14450,14750,14200,14750,450,59407,1646871,-11257,7.09,16039,14750,14750,14700,14750,0,152
20150612,14700,14850,14250,14250,500,38498,1629845,-17026,7.02,18103,14250,14250,14250,14250,0,0
20150615,14500,14550,13900,13950,300,19004,1637245,7400,7.06,-1066,13950,13950,13950,13950,0,3
20150616,14250,14250,13850,13950,0,39906,1632285,-4960,7.03,8429,13950,13950,13950,13950,0,1
20150617,14050,14150,13600,13600,350,32734,1629474,-2811,7.02,-132,13600,13650,13600,13650,50,52
20150618,13700,14350,13600,14100,500,43233,1633340,3866,7.04,808,14100,14400,14400,14400,300,1
20150619,14250,14400,13850,14150,50,33181,1623164,-10176,6.99,4587,14150,14150,14150,14150,0,0
20150622,14150,14450,14150,14200,50,24755,1622436,-728,6.99,-7585,14200,14900,14900,14900,700,1
20150623,14300,14650,14250,14650,450,37279,1625865,3429,7.01,1003,14650,14700,14700,14700,50,8
20150624,14950,15300,14900,15100,450,63014,1630622,4757,7.03,5401,15100,15100,15100,15100,0,1
20150625,14950,15050,14750,15050,50,32009,1632045,1423,7.03,5584,15050,15050,15050,15050,0,0
20150626,15050,15050,14750,15000,50,39306,1631016,-1029,7.03,-5542,15000,15000,14700,14800,-200,1472
20150629,14800,15050,14300,14500,500,42776,1626211,-4805,7.01,-1676,14500,14500,14500,14500,0,0
20150630,14200,14450,14000,14300,200,38953,1629848,3637,7.02,-10223,14300,14300,14300,14300,0,0
20150701,14150,14600,14100,14550,250,24050,1631798,1950,7.03,344,14550,14550,14550,14550,0,0
20150702,14500,14700,14250,14650,100,43150,1635571,3773,7.04,9671,14650,14650,14650,14650,0,0
20150703,14700,15200,14700,15100,450,45769,1639817,4246,7.07,17568,15100,15100,15100,15100,0,0
20150706,15000,15400,14850,15150,50,62494,1636420,-3397,7.04,9609,15150,15150,15150,15150,0,4
20150707,15200,15450,14750,15300,150,66709,1626985,-9435,7.01,12630,15300,15300,15300,15300,0,62
20150708,15500,15500,15100,15200,100,36397,1635511,8526,7.04,-439,15200,15200,15200,15200,0,0
20150709,14900,15000,13800,14350,850,87469,1648224,12713,7.09,1174,14350,14550,14400,14550,200,257
20150710,14400,15000,14350,14950,600,44233,1652557,4333,7.12,9750,14950,14950,14950,14950,0,0
20150713,15150,15500,15000,15250,300,64820,1653733,1176,7.13,10059,15250,15250,15250,15250,0,0
20150714,15450,16250,15250,16150,900,120872,1671354,17621,7.2,22987,16150,16150,16150,16150,0,21
20150715,16250,19450,16150,18650,2500,359220,1677893,6539,7.23,7125,18650,18700,18650,18700,50,639
20150716,18850,19400,18500,19100,450,215837,1685966,8073,7.26,-4789,19100,19100,19000,19000,-100,216
20150717,19100,19300,18350,19000,100,125171,1698900,12934,7.32,-17107,19000,18900,18800,18800,-200,845
20150720,18950,18950,17950,18350,650,135887,1726322,27422,7.43,-14182,18350,18400,18350,18400,50,12
20150721,18650,19100,18450,18600,250,130046,1714769,-11553,7.38,5820,18600,18600,18600,18600,0,0
20150722,18500,18800,17650,17750,850,87081,1728965,14196,7.45,-2926,17750,17750,17750,17750,0,1
20150723,17750,18050,17050,17850,100,59207,1746389,17424,7.53,-175,17850,17850,17850,17850,0,1
20150724,17600,17950,17450,17500,350,45318,1760255,13866,7.59,300,17500,17850,17450,17450,-50,9
20150727,17800,17800,17200,17450,50,44451,1749180,-11075,7.54,-1950,17450,17450,17450,17450,0,0
20150728,17200,17250,16650,17000,450,60154,1766062,16882,7.61,-9547,17000,17000,17000,17000,0,6
20150729,17300,17750,16950,17050,50,49387,1767949,1887,7.62,-3833,17050,17100,17100,17100,50,6
20150730,17100,17600,17000,17000,50,56220,1764814,-3135,7.6,12616,17000,16800,16700,16800,-200,12
20150731,17600,17600,16550,17100,100,47975,1776504,11690,7.66,-13817,17100,17100,17100,17100,0,0
20150803,17200,18700,17200,18350,1250,60290,1775983,-521,7.65,1411,18350,18350,18050,18100,-250,45
20150804,18150,18600,17800,18450,100,67525,1782346,6363,7.67,-1237,18450,18650,18650,18650,200,1
20150805,18500,18600,17950,18100,350,35438,1787230,4884,7.7,2787,18100,18100,18100,18100,0,6
20150806,18450,18450,17850,18000,100,28309,1796027,8797,7.74,-830,18000,18000,18000,18000,0,0
20150807,18000,18100,17600,17950,50,20846,1795523,-504,7.74,455,17950,17950,17950,17950,0,0
20150810,18250,18250,16850,17000,950,54324,1800255,4732,7.76,-240,17000,17000,17000,17000,0,12
20150811,17200,17400,16650,16900,100,41945,1804972,4717,7.77,1183,16900,16900,16900,16900,0,0
20150812,16950,17000,16050,16400,500,45960,1807143,2171,7.79,1672,16400,16400,16400,16400,0,2
20150813,16400,17050,16400,16950,550,62341,1813003,5860,7.81,-12401,16950,16950,16950,16950,0,0
20150817,16800,16850,16300,16400,550,41623,1812414,-589,7.81,2609,16400,16350,16350,16350,-50,1
20150818,16250,16500,15950,16000,400,44289,1826612,14198,7.87,222,16000,16050,16050,16050,50,15
20150819,15850,16000,15000,15500,500,53931,1838840,12228,7.92,2323,15500,15800,15450,15450,-50,2
20150820,15100,15550,14850,15000,500,44310,1850651,11811,7.96,299,15000,14950,14600,14600,-400,421
20150821,14150,14750,14100,14400,600,56768,1865846,15195,8.04,1518,14400,14300,14300,14300,-100,205
20150824,14100,14450,13600,13750,650,59967,1874314,8468,8.08,-5064,13750,13750,13750,13750,0,0
20150825,13900,14450,13700,14100,350,43150,1877781,3467,8.09,-5722,14100,14100,14100,14100,0,0
20150826,14150,14650,14000,14450,350,46163,1871303,-6478,8.06,2587,14450,14500,14500,14500,50,62
20150827,14850,15200,14500,14700,250,46930,1864134,-7169,8.03,3655,14700,14700,14700,14700,0,0
20150828,15000,15000,14600,14900,200,41778,1859592,-4542,8.01,3166,14900,14900,14900,14900,0,0
20150831,15000,15050,14400,14550,350,41583,1851100,-8492,7.98,3045,14550,14550,14550,14550,0,680
20150901,14650,14750,14450,14450,100,27080,1853714,2614,7.99,-964,14450,14200,14200,14200,-250,54
20150902,14250,14700,14100,14450,0,39470,1856991,3277,8.0,-5672,14450,14450,14450,14450,0,0
20150903,14550,14800,14500,14600,150,40151,1866420,9429,8.04,-2258,14600,14600,14500,14600,0,45
20150904,14600,14750,14000,14050,550,39699,1861332,-5088,8.01,-376,14050,14050,14050,14050,0,200
20150907,14000,14350,14000,14050,0,22465,1866655,5323,8.04,-1095,14050,13850,13700,13850,-200,7
20150908,14200,14200,13750,13850,200,22993,1865410,-1245,8.04,-63,13850,13850,13850,13850,0,0
20150909,14150,14400,13950,14300,450,21167,1870097,4687,8.06,-5036,14300,14650,14300,14650,350,746
20150910,14300,14600,14200,14450,150,22737,1866178,-3919,8.04,3022,14450,14450,14450,14450,0,2
20150911,14500,14500,14200,14350,100,24718,1867941,1763,8.05,-8321,14350,14350,14350,14350,0,1
20150914,14450,14450,14000,14150,200,15079,1863312,-4629,8.03,1645,14150,14100,14100,14100,-50,434
20150915,14300,14450,14150,14200,50,9479,1862733,-548,8.03,537,14200,14200,14200,14200,0,0
20150916,14300,14600,14300,14550,350,29297,1862882,149,8.03,-1544,14550,14550,14500,14500,-50,100
20150917,14700,14700,14250,14300,250,23083,1863047,165,8.03,-357,14300,14300,14300,14300,0,1050
20150918,14400,14700,14350,14400,100,23996,1859021,-4026,8.01,368,14400,14400,14400,14400,0,0
20150921,14300,14550,14200,14550,150,22423,1861469,2448,8.01,355,14550,14600,14500,14600,50,52
20150922,14450,14800,14450,14700,150,23735,1862514,1045,8.03,102,14700,14700,14700,14700,0,0
20150923,14650,14800,14450,14450,250,38261,1864309,1795,8.03,-7959,14450,14450,14450,14450,0,0
20150924,14650,14650,14400,14500,50,10948,1864454,145,8.03,272,14500,14450,14450,14450,-50,292
20150925,14350,14750,14350,14700,200,19821,1868405,3951,8.05,5818,14700,14750,14750,14750,50,1
20150930,14450,14800,14400,14750,50,19159,1874967,6562,8.08,-2387,14750,14750,14750,14750,0,0
20151001,14850,15350,14700,15150,400,39289,1880154,5187,8.1,-1918,15150,15150,15150,15150,0,0
20151002,15150,15500,14950,15000,150,31807,1880996,842,8.11,3627,15000,15300,15000,15300,300,205
20151005,15150,15450,15000,15000,0,20264,1883734,2738,8.12,-1868,15000,14900,14900,14900,-100,1
20151006,15150,15300,14850,14950,50,22896,1887970,4236,8.14,-1901,14950,14900,14900,14900,-50,1
20151007,15050,15050,14600,14750,200,28718,1889723,1753,8.14,-1700,14750,14750,14750,14750,0,0
20151008,14750,14800,14550,14700,50,23677,1888841,-882,8.14,771,14700,14750,14750,14750,50,1
20151012,15150,15450,14850,15100,400,29656,1890864,2023,8.15,-152,15100,15100,15100,15100,0,0
20151013,15000,15250,14700,14750,350,37410,1886138,-4726,8.13,236,14750,14800,14800,14800,50,51
20151014,14850,14900,14650,14800,50,13206,1883268,-2870,8.12,-4,14800,14800,14800,14800,0,0
20151015,14850,15050,14650,14950,150,17072,1882047,-1221,8.11,1567,14950,15000,15000,15000,50,4
20151016,15100,15100,14700,14700,250,31063,1873804,-8243,8.06,1274,14700,14700,14700,14700,0,0
20151019,14900,14900,14500,14700,0,33905,1871863,-1941,8.06,9405,14700,14700,14700,14700,0,0
20151020,14700,14800,14550,14700,0,16385,1869534,-2329,8.06,5216,14700,14700,14700,14700,0,0
20151021,14850,14850,14650,14650,50,18021,1867898,-1636,8.05,575,14650,14650,14650,14650,0,0
20151022,14750,14750,14250,14500,150,24271,1866050,-1848,8.04,2410,14500,14500,14500,14500,0,0
20151023,14450,14750,14450,14600,100,14895,1865642,-408,8.04,2047,14600,14800,14700,14700,100,9
20151026,14600,14650,14350,14350,250,21695,1866635,993,8.04,-2321,14350,14350,14350,14350,0,1
20151027,14400,14450,14000,14150,200,32520,1865265,-1370,8.04,318,14150,14200,14200,14200,50,30
20151028,14150,14250,13900,14150,0,23719,1872335,7070,8.06,-782,14150,14150,14150,14150,0,0
20151029,14250,14250,13900,14000,150,17169,1856496,-15839,8.0,-276,14000,14000,14000,14000,0,0
20151030,14000,14100,13600,13650,350,20837,1852291,-4205,7.98,-521,13650,13600,13600,13600,-50,5
20151102,13450,13800,13300,13750,100,18094,1849888,-2403,7.96,-1369,13750,13750,13750,13750,0,0
20151103,13600,14200,13600,14050,300,20237,1848674,-1214,7.96,6139,14050,14050,14050,14050,0,0
20151104,14000,14200,13800,13900,150,19332,1850527,1853,7.96,-1456,13900,13900,13900,13900,0,0
20151105,14050,14050,13750,13900,0,11732,1847606,-2921,7.96,-2963,13900,13800,13800,13800,-100,1
20151106,13750,14050,13500,14000,100,34058,1838601,-9005,7.92,-8236,14000,13850,13850,13850,-150,10
20151109,14000,14000,13450,13500,500,21058,1835149,-3452,7.91,-2819,13500,13450,13450,13450,-50,1
20151110,13500,13500,13200,13400,100,23651,1834077,-1072,7.9,-708,13400,13400,13400,13400,0,0
20151111,13500,13600,13350,13550,150,18849,1834292,215,7.9,1103,13550,13700,13700,13700,150,20
20151112,13600,13700,13450,13600,50,14761,1836085,1793,7.91,225,13600,13600,13600,13600,0,0
20151113,13500,14250,13450,13700,100,27867,1831369,-4716,7.89,39,13700,13700,13700,13700,0,0
20151116,13600,13950,13350,13650,50,15997,1829190,-2179,7.88,-9,13650,13650,13650,13650,0,0
20151117,13650,14150,13650,14050,400,16759,1828441,-749,7.88,-1111,14050,14100,14100,14100,50,6
20151118,14050,14100,13700,13850,200,21298,1826506,-1935,7.87,-2467,13850,13850,13850,13850,0,0
20151119,13900,14150,13800,13850,0,11676,1828063,1557,7.88,672,13850,13850,13850,13850,0,0
20151120,13950,14000,13700,13950,100,10510,1827707,-356,7.88,3171,13950,13950,13950,13950,0,0
20151123,14100,14150,13750,14000,50,16850,1841330,13623,7.93,3793,14000,14000,14000,14000,0,0
20151124,14000,14200,13850,14100,100,26739,1842447,1117,7.94,9707,14100,14100,14100,14100,0,0
20151125,14200,14500,14000,14350,250,25989,1843156,709,7.94,8961,14350,14350,14350,14350,0,0
20151126,14300,14750,14250,14400,50,23696,1841242,-1914,7.93,-2376,14400,14400,14400,14400,0,0
20151127,14300,14550,14250,14450,50,18320,1841969,727,7.94,-3404,14450,14450,14450,14450,0,100
20151130,14500,15000,14300,14500,50,44666,1836804,-5165,7.91,455,14500,14550,14500,14550,50,13
20151201,14350,14700,14350,14350,150,17990,1835346,-1458,7.91,-4196,14350,14350,14350,14350,0,0
20151202,14500,14500,14050,14200,150,22426,1836366,1020,7.91,-3786,14200,14200,14200,14200,0,142
20151203,14200,14200,13800,13900,300,29244,1832531,-3835,7.9,-2161,13900,13900,13850,13900,0,33
20151204,13900,13900,13650,13850,50,16545,1829707,-2824,7.88,1227,13850,13900,13900,13900,50,1
20151207,14050,14050,13600,13650,200,15249,1827399,-2308,7.87,-52,13650,13650,13650,13650,0,0
20151208,13650,13750,13400,13450,200,14819,1825003,-2396,7.86,-1356,13450,13450,13450,13450,0,0
20151209,13350,13600,13250,13450,0,15915,1822786,-2217,7.85,-3533,13450,13450,13450,13450,0,0
20151210,13450,13650,13200,13400,50,24539,1822376,-410,7.85,-5925,13400,13400,13400,13400,0,0
20151211,13450,13500,13250,13350,50,16074,1821074,-1302,7.85,-2032,13350,13350,13350,13350,0,0
20151214,13350,13350,12750,12900,450,27284,1818016,-3058,7.83,-2450,12900,12900,12900,12900,0,0
20151215,12950,13050,12600,12650,250,33617,1821551,3535,7.85,-9078,12650,12600,12600,12600,-50,3
20151216,12700,13050,12700,12800,150,18040,1823964,2413,7.86,-7516,12800,12850,12850,12850,50,3
20151217,13000,13100,12850,13000,200,17371,1825448,1484,7.87,-5320,13000,13000,13000,13000,0,0
20151218,13100,13350,12950,13150,150,19433,1828180,2732,7.88,-7050,13150,13150,13150,13150,0,0
20151221,13150,13450,13150,13200,50,16469,1834052,5872,7.9,-5209,13200,13200,13200,13200,0,0
20151222,13250,13400,13050,13300,100,16934,1835505,1453,7.91,-4616,13300,13300,13300,13300,0,0
20151223,13150,13600,13150,13600,300,18995,1838978,3473,7.92,221,13600,13600,13600,13600,0,0
20151224,13700,14250,13600,14000,400,43079,1844845,5867,7.95,14292,14000,14050,14050,14050,50,1
20151228,14000,14200,13800,13800,200,29156,1822223,-22622,7.85,11750,13800,13800,13800,13800,0,0
20151229,13750,13750,13350,13450,350,14149,1824377,2154,7.86,-3863,13450,13450,13450,13450,0,0
20151230,13400,13600,13250,13600,150,12065,1825612,1235,7.87,-487,13600,13800,13500,13800,200,590
20160104,13450,13600,12900,12900,700,16138,1841033,15421,7.93,-2594,12900,13100,12900,12900,0,2
20160105,12900,13500,12800,13400,500,17993,1842422,1389,7.94,2145,13400,13400,13400,13400,0,0
20160106,13250,13650,13250,13400,0,18893,1844451,2029,7.95,6909,13400,13400,13400,13400,0,0
20160107,13450,14750,13200,14400,1000,126899,1838821,-5630,7.92,11363,14400,14650,14450,14500,100,10
20160108,14150,15050,13800,14400,0,77049,1838414,-407,7.92,6850,14400,14650,14350,14650,250,318
20160111,14400,14850,14350,14450,50,30840,1835731,-2683,7.91,-298,14450,14450,14400,14450,0,10
20160112,14450,15000,14400,14800,350,33865,1828654,-7077,7.88,5813,14800,14850,14850,14850,50,1
20160113,15000,15100,14600,14700,100,25699,1828083,-571,7.88,7639,14700,14700,14700,14700,0,0
20160114,14400,14900,14350,14800,100,27082,1826171,-1912,7.87,9442,14800,14850,14800,14850,50,71
20160115,14950,14950,14400,14550,250,32202,1828134,1963,7.88,7400,14550,14550,14550,14550,0,1
20160118,14650,15200,14350,14850,300,34771,1837007,8873,7.92,-888,14850,14850,14850,14850,0,0
20160119,14950,15700,14650,15650,800,73829,1836371,-636,7.91,8267,15650,15800,15700,15800,150,82
20160120,15600,16000,14800,15350,300,79798,1836355,-16,7.91,19672,15350,15350,15350,15350,0,35
20160121,15350,15550,14950,15400,50,25530,1836797,442,7.91,-4984,15400,15400,15400,15400,0,0
20160122,15400,15400,14750,15050,350,25397,1841880,5083,7.94,-869,15050,15050,15000,15000,-50,3
20160125,15400,15400,14600,15100,50,23941,1845698,3818,7.95,6500,15100,15150,15100,15150,50,4
20160126,15100,15100,14850,14950,150,13024,1847210,1512,7.96,1429,14950,15000,14950,15000,50,11
20160127,15150,15200,14750,14950,0,16605,1848478,1268,7.96,2515,14950,15100,14950,15100,150,395
20160128,15100,15700,14850,15600,650,36294,1842793,-5685,7.94,10119,15600,15600,15600,15600,0,1
20160129,15600,15900,15400,15850,250,29872,1837871,-4922,7.92,11336,15850,15850,15850,15850,0,0
20160201,16000,16200,15750,16200,350,41880,1838179,308,7.92,3371,16200,16200,16200,16200,0,2
20160202,16300,16500,15650,16100,100,72199,1837410,-769,7.92,-4322,16100,16100,16100,16100,0,55
20160203,15950,16150,15750,16000,100,42971,1839362,1952,7.93,-3345,16000,16000,16000,16000,0,0
20160204,16250,16250,15400,16000,0,39694,1841337,1975,7.93,14850,16000,15950,15950,15950,-50,8
20160205,16150,16150,15650,15700,300,22130,1844404,3067,7.95,2751,15700,15800,15800,15800,100,146
20160211,15400,15800,15250,15500,200,23837,1846408,2004,7.96,1292,15500,15500,15400,15500,0,458
20160212,15700,15900,15000,15300,200,59597,1850685,4277,7.96,13758,15300,15300,15300,15300,0,200
20160215,15450,16050,15350,15850,550,52233,1854988,4303,7.99,-7433,15850,15800,15800,15800,-50,254
20160216,16000,16150,15600,15850,0,36199,1855417,429,8.0,-785,15850,15850,15800,15850,0,93
20160217,15700,17100,15700,16100,250,103507,1850934,-4483,7.98,36236,16100,16300,16300,16300,200,10
20160218,16350,16900,16250,16550,450,62121,1844002,-6932,7.95,4358,16550,16550,16550,16550,0,0
20160219,16550,16850,16000,16100,450,56580,1844469,467,7.95,-8523,16100,16000,16000,16000,-100,26
20160222,16100,16600,15950,16250,150,27735,1848089,3620,7.96,1171,16250,16250,16250,16250,0,0
20160223,16150,16650,16150,16450,200,31643,1853791,5702,7.99,2908,16450,16450,16450,16450,0,0
20160224,16400,17000,16050,17000,550,60777,1851072,-2719,7.98,45169,17000,17000,17000,17000,0,1
20160225,17050,17750,17000,17250,250,32961,1850365,-707,7.96,2113,17250,17250,17250,17250,0,35
20160226,17300,17500,17100,17250,0,27707,1855482,5117,8.0,1169,17250,17050,17050,17050,-200,3
20160229,17100,17650,17100,17100,150,23807,1858155,2673,8.01,4892,17100,17100,17100,17100,0,41
20160302,17100,17500,16850,16900,200,25457,1864055,5900,8.03,-1578,16900,17000,17000,17000,100,2
20160303,16900,17300,16650,17000,100,40159,1878579,14524,8.09,-2793,17000,18000,17100,17100,100,712
20160304,17000,17000,16350,16550,450,46611,1878974,395,8.1,-19439,16550,16550,16550,16550,0,0
20160307,16450,17150,16450,17050,500,39588,1882819,3845,8.11,-6084,17050,17050,17050,17050,0,9
20160308,16900,17100,16400,16600,450,36169,1879547,-3272,8.1,-2760,16600,16600,16600,16600,0,0
20160309,16600,16800,16400,16650,50,27953,1885563,6016,8.13,-8406,16650,16700,16700,16700,50,40
20160310,16650,16650,16100,16250,400,43389,1899060,13497,8.18,-8310,16250,16200,16150,16200,-50,59
20160311,16250,16550,16100,16250,0,25860,1909939,10879,8.23,-1305,16250,16250,16250,16250,0,3
20160314,16300,16800,16200,16450,200,19664,1906478,-3305,8.22,5164,16450,16450,16450,16450,0,0
20160315,16350,17200,16350,16900,450,42132,1916984,10506,8.26,2353,16900,16850,16700,16850,-50,40
20160316,16950,17200,16250,16250,650,46878,1908124,-8860,8.22,2321,16250,16250,16250,16250,0,61
20160317,16400,16650,16000,16150,100,54092,1907407,-717,8.22,12187,16150,16250,16250,16250,100,40
20160318,16250,16950,16200,16850,700,34142,1914423,7016,8.25,100,16850,16850,16850,16850,0,0
20160321,16850,17000,16350,16400,450,34248,1914024,-269,8.25,-3243,16400,16400,16400,16400,0,6
20160322,16600,16800,16300,16650,250,17641,1916907,2883,8.26,-372,16650,16650,16650,16650,0,0
20160323,16650,16800,16500,16550,100,13234,1915761,-1146,8.26,5991,16550,16550,16550,16550,0,0
20160324,16450,16450,15800,15800,750,44542,1916294,351,8.26,-11194,15800,16050,16050,16050,250,1
20160325,15900,16150,15850,16050,250,7105,1917499,1205,8.26,1392,16050,16050,16050,16050,0,0
20160328,15900,16200,15550,15850,200,15778,1918749,1250,8.27,2048,15850,15850,15850,15850,0,0
20160329,15900,16250,15750,16050,200,20655,1918630,-119,8.27,-5618,16050,16050,16050,16050,0,0
20160330,16050,16350,15550,15800,250,42098,1918135,-495,8.27,3738,15800,15800,15800,15800,0,0
20160331,16000,16100,15250,15300,500,34608,1922656,4521,8.28,-19940,15300,15300,15300,15300,0,2
20160401,15300,15500,15150,15150,150,42970,1928253,5441,8.3,-12601,15150,15150,15150,15150,0,0
20160404,15250,16000,15250,15850,700,36699,1933519,5266,8.33,3759,15850,15850,15850,15850,0,0
20160405,15850,15900,15500,15600,250,21851,1932467,-1052,8.33,-2191,15600,15450,15450,15450,-150,1
20160406,15450,15750,15450,15750,150,19538,1927150,-5317,8.3,-3174,15750,15750,15750,15750,0,0
20160407,15700,15850,15500,15600,150,22253,1926700,-606,8.3,-6404,15600,15600,15600,15600,0,0
20160408,15500,15500,15200,15300,300,26646,1925293,-1407,8.3,-8497,15300,15300,15300,15300,0,1
20160411,15300,15400,15000,15250,50,30669,1921394,-3899,8.28,-5459,15250,15250,15250,15250,0,0
20160412,15150,15200,14700,14850,400,41041,1918439,-2955,8.27,-7535,14850,14850,14850,14850,0,0
20160414,14750,14950,14700,14950,100,34390,1921793,3354,8.28,-9598,14950,15000,14850,15000,50,97
20160415,14850,15300,14750,15200,250,26707,1925062,3269,8.3,-770,15200,15200,15200,15200,0,1
20160418,15150,15250,14800,14900,300,24577,1941148,16086,8.35,-2061,14900,14900,14900,14900,0,0
20160419,15000,15050,14750,15050,150,19081,1940522,-626,8.35,1790,15050,15050,15050,15050,0,5
20160420,15100,15600,15050,15500,450,42880,1950984,10462,8.4,7634,15500,15500,15500,15500,0,0
20160421,15600,15750,15450,15700,200,29095,1958104,7120,8.44,4737,15700,15700,15700,15700,0,2
20160422,15700,16000,15500,15850,150,22395,1961336,3232,8.45,6487,15850,15850,15850,15850,0,0
20160425,15700,15900,15500,15550,300,14232,1959386,-1950,8.44,-2683,15550,15600,15600,15600,50,1
20160426,15650,15750,15450,15500,50,18698,1960863,1295,8.45,-6141,15500,15600,15600,15600,100,1
20160427,15600,15750,15450,15500,0,10192,1959975,-888,8.45,-1670,15500,15500,15500,15500,0,0
20160428,15450,15750,15450,15750,250,30159,1966562,6587,8.47,-5420,15750,15750,15750,15750,0,0
20160429,15700,15700,15300,15500,250,18284,1961134,-5428,8.45,-786,15500,15500,15500,15500,0,0
20160502,15300,15500,15150,15250,250,16105,1958441,-3343,8.44,-1696,15250,15100,15100,15100,-150,10
20160503,15100,15400,15100,15300,50,21574,1959439,998,8.44,-75,15300,15300,15300,15300,0,0
20160504,15150,15250,14900,15000,300,23479,1954323,-5116,8.42,437,15000,15100,15100,15100,100,2
20160509,15200,15200,14850,15050,50,9686,1948415,-5908,8.4,389,15050,15050,15050,15050,0,0
20160510,15100,15200,14800,15100,50,11027,1950366,1951,8.4,233,15100,15100,15100,15100,0,0
20160511,15100,15300,14850,14950,150,14290,1949591,-775,8.4,-1748,14950,14950,14950,14950,0,0
20160512,14950,15150,14800,15150,200,17925,1957517,7926,8.44,-267,15150,15150,15150,15150,0,0
20160513,15200,15300,14950,15200,50,9299,1959930,2231,8.45,-1034,15200,15200,15200,15200,0,2
20160516,15050,15400,14800,14900,300,22141,1961203,1273,8.45,-3640,14900,14900,14900,14900,0,33
20160517,14850,15000,14400,14600,300,47992,1969624,8421,8.49,-7123,14600,14600,14600,14600,0,20
20160518,14650,14700,14000,14100,500,35666,1976271,6647,8.52,-13361,14100,14100,14100,14100,0,4
20160519,14000,14350,13950,14100,0,19022,1980704,4433,8.54,-9139,14100,14100,14100,14100,0,0
20160520,14100,14350,14000,14350,250,14023,1983494,2790,8.55,-1787,14350,14350,14350,14350,0,0
20160523,14350,14500,14150,14300,50,20845,1983953,459,8.55,-4069,14300,14500,14300,14300,0,639
20160524,14400,14400,14000,14100,200,15106,1980811,-3142,8.54,-3423,14100,14950,14150,14150,50,199
20160525,14150,14350,13850,13950,150,18298,1980658,-153,8.53,-1186,13950,14050,14050,14050,100,1
20160526,14050,14200,13850,13900,50,14948,1978332,-2326,8.52,862,13900,13900,13900,13900,0,1
20160527,14050,14300,13750,13800,100,38729,1969689,-8643,8.49,-2832,13800,13800,13800,13800,0,1
20160530,13900,14100,13800,14100,300,21360,1973150,3461,8.5,-114,14100,14100,14100,14100,0,0
20160531,14050,14300,13850,14200,100,16840,1973065,-85,8.5,5217,14200,14200,14200,14200,0,0
20160601,14050,14100,13850,14100,100,21446,1974224,1159,8.51,-6815,14100,14100,14100,14100,0,0
20160602,14350,14350,13850,14000,100,19729,1975408,1184,8.51,-5509,14000,14000,14000,14000,0,0
20160603,13950,14150,13850,14050,50,18921,1977311,1903,8.52,-5307,14050,14050,14050,14050,0,0
20160607,14050,14350,13900,14250,200,26781,1981769,4458,8.54,3350,14250,14250,14250,14250,0,17
20160608,14250,14700,13850,14650,400,46818,1978570,-3199,8.53,6283,14650,14650,14650,14650,0,1
20160609,14450,15200,14250,15200,550,89136,1962593,-15977,8.46,50773,15200,15200,15200,15200,0,423
20160610,15100,15150,14700,14750,450,26580,1955141,-7452,8.42,4930,14750,14750,14750,14750,0,0
20160613,14550,14750,14300,14350,400,15442,1950310,-4831,8.4,-807,14350,14350,14350,14350,0,0
20160614,14250,14300,13950,14100,250,31521,1940756,-9554,8.35,5898,14100,14100,14100,14100,0,8
20160615,14000,14200,13850,13950,150,24238,1937387,-4383,8.35,-4226,13950,13950,13950,13950,0,0
20160616,13950,14050,13450,13550,400,34832,1929377,-8010,8.3,-2239,13550,13500,13500,13500,-50,1
20160617,13600,13750,13400,13650,100,28966,1928582,-795,8.3,-6243,13650,13650,13650,13650,0,0
20160620,13650,14000,13550,13850,200,29190,1927021,-1561,8.3,-4523,13850,13850,13850,13850,0,0
20160621,13750,13850,13650,13700,150,9891,1927525,504,8.3,-3093,13700,13700,13700,13700,0,2
20160622,14050,14050,13700,13950,250,5449,1928069,544,8.3,1138,13950,13950,13950,13950,0,0
20160623,14000,14000,13700,13750,200,11367,1924185,-3884,8.29,1160,13750,13750,13750,13750,0,0
20160624,13750,13950,13250,13350,400,31240,1923521,-664,8.29,-897,13350,13350,13350,13350,0,0
20160627,13300,13400,12850,13100,250,24899,1924232,711,8.29,2431,13100,13100,13100,13100,0,0
20160628,13000,13700,12900,13350,250,15117,1922973,-1259,8.29,-109,13350,13350,13350,13350,0,0
20160629,13350,13600,13250,13400,50,21676,1923385,412,8.29,-5395,13400,13400,13400,13400,0,15
20160630,13500,13500,13250,13400,0,21213,1916965,-6420,8.26,-4481,13400,13700,13700,13700,300,100
20160701,13450,13750,13450,13650,250,10005,1918743,1934,8.27,-751,13650,13950,13950,13950,300,3
20160704,13700,13850,13600,13750,100,8029,1919976,1233,8.27,-299,13750,13750,13750,13750,0,0
20160705,13650,13850,13500,13800,50,9433,1917970,-2006,8.26,397,13800,13800,13800,13800,0,3
20160706,13800,13850,13600,13850,50,25861,1914876,-3614,8.25,15126,13850,13850,13850,13850,0,1
20160707,13800,14000,13600,13900,50,14188,1915284,408,8.25,472,13900,13900,13900,13900,0,0
20160708,13800,14000,13600,13800,100,15157,1917112,1828,8.26,2837,13800,13800,13800,13800,0,0
20160711,14050,14050,13700,13950,150,10948,1917349,237,8.26,3019,13950,13950,13950,13950,0,0
20160712,13700,14050,13700,14000,50,10511,1917339,-10,8.26,-236,14000,14000,14000,14000,0,0
20160713,14000,14100,13800,13850,150,9754,1917358,19,8.26,-1514,13850,13850,13850,13850,0,0
20160714,13950,13950,13550,13700,150,11946,1917198,-160,8.26,265,13700,13700,13700,13700,0,0
20160715,14000,14000,13600,13900,200,21858,1922427,5229,8.28,340,13900,13900,13900,13900,0,6
20160718,13900,14200,13800,14050,150,17704,1925855,2856,8.3,2949,14050,14050,14050,14050,0,0
20160719,14200,14200,14000,14050,0,15536,1926778,923,8.3,498,14050,14050,14050,14050,0,0
20160720,14000,14150,13950,14100,50,9394,1926164,-614,8.3,220,14100,14200,14100,14200,100,4
20160721,14050,14150,13750,13900,200,16892,1925070,-1666,8.3,3779,13900,13900,13900,13900,0,0
20160722,13900,14150,13850,14150,250,12151,1925497,427,8.3,4464,14150,14150,14150,14150,0,0
20160725,14150,14200,13850,13900,250,14355,1922025,-3472,8.28,2766,13900,13900,13900,13900,0,0
20160726,13900,14050,13800,14000,100,11513,1920243,-1782,8.27,6946,14000,14000,14000,14000,0,0
20160727,14050,14100,13650,13700,300,22217,1918155,-2088,8.27,-2015,13700,13700,13700,13700,0,3
20160728,13700,13800,13600,13600,100,19551,1923079,4924,8.29,-339,13600,13500,13500,13500,-100,52
20160729,13650,13750,13400,13650,50,22068,1918239,-4840,8.27,-1722,13650,13650,13650,13650,0,0
20160801,13600,13750,13400,13400,250,14240,1919051,812,8.27,-328,13400,13400,13400,13400,0,0
20160802,13500,13500,13200,13300,100,24538,1914383,-5214,8.25,-834,13300,13300,13300,13300,0,0
20160803,13200,13450,13100,13200,100,14795,1911876,-2507,8.24,-5169,13200,13200,13200,13200,0,0
20160804,13200,13600,13050,13250,50,48131,1908334,-3542,8.22,-15844,13250,13250,13250,13250,0,201
20160805,13200,13450,12950,13000,250,44005,1912325,3991,8.24,-16497,13000,13100,13100,13100,100,2
20160808,12900,13150,12900,13000,0,35348,1912648,323,8.24,-10872,13000,13000,13000,13000,0,0
20160809,13000,13200,12900,13150,150,30915,1915952,2732,8.26,-12250,13150,13200,13200,13200,50,1
20160810,13200,13200,12950,13050,100,22827,1911142,-4810,8.24,-3415,13050,13050,13050,13050,0,0
20160811,13100,13200,12950,13000,50,20345,1911412,270,8.24,-2264,13000,13000,13000,13000,0,1
20160812,13000,13650,13000,13600,600,40899,1915972,4560,8.26,-4670,13600,13600,13600,13600,0,0
20160816,13600,13700,13450,13650,50,13960,1914378,-1594,8.25,896,13650,13650,13650,13650,0,0
20160817,13450,13650,13350,13500,150,13540,1915293,915,8.25,2171,13500,13550,13400,13400,-100,72
20160818,13500,13600,13300,13350,150,11625,1912302,-2991,8.24,-2494,13350,13350,13350,13350,0,0
20160819,13500,13550,12700,13050,300,33229,1907096,-5206,8.22,-2291,13050,13050,13050,13050,0,1
20160822,13000,13050,12800,12850,200,14456,1899425,-8243,8.18,-1177,12850,12850,12850,12850,0,1
20160823,12900,13450,12750,12950,100,16335,1894851,-4574,8.17,-1797,12950,12950,12950,12950,0,0
20160824,13150,13150,12850,13050,100,17134,1887906,-6945,8.14,-179,13050,13050,13050,13050,0,0
20160825,13150,13150,12750,12800,250,30548,1878912,-9150,8.1,-4300,12800,12900,12900,12900,100,16
20160826,12800,12900,12600,12850,50,16063,1871338,-8146,8.06,1048,12850,12850,12850,12850,0,2
20160829,12850,12900,12500,12650,200,14854,1863655,-7683,8.03,652,12650,12650,12650,12650,0,1
20160830,12550,13050,12550,12850,200,13316,1856899,-6756,8.0,1623,12850,12850,12850,12850,0,0
20160831,12650,12950,12600,12650,200,10500,1851561,-5338,7.98,88,12650,12650,12650,12650,0,0
20160901,12650,12750,12400,12500,150,25369,1840273,-11288,7.93,5080,12500,12500,12500,12500,0,1
20160902,12500,12700,12300,12550,50,23738,1833872,-6401,7.9,-1583,12550,12450,12450,12450,-100,100
20160905,12600,12900,12600,12900,350,14391,1830560,-3312,7.89,2177,12900,12900,12900,12900,0,0
20160906,12750,13000,12600,12600,300,18548,1826292,-4268,7.87,-4745,12600,12700,12700,12700,100,1
20160907,12700,12900,12600,12800,200,15437,1820153,-6139,7.84,3362,12800,12800,12800,12800,0,0
20160908,12800,12950,12700,12800,0,10633,1818450,-1703,7.84,-251,12800,12800,12800,12800,0,0
20160909,12800,12850,12400,12700,100,23407,1809279,-9171,7.8,-481,12700,12750,12700,12700,0,11
20160912,12550,12750,12250,12300,400,24307,1801003,-8276,7.76,2727,12300,12300,12250,12300,0,30
20160913,12450,12500,12250,12450,150,28349,1792116,-8887,7.72,-5305,12450,12650,12650,12650,200,2
20160919,12550,12550,12200,12350,100,15813,1784757,-7359,7.69,-2907,12350,12400,12400,12400,50,1
20160920,12350,12650,12250,12500,150,26649,1776848,-7909,7.66,-3353,12500,12750,12750,12750,250,1
20160921,12400,12700,12400,12550,50,10094,1774964,-1884,7.65,-802,12550,12550,12550,12550,0,0
20160922,12700,12800,12550,12700,150,11846,1776007,1056,7.65,-335,12700,12700,12700,12700,0,0
20160923,12800,13000,12600,12850,150,18061,1772289,-3718,7.64,2531,12850,12850,12850,12850,0,0
20160926,12850,13000,12700,12750,100,9952,1771045,-1738,7.63,528,12750,12750,12750,12750,0,0
20160927,12650,12950,12650,12850,100,8603,1767680,-3365,7.62,965,12850,12850,12850,12850,0,0
20160928,12850,13000,12700,12750,100,7037,1764889,-2791,7.61,525,12750,12750,12750,12750,0,0
20160929,12750,13000,12650,12950,200,7524,1765321,302,7.61,668,12950,12950,12950,12950,0,0
20160930,12800,12850,12450,12450,500,17771,1757864,-7457,7.57,-2454,12450,12450,12450,12450,0,0
20161004,12400,12750,12400,12550,100,8658,1755348,-2516,7.56,-630,12550,12550,12550,12550,0,0
20161005,12450,12750,12350,12450,100,23773,1749012,-6336,7.54,-4100,12450,12450,12450,12450,0,0
20161006,12400,12450,12150,12200,250,38637,1738614,-10398,7.49,-2935,12200,12200,12200,12200,0,1
20161007,12150,12400,12100,12350,150,30575,1727094,-11520,7.43,4315,12350,12350,12350,12350,0,1
20161010,12250,12750,12250,12600,250,21589,1724993,-2101,7.43,8071,12600,12600,12600,12600,0,0
20161011,12700,12850,12350,12450,150,24776,1713633,-11360,7.38,6669,12450,12500,12500,12500,50,40
20161012,12550,12750,12500,12550,100,14339,1709070,-4563,7.36,8503,12550,12550,12550,12550,0,0
20161013,12750,12750,12350,12450,100,22375,1695658,-13412,7.31,-1688,12450,12450,12450,12450,0,0
20161014,12450,12750,12300,12750,300,22108,1690049,-5609,7.28,7142,12750,12750,12750,12750,0,150
20161017,12700,12700,12350,12400,350,22833,1683371,-6678,7.25,-1830,12400,12400,12400,12400,0,0
20161018,12500,12500,12150,12250,150,19123,1681578,-1793,7.25,-101,12250,12300,12300,12300,50,1
20161019,12300,12400,12200,12300,50,10852,1681012,-566,7.24,-1817,12300,12300,12300,12300,0,0
20161020,12300,12350,12150,12300,0,9992,1681762,750,7.25,-3950,12300,12300,12300,12300,0,0
20161021,12300,12300,11800,11900,400,75255,1662831,-18931,7.17,-401,11900,11950,11850,11850,-50,106
20161024,11900,11900,11550,11550,350,51093,1661433,-1398,7.16,516,11550,11650,11600,11650,100,2
20161025,11650,11650,11400,11600,50,17701,1656953,-4480,7.14,1381,11600,11600,11600,11600,0,1
20161026,11700,11700,11300,11300,300,21169,1652306,-4647,7.12,-292,11300,11300,11300,11300,0,0
20161027,11300,11600,11300,11450,150,14446,1651586,-720,7.12,-549,11450,11450,11450,11450,0,0
20161028,11500,12000,11500,11750,300,38989,1650071,-1515,7.11,755,11750,11750,11750,11750,0,2
20161031,11750,12050,11750,11950,200,23389,1652198,2127,7.12,2278,11950,11950,11950,11950,0,0
20161101,11900,12000,11550,11600,350,13049,1649227,-2971,7.11,489,11600,11600,11600,11600,0,6
20161102,11600,11600,11000,11150,450,50595,1646909,-2318,7.09,-513,11150,11150,11150,11150,0,8
20161103,11000,11350,11000,11200,50,23053,1650176,3267,7.11,2860,11200,11200,11200,11200,0,0
20161104,11350,11450,11200,11450,250,17672,1648961,-1215,7.11,1937,11450,11350,11350,11350,-100,1
20161107,11600,11600,11300,11300,150,20248,1648564,-397,7.09,-9014,11300,11300,11300,11300,0,0
20161108,11350,11900,11300,11850,550,45334,1649476,-388,7.11,-2068,11850,11850,11850,11850,0,0
20161109,11950,11950,11350,11950,100,61999,1637310,-12166,7.06,6547,11950,11950,11950,11950,0,0
20161110,12050,12300,12000,12200,250,37775,1634164,-3146,7.04,4686,12200,12250,12200,12250,50,36
20161111,12200,12350,12100,12350,150,18639,1637620,3456,7.06,6126,12350,12350,12350,12350,0,17
20161114,12400,12800,12400,12750,400,47465,1645938,9462,7.09,20382,12750,12800,12800,12800,50,27
20161115,12750,12950,12500,12850,100,63012,1638569,-7369,7.06,23011,12850,12950,12850,12950,100,102
20161116,12850,13000,12700,12950,100,35903,1633683,-4886,7.04,23220,12950,12950,12950,12950,0,0
20161117,12850,13100,12800,12850,100,32079,1630362,-3321,7.03,21591,12850,12850,12850,12850,0,1
20161118,12750,12950,12550,12850,0,16499,1633544,3182,7.04,1107,12850,12850,12850,12850,0,0
20161121,12900,12900,12300,12400,450,14386,1633328,-216,7.04,-8415,12400,12400,12400,12400,0,3
20161122,12550,12650,12150,12350,50,19764,1642231,8903,7.08,-14797,12350,12350,12350,12350,0,0
20161123,12450,12550,11950,11950,400,62735,1656533,14302,7.14,-28812,11950,11950,11950,11950,0,2
20161124,12050,12350,11800,11900,50,43348,1657325,792,7.14,-25933,11900,11900,11900,11900,0,0
20161125,11750,12000,11600,11950,50,36393,1660719,3394,7.16,-27393,11950,11950,11950,11950,0,0
20161128,12200,12200,11800,12100,150,14142,1660778,59,7.16,-2825,12100,12100,12100,12100,0,1
20161129,11900,12200,11900,12200,100,11568,1661371,1074,7.16,-1453,12200,12200,12200,12200,0,0
20161130,12200,12300,12050,12200,0,8827,1662040,669,7.16,-2401,12200,12200,12200,12200,0,0
20161201,12200,12200,11850,12100,100,8668,1661582,-458,7.16,-2625,12100,12100,12100,12100,0,0
20161202,12100,12500,11900,12400,300,24850,1663165,1583,7.17,8435,12400,12250,12250,12250,-150,210
20161205,12600,12600,11800,12050,350,21600,1656226,-6289,7.14,-4955,12050,12000,12000,12000,-50,2
20161206,12100,12350,12050,12150,100,24096,1657253,1027,7.14,-5206,12150,12150,12150,12150,0,0
20161207,12000,12300,11900,12150,0,15988,1662674,6409,7.16,-5950,12150,12150,12150,12150,0,0
20161208,12150,12150,11750,12150,0,23550,1663580,906,7.17,-8721,12150,12150,12150,12150,0,0
20161209,12150,12150,11900,12100,50,7235,1660758,-2172,7.16,-691,12100,12100,12100,12100,0,0
20161212,12100,12250,11950,12250,150,27839,1661741,983,7.16,-2448,12250,12250,12250,12250,0,0
20161213,12300,12350,12050,12200,50,17693,1664278,2537,7.17,-9289,12200,12200,12200,12200,0,0
20161214,12200,12200,12000,12150,50,13068,1663755,127,7.17,-5238,12150,12150,12150,12150,0,1
20161215,12100,12250,12000,12250,100,15088,1664984,1229,7.17,-3494,12250,12200,12150,12150,-100,37
20161216,12150,12250,11950,12150,100,34560,1663934,-764,7.17,5304,12150,12150,12150,12150,0,0
20161219,12200,12250,12050,12250,100,10409,1663559,-375,7.17,-2516,12250,12200,12200,12200,-50,1
20161220,12150,12350,12150,12350,100,24450,1662608,-951,7.16,-1569,12350,12350,12350,12350,0,0
20161221,12350,12400,12200,12300,50,16878,1664195,1626,7.17,-1780,12300,12200,12200,12200,-100,92
20161222,12350,12400,12250,12400,100,23570,1664975,780,7.17,1165,12400,12400,12400,12400,0,1
20161223,12400,12500,12300,12400,0,15922,1667002,2443,7.18,2197,12400,12400,12400,12400,0,0
20161226,12400,12600,12350,12600,200,34744,1629395,-37607,7.02,7073,12600,12650,12650,12650,50,16
20161227,12600,12750,12450,12600,0,36612,1634501,5106,7.04,10752,12600,12600,12600,12600,0,0
20161228,12500,12600,12350,12350,250,17012,1633176,-1325,7.04,-4127,12350,12350,12350,12350,0,0
20161229,12450,12500,12250,12450,100,8431,1632259,-917,7.03,-624,12450,12450,12450,12450,0,0
20170102,12500,12600,12400,12400,50,11650,1635385,3126,7.04,411,12400,12550,12400,12550,150,12
20170103,12450,12750,12400,12650,250,17194,1662027,26642,7.16,-4960,12650,12750,12750,12750,100,1
20170104,12750,12750,12350,12550,100,16506,1654992,-7035,7.13,-2347,12550,12550,12550,12550,0,0
20170105,12500,12600,12300,12500,50,11191,1649575,-5417,7.11,-549,12500,12500,12500,12500,0,0
20170106,12500,12500,12200,12350,150,13034,1646485,-3090,7.09,-5195,12350,12350,12350,12350,0,0
20170109,12400,12400,11950,12000,350,29787,1637385,-9100,7.06,-2632,12000,12000,12000,12000,0,0
20170110,11950,12050,11750,11900,100,20723,1633695,-3690,7.04,-845,11900,11900,11900,11900,0,0
20170111,11900,12000,11800,11850,50,24991,1627086,-6609,7.01,-3590,11850,11850,11850,11850,0,1
20170112,11900,11900,11650,11800,50,26425,1621119,-5967,6.99,-1126,11800,11800,11800,11800,0,3
20170113,11800,12000,11700,11900,100,13948,1618039,-3080,6.97,1193,11900,11900,11900,11900,0,0
20170116,12050,12100,11750,12000,100,16307,1614999,-3040,6.96,3830,12000,12000,12000,12000,0,2
20170117,12100,12100,11850,12050,50,14087,1613943,-1056,6.95,51,12050,12050,12050,12050,0,0
20170118,12050,12150,11950,12100,50,7991,1613232,-711,6.95,704,12100,12100,12100,12100,0,0
20170119,12000,12150,11750,11750,350,18484,1608037,-5195,6.93,-2131,11750,11750,11750,11750,0,0
20170120,11750,12050,11700,11900,150,12201,1605558,-2479,6.92,2940,11900,11900,11900,11900,0,0
20170123,11800,12000,11800,11850,50,6201,1604122,-1436,6.91,-278,11850,11850,11850,11850,0,0
20170124,11950,12050,11500,11650,200,19673,1602442,-1680,6.91,-1713,11650,11650,11650,11650,0,0
20170125,11650,11650,11400,11450,200,21257,1597098,-5344,6.88,-4223,11450,11450,11450,11450,0,0
20170126,11550,11550,11200,11250,200,29934,1593956,-3142,6.87,-2708,11250,11250,11250,11250,0,0
20170131,11250,11250,10900,10950,300,46585,1584511,-9445,6.83,-1446,10950,10950,10950,10950,0,2
20170201,10950,11450,10900,11450,500,17881,1587389,2878,6.84,-309,11450,11450,11450,11450,0,0
20170202,11450,11450,11300,11400,50,11171,1586778,-611,6.84,-1604,11400,11400,11400,11400,0,0
20170203,11450,11450,11150,11350,50,11331,1588075,457,6.84,743,11350,11350,11350,11350,0,0
20170206,11600,11600,11350,11400,50,8818,1588488,413,6.84,-596,11400,11650,11600,11600,200,12
20170207,11500,11600,11200,11400,0,12641,1587170,-1318,6.84,124,11400,11400,11400,11400,0,0
20170208,11400,11700,11100,11600,200,23484,1583163,-4007,6.82,562,11600,11600,11600,11600,0,0
20170209,11600,11650,11400,11650,50,7252,1583972,809,6.83,-1319,11650,11650,11650,11650,0,0
20170210,11650,11900,11550,11850,200,19278,1587897,2965,6.84,8804,11850,11800,11800,11800,-50,1
20170213,11800,12100,11750,11900,50,17574,1587597,-300,6.84,7138,11900,11900,11900,11900,0,0
20170214,12000,12050,11850,11950,50,9221,1585604,-1993,6.83,4901,11950,11950,11950,11950,0,0
20170215,11900,12100,11850,12050,100,17083,1583232,-2372,6.82,2661,12050,12050,12050,12050,0,0
20170216,12000,12000,11650,11700,350,15695,1580438,-2782,6.8,-3225,11700,11700,11650,11700,0,2
20170217,11700,11750,11350,11650,50,20280,1582112,1674,6.82,-956,11650,11650,11650,11650,0,0
20170220,11700,11700,11450,11650,0,8537,1582027,-205,6.82,-4101,11650,11650,11650,11650,0,0
20170221,11700,12000,11650,11800,150,11867,1581476,-551,6.8,-1077,11800,11800,11800,11800,0,0
20170222,11800,11800,11600,11700,100,7664,1580300,-1176,6.8,-2157,11700,11700,11700,11700,0,0
20170223,11750,11800,11450,11600,100,23402,1573323,-6977,6.78,475,11600,11600,11600,11600,0,0
20170224,11600,11700,11450,11700,100,13752,1575051,1728,6.79,1592,11700,11700,11700,11700,0,0
20170227,11700,11900,11650,11750,50,9408,1574686,-365,6.79,2151,11750,11750,11750,11750,0,0
20170228,11750,11750,11550,11700,50,11206,1573738,-948,6.78,-2398,11700,11700,11700,11700,0,0
20170302,11700,11850,11600,11600,100,15595,1575490,1752,6.79,-5345,11600,11600,11600,11600,0,0
20170303,11600,11750,11500,11650,50,12431,1571913,-3577,6.77,-861,11650,11650,11650,11650,0,0
20170306,11500,11650,11300,11500,150,16886,1573875,1962,6.78,-2794,11500,11500,11500,11500,0,0
20170307,11550,11700,11400,11550,50,5843,1574515,400,6.78,-455,11550,11450,11450,11450,-100,390
20170308,11550,11700,11400,11500,50,17706,1576329,1814,6.79,-1143,11500,11500,11500,11500,0,0
20170309,11500,11650,11400,11650,150,16397,1585159,8830,6.83,-2465,11650,11650,11650,11650,0,0
20170310,11650,11650,11300,11400,250,31099,1567993,-17166,6.75,-4042,11400,11450,11450,11450,50,10
20170313,11400,11500,11350,11450,50,10827,1568347,-126,6.75,-507,11450,11400,11400,11400,-50,1
20170314,11400,11500,11150,11250,200,30785,1564127,-4220,6.74,-3507,11250,11250,11200,11250,0,53
20170315,11200,11450,11200,11250,0,12553,1562682,-1445,6.73,-1564,11250,11250,11250,11250,0,0
20170316,11350,11400,11200,11350,100,19216,1563235,553,6.74,-1885,11350,11350,11350,11350,0,0
20170317,11350,11400,11150,11150,200,30135,1543367,-20396,6.65,-1444,11150,11200,11200,11200,50,1
20170320,11200,11200,11150,11200,50,10717,1557287,13920,6.71,-3538,11200,11200,11200,11200,0,0
20170321,11150,11250,11050,11100,100,22486,1550136,-7151,6.68,-2670,11100,11100,11100,11100,0,0
20170322,11050,11200,11000,11000,100,26947,1541832,-8304,6.64,-4906,11000,11000,11000,11000,0,0
20170323,11000,11150,10950,11100,100,27678,1533683,-8149,6.61,282,11100,11100,11100,11100,0,0
20170324,11100,11300,11050,11200,100,21114,1534733,570,6.61,-10110,11200,11300,11300,11300,100,2
20170327,11100,11350,11000,11200,0,30319,1530970,-3763,6.6,-9346,11200,11200,11200,11200,0,0
20170328,11250,11300,11050,11200,0,23739,1530942,-136,6.6,-2817,11200,11200,11200,11200,0,0
20170329,11200,11200,11000,11050,150,26535,1529335,-1607,6.59,-9635,11050,11050,11050,11050,0,0
20170330,11150,11200,10950,11100,50,38129,1522275,-7780,6.56,-15094,11100,11100,11100,11100,0,0
20170331,11100,11450,11100,11450,350,29390,1521997,-278,6.56,-1706,11450,11450,11450,11450,0,0
20170403,11300,11400,11150,11200,250,22166,1518018,-3979,6.54,-3487,11200,11200,11200,11200,0,27
20170404,11150,11300,11100,11150,50,15450,1517634,-480,6.54,-5204,11150,11150,11150,11150,0,0
20170405,11200,11250,11050,11100,50,24219,1510289,-7429,6.51,-9434,11100,11100,11100,11100,0,0
20170406,11050,11200,11000,11050,50,27655,1499723,-10518,6.46,-8321,11050,11100,11100,11100,50,15
20170407,11050,11150,10950,11000,50,29824,1490444,-9279,6.41,-3880,11000,11100,11050,11100,100,15
20170410,10950,11050,10800,10800,200,27457,1483884,-6560,6.39,-2508,10800,11150,11150,11150,350,1
20170411,10850,10900,10700,10800,0,20359,1477967,-5917,6.37,-1386,10800,10800,10800,10800,0,0
20170412,10750,10850,10650,10800,0,21819,1472223,-5648,6.34,-2812,10800,10850,10850,10850,50,12
20170413,10700,11000,10700,10950,150,22509,1483207,10984,6.39,-1242,10950,10950,10950,10950,0,2
20170414,10800,10950,10750,10800,150,18288,1479202,-4485,6.37,-3267,10800,10850,10850,10850,50,5
20170417,10800,11100,10750,11100,300,32215,1475371,-3831,6.36,-2208,11100,11050,11050,11050,-50,1
20170418,11100,11200,10900,11150,50,26476,1471985,-3386,6.34,2452,11150,11150,11150,11150,0,0
20170419,11050,11150,10950,11050,100,26171,1464339,-7586,6.31,-2223,11050,11050,11050,11050,0,0
20170420,11000,11150,10950,11100,50,27327,1469747,4028,6.33,5294,11100,11050,11050,11050,-50,2
20170421,11150,11350,11100,11300,200,41089,1469654,-993,6.33,5245,11300,11300,11250,11250,-50,2
20170424,11250,11300,11100,11150,150,16671,1467914,-1740,6.33,1896,11150,11150,11150,11150,0,0
20170425,11150,11200,11050,11200,50,22132,1459558,-8596,6.29,-5465,11200,11200,11200,11200,0,0
20170426,11250,11250,11150,11250,50,8479,1459159,-399,6.29,613,11250,11250,11250,11250,0,0
20170427,11250,11300,11100,11150,100,12410,1457301,-1858,6.28,-3925,11150,11100,11050,11100,-50,13
20170428,11100,11100,11000,11100,50,14202,1452664,-4637,6.26,-2297,11100,11100,11100,11100,0,0
20170502,11050,11300,11050,11250,150,12565,1449692,-2972,6.25,514,11250,11250,11250,11250,0,1
20170504,11150,11300,11000,11200,50,23671,1453061,3369,6.26,-779,11200,11200,11200,11200,0,0
20170508,11150,11350,11150,11350,150,19520,1449249,-3620,6.24,836,11350,11350,11350,11350,0,0
20170510,11250,11550,11250,11250,100,41362,1440836,-7489,6.21,3104,11250,11250,11250,11250,0,0
20170511,11250,11500,11200,11500,250,30902,1435090,-5506,6.18,10617,11500,11650,11650,11650,150,2
20170512,11500,11550,11300,11400,100,30743,1427223,-7867,6.15,-6105,11400,11550,11550,11550,150,1
20170515,11400,11700,11350,11550,150,38105,1419036,-7719,6.11,-1177,11550,11550,11550,11550,0,0
20170516,11550,11750,11550,11750,200,51028,1404428,-14608,6.05,-6359,11750,11750,11750,11750,0,4
20170517,11650,11900,11550,11850,100,46195,1394877,-9551,6.01,-1605,11850,11800,11700,11800,-50,162
20170518,11650,11800,11450,11550,300,82190,1367010,-27579,5.89,-23087,11550,11550,11550,11550,0,250
20170519,11700,12050,11600,11800,250,81103,1352022,-14868,5.83,-4702,11800,11800,11800,11800,0,0
20170522,11800,11950,11650,11700,100,53061,1348833,-2805,5.81,-6185,11700,11700,11700,11700,0,50
20170523,11650,11850,11550,11700,0,27513,1341140,-7693,5.78,-4040,11700,11700,11700,11700,0,0
20170524,11750,11850,11600,11850,150,36942,1335105,-6035,5.75,-1704,11850,11900,11900,11900,50,32
20170525,11850,12100,11800,12050,200,63902,1328183,-6898,5.72,-1124,12050,12050,12050,12050,0,32
20170526,12100,12100,11900,11900,150,27086,1328910,727,5.73,-1511,11900,11900,11900,11900,0,0
20170529,11900,12050,11600,11750,150,71508,1338439,9649,5.77,-1106,11750,11700,11700,11700,-50,30
20170530,11900,11900,11750,11750,0,32861,1334972,-3467,5.75,-7105,11750,11750,11750,11750,0,0
20170531,11800,12050,11700,11800,50,87883,1329717,-5255,5.73,227,11800,11800,11800,11800,0,0
20170601,11900,12000,11800,11900,100,20443,1312035,-17682,5.65,-121,11900,11900,11900,11900,0,0
20170602,11850,12150,11800,12100,200,61973,1290322,-21713,5.56,8547,12100,12100,12100,12100,0,0
20170605,12150,12200,11700,11750,350,70139,1271444,-18878,5.48,-12231,11750,11750,11750,11750,0,0
20170607,11800,12000,11600,11650,100,88974,1258892,-12552,5.42,-19729,11650,11650,11650,11650,0,0
20170608,11700,12150,11600,12150,500,257542,1363252,104360,5.87,-101055,12150,12150,12000,12000,-150,1259
20170609,12200,12400,12000,12400,250,127404,1379730,16478,5.95,-36443,12400,12500,12500,12500,100,2
20170612,12300,12400,11950,12100,300,36420,1376219,-3511,5.93,-3626,12100,12100,12100,12100,0,2
20170613,12050,12100,11950,12100,0,19738,1370670,-5549,5.91,-1969,12100,12100,12100,12100,0,0
20170614,12150,12150,11950,12000,100,26054,1356388,-14282,5.84,-1966,12000,12000,12000,12000,0,0
20170615,12100,12100,11800,11950,50,32826,1351325,-5063,5.82,-2024,11950,11950,11950,11950,0,0
20170616,12000,12000,11800,11950,0,32008,1340921,-10404,5.78,-1992,11950,11950,11950,11950,0,0
20170619,11950,12000,11750,11950,0,37138,1336511,-4410,5.76,-2531,11950,11950,11950,11950,0,9
20170620,11950,12000,11850,12000,50,33177,1337466,955,5.76,-4396,12000,12000,12000,12000,0,0
20170621,12000,12000,11750,11850,150,33291,1329508,-7958,5.73,-2364,11850,11850,11850,11850,0,0
20170622,11750,12100,11700,12100,250,50530,1316956,-12552,5.67,18819,12100,12100,12100,12100,0,0
20170623,12150,12150,11800,11900,200,24534,1311483,-5473,5.65,-2585,11900,11900,11900,11900,0,0
20170626,12000,12000,11700,11750,150,25444,1305946,-5537,5.63,-4558,11750,11750,11750,11750,0,4
20170627,11750,11800,11650,11700,50,19524,1302437,-3509,5.61,-2364,11700,11700,11700,11700,0,3
20170628,11700,11850,11600,11750,50,18681,1298103,-4334,5.59,-2357,11750,11750,11750,11750,0,0
20170629,11650,11750,11450,11600,150,75475,1294947,-3156,5.58,-22346,11600,11600,11600,11600,0,0
20170630,11600,11700,11400,11550,50,41058,1300317,5370,5.6,-13048,11550,11550,11550,11550,0,0
20170703,11550,11550,11400,11550,0,21773,1300255,-62,5.6,-8721,11550,11550,11550,11550,0,1
20170704,11550,11650,11450,11500,50,10258,1297272,-2983,5.59,-950,11500,11500,11500,11500,0,6
20170705,11500,11550,11400,11400,100,8427,1294365,-2907,5.58,-2173,11400,11400,11400,11400,0,0
20170706,11500,11500,11300,11500,100,13703,1291971,-2394,5.57,-2681,11500,11500,11500,11500,0,0
20170707,11500,11500,11350,11400,100,14359,1286797,-5174,5.54,-1335,11400,11400,11400,11400,0,0
20170710,11350,11350,10900,10950,450,70740,1286773,-24,5.54,-6176,10950,11000,10900,10950,0,108
20170711,10950,11100,10950,11050,100,24690,1285969,-804,5.54,-2676,11050,11050,11050,11050,0,3
20170712,11000,11150,10900,10900,150,20716,1286594,625,5.54,-2678,10900,10900,10900,10900,0,37
20170713,11000,11150,11000,11050,150,20321,1285263,-1331,5.54,-2635,11050,11050,11050,11050,0,0
20170714,11100,11100,10900,10950,100,8792,1284801,-462,5.54,-2676,10950,10950,10950,10950,0,0
20170717,11000,11150,11000,11000,50,15379,1285232,431,5.54,-2676,11000,11000,11000,11000,0,4
20170718,11100,11250,11050,11150,150,20448,1283720,-1512,5.53,-2905,11150,11050,11050,11050,-100,25
20170719,11200,11200,10900,11100,50,30630,1280278,-3442,5.52,4844,11100,11100,11100,11100,0,0
20170720,11100,11300,11000,11250,150,15840,1279202,-1076,5.51,-1370,11250,11250,11250,11250,0,0
20170721,11250,11300,11150,11200,50,11797,1277928,-1274,5.51,-3851,11200,11200,11200,11200,0,0
20170724,11200,11450,11150,11350,150,25791,1275272,-2656,5.5,4583,11350,11350,11350,11350,0,0
20170725,11350,11400,11200,11300,50,11335,1263845,-11427,5.45,-1370,11300,11300,11300,11300,0,2
20170726,11200,11400,11200,11300,0,15388,1266374,2529,5.46,-1384,11300,11300,11300,11300,0,0
20170727,11300,11650,11200,11600,300,39632,1264542,-1832,5.45,337,11600,11600,11600,11600,0,0
20170728,11600,11700,11400,11550,50,32702,1263905,-637,5.45,-6235,11550,11550,11550,11550,0,0
20170731,11550,11600,11400,11550,0,17686,1265334,1429,5.45,-2051,11550,12000,12000,12000,450,1
20170801,11500,11600,11450,11600,50,18592,1263594,-1740,5.44,-1470,11600,11600,11600,11600,0,0
20170802,11650,11650,11500,11600,0,6975,1262536,-1058,5.44,-890,11600,11600,11600,11600,0,0
20170803,11500,11550,11350,11450,150,14714,1265501,2965,5.45,-1711,11450,11450,11450,11450,0,0
20170804,11500,11550,11200,11400,50,17851,1256428,-9073,5.41,-1364,11400,11400,11400,11400,0,0
20170807,11400,11450,11200,11300,100,10480,1256912,484,5.42,-1715,11300,11300,11300,11300,0,0
20170808,11250,11400,11150,11200,100,25302,1257520,608,5.42,-1715,11200,11150,11150,11150,-50,175
20170809,11200,11300,11100,11200,0,12828,1257148,-372,5.42,-2432,11200,11200,11200,11200,0,1
20170810,11200,11400,11200,11400,200,19544,1255822,-1326,5.41,5840,11400,11450,11450,11450,50,3
20170811,11200,11200,11100,11150,250,17485,1253903,-1919,5.4,-1500,11150,11150,11150,11150,0,0
20170814,11150,11350,11050,11300,150,21924,1251087,-2816,5.39,4777,11300,11300,11300,11300,0,0
20170816,11300,11700,11300,11600,300,67270,1249432,-1655,5.38,3133,11600,11600,11600,11600,0,2
20170817,11600,11700,11550,11600,0,11406,1250125,693,5.39,319,11600,11600,11600,11600,0,1
20170818,11550,11700,11450,11500,100,6884,1249996,-129,5.39,-935,11500,11500,11500,11500,0,0
20170821,11600,11600,11400,11550,50,15531,1250877,881,5.39,-1719,11550,11550,11550,11550,0,0
20170822,11600,11750,11500,11650,100,20489,1249968,-909,5.39,-1715,11650,11650,11650,11650,0,1
20170823,11700,11750,11450,11550,100,15700,1248790,-1178,5.38,-1720,11550,11550,11550,11550,0,0
20170824,11550,11900,11500,11750,200,46735,1254116,5326,5.4,-3087,11750,11750,11750,11750,0,0
20170825,11850,11850,11650,11700,50,7556,1253450,-666,5.4,-1193,11700,11700,11700,11700,0,0
20170828,11650,11800,11550,11550,150,7525,1252812,-638,5.4,-1029,11550,11600,11600,11600,50,2
20170829,11700,11700,11500,11550,0,5750,1251967,-845,5.39,-709,11550,11550,11550,11550,0,0
20170830,11600,11700,11500,11650,100,6580,1251806,-161,5.39,-1338,11650,11650,11650,11650,0,0
20170831,11600,11700,11400,11500,150,17575,1245967,-5839,5.37,-2028,11500,11500,11500,11500,0,0
20170901,11400,11600,11350,11400,100,14378,1251602,5635,5.39,-1325,11400,11400,11400,11400,0,0
20170904,11000,11350,11000,11150,250,35119,1245230,-6372,5.37,-2274,11150,11100,11050,11050,-100,7
20170905,11200,11200,11050,11150,0,21021,1239597,-5633,5.34,-3979,11150,11200,11150,11200,50,14
20170906,11150,11200,11000,11150,0,20003,1235316,-4281,5.32,-1720,11150,11150,11150,11150,0,0
20170907,11150,11400,11150,11350,200,19031,1231266,-4050,5.31,-3268,11350,11350,11350,11350,0,1
20170908,11250,11350,11100,11200,150,10649,1228833,-2433,5.3,2182,11200,11150,11150,11150,-50,1
20170911,11200,11250,11050,11150,50,7189,1227710,-1123,5.29,-776,11150,11150,11150,11150,0,0
20170912,11150,11150,11000,11000,150,19752,1222785,-4925,5.27,-1708,11000,11050,11050,11050,50,1
20170913,11050,11100,10900,11000,0,20555,1212669,-10116,5.23,-1733,11000,10950,10950,10950,-50,2
20170914,10950,11050,10800,11000,0,23999,1210808,-1861,5.22,-1623,11000,11100,10900,11100,100,3
20170915,11000,11050,10900,10950,50,111164,1197386,-13422,5.16,5689,10950,10950,10950,10950,0,0
20170918,10950,11050,10900,10950,0,17659,1196116,-1270,5.15,-1409,10950,10950,10950,10950,0,0
20170919,11000,11250,10900,10950,0,20814,1193970,-2146,5.14,56,10950,10950,10950,10950,0,0
20170920,11000,11050,10850,10950,0,19488,1192173,-1797,5.14,-1226,10950,10950,10850,10850,-100,1766
20170921,10950,11050,10800,10950,0,10999,1191674,-499,5.14,-1404,10950,10950,10950,10950,0,3
20170922,10850,11050,10800,10900,50,14056,1181020,-10654,5.09,-1540,10900,10900,10900,10900,0,1
20170925,10900,10900,10750,10800,100,7816,1184602,3582,5.09,-1195,10800,10800,10800,10800,0,0
20170926,10800,11050,10750,10800,0,9000,1183869,-733,5.09,-844,10800,10800,10800,10800,0,0
20170927,10850,11200,10800,11000,200,26763,1178373,-5496,5.08,-1226,11000,10900,10850,10900,-100,45
20170928,11100,11150,10950,11100,100,7694,1176321,-2052,5.07,-1040,11100,11100,11100,11100,0,0
20170929,11150,11150,10950,11100,0,10639,1174262,-2059,5.06,-1226,11100,11100,11100,11100,0,0
20171010,11100,11100,10850,10850,250,16535,1163757,-10505,5.01,-1226,10850,10850,10850,10850,0,2
20171011,11050,11150,10850,11050,200,18438,1160099,-3658,5.0,-1400,11050,11050,11050,11050,0,0
20171012,11000,11100,10900,11000,50,14154,1157548,-2551,4.99,-1797,11000,11000,11000,11000,0,0
20171013,10950,11050,10900,11000,0,4177,1156657,-891,4.97,-128,11000,11000,11000,11000,0,0
20171016,10900,10950,10350,10550,450,34482,1154685,-1972,4.97,-4013,10550,10550,10550,10550,0,11
20171017,10600,10600,10250,10400,150,34441,1152874,-1811,4.97,-1050,10400,10400,10400,10400,0,1
20171018,10450,10450,10150,10200,200,20245,1149560,-3314,4.95,-987,10200,10200,10150,10200,0,75
20171019,10200,10450,10200,10300,100,14794,1150458,898,4.96,-996,10300,10300,10300,10300,0,1
20171020,10400,10650,10350,10650,350,16983,1154905,4447,4.97,-1055,10650,10650,10650,10650,0,0
20171023,10700,10800,10600,10650,0,10366,1154105,-800,4.97,689,10650,10650,10650,10650,0,0
20171024,10650,10750,10600,10600,50,13885,1148470,-5635,4.95,-903,10600,10600,10600,10600,0,0
20171025,10600,10700,10550,10550,50,4616,1148192,-278,4.95,-407,10550,10550,10550,10550,0,1
20171026,10500,10650,10450,10600,50,8367,1147600,-592,4.95,-524,10600,10600,10600,10600,0,1
20171027,10650,10850,10600,10800,200,17677,1149151,1551,4.95,-891,10800,10800,10800,10800,0,0
20171030,10850,10900,10600,10800,0,17194,1150160,1009,4.96,-2385,10800,10800,10800,10800,0,0
20171031,10750,10850,10600,10850,50,12551,1153862,3702,4.97,-884,10850,10850,10850,10850,0,0
20171101,10900,10900,10600,10850,0,20179,1147879,-5983,4.95,-889,10850,10850,10850,10850,0,0
20171102,10800,10850,10550,10650,200,6755,1147042,-837,4.94,-698,10650,10500,10500,10500,-150,3
20171103,10700,10700,10500,10600,50,17866,1146977,-65,4.94,-915,10600,10600,10600,10600,0,0
20171106,10600,10650,10400,10600,0,7194,1147686,709,4.95,-907,10600,10600,10600,10600,0,0
20171107,10650,10650,10400,10600,0,12402,1147815,129,4.95,493,10600,10600,10600,10600,0,0
20171108,10600,10700,10500,10700,100,12516,1147795,-20,4.95,-917,10700,10700,10700,10700,0,1
20171109,10550,10650,10550,10650,50,4746,1147868,73,4.95,-475,10650,10650,10650,10650,0,0
20171110,10650,10750,10450,10600,50,20344,1147524,-344,4.94,-2114,10600,10550,10550,10550,-50,2
20171113,10600,10650,10500,10600,0,9360,1145459,-2065,4.94,-919,10600,10600,10600,10600,0,0
20171114,10500,10650,10450,10600,0,14625,1150405,4946,4.96,-937,10600,10600,10600,10600,0,0
20171115,10600,10650,10500,10650,50,24578,1147341,-3064,4.94,-1957,10650,10650,10650,10650,0,2
20171116,10600,10650,10500,10600,50,15561,1147459,118,4.94,-2102,10600,10600,10600,10600,0,0
20171117,10600,10600,10500,10600,0,5740,1147466,7,4.94,-910,10600,10600,10600,10600,0,2
20171120,10650,10650,10350,10450,150,48067,1146571,-895,4.94,-2111,10450,10450,10450,10450,0,0
20171121,10500,10650,10500,10600,150,36945,1149316,2745,4.95,-4049,10600,10500,10500,10500,-100,2
20171122,10700,10700,10450,10550,50,9405,1151159,1843,4.96,-1081,10550,10550,10550,10550,0,0
20171123,10600,10600,10450,10500,50,6757,1150929,-230,4.96,-785,10500,10500,10500,10500,0,0
20171124,10500,10600,10400,10450,50,9419,1150730,-199,4.96,-191,10450,10450,10450,10450,0,2
20171127,10500,10550,10300,10450,0,18305,1150911,181,4.96,-2036,10450,10450,10450,10450,0,0
20171128,10450,10450,10350,10450,0,9761,1150505,-406,4.96,-1136,10450,10450,10450,10450,0,1
20171129,10450,10450,10150,10200,250,28942,1151294,789,4.96,-1244,10200,10200,10200,10200,0,0
20171130,10150,10300,10150,10250,50,11864,1151310,16,4.96,-725,10250,10250,10250,10250,0,20
20171201,10250,10300,10000,10150,100,36807,1151641,331,4.96,-844,10150,10200,10150,10200,50,81
20171204,10150,10200,10100,10150,0,10153,1151056,-585,4.96,-1019,10150,10100,10100,10100,-50,3
20171205,10200,10300,10000,10150,0,61233,1153637,2581,4.97,-1090,10150,10150,10150,10150,0,0
20171206,10100,10150,10000,10000,150,51539,1152880,-757,4.97,-3001,10000,10050,10050,10050,50,30
20171207,10050,10050,9900,9980,20,36036,1152323,-557,4.97,-1811,9980,10000,10000,10000,20,1
20171208,10050,10050,9700,9900,80,55993,1150401,-1922,4.96,-1207,9900,10000,9900,10000,100,10
20171211,9900,9900,9850,9880,20,19047,1149984,-417,4.96,-2145,9880,9880,9880,9880,0,0
20171212,9920,9920,9800,9850,30,14596,1149614,-370,4.95,-1374,9850,9880,9880,9880,30,2
20171213,9850,10000,9840,9890,40,6390,1135569,-14045,4.89,-286,9890,9890,9890,9890,0,0
20171214,9990,10000,9810,9850,40,23567,1130079,-5490,4.87,-7827,9850,9850,9850,9850,0,0
20171215,9850,9930,9840,9930,80,11094,1116954,-13125,4.8,-1201,9930,9930,9930,9930,0,0
20171218,9880,9920,9830,9900,30,10443,1115737,-1217,4.8,-951,9900,9900,9900,9900,0,10
20171219,9900,9930,9760,9830,70,16127,1112631,-3106,4.79,-964,9830,9830,9830,9830,0,0
20171220,9790,10350,9740,10150,320,65556,1110077,-2554,4.78,-2815,10150,10150,10150,10150,0,0
20171221,10150,10250,9990,10150,0,20497,1108552,-1525,4.78,993,10150,10250,10250,10250,100,10
20171222,10150,10150,9990,10000,150,12328,1106565,-1987,4.77,-2281,10000,10000,10000,10000,0,0
20171226,10050,10200,9980,10000,0,41064,1111115,4550,4.79,4788,10000,10000,10000,10000,0,0
20171227,10000,10050,9910,10000,0,3498,1109971,-1144,4.78,-592,10000,10000,10000,10000,0,0
20171228,9940,10100,9940,10100,100,14801,1108374,-1597,4.78,-2912,10100,10100,10100,10100,0,0
20180102,10100,10150,9970,10000,100,14117,1102273,-6101,4.75,-779,10000,10000,10000,10000,0,0
20180103,10100,10300,9970,10200,200,31970,1101111,-1162,4.74,2485,10200,10200,10200,10200,0,0
20180104,10250,10250,9970,9970,230,18148,1100636,-475,4.74,-8943,9970,9970,9970,9970,0,0
20180105,10100,10100,9990,10050,80,4989,1100356,-280,4.74,107,10050,10050,10050,10050,0,0
20180108,10000,10100,9970,10000,50,6200,1099881,-475,4.74,3,10000,10000,10000,10000,0,0
20180109,10050,10100,9990,10000,0,11543,1099935,54,4.74,-33,10000,10000,10000,10000,0,0
20180110,10050,10100,10000,10100,100,8363,1097406,-2529,4.73,-12,10100,10100,10100,10100,0,0
20180111,10150,10150,9990,10050,50,5596,1098294,888,4.73,66,10050,10100,10100,10100,50,47
20180112,10150,10150,9990,9990,60,26677,1098248,-46,4.73,248,9990,10150,10150,10150,160,10
20180115,10000,10100,9900,9910,80,20506,1098120,-128,4.73,-521,9910,9910,9910,9910,0,0
20180116,9840,9930,9800,9870,40,22729,1099044,924,4.74,-2415,9870,9870,9870,9870,0,0
20180117,9790,9830,9740,9770,100,19595,1097681,-1363,4.73,-2096,9770,9770,9770,9770,0,0
20180118,9800,9940,9770,9890,120,15331,1096402,-1279,4.72,-6177,9890,9890,9890,9890,0,0
20180119,9950,9980,9880,9920,30,4785,1096851,449,4.73,-19,9920,9920,9920,9920,0,0
20180122,9970,10000,9820,9980,60,8567,1095674,-1177,4.72,-7,9980,9980,9980,9980,0,2
20180123,10000,10050,9950,9950,30,4169,1096011,337,4.72,-19,9950,9950,9950,9950,0,0
20180124,9990,10050,9940,9950,0,8411,1095661,-350,4.72,-2690,9950,9950,9950,9950,0,58
20180125,9950,10150,9950,10100,150,18407,1101454,5793,4.75,-54,10100,10100,10000,10100,0,19
20180126,10100,10100,10050,10100,0,16939,1102548,1094,4.75,-3345,10100,10100,10000,10100,0,40
20180129,10150,10700,10100,10500,400,102212,1105186,2638,4.76,-15757,10500,10700,10700,10700,200,2
20180130,10500,10500,10150,10250,250,45008,1107651,2465,4.77,-8171,10250,10250,10250,10250,0,21
20180131,10300,10350,10050,10250,0,39364,1111724,4073,4.79,-10006,10250,10250,10250,10250,0,0
20180201,10200,10450,10200,10400,150,29163,1115195,3471,4.8,-10747,10400,10400,10400,10400,0,0
20180202,10500,10500,10250,10250,150,11973,1111840,-3355,4.79,0,10250,10250,10250,10250,0,30
20180205,10150,10250,10100,10100,150,5345,1111865,25,4.79,370,10100,10100,10000,10050,-50,119
20180206,10000,10050,9820,9940,160,20530,1109665,-2200,4.78,197,9940,9940,9940,9940,0,0
20180207,9940,10100,9910,9960,20,16889,1112328,2663,4.79,-11054,9960,9960,9960,9960,0,0
20180208,9960,10050,9930,9990,30,7430,1109666,-2662,4.78,-1833,9990,9990,9990,9990,0,0
20180209,9980,9980,9780,9810,180,27247,1107689,-1977,4.77,-3579,9810,9810,9810,9810,0,0
20180212,9760,9900,9760,9810,0,6501,1105907,-1782,4.77,97,9810,9810,9810,9810,0,0
20180213,9840,9840,9760,9780,30,8458,1103156,-2751,4.75,-2029,9780,9780,9780,9780,0,0
20180214,9910,9910,9700,9700,80,15936,1100867,-2289,4.74,-5293,9700,9700,9700,9700,0,0
20180219,9690,9780,9460,9570,130,45984,1104087,3220,4.76,164,9570,9570,9570,9570,0,0
20180220,9580,9630,9550,9610,40,18705,1100710,-3377,4.74,79,9610,9610,9610,9610,0,0
20180221,9650,9650,9560,9600,10,16076,1099785,-925,4.74,111,9600,9600,9600,9600,0,0
20180222,9640,9640,9560,9580,20,10239,1099567,-218,4.74,-525,9580,9580,9580,9580,0,0
20180223,9610,9630,9550,9570,10,17145,1099550,-17,4.74,44,9570,9570,9570,9570,0,0
20180226,9610,9670,9550,9610,40,9934,1099562,12,4.74,25,9610,9610,9610,9610,0,1
20180227,9610,9640,9520,9530,80,25322,1099080,-482,4.74,-1124,9530,9530,9530,9530,0,0
20180228,9540,9640,9480,9480,50,12026,1098367,-713,4.73,3454,9480,9480,9480,9480,0,0
20180302,9490,9490,9390,9430,50,28495,1092775,-5592,4.71,67,9430,9430,9430,9430,0,0
20180305,9380,9470,9210,9240,190,25129,1092068,-707,4.71,89,9240,9240,9240,9240,0,0
20180306,9260,9410,9240,9300,60,4863,1091728,-340,4.7,90,9300,9300,9300,9300,0,0
20180307,9400,9400,9290,9330,30,6168,1091210,-518,4.7,232,9330,9420,9220,9410,80,299
20180308,9340,9360,9210,9360,30,5744,1091410,200,4.7,-43,9360,9360,9360,9360,0,0
20180309,9300,9490,9300,9480,120,6240,1092290,880,4.71,77,9480,9520,9490,9490,10,266
20180312,9480,9710,9420,9700,220,15188,1092611,321,4.71,1173,9700,9700,9700,9700,0,0
20180313,9700,9730,9610,9630,70,4790,1092656,45,4.71,-173,9630,9630,9630,9630,0,5
20180314,9650,9730,9620,9700,70,8306,1095316,2660,4.72,1,9700,9700,9700,9700,0,0
20180315,9690,9730,9630,9700,0,3911,1097045,1729,4.73,-1,9700,9740,9740,9740,40,1
20180316,9690,9780,9690,9760,60,6794,1100104,3059,4.74,4,9760,9760,9760,9760,0,0
20180319,9710,9820,9560,9770,10,6792,1100600,496,4.74,63,9770,9800,9800,9800,30,1
20180320,9770,9900,9700,9830,60,11473,1096625,-3975,4.73,-11,9830,9830,9830,9830,0,1
20180321,9740,9880,9710,9840,10,3283,1096860,235,4.73,0,9840,9840,9840,9840,0,0
20180322,9830,9880,9740,9840,0,2921,1096516,-344,4.72,173,9840,9840,9840,9840,0,1
20180323,9850,9890,9600,9700,140,4674,1098390,1874,4.73,-334,9700,9700,9700,9700,0,1
20180326,9700,9800,9700,9750,50,7552,1099789,1399,4.74,-31,9750,9750,9750,9750,0,0
20180327,9750,9900,9740,9760,10,5576,1099989,200,4.74,0,9760,9760,9760,9760,0,0
20180328,9770,9770,9600,9700,60,3521,1100568,579,4.74,-365,9700,9700,9690,9690,-10,47
20180329,9630,9800,9630,9690,10,674,1100484,-84,4.74,0,9690,9690,9690,9690,0,0
20180330,9700,9790,9680,9740,50,2549,1100822,338,4.74,1400,9740,9740,9740,9740,0,0
20180402,9800,9800,9700,9700,40,4935,1101253,431,4.75,15,9700,9700,9700,9700,0,0
20180403,9710,9940,9700,9940,240,16684,1101953,700,4.75,-12,9940,9940,9940,9940,0,0
20180404,9950,9960,9760,9800,140,6805,1102329,376,4.75,-12,9800,9800,9800,9800,0,0
20180405,9800,9910,9800,9900,100,7919,1102801,472,4.75,180,9900,9900,9900,9900,0,0
20180406,9890,10050,9890,9940,40,12651,1103341,540,4.75,1,9940,9940,9940,9940,0,0
20180409,9900,9940,9790,9820,120,4552,1103532,191,4.76,3,9820,9820,9820,9820,0,0
20180410,9890,9990,9800,9850,30,2653,1103125,-407,4.75,130,9850,9850,9850,9850,0,0
20180411,9840,9880,9760,9760,90,3111,1102841,-284,4.75,-12,9760,9760,9760,9760,0,0
20180412,9750,9850,9650,9700,60,10125,1107283,4442,4.77,214,9700,9700,9700,9700,0,0
20180413,9750,9770,9690,9730,30,10998,1111612,4329,4.79,-3979,9730,9730,9730,9730,0,0
20180416,9680,9760,9540,9540,190,10737,1109819,-1793,4.78,54,9540,9540,9540,9540,0,0
20180417,9550,9630,9520,9630,90,8796,1108856,-963,4.78,0,9630,9630,9630,9630,0,0
20180418,9700,9700,9570,9690,60,3902,1108936,80,4.78,-94,9690,9690,9690,9690,0,0
20180419,9690,9780,9560,9570,120,13892,1108166,-770,4.78,-6466,9570,9570,9570,9570,0,0
20180420,9550,9560,9510,9550,20,11098,1103189,-4977,4.75,-4075,9550,9550,9550,9550,0,0
20180423,9500,9500,9450,9500,50,32723,1075359,-27830,4.63,20,9500,9500,9500,9500,0,0
20180424,9500,9510,9460,9500,0,32981,1046644,-28715,4.51,49,9500,9620,9400,9620,120,202
20180425,9520,9560,9470,9490,10,30302,1022857,-23787,4.41,93,9490,9490,9490,9490,0,0
20180426,9490,9540,9450,9490,0,10210,1024606,1749,4.42,-36,9490,9490,9490,9490,0,0
20180427,9490,9550,9440,9470,20,13084,1025325,719,4.42,2,9470,9470,9470,9470,0,0
20180430,9470,9540,9430,9450,20,10604,1027090,1765,4.43,-6177,9450,9450,9450,9450,0,0
20180502,9490,9500,9400,9410,40,15986,1027076,-14,4.43,-5,9410,9410,9410,9410,0,0
20180503,9430,9700,9400,9540,130,22677,1024585,-2491,4.42,23,9540,9540,9540,9540,0,0
20180504,9560,9790,9520,9610,70,9082,1023951,-634,4.41,628,9610,9610,9610,9610,0,11
20180508,9600,9610,9380,9430,180,20988,1021927,-2024,4.4,11,9430,9430,9430,9430,0,0
20180509,9380,9500,9370,9450,20,13000,1016656,-5271,4.38,-7,9450,9450,9450,9450,0,0
20180510,9450,9540,9370,9410,40,6575,1015465,-1191,4.38,62,9410,9410,9410,9410,0,1
20180511,9460,9490,9350,9440,30,20785,1015731,266,4.38,8,9440,9440,9440,9440,0,0
20180514,9440,9490,9430,9460,20,10249,1016671,940,4.38,2,9460,9460,9460,9460,0,0
20180515,9450,9470,9400,9470,10,13665,1015939,-732,4.38,-10,9470,9470,9470,9470,0,20
20180516,9420,9490,9340,9410,60,11189,1013895,-2044,4.37,200,9410,9400,9400,9400,-10,2
20180517,9480,9480,9390,9430,20,7079,1013325,-570,4.37,69,9430,9430,9430,9430,0,0
20180518,9490,9620,9420,9580,150,37875,1014325,1000,4.37,281,9580,9580,9580,9580,0,0
20180521,9620,9630,9490,9550,30,11553,1009568,-4757,4.34,-54,9550,9550,9550,9550,0,0
20180523,9510,9580,9460,9550,0,13309,1009675,107,4.34,-1890,9550,9440,9440,9440,-110,23
20180524,9600,9600,9500,9570,20,9288,1011605,1930,4.36,241,9570,9570,9570,9570,0,0
20180525,9520,9550,9380,9440,130,25783,1005996,-5609,4.33,-173,9440,9440,9440,9440,0,0
20180528,9370,9560,9360,9560,120,31650,1006414,418,4.34,-8,9560,9560,9560,9560,0,0
20180529,9560,9640,9530,9580,20,5838,1006664,250,4.34,1,9580,9580,9580,9580,0,0
20180530,9580,9580,9400,9430,150,3767,1005651,-1013,4.33,220,9430,9430,9430,9430,0,0
20180531,9430,9480,9350,9370,60,6992,1004328,-1323,4.33,103,9370,9370,9370,9370,0,0
20180601,9440,9460,9340,9360,10,8624,1004517,189,4.33,161,9360,9350,9350,9350,-10,50
20180604,9340,9500,9310,9440,80,2700,1004208,-309,4.33,357,9440,9670,9670,9670,230,53
20180605,9440,9520,9390,9390,50,3704,1003795,-413,4.33,31,9390,9390,9390,9390,0,0
20180607,9360,9500,9320,9490,100,6680,1003223,-572,4.32,-1,9490,9490,9490,9490,0,0
20180608,9490,9590,9400,9510,20,2981,1004033,810,4.33,0,9510,9510,9510,9510,0,1
20180611,9510,9550,9400,9550,40,2628,1009175,5142,4.34,522,9550,9550,9550,9550,0,0
20180612,9550,9560,9430,9440,110,3019,1008328,-847,4.34,-11,9440,9440,9440,9440,0,0
20180614,9440,9540,9340,9430,10,7856,1007302,-1026,4.34,13,9430,9430,9430,9430,0,0
20180615,9430,9490,9320,9420,10,7202,1006867,-435,4.34,-414,9420,9420,9420,9420,0,0
20180618,9420,9420,9190,9220,200,15350,1007470,603,4.34,-5,9220,9220,9220,9220,0,0
20180619,9250,9290,9080,9090,130,24642,1007112,-358,4.34,-569,9090,9090,9090,9090,0,0
20180620,9010,9110,8950,9010,80,15185,1001200,-5912,4.31,-419,9010,8960,8960,8960,-50,2
20180621,9010,9040,8800,8820,190,16039,999781,-1419,4.31,-387,8820,8820,8820,8820,0,2
20180622,8820,8860,8760,8770,50,9293,997853,-1928,4.29,56,8770,8770,8770,8770,0,0
20180625,8800,8910,8780,8890,120,5722,997247,-606,4.29,15,8890,8890,8890,8890,0,0
20180626,8890,8890,8590,8700,190,42106,995774,-1473,4.29,-602,8700,8700,8700,8700,0,0
20180627,8750,8770,8630,8700,0,1633,995612,-162,4.29,1,8700,8700,8700,8700,0,0
20180628,8950,8950,8700,8770,70,29465,994111,-1501,4.28,-823,8770,8770,8770,8770,0,0
20180629,8770,8820,8640,8680,90,3621,993782,-329,4.28,0,8680,8680,8680,8680,0,0
20180702,8680,8760,8400,8560,120,10963,992284,-1498,4.28,-6,8560,8560,8560,8560,0,0
20180703,8660,8660,8270,8430,130,9265,991281,-1003,4.27,0,8430,8420,8420,8420,-10,1
20180704,8500,8500,8280,8410,20,3801,990291,-990,4.27,-27,8410,8410,8410,8410,0,0
20180705,8280,8420,8170,8230,180,6889,989367,-924,4.26,39,8230,8180,8180,8180,-50,1
20180706,8400,8420,8210,8310,80,6764,989591,224,4.26,18,8310,8310,8310,8310,0,0
20180709,8230,8320,8150,8240,70,4394,989370,-221,4.26,-100,8240,8240,8240,8240,0,0
20180710,8300,8400,8200,8400,160,3005,989303,-67,4.26,83,8400,8400,8400,8400,0,0
20180711,8410,8510,8300,8510,110,7823,985383,-3920,4.25,229,8510,8510,8510,8510,0,0
20180712,8510,8570,8400,8530,20,10416,984032,-1351,4.24,-296,8530,8530,8530,8530,0,0
20180713,8460,8590,8460,8590,60,2541,983943,-89,4.24,10,8590,8590,8590,8590,0,0
20180716,8600,8630,8460,8530,60,4366,983370,-573,4.24,-184,8530,8530,8530,8530,0,0
20180717,8580,8580,8400,8480,50,1801,982734,-636,4.23,130,8480,8480,8480,8480,0,0
20180718,8540,8540,8360,8430,50,1336,982276,-458,4.23,-7,8430,8430,8430,8430,0,0
20180719,8430,8430,8240,8430,0,10234,981935,-341,4.23,2,8430,8430,8430,8430,0,5
20180720,8430,8430,8250,8390,40,4898,981378,-557,4.23,-423,8390,8390,8390,8390,0,0
20180723,8350,8490,8260,8400,10,2872,981531,153,4.23,-153,8400,8400,8400,8400,0,0
20180724,8250,8390,8220,8350,50,1860,981218,-313,4.23,-240,8350,8350,8350,8350,0,0
20180725,8350,8350,8090,8280,70,8610,980853,-365,4.23,-130,8280,8280,8280,8280,0,0
20180726,8190,8290,8190,8280,0,1727,980863,10,4.23,-2,8280,8280,8280,8280,0,0
20180727,8280,8290,8150,8290,10,2899,981693,830,4.23,-19,8290,8290,8290,8290,0,0
20180730,8400,8540,8210,8400,110,2786,980766,-927,4.23,-14,8400,8400,8400,8400,0,0
20180731,8400,8440,8240,8440,40,2758,979536,-1230,4.22,-6,8440,8440,8440,8440,0,0
20180801,8500,8500,8280,8470,30,4863,979157,-379,4.22,1,8470,8470,8470,8470,0,0
20180802,8480,8510,8380,8460,10,2761,979088,-69,4.22,1426,8460,8460,8460,8460,0,0
20180803,8480,8500,8470,8500,40,1498,979086,-2,4.22,6,8500,8500,8500,8500,0,0
20180806,8500,8520,8120,8490,10,2680,979338,252,4.22,1422,8490,8490,8490,8490,0,0
20180807,8470,8540,8340,8460,30,2055,978743,-595,4.22,77,8460,8460,8460,8460,0,4
20180808,8500,8500,8300,8490,30,1682,979132,389,4.22,-5,8490,8490,8490,8490,0,0
20180809,8510,8510,8400,8470,20,1991,979060,-72,4.22,-1068,8470,8470,8470,8470,0,0
20180810,8510,8520,8440,8470,0,1775,978897,-163,4.22,1488,8470,8470,8470,8470,0,0
20180813,8320,8460,8320,8320,150,1540,978496,-401,4.22,903,8320,8320,8320,8320,0,0
20180814,8320,8470,8260,8300,20,2186,977778,-718,4.21,46,8300,8300,8300,8300,0,0
20180816,8210,8210,7980,8050,250,18074,977101,-677,4.21,-4410,8050,8050,8050,8050,0,0
20180817,8000,8080,7940,8000,50,6941,975357,-1744,4.2,40,8000,8000,8000,8000,0,0
20180820,8000,8010,7920,7990,10,3891,974281,-1076,4.2,22,7990,7990,7990,7990,0,0
20180821,8030,8030,7940,8030,40,3129,973287,-994,4.19,8,8030,8030,8030,8030,0,1
20180822,8070,8100,8010,8070,40,2271,972824,-463,4.19,5,8070,8070,8070,8070,0,0
20180823,8100,8110,7950,8080,10,18748,968893,-3931,4.17,-650,8080,8080,8080,8080,0,0
20180824,8080,8130,7950,8090,10,2307,968347,-546,4.17,-23,8090,8090,8090,8090,0,0
20180827,8120,8140,7910,8030,60,3541,967552,-795,4.17,1,8030,8030,8030,8030,0,0
20180828,8080,8080,7950,8000,30,7273,964536,-3016,4.16,0,8000,8000,8000,8000,0,0
20180829,8050,8050,7860,7860,140,28144,956146,-8390,4.12,-16,7860,8100,8100,8100,240,1560
20180830,7890,8040,7860,7990,130,16506,956277,131,4.12,0,7990,8000,8000,8000,10,2
20180831,7990,8020,7940,8000,10,2631,956213,-64,4.12,10,8000,8000,8000,8000,0,0
20180903,8000,8000,7850,7990,10,8293,956213,0,4.12,-677,7990,7990,7990,7990,0,0
20180904,7950,7990,7890,7970,20,3254,956082,-131,4.12,-971,7970,7970,7970,7970,0,0
20180905,7970,7980,7890,7970,0,3923,955978,-104,4.12,-969,7970,7970,7970,7970,0,0
20180906,7890,7990,7880,7920,50,4353,955508,-470,4.12,-954,7920,7920,7920,7920,0,0
20180907,7850,7990,7850,7940,20,3524,955508,0,4.12,-963,7940,7940,7940,7940,0,0
20180910,7890,7980,7800,7910,30,51637,955659,151,4.12,-957,7910,7910,7910,7910,0,0
20180911,7920,7930,7840,7930,20,4570,955659,0,4.12,-940,7930,7930,7930,7930,0,0
20180912,7990,7990,7890,7930,0,4287,955520,-139,4.12,-646,7930,7880,7880,7880,-50,1
20180913,8030,8030,7880,7950,20,4961,956210,690,4.12,-899,7950,7950,7950,7950,0,0
20180914,7960,8050,7930,8000,50,7505,956041,-169,4.12,-976,8000,8000,8000,8000,0,0
20180917,8030,8030,7930,8000,0,3073,956021,-20,4.12,-1290,8000,8000,8000,8000,0,0
20180918,8030,8040,7950,8000,0,4254,956021,0,4.12,-873,8000,8000,8000,8000,0,0
20180919,8160,8160,7930,7930,70,3338,956011,-10,4.12,-956,7930,7930,7930,7930,0,0
20180920,8000,8000,7780,7880,50,14199,954976,-1035,4.12,-946,7880,7880,7880,7880,0,0
20180921,7900,7900,7820,7880,0,3725,953943,-1033,4.11,38,7880,7880,7880,7880,0,0
20180927,7810,7980,7810,7970,90,9238,950491,-3452,4.1,728,7970,7970,7970,7970,0,0
20180928,7910,8000,7910,8000,30,6376,950529,38,4.1,335,8000,8000,8000,8000,0,0
20181001,8000,8120,8000,8120,120,9688,950531,2,4.1,61,8120,8120,8120,8120,0,0
20181002,8120,8150,8000,8070,50,15344,950857,326,4.1,38,8070,8160,8070,8070,0,27
20181004,8140,8140,7850,7850,220,20059,950827,-30,4.1,84,7850,7850,7850,7850,0,0
20181005,7850,7920,7710,7880,30,12453,950810,-17,4.1,-5333,7880,7880,7880,7880,0,0
20181008,7800,7910,7760,7880,0,4234,950790,-20,4.1,29,7880,7880,7880,7880,0,0
20181010,7800,7850,7720,7750,130,3309,950824,34,4.1,45,7750,7750,7750,7750,0,0
20181011,7600,7750,7360,7490,260,16768,950770,-54,4.1,45,7490,7490,7490,7490,0,0
20181012,7400,7620,7400,7600,110,4163,950700,-70,4.1,162,7600,7600,7600,7600,0,0
20181015,7600,7600,7400,7500,100,1910,950726,26,4.1,96,7500,7500,7500,7500,0,0
20181016,7500,7590,7400,7470,30,1868,950677,-49,4.1,32,7470,7470,7470,7470,0,0
20181017,7550,7670,7480,7610,140,5777,950677,0,4.1,10,7610,7610,7610,7610,0,6
20181018,7620,7720,7470,7600,10,1358,950677,0,4.1,-4,7600,7770,7770,7770,170,1
20181019,7580,7600,7400,7500,100,5130,950695,18,4.1,144,7500,7500,7500,7500,0,0
20181022,7510,7510,7450,7500,0,1130,950648,-47,4.1,4,7500,7500,7500,7500,0,0
20181023,7500,7500,7300,7430,70,3573,951086,438,4.1,6,7430,7430,7430,7430,0,0
20181024,7430,7500,7300,7300,130,1558,951292,206,4.1,23,7300,7300,7300,7300,0,0
20181025,7450,7450,7100,7200,100,6189,952038,746,4.1,-286,7200,7200,7200,7200,0,0
20181026,7250,7250,6940,6980,220,6849,952193,155,4.1,196,6980,6980,6980,6980,0,1
20181029,6980,7050,6550,6560,420,14181,952729,536,4.11,244,6560,6600,6600,6600,40,4
20181030,6590,6600,6400,6460,100,11257,954042,1313,4.11,293,6460,6460,6460,6460,0,0
20181031,6520,6600,6460,6550,90,9898,954134,92,4.11,436,6550,6550,6550,6550,0,0
20181101,6530,6710,6530,6560,10,2397,954205,71,4.11,56,6560,6560,6560,6560,0,0
20181102,6530,6730,6530,6670,110,9842,953934,-271,4.11,17,6670,6670,6670,6670,0,0
20181105,6670,6670,6480,6560,110,4835,953888,-46,4.11,21,6560,6560,6560,6560,0,0
20181106,6520,6670,6520,6590,30,4848,953921,33,4.11,6,6590,6590,6590,6590,0,0
20181107,6590,6700,6570,6600,10,11520,953965,44,4.11,12,6600,6600,6600,6600,0,697
20181108,6630,6870,6590,6850,250,15603,954096,131,4.11,55,6850,6850,6850,6850,0,0
20181109,6860,6860,6570,6640,210,10958,953885,-211,4.11,118,6640,6670,6670,6670,30,1
20181112,6570,6810,6560,6640,0,8173,953906,21,4.11,11,6640,6640,6640,6640,0,0
20181113,6610,6670,6540,6570,70,1476,953100,-806,4.11,6,6570,6570,6570,6570,0,0
20181114,6660,6660,6460,6600,30,6373,953026,-74,4.11,10,6600,6600,6600,6600,0,0
20181115,6600,6620,6500,6540,60,20921,953026,0,4.11,54,6540,6540,6540,6540,0,0
20181116,6680,6760,6600,6720,180,14626,952677,-349,4.11,422,6720,6720,6720,6720,0,0
20181119,6750,6850,6670,6750,30,8379,952845,168,4.11,896,6750,6970,6970,6970,220,1
20181120,6760,6850,6700,6730,20,4063,952654,-191,4.11,-8,6730,6730,6730,6730,0,0
20181121,6710,6790,6610,6770,40,5598,952644,-10,4.11,38,6770,6770,6770,6770,0,0
20181122,6770,7140,6760,7140,370,14970,952666,22,4.11,-35,7140,7130,7130,7130,-10,1
20181123,7030,7250,7030,7220,80,11259,952649,-17,4.11,-4,7220,7220,7220,7220,0,0
20181126,7080,7270,7080,7260,40,1683,952636,-13,4.1,84,7260,7260,7260,7260,0,0
20181127,7200,7300,7200,7230,30,1610,952582,-54,4.1,14,7230,7230,7230,7230,0,0
20181128,7130,7340,7130,7220,10,1900,952425,-157,4.1,10,7220,7220,7220,7220,0,0
20181129,7260,7320,7100,7220,0,3303,952193,-232,4.1,31,7220,7220,7220,7220,0,0
20181130,7220,7230,7070,7230,10,4209,952117,-76,4.1,8,7230,7230,7230,7230,0,0
20181203,7230,7240,7060,7210,20,6862,952142,25,4.1,118,7210,7210,7210,7210,0,0
20181204,7220,7250,7170,7190,20,2829,950800,-1342,4.1,8,7190,7190,7190,7190,0,0
20181205,7150,7230,7090,7130,60,4403,948613,-2187,4.09,-1173,7130,7130,7130,7130,0,0
20181206,7150,7190,6990,7060,70,2596,948590,-23,4.09,51,7060,7060,7060,7060,0,0
20181207,7060,7180,6990,7020,40,1159,948486,-104,4.09,-60,7020,7020,7020,7020,0,0
20181210,6840,7000,6840,6920,100,4048,946824,-1662,4.08,44,6920,6920,6920,6920,0,0
20181211,6990,6990,6850,6940,20,6714,946877,53,4.08,187,6940,6940,6940,6940,0,0
20181212,7000,7020,6900,7020,80,10933,946893,16,4.08,554,7020,7020,7020,7020,0,0
20181213,7030,7040,6910,7030,10,12501,946907,14,4.08,474,7030,7030,7030,7030,0,0
20181214,7030,7170,6910,6930,100,22241,945664,-1243,4.07,7430,6930,6930,6930,6930,0,0
20181217,6990,7050,6980,7030,100,1745,945788,124,4.08,653,7030,7030,7030,7030,0,0
20181218,7150,7150,6990,7030,0,2093,945838,50,4.08,103,7030,7030,7030,7030,0,0
20181219,7030,7080,7000,7050,20,1306,945822,-16,4.08,9,7050,7050,7050,7050,0,0
20181220,7050,7120,6950,7010,40,1231,945822,0,4.08,-130,7010,7010,7010,7010,0,0
20181221,7010,7030,6950,7000,10,2190,945779,-43,4.08,-736,7000,7000,7000,7000,0,0
20181224,7040,7100,6950,7100,100,1345,945667,-112,4.07,-340,7100,7100,7100,7100,0,1
20181226,7010,7070,6810,6920,180,2078,945598,-69,4.07,120,6920,6920,6920,6920,0,0
20181227,6920,6980,6840,6940,20,1740,945562,-36,4.07,113,6940,6940,6940,6940,0,0
20181228,6940,7010,6940,7010,70,1369,945349,-213,4.07,-93,7010,7010,7010,7010,0,0
20190102,7010,7200,6910,7030,20,3753,945300,-49,4.07,1162,7030,6930,6930,6930,-100,210
20190103,6950,7020,6920,7020,10,1240,945292,-8,4.07,-120,7020,7020,7020,7020,0,0
20190104,7010,7020,6890,7020,0,9233,944864,-428,4.07,1688,7020,7020,7020,7020,0,0
20190107,7030,7400,6900,7390,370,15832,944626,-238,4.07,7282,7390,7390,7390,7390,0,0
20190108,7370,7690,7370,7680,290,15099,944757,131,4.07,8014,7680,7680,7680,7680,0,0
20190109,7560,7840,7560,7790,110,12890,944762,5,4.07,7977,7790,7790,7790,7790,0,0
20190110,7690,7760,7640,7690,100,6056,944743,-19,4.07,-26,7690,7680,7680,7680,-10,5
20190111,7670,7840,7610,7840,150,3314,944796,53,4.07,83,7840,7840,7840,7840,0,0
20190114,7840,7900,7660,7660,180,3694,946691,1895,4.08,-25,7660,7660,7660,7660,0,0
20190115,7670,7970,7660,7830,170,2960,946660,-31,4.08,-121,7830,7830,7830,7830,0,0
20190116,7830,7890,7720,7860,30,12574,944896,-1764,4.07,7171,7860,7860,7860,7860,0,0
20190117,7850,7870,7750,7840,20,4271,944317,-579,4.07,1340,7840,7840,7840,7840,0,0
20190118,7860,7950,7850,7950,110,5546,944357,40,4.07,1932,7950,7950,7950,7950,0,15
20190121,7950,7970,7820,7910,40,6999,944317,-40,4.07,2079,7910,7950,7950,7950,40,5
20190122,7910,7940,7870,7920,10,6492,944374,57,4.07,1116,7920,7920,7920,7920,0,0
20190123,7920,7940,7820,7940,20,5104,944347,-27,4.07,1024,7940,7940,7940,7940,0,0
20190124,7920,7940,7690,7890,50,12343,944399,52,4.07,-1949,7890,7890,7890,7890,0,8
20190125,7810,7810,7690,7780,110,13846,944712,313,4.07,-2060,7780,7780,7780,7780,0,7
20190128,7730,7840,7720,7810,30,2709,944575,-137,4.07,-698,7810,7810,7810,7810,0,0
20190129,7840,7850,7700,7810,0,4700,944434,-141,4.07,571,7810,7810,7810,7810,0,0
20190130,7740,7870,7740,7810,0,4450,944383,-51,4.07,-921,7810,7810,7810,7810,0,0
20190131,7730,7840,7700,7770,40,3501,944179,-204,4.07,-240,7770,7770,7770,7770,0,0
20190201,7800,7800,7680,7700,70,2662,944179,0,4.07,288,7700,7700,7700,7700,0,0
20190207,7620,7770,7620,7720,20,4548,944115,-64,4.07,-666,7720,7720,7720,7720,0,0
20190208,7760,7800,7620,7800,80,7197,944115,0,4.07,-200,7800,7610,7610,7610,-190,5
20190211,7790,7830,7700,7820,20,7450,944251,136,4.07,3684,7820,7820,7820,7820,0,0
20190212,7820,7840,7730,7780,40,4306,943821,-430,4.07,1333,7780,7660,7660,7660,-120,4
20190213,7840,7840,7720,7800,20,8428,942109,-1712,4.06,848,7800,7800,7800,7800,0,0
20190214,7800,7820,7710,7820,20,7814,942189,80,4.06,1483,7820,7820,7820,7820,0,0
20190215,7820,7830,7620,7820,0,7164,942089,-100,4.06,-78,7820,7820,7820,7820,0,0
20190218,7820,7950,7740,7940,120,8256,942149,60,4.06,-903,7940,7950,7950,7950,10,100
20190219,7920,8000,7870,8000,60,23288,942135,-14,4.06,13880,8000,8000,8000,8000,0,0
20190220,7970,8000,7860,7930,70,10351,941307,-828,4.06,-557,7930,7930,7930,7930,0,0
20190221,7930,7930,7770,7900,30,595125,1530262,588955,6.59,1028,7900,7890,7450,7800,-100,44
20190222,7900,8010,7870,7990,90,11783,1529878,-384,6.59,-3392,7990,7990,7990,7990,0,0
20190225,7990,8010,7860,7860,130,6429,1528799,-1079,6.59,-795,7860,7860,7860,7860,0,0
20190226,7860,7920,7830,7890,30,5772,1529097,298,6.59,738,7890,7890,7890,7890,0,0
20190227,7890,7920,7850,7920,30,6614,1529214,117,6.59,1682,7920,7990,7990,7990,70,1
20190228,7920,7960,7450,7770,150,8383,1529903,689,6.59,-610,7770,7770,7770,7770,0,0
20190304,7790,7900,7790,7900,130,5877,1529576,-327,6.59,-1964,7900,7900,7900,7900,0,0
20190305,7930,7980,7800,7930,30,3249,1529386,-190,6.59,426,7930,7930,7930,7930,0,4
20190306,7900,7950,7860,7950,20,6581,1529180,-206,6.59,631,7950,7950,7950,7950,0,0
20190307,7950,7960,7810,7930,20,4270,1528578,-602,6.59,-207,7930,7930,7930,7930,0,0
20190308,7920,7920,7760,7870,60,6947,1527349,-1229,6.58,740,7870,7960,7870,7960,90,7
20190311,7870,7900,7670,7880,10,5653,1527020,-329,6.58,2131,7880,7880,7880,7880,0,0
20190312,7880,7950,7790,7880,0,5262,1526403,-617,6.58,-2170,7880,7880,7880,7880,0,0
20190313,7900,7950,7780,7930,50,8781,1526921,518,6.58,953,7930,7930,7930,7930,0,0
20190314,7950,8050,7930,8000,70,17888,1526634,-287,6.58,9805,8000,8000,8000,8000,0,0
20190315,8000,8040,7920,7990,10,6650,1526407,-227,6.58,168,7990,8170,8170,8170,180,1
20190318,7910,8010,7910,7970,20,4354,1525665,-742,6.57,-98,7970,8010,8010,8010,40,1
20190319,7970,7980,7830,7970,0,3962,1525388,-277,6.57,-131,7970,7970,7970,7970,0,0
20190320,7970,8020,7970,8000,30,4649,1525356,-32,6.57,-20,8000,8000,8000,8000,0,0
20190321,8000,8020,7940,7960,40,2775,1525339,-17,6.57,-195,7960,7960,7960,7960,0,0
20190322,7980,8030,7960,8020,60,3761,1525329,-10,6.57,364,8020,8020,8020,8020,0,0
20190325,7970,8040,7940,8010,10,6460,1525319,-10,6.57,-103,8010,8010,8010,8010,0,0
20190326,7940,8100,7940,8060,50,9922,1525480,161,6.57,-152,8060,8060,8060,8060,0,0
20190327,8070,8100,8040,8080,20,14990,1523678,-1802,6.57,94,8080,8080,8080,8080,0,50
20190328,8100,8100,8010,8100,20,6816,1523673,-5,6.57,1207,8100,8100,8100,8100,0,0
20190329,8100,8110,7980,8100,0,5207,1523663,-10,6.57,-1477,8100,8100,8100,8100,0,0
20190401,8100,8120,8050,8090,10,5094,1523615,-48,6.57,83,8090,8090,8090,8090,0,0
20190402,8090,8120,8050,8110,20,2026,1523605,-10,6.57,88,8110,8110,8110,8110,0,0
20190403,8050,8110,8050,8110,0,3061,1523595,-10,6.57,-9,8110,8110,8110,8110,0,0
20190404,8110,8150,8050,8150,40,8320,1523585,-10,6.57,-43,8150,8150,8150,8150,0,0
20190405,8150,8170,8090,8160,10,2974,1523575,-10,6.57,-97,8160,8160,8160,8160,0,0
20190408,8160,8180,8150,8180,20,3401,1524509,934,6.57,-5,8180,8180,8180,8180,0,0
20190409,8180,8190,8020,8140,40,7611,1528917,4408,6.59,-161,8130,8130,8130,8130,-10,4
20190410,8140,8180,8140,8170,30,5767,1529536,619,6.59,-26,8170,8170,8170,8170,0,0
20190411,8170,8180,8140,8160,10,6848,1529560,24,6.59,2276,8160,8160,8160,8160,0,0
20190412,8190,8190,8140,8160,0,5613,1528410,-1150,6.59,-95,8160,8160,8160,8160,0,0
20190415,8180,8200,8160,8160,0,6174,1527390,-1020,6.58,29,8160,8160,8160,8160,0,0
20190416,8180,8200,7930,8180,20,7705,1527426,36,6.58,98,8180,8180,8180,8180,0,0
20190417,8160,8180,8100,8180,0,6107,1527603,177,6.58,841,8180,8180,8180,8180,0,0
20190418,8180,8230,8090,8130,50,7335,1527093,-510,6.58,241,8130,8130,8130,8130,0,0
20190419,8130,8460,8130,8380,250,19248,1527177,84,6.58,133,8380,8380,8380,8380,0,0
20190422,8380,8890,8360,8810,430,40368,1527419,242,6.58,10206,8880,8880,8880,8880,70,10
20190423,8880,8900,8660,8770,40,12917,1527596,177,6.58,358,8890,8890,8890,8890,120,1
20190424,8700,10650,8660,9300,530,717601,1527669,73,6.58,250,9350,9450,9300,9450,150,3104
20190425,9550,9600,9030,9030,270,106177,1526118,-1551,6.58,1250,9030,9050,9030,9050,20,55
20190426,9030,9470,8990,9040,10,70283,1523928,-2190,6.57,-2176,9010,9090,9010,9010,-30,102
20190429,9040,9290,8970,9090,50,23251,1519854,-4074,6.55,7245,9110,9110,9110,9110,20,53
20190430,9140,9290,8990,9190,100,20670,1518531,-1323,6.54,474,9190,9190,9190,9190,0,40
20190502,9280,9300,9120,9190,0,10398,1517845,-686,6.54,-660,9120,9180,9120,9180,-10,4
20190503,9190,9190,9060,9140,50,13126,1517199,-646,6.54,1525,9700,9700,9700,9700,560,16
20190507,9120,9140,9050,9060,80,8419,1515517,-1682,6.53,2313,9060,9060,9060,9060,0,0
20190508,9050,9050,8790,9010,50,37946,1511366,-4151,6.51,17431,9010,9010,9010,9010,0,0
20190509,8930,9050,8870,9030,20,10824,1510960,-406,6.51,5926,9030,9030,9030,9030,0,0
20190510,9030,9220,8940,9130,100,7317,1511287,327,6.51,1125,9130,9130,9130,9130,0,0
20190513,9030,9290,9030,9230,100,16635,1509917,-1370,6.51,-1633,9230,9230,9230,9230,0,0
20190514,9100,9290,9010,9280,50,20185,1509434,-483,6.5,7672,9340,9340,9340,9340,60,55
20190515,9330,9490,9250,9490,210,20876,1508397,-1037,6.5,3224,9490,9490,9490,9490,0,0
20190516,9400,9500,9380,9470,20,23048,1505756,-2641,6.49,3401,9470,9470,9470,9470,0,3
20190517,9520,9520,9300,9300,170,7489,1504404,-1352,6.48,1550,9300,9300,9300,9300,0,0
20190520,9390,9600,9160,9540,240,23601,1503633,-771,6.48,9867,9540,9600,9540,9600,60,120
20190521,9600,9600,9370,9370,170,12399,1500561,-3072,6.46,195,9360,9360,9360,9360,-10,205
20190522,9370,9390,9130,9140,230,9073,1498093,-2468,6.46,3351,9140,9140,9140,9140,0,0
20190523,9150,9210,9100,9200,60,10741,1492842,-5251,6.43,5322,9200,9200,9200,9200,0,11
20190524,9200,9220,8890,9090,110,39609,1501527,8685,6.46,10155,9090,9090,9090,9090,0,0
20190527,9210,9210,9080,9140,50,3477,1501631,104,6.46,1129,9140,9140,9140,9140,0,0
20190528,9020,9220,8880,8880,260,7803,1501271,-360,6.46,521,8880,8880,8880,8880,0,0
20190529,9140,9140,8860,8880,0,6751,1500203,-1068,6.46,1824,8880,8880,8880,8880,0,0
20190530,8990,8990,8830,8950,70,3663,1500114,-89,6.46,1149,8950,8950,8950,8950,0,0
20190531,8950,9040,8840,8920,30,6610,1499769,-345,6.46,3016,8920,8920,8920,8920,0,0
20190603,8860,9100,8860,8940,20,14935,1499857,88,6.46,680,8940,8940,8940,8940,0,0
20190604,9000,9090,8940,9040,100,6495,1500282,425,6.46,272,9040,9040,9040,9040,0,0
20190605,9020,9300,9020,9240,200,8576,1500197,-85,6.46,35,9240,9240,9240,9240,0,0
20190607,9310,9400,9200,9300,60,9961,1499374,-823,6.46,1871,9320,9500,9320,9500,200,11
20190610,9300,9380,9240,9320,20,4843,1498831,-543,6.46,1684,9320,9320,9320,9320,0,0
20190611,9210,9310,9210,9300,20,10265,1497016,-1815,6.45,2249,9300,9300,9300,9300,0,0
20190612,9360,9360,9270,9330,30,7008,1496759,-257,6.45,2089,9330,9330,9330,9330,0,0
20190613,9310,9480,9270,9460,130,7149,1495497,-1262,6.44,3001,9460,9460,9460,9460,0,0
20190614,9460,9490,9350,9410,50,5218,1497236,1739,6.45,581,9410,9410,9410,9410,0,0
20190617,9500,9500,9300,9420,10,17863,1496378,-858,6.45,1500,9420,9420,9420,9420,0,0
20190618,9160,9430,9160,9260,160,37679,1463445,-32933,6.31,34125,9260,9260,9260,9260,0,0
20190619,9340,9550,9310,9540,280,33657,1487437,23992,6.41,23516,9540,9540,9540,9540,0,0
20190620,9550,9580,9390,9460,80,17311,1486284,-1153,6.4,5075,9460,9460,9460,9460,0,0
20190621,9420,9450,9310,9310,150,7735,1483564,-2720,6.39,461,9310,9310,9310,9310,0,10
20190624,9310,9420,9150,9160,150,5125,1482492,-1072,6.39,730,9160,9160,9160,9160,0,0
20190625,9200,9250,9100,9250,90,4840,1482318,-174,6.39,-124,9250,9250,9250,9250,0,0
20190626,9200,9240,9070,9240,10,9423,1481546,-772,6.38,4534,9240,9240,9240,9240,0,0
20190627,9260,9260,9100,9130,110,8267,1479702,-1844,6.38,2828,9130,9130,9130,9130,0,0
20190628,9130,9180,9030,9080,50,5291,1478098,-1604,6.37,-710,9080,9080,9080,9080,0,0
20190701,9060,9190,8910,9000,80,7661,1477882,-216,6.37,442,9000,9000,9000,9000,0,0
20190702,9000,9160,8910,9130,130,10819,1476968,-914,6.36,4550,9500,9680,9140,9140,10,22
20190703,9160,9410,9150,9290,160,20054,1474567,-2401,6.35,3435,9290,9290,9290,9290,0,0
20190704,9290,9330,9100,9220,70,6334,1473845,-722,6.35,1821,9220,9220,9220,9220,0,0
20190705,9220,11300,9110,9820,600,1929913,1397404,-76441,6.02,-7613,9720,10050,9720,9860,40,16811
20190708,10350,11700,10050,11000,1180,2754189,1327917,-69487,5.72,-16495,11050,11100,10900,10900,-100,30263
20190709,10750,11800,10450,10550,450,1707399,1321923,-5994,5.7,-758,10500,10550,10350,10350,-200,9742
20190710,10800,10900,9880,10100,450,618220,1324449,2526,5.71,64512,10150,10250,10150,10250,150,8791
20190711,10300,10550,9920,9920,180,359097,1316240,-8209,5.67,-529,9990,10150,9980,10150,230,14882
20190712,10250,10300,9830,10050,130,272909,1322375,6135,5.7,24654,10050,10050,10000,10000,-50,1775
20190715,10100,10500,9990,10150,100,312311,1329538,7163,5.73,136,10150,10250,10150,10150,0,2701
20190716,10250,10300,9710,9880,270,206308,1329383,-155,5.73,18083,9850,9880,9850,9870,-10,560
20190717,10000,10450,9780,10000,120,214267,1331596,2213,5.74,1247,10000,10050,10000,10050,50,217
20190718,10100,10100,9590,9770,230,226681,1336348,4752,5.76,39166,9770,9770,9730,9730,-40,780
20190719,9850,9980,9650,9720,50,89070,1333943,-2405,5.75,-515,9690,9700,9690,9700,-20,307
20190722,9720,9940,9680,9930,210,60619,1345290,11347,5.8,-8,9930,9930,9920,9930,0,384
20190723,10000,10000,9670,9690,240,63031,1330408,-14882,5.73,4705,9690,9690,9690,9690,0,784
20190724,9690,9760,9420,9420,270,54876,1331725,1317,5.74,1651,9420,9420,9420,9420,0,1
20190725,9440,9780,9360,9510,90,129586,1333156,1431,5.74,996,9510,9740,9500,9500,-10,569
20190726,9640,9640,9260,9260,250,81024,1328597,-4559,5.73,5483,9230,9260,9230,9260,0,220
20190729,9310,12000,9260,12000,2740,6291621,1281584,-47013,5.52,-12858,12000,12000,12000,12000,0,2013
20190730,12350,14150,12000,12050,50,7616938,1290214,8630,5.56,-97331,12150,12150,12000,12000,-50,52517
20190731,12150,12300,10450,10650,1400,2326322,1255336,-34878,5.41,27487,10650,10650,10500,10500,-150,15816
20190801,10650,11100,9820,9950,700,1521007,1243326,-12010,5.36,1012,9990,10250,9990,10200,250,55925
20190802,10400,10850,9970,10400,450,2206395,1186232,-57094,5.11,530,10550,10600,10450,10550,150,60139
20190805,10900,12900,10450,12200,1800,5418072,1189493,3261,5.13,-26857,12200,12250,12150,12150,-50,28466
20190806,11600,13450,11500,12350,150,3341082,1172741,-16752,5.05,-1256,12350,12450,12300,12400,50,31513
20190807,12850,12900,11250,11550,800,1821572,1123318,-49423,4.84,-1975,11500,11600,11500,11500,-50,22307
20190808,11300,11300,10450,10950,600,1110817,1175915,52597,5.07,27514,11000,11050,10900,10950,0,25033
20190809,11100,11100,10650,10850,100,528349,1149867,-26048,4.95,-10,10750,10800,10700,10700,-150,7498
20190812,10800,11050,10600,10950,100,446997,1149467,-400,4.95,528,10950,10950,10850,10850,-100,5165
20190813,10950,10950,10450,10550,400,330275,1185596,36129,5.11,1382,10550,10650,10550,10650,100,6378
20190814,10600,10950,10250,10550,0,518204,1217164,31568,5.24,-937,10500,10550,10450,10450,-100,6386
20190816,10450,10850,10000,10100,450,479539,1182818,-34346,5.09,338,10100,10100,10050,10050,-50,2396
20190819,10250,10250,10000,10150,50,182287,1208426,25608,5.21,960,10200,10200,10150,10200,50,1544
20190820,10100,10250,10000,10100,50,155769,1210835,2409,5.22,1057,10100,10100,10000,10050,-50,3213
20190821,10100,10400,10000,10300,200,286731,1201071,-9764,5.18,76766,10300,10400,10300,10350,50,2529
20190822,10400,10500,10150,10300,0,156236,1200090,-981,5.17,-153,10300,10300,10200,10250,-50,1831
20190823,10900,11850,10600,10600,300,3286611,1087150,-112940,4.68,3307,10550,10550,10500,10500,-100,14912
20190826,10600,10900,10200,10300,300,513641,1103193,16043,4.75,-58,10300,10350,10300,10300,0,5444
20190827,10350,10550,10250,10500,200,267858,1147726,44533,4.95,-78,10500,10600,10500,10500,0,10571
20190828,10550,10550,10200,10250,250,261394,1135112,-12614,4.89,49400,10200,10250,10150,10200,-50,4579
20190829,10250,10400,9920,10200,50,348947,1133288,-1824,4.88,38991,10300,10300,10200,10200,0,1423
20190830,10200,10350,10150,10350,150,150116,1158897,25609,4.99,39124,10350,10350,10300,10300,-50,2943
20190902,10450,10800,10300,10800,450,287185,1159409,512,5.0,58903,10800,10850,10750,10750,-50,1332
20190903,10850,11100,10700,11100,300,273276,1160048,639,5.0,41303,11100,11100,11000,11050,-50,928
20190904,11100,11450,11050,11200,100,310404,1155043,-5005,4.97,32675,11200,11200,11200,11200,0,1509
20190905,11350,11350,10950,11150,50,203419,1186604,31561,5.11,-11833,11150,11150,11100,11100,-50,310
20190906,11050,11200,10950,11050,100,96613,1196652,10048,5.16,6170,11050,11050,11050,11050,0,111
20190909,11000,11500,11000,11150,100,230172,1218578,21926,5.25,-3340,11100,11150,11100,11100,-50,2497
20190910,11100,11200,11000,11100,50,88792,1218765,187,5.25,2300,11050,11150,11050,11150,50,417
20190911,11150,11500,11100,11200,100,114662,1214942,-3823,5.24,887,11650,11650,11300,11300,100,90
20190916,11350,11500,11300,11400,200,110341,1219958,5016,5.26,837,11500,11500,11400,11450,50,615
20190917,11500,11500,11100,11200,200,100200,1216753,-3205,5.24,-368,11150,11150,11150,11150,-50,250
20190918,11100,11500,11100,11450,250,146785,1236601,19848,5.33,18444,11450,11450,11450,11450,0,174
20190919,11350,11550,11350,11550,100,73806,1240048,3447,5.34,626,11550,11550,11450,11550,0,70
20190920,11700,11700,11250,11450,100,80021,1240537,489,5.35,-97,11400,11450,11400,11450,0,231
20190923,11350,11400,11200,11250,200,51308,1237887,-2650,5.33,9383,11100,11250,11100,11250,0,635
20190924,11100,11300,11100,11250,0,50653,1244200,6313,5.36,569,11250,11250,11150,11150,-100,27
20190925,11300,11450,11050,11050,200,67281,1262206,18006,5.44,-76,11000,11050,11000,11050,0,403
20190926,11150,11450,11100,11150,100,75520,1279886,17680,5.52,-110,11400,11400,11150,11150,0,560
20190927,11100,11300,10950,11100,50,59167,1281779,1893,5.52,-186,11300,11300,11300,11300,200,17
20190930,11100,11250,10800,11200,100,84337,1276169,-5610,5.5,20810,11250,11250,11200,11200,0,1023
20191001,11300,11350,11000,11150,50,60217,1271603,-4566,5.48,4368,11150,11200,11150,11150,0,11
20191002,11050,11500,11050,11250,100,96797,1301931,30328,5.61,9515,11400,11400,11400,11400,150,31
20191004,11100,11350,11050,11050,200,64869,1288216,-13715,5.55,-69,11050,11050,11050,11050,0,142
20191007,11050,11150,10000,10550,500,113261,1299618,11402,5.6,11491,10650,10650,10550,10600,50,500
20191008,10550,10850,10350,10800,250,71174,1299705,87,5.6,1727,10800,10800,10800,10800,0,20
20191010,10800,10900,10700,10900,100,34278,1298614,-1091,5.6,8136,10900,10900,10900,10900,0,0
20191011,10950,11150,10700,10900,0,63358,1288840,-9774,5.55,40115,10900,10900,10900,10900,0,200
20191014,10900,11200,10800,10800,100,59370,1278525,-10315,5.51,31256,10800,10800,10800,10800,0,20
20191015,10850,10950,10350,10850,50,75353,1281604,3079,5.52,21890,10900,10900,10750,10800,-50,467
20191016,10700,11050,10700,11000,150,32403,1280427,-1177,5.52,18236,11050,11350,11050,11350,350,56
20191017,10950,11200,10850,10950,50,57234,1271458,-8969,5.48,25147,10950,10950,10950,10950,0,712
20191018,10900,11700,10900,11350,400,237390,1314399,42941,5.66,56997,11400,11450,11400,11400,50,1071
20191021,11350,11800,11250,11650,300,135718,1319125,4726,5.68,44881,11650,11650,11650,11650,0,315
20191022,11850,12050,11450,11900,250,199829,1336565,17440,5.76,86410,11950,12050,11950,12000,100,447
20191023,12000,12600,11750,12550,650,224845,1409245,72680,6.07,43499,12550,12550,12400,12500,-50,1082
20191024,12500,13100,12350,12800,250,200098,1459218,49973,6.29,32189,12800,13000,12800,13000,200,3
20191025,12750,13200,12650,13050,250,89680,1473327,14109,6.35,158,13150,13150,13000,13000,-50,106
20191028,13050,13400,12950,13250,200,99298,1497604,24277,6.45,1726,13350,13350,13350,13350,100,6
20191029,13400,13450,12900,13100,150,50347,1513980,16376,6.51,-181,13100,13100,13100,13100,0,0
20191030,13100,13600,12950,13550,450,111865,1564246,50266,6.74,21462,13550,13550,13550,13550,0,76
20191031,13550,13600,13000,13450,100,66366,1506756,-57490,6.49,7994,13450,13800,13450,13800,350,806
20191101,13700,13900,13450,13850,400,62650,1523010,16254,6.56,461,13850,13900,13850,13900,50,190
20191104,13900,14100,13800,14100,250,52136,1521133,-1877,6.55,1878,14100,14100,13850,14050,-50,122
20191105,14100,14150,13800,13900,200,32533,1519690,-1443,6.55,-2782,14000,14000,14000,14000,100,1
20191106,13800,14300,13800,14150,250,48806,1541433,21743,6.64,-157,14150,14150,14150,14150,0,0
20191107,13950,14300,13950,14250,100,31216,1554074,12641,6.7,-465,14250,14250,14250,14250,0,0
20191108,14150,14750,14150,14350,100,59100,1555920,1846,6.7,4439,14350,14350,14350,14350,0,0
20191111,14300,14650,14200,14400,50,46265,1560959,5039,6.73,2675,14400,14400,14400,14400,0,56
20191112,14500,14600,14250,14500,100,48762,1553866,-7093,6.7,-434,14400,14500,14400,14500,0,50
20191113,14450,14500,14050,14300,200,43728,1548285,-5581,6.67,2347,14300,14300,14300,14300,0,67
20191114,14150,14350,13900,14100,200,42527,1546826,-1459,6.67,3806,14600,14600,14200,14200,100,202
20191115,14100,14600,13350,14450,350,107225,1555198,8372,6.7,17609,14450,14450,14450,14450,0,70
20191118,14450,14500,13850,14000,450,44682,1540457,-14741,6.64,4609,14000,14000,14000,14000,0,20
20191119,14450,14500,13950,14400,400,71140,1547144,6687,6.67,3916,14300,14400,14300,14400,0,77
20191120,14450,14700,14300,14550,150,74569,1548762,1618,6.67,4702,14500,14550,14500,14550,0,57
20191121,14350,14550,14050,14200,350,57690,1544596,-4166,6.66,-595,14200,14200,14200,14200,0,0
20191122,14050,14200,13750,14000,200,45363,1542201,-2395,6.65,3660,14000,14000,14000,14000,0,1
20191125,14000,14000,13400,13850,150,62163,1546985,4784,6.67,14414,13850,13850,13850,13850,0,0
20191126,13850,14000,13400,13600,250,77347,1535502,-11483,6.62,13840,13600,13600,13600,13600,0,88
20191127,13700,13750,13100,13350,250,37078,1532716,-2786,6.6,7372,13350,13350,13350,13350,0,7
20191128,13300,13450,12850,13350,0,73549,1546518,13802,6.66,21178,13400,13400,13400,13400,50,3
20191129,13400,13600,12900,13050,300,33469,1542056,-4462,6.64,2429,13150,13150,13050,13050,0,524
20191202,12900,13150,12650,12850,200,78667,1550308,8252,6.68,23117,12950,12950,12950,12950,100,73
20191203,12750,13200,12750,12950,100,45799,1556382,6074,6.71,8,12950,12950,12950,12950,0,0
20191204,12950,13000,12650,13000,50,51771,1545830,-10552,6.66,22477,12850,13050,12850,13050,50,6
20191205,13050,13150,12700,12700,300,42005,1529242,-16588,6.59,22501,12700,12700,12600,12600,-100,65
20191206,12600,12750,12450,12600,100,44202,1549100,19858,6.68,-82,12600,12600,12600,12600,0,16
20191209,12600,12700,12300,12500,100,105551,1565735,16635,6.75,45020,12550,12550,12550,12550,50,40
20191210,12450,12500,12200,12300,200,68311,1571629,5894,6.77,24973,12300,12300,12300,12300,0,227
20191211,12200,12350,12100,12250,50,63852,1590689,19060,6.85,2829,12250,12250,12250,12250,0,100
20191212,12150,12350,12150,12250,0,32938,1598220,7531,6.89,1598,12300,12300,12300,12300,50,75
20191213,12250,12400,11900,12350,100,118781,1608302,10082,6.93,48349,12450,12450,12400,12400,50,20
20191216,12200,12900,12200,12400,50,33822,1594285,-14017,6.87,9332,12400,12400,12400,12400,0,0
20191217,12600,12750,12250,12550,150,58941,1596947,2662,6.88,15974,12800,12800,12800,12800,250,1
20191218,12500,12950,12500,12900,350,25614,1591524,-5423,6.86,-161,13000,13000,13000,13000,100,1
20191219,12900,13000,12450,12600,300,43340,1590726,-798,6.85,-1592,12600,12600,12600,12600,0,0
20191220,12900,13000,12600,12950,350,127051,1598408,7682,6.89,1244,12950,12950,12950,12950,0,0
20191223,12800,13200,12700,12850,100,35419,1594083,-4325,6.87,1126,12850,12850,12850,12850,0,0
20191224,12850,13000,12700,12750,100,21763,1587538,-6545,6.84,5137,12750,12750,12750,12750,0,0
20191226,12800,12950,12600,12650,100,44220,1597100,9562,6.88,231,12650,12650,12650,12650,0,0
20191227,12650,13200,12550,13100,450,26574,1595847,-1253,6.88,1126,13250,13250,13100,13100,0,142
20191230,13050,13500,13050,13200,100,29342,1590061,-5786,6.85,-2442,13650,13650,13200,13200,0,29
20200102,13250,13350,13100,13200,0,28026,1582181,-7880,6.82,733,13200,13200,13200,13200,0,0
20200103,13100,13400,13050,13300,100,23144,1573888,-8293,6.78,10228,13300,13300,13300,13300,0,2
20200106,13300,13750,13300,13500,200,57972,1566625,-7263,6.75,10261,13500,13500,13500,13500,0,0
20200107,13850,13850,13300,13500,0,28540,1559587,-7038,6.72,1731,13500,13500,13500,13500,0,0
20200108,13500,13600,12850,13450,50,129855,1537117,-22470,6.62,-893,13450,13450,13150,13300,-150,23
20200109,13700,13800,13300,13500,50,17538,1531768,-5349,6.6,474,13700,13700,13700,13700,200,1
20200110,13700,13700,13100,13200,300,27193,1526544,-5224,6.58,-3913,13200,13200,13200,13200,0,0
20200113,13250,13400,13050,13150,50,33656,1514658,-11886,6.53,5427,13150,13150,13150,13150,0,0
20200114,13400,13800,13300,13750,600,50615,1513633,-1025,6.51,3669,13750,13750,13750,13750,0,18
20200115,13700,14650,13600,14450,700,111545,1528501,14868,6.59,5694,14450,14500,14450,14500,50,23
20200116,14500,14750,14150,14400,50,35862,1520427,-8074,6.55,1657,14550,14550,14550,14550,150,5
20200117,14400,14950,14250,14600,200,78684,1523612,3185,6.57,11241,14600,14600,14600,14600,0,103
20200120,14650,15250,14450,15000,400,96540,1522340,-1272,6.56,825,14950,15000,14950,15000,0,12
20200121,14750,15400,14750,15300,300,31051,1522627,287,6.56,437,15450,15450,15300,15300,0,39
20200122,15200,15500,15050,15450,150,24686,1525426,2799,6.57,23,15450,15450,15450,15450,0,0
20200123,15500,15550,15000,15200,250,31453,1526385,959,6.58,1222,15250,15250,15250,15250,50,1
20200128,15000,15000,14150,14500,700,90585,1538389,12004,6.63,42446,14600,14600,14600,14600,100,50
20200129,15000,15000,14550,14700,200,23430,1539926,1537,6.64,-35,14700,14700,14650,14650,-50,132
20200130,14600,14950,14350,14500,200,26538,1537793,-2133,6.63,335,14500,14500,14500,14500,0,68
20200131,14450,14650,13900,14150,350,61848,1539231,1438,6.63,23912,14200,14200,14200,14200,50,5
20200203,13950,14300,13400,14200,50,87678,1537400,-1831,6.62,-50,14250,14300,14250,14300,100,93
20200204,14000,14450,14000,14400,200,20595,1532073,-5327,6.6,11,14400,14400,14400,14400,0,0
20200205,14550,14600,14200,14350,50,21359,1520388,-11685,6.55,369,14350,14350,14350,14350,0,1
20200206,14350,14650,13900,14100,250,29196,1520293,-95,6.55,-4595,14100,14200,14100,14200,100,2
20200207,14000,14500,13900,14200,100,30203,1513534,-6759,6.51,4359,14200,14200,14100,14100,-100,43
20200210,14200,14300,14050,14250,50,13720,1510351,-3183,6.51,4630,14250,14250,14250,14250,0,0
20200211,14150,14300,13800,14000,250,38376,1499504,-10847,6.46,-1030,14000,14000,14000,14000,0,2
20200212,14000,14700,13700,14250,250,96009,1488497,-11007,6.41,-2573,14100,14100,14100,14100,-150,537
20200213,14000,14200,13850,13950,300,29465,1494369,5872,6.44,4351,13950,13950,13950,13950,0,0
20200214,13800,14100,13750,13950,0,18695,1488101,-6268,6.41,898,13950,13950,13950,13950,0,20
20200217,14000,14200,13700,13950,0,22236,1487327,-774,6.41,53,13950,13950,13950,13950,0,46
20200218,13800,14100,13700,13900,50,31257,1475958,-11369,6.36,18361,13900,13900,13900,13900,0,0
20200219,13900,14350,13750,14300,400,32726,1476014,56,6.36,-1770,14300,14400,14300,14400,100,33
20200220,14400,14700,13950,14000,300,50068,1476869,855,6.36,-1128,14550,14550,14550,14550,550,2
20200221,13950,14150,13400,13550,450,69368,1463710,-13159,6.31,13472,13550,13550,13550,13550,0,0
20200224,13250,13700,12450,12750,800,77119,1463919,209,6.31,4591,12750,12750,12750,12750,0,0
20200225,12450,13050,12450,12850,100,27256,1465020,1101,6.31,-1861,12850,12850,12850,12850,0,0
20200226,12750,12800,12250,12600,250,44419,1462527,-2493,6.3,741,12600,12600,12600,12600,0,0
20200227,12500,12750,12000,12000,600,77523,1455020,-7507,6.27,-4200,12050,12050,12000,12000,0,219
20200228,11700,12000,11100,11600,400,77477,1467252,12232,6.32,7506,11600,11600,11600,11600,0,0
20200302,11400,11700,11150,11400,200,40267,1465619,-1633,6.32,375,11400,11400,11400,11400,0,0
20200303,11600,12200,11450,11750,350,31688,1461270,-4349,6.3,663,11750,11750,11750,11750,0,0
20200304,11500,12100,11350,12050,300,40939,1448813,-12457,6.24,2670,12050,12050,12050,12050,0,0
20200305,12050,12300,11950,12250,200,37327,1438450,-10363,6.2,172,12850,13400,12850,13300,1050,8625
20200306,12900,13950,11950,12100,150,149009,1400402,-38048,6.03,-3827,12000,12000,11950,11950,-150,130
20200309,11900,11950,11400,11700,400,56003,1399330,-1072,6.03,6126,11700,11700,11650,11650,-50,4
20200310,11600,11900,11100,11900,200,34413,1400189,859,6.03,1253,11900,11900,11800,11800,-100,616
20200311,11900,12150,11300,11450,450,48775,1395114,-5075,6.01,251,11450,11450,11450,11450,0,0
20200312,11700,11700,10500,10850,600,99935,1395857,743,6.01,16040,10850,10850,10850,10850,0,0
20200313,10000,10650,9410,9780,1070,145278,1381218,-14639,5.95,867,9780,9920,9770,9770,-10,10301
20200316,9880,10200,9510,9890,110,50322,1381867,649,5.95,-3977,9890,9890,9890,9890,0,0
20200317,9680,9980,9210,9790,100,37072,1368987,-12880,5.9,-1757,10050,10050,10050,10050,260,1
20200318,9620,10350,9310,9310,480,40184,1352438,-16549,5.83,-1307,9200,9220,9200,9220,-90,52
20200319,9210,9310,8290,8730,580,86856,1331808,-20630,5.74,50682,8800,8800,8800,8800,70,27
20200320,8560,9210,8440,9210,480,52415,1332282,474,5.74,23614,9210,9210,9210,9210,0,0
20200323,8460,8580,8100,8100,1110,27049,1326247,-6035,5.71,5053,8100,8100,8100,8100,0,0
20200324,8200,8560,8200,8300,200,34899,1323414,-2833,5.7,-32,8510,8510,8510,8510,210,25
20200325,8680,9100,8400,9020,720,108481,1319296,-4118,5.68,-18574,9020,9020,9020,9020,0,0
20200326,9020,9680,8790,9200,180,48749,1307808,-11488,5.64,-12606,9200,9200,9200,9200,0,0
20200327,9360,9690,9280,9450,250,69933,1305650,-2158,5.63,29195,9740,9740,9450,9450,0,54
20200330,9400,9700,9200,9700,250,27112,1308973,3323,5.64,-6358,9690,9690,9680,9680,-20,50
20200331,9790,10200,9790,10050,350,48490,1309878,905,5.64,-17804,10050,10050,10050,10050,0,0
20200401,10050,10700,10050,10200,150,29296,1309626,-252,5.64,-6604,10200,10200,10200,10200,0,0
20200402,10200,10300,9800,10300,100,14213,1296168,-13458,5.59,561,10300,10500,10300,10400,100,270
20200403,10500,10950,10400,10950,650,28501,1293792,-2376,5.58,547,10950,10950,10950,10950,0,20
20200406,11000,12300,11000,11750,800,64875,1292884,-908,5.57,-13805,11800,11800,11800,11800,50,1
20200407,12050,12500,11650,12050,300,45732,1292896,12,5.57,-8483,12050,12050,12050,12050,0,0
20200408,12300,12550,11800,12200,150,35578,1292640,-256,5.57,421,12200,12200,12200,12200,0,0
20200409,12700,12700,11900,12250,50,22423,1290106,-2534,5.56,6105,12250,12250,12250,12250,0,1
20200410,12300,12400,11850,12300,50,19535,1289437,-669,5.56,7979,12300,12300,12300,12300,0,0
20200413,12450,12450,11800,12200,100,23936,1287928,-1509,5.55,3326,12200,12200,12200,12200,0,0
20200414,12150,12400,12100,12200,0,49997,1290474,2546,5.56,-1356,12200,12200,12200,12200,0,0
20200416,12000,12200,11750,12050,150,22496,1292401,1927,5.57,3867,12050,12050,12050,12050,0,0
20200417,12100,12350,12050,12050,0,36087,1290155,-2246,5.56,2454,12100,12100,12100,12100,50,195
20200420,12150,12300,11850,11950,100,15077,1282749,-7406,5.53,-183,11950,11950,11950,11950,0,0
20200421,11950,12100,11450,11750,200,24427,1278815,-3934,5.51,-12,11750,11750,11750,11750,0,100
20200422,11750,12050,11250,11750,0,15146,1277037,-1778,5.5,-783,11750,11750,11750,11750,0,0
20200423,11750,12350,11600,12300,550,41400,1276805,-232,5.5,1307,12300,12300,12300,12300,0,0
20200424,12300,12650,12100,12500,200,39186,1263685,-13120,5.45,14,12500,12500,12500,12500,0,0
20200427,12500,13000,12450,12800,300,117992,1256436,-7249,5.41,9894,12800,12800,12800,12800,0,0
20200428,12700,13450,12500,13300,500,51152,1259458,3022,5.43,16999,13300,13400,13100,13300,0,1412
20200429,13450,13700,13250,13550,250,24302,1256828,-2630,5.42,4258,13550,13550,13550,13550,0,0
20200504,13550,14700,13450,13950,400,77911,1258829,2001,5.42,16219,14000,14200,14000,14100,150,95
20200506,14050,14650,14050,14550,600,49973,1253467,-5362,5.4,-672,14550,14550,14500,14550,0,231
20200507,14600,14850,14400,14600,50,56032,1248347,-5120,5.38,-802,14600,15500,14600,15500,900,3
20200508,14700,14750,14000,14250,350,76110,1248406,59,5.38,-806,14250,14250,14250,14250,0,35
20200511,14550,14800,13700,14650,400,64315,1249029,623,5.38,7364,14950,14950,14950,14950,300,9
20200512,14800,15200,14600,14950,300,98749,1247942,-1087,5.38,-4580,14950,14950,14950,14950,0,190
20200513,14900,14950,14550,14850,100,51682,1242139,-5803,5.35,11,14850,14850,14850,14850,0,0
20200514,14850,15300,14500,15200,350,90463,1252800,10661,5.4,-3837,15200,15200,15200,15200,0,54
20200515,15350,15650,15150,15350,150,106467,1262109,9309,5.44,-9371,15450,15450,15350,15350,0,31
20200518,15600,17700,15600,16250,900,200828,1260990,-1119,5.43,-34076,16400,16400,16250,16400,150,5
20200519,16500,16800,16150,16250,0,53123,1251477,-9513,5.39,972,16500,16500,16500,16500,250,5
20200520,16950,17450,16400,16500,250,75512,1244000,-7477,5.36,-4597,16400,16500,16400,16500,0,18
20200521,16900,16900,16200,16350,150,37411,1239004,-4996,5.34,592,16350,16350,16350,16350,0,1
20200522,16400,16550,16050,16250,100,55328,1237784,-1220,5.33,-3105,16250,16250,16250,16250,0,0
20200525,16250,16500,16150,16500,250,33163,1248356,10572,5.38,-7271,16500,16500,16500,16500,0,70
20200526,16600,16600,16250,16350,150,28420,1245100,-3256,5.37,-5057,16350,16600,16350,16600,250,53
20200527,16350,16500,16100,16350,0,30225,1244917,-183,5.36,98,16350,16350,16350,16350,0,0
20200528,16350,16350,15850,16000,350,49750,1254248,9331,5.4,-6474,16000,16000,16000,16000,0,66
20200529,15950,16450,15950,16300,300,48488,1263276,9028,5.44,6112,16300,16300,16300,16300,0,192
20200601,16250,17800,16250,17100,800,266441,1303456,40180,5.62,-4816,17200,17200,17150,17150,50,595
20200602,17100,17600,16900,17300,200,60311,1306170,2714,5.63,-14033,17350,17350,17300,17300,0,12
20200603,17300,17350,16750,16850,450,52467,1289385,-16785,5.56,645,16850,16850,16850,16850,0,2
20200604,17200,19200,16900,17300,450,478758,1278092,-11293,5.51,-2717,17300,17300,17300,17300,0,200
20200605,17300,17500,17000,17150,150,60743,1281857,3765,5.52,-5152,17150,17150,17150,17150,0,114
20200608,17250,17300,16800,16850,300,36209,1278224,-3633,5.51,-685,16850,16850,16850,16850,0,12
20200609,17100,18000,16950,17900,1050,134752,1303998,25774,5.62,9004,18000,18100,18000,18000,100,689
20200610,17850,18900,17500,18200,300,107497,1312595,8597,5.66,18708,18200,18450,18200,18400,200,400
20200611,18200,19050,18100,18600,400,106960,1300933,-11662,5.61,-1410,18550,18550,18550,18550,-50,55
20200612,17900,19600,17500,19350,750,141325,1305803,4870,5.63,26080,19450,19500,19450,19500,150,320
20200615,19950,21400,19200,20250,900,400468,1296750,-9053,5.59,8603,20200,20250,20200,20250,0,1003
20200616,21200,21800,21100,21700,1450,193490,1349459,52709,5.81,-34258,21700,21700,20950,21000,-700,2209
20200617,21700,23450,21700,23150,1450,207854,1396947,47488,6.02,-34115,23000,23750,23000,23700,550,2516
20200618,24000,24500,23000,23350,200,138452,1422391,25444,6.13,-17945,23300,23550,23200,23500,150,613
20200619,23350,23850,23050,23400,50,75107,1443000,20609,6.22,-15286,23350,23350,23350,23350,-50,18
20200622,24200,24200,22950,23500,100,103740,1455219,12219,6.27,-16994,23500,23700,23500,23700,200,189
20200623,23800,24250,23200,24250,750,113870,1457410,2191,6.28,-2134,24350,24350,24350,24350,100,193
20200624,24400,24800,23100,23450,800,88914,1448204,-9206,6.24,-10377,23450,23550,23450,23550,100,323
20200625,22750,23450,22500,22800,650,73765,1448565,361,6.24,5189,22800,23000,22800,23000,200,375
20200626,22850,23050,22200,22700,100,48453,1444040,-4525,6.22,-1,22850,22950,22850,22950,250,715
20200629,22200,22700,22000,22000,700,60096,1458857,14817,6.29,4359,22000,22000,22000,22000,0,0
20200630,22200,22650,21700,21700,300,66196,1444520,-14337,6.22,3929,21700,21700,21700,21700,0,100
20200701,22150,22150,21150,21350,350,59197,1456640,12120,6.28,-5967,21450,21500,21450,21450,100,141
20200702,21350,22150,21350,21750,400,41711,1450213,-6427,6.25,-5281,21750,21750,21750,21750,0,0
20200703,21900,22350,21500,21850,100,36407,1438341,-11872,6.2,5396,21850,21850,21850,21850,0,2
20200706,21900,22150,21600,21850,0,36406,1428613,-9728,6.16,-9208,21850,21900,21800,21900,50,47
20200707,21850,22350,21450,22350,500,47077,1428570,-43,6.16,1730,22400,22400,22350,22400,50,256
20200708,22350,22500,22050,22300,50,25021,1418306,-10264,6.11,-601,22300,22800,22300,22800,500,18
20200709,22500,22500,21700,21900,400,30849,1409000,-9306,6.07,-4541,21900,21900,21900,21900,0,358
20200710,22300,23350,21800,23100,1200,64795,1413162,4162,6.09,723,23100,23100,23100,23100,0,73
20200713,23100,23450,22250,22700,400,45802,1370791,-42371,5.91,-1051,22700,22700,22700,22700,0,2
20200714,22500,22700,21700,21850,850,40460,1364182,-6609,5.88,4342,22000,22000,21900,21900,50,451
20200715,22250,22400,21450,21600,250,32057,1363522,-660,5.88,-2631,21600,21600,21600,21600,0,50
20200716,21800,21800,21000,21100,500,36394,1366817,3295,5.89,-3442,21100,21300,21100,21300,200,560
20200717,21200,21500,20950,21350,250,17406,1366632,-185,5.89,43,21400,21400,21350,21350,0,11
20200720,21000,21000,19600,20450,900,80202,1372660,6028,5.91,-13737,20450,20800,20450,20800,350,60
20200721,20500,21400,20500,20850,400,36881,1370047,-2613,5.9,-10489,20850,20850,20850,20850,0,0
20200722,20850,21050,20450,20750,100,16771,1369691,-356,5.9,-5417,20750,20750,20750,20750,0,186
20200723,20750,21000,20400,20500,250,38976,1374805,5114,5.92,6025,20950,20950,20850,20850,350,8
20200724,20400,20850,20050,20150,350,20209,1373053,-1752,5.92,177,20150,20150,20150,20150,0,103
20200727,20100,21300,20100,20850,700,47299,1371990,-1063,5.91,-3918,21900,21900,20900,20900,50,155
20200728,21400,21400,20550,20800,50,19410,1364297,-7693,5.88,-1692,20750,20750,20700,20700,-100,68
20200729,20600,21700,20550,21650,850,26511,1360273,-4024,5.86,3998,21650,21650,21650,21650,0,542
20200730,21700,22000,20950,21450,200,41124,1353742,-6531,5.83,-4428,21450,21450,21450,21450,0,0
20200731,21450,21500,21000,21350,100,22794,1350400,-3342,5.82,4560,21350,21350,21350,21350,0,0
20200803,21350,22450,21350,22300,950,55220,1357970,7570,5.85,1322,22350,22450,22350,22450,150,580
20200804,22850,22850,21950,22200,100,19970,1352756,-5214,5.83,2800,22200,22200,21950,21950,-250,21
20200805,22200,22900,22100,22650,450,57490,1355253,2497,5.84,-10520,22650,22650,22500,22650,0,106
20200806,22900,22900,21950,22050,600,30199,1348275,-6978,5.81,1910,22050,24000,22050,23200,1150,383
20200807,22300,22300,21600,21700,350,24011,1346274,-2001,5.8,-2288,21700,21700,21700,21700,0,19
20200810,21700,22050,21450,21500,200,21076,1346085,-189,5.8,-3325,21500,21500,21500,21500,0,68
20200811,21600,21900,21350,21800,300,30208,1348817,2732,5.81,-2180,21950,21950,21950,21950,150,293
20200812,22000,22250,21500,21800,0,20301,1345492,-3325,5.8,14,22000,22000,21900,21900,100,192
20200813,22150,22200,21400,21500,300,37338,1345742,250,5.8,7937,21500,21500,21500,21500,0,369
20200814,21850,21900,20050,20800,700,71332,1347311,1569,5.81,6591,20800,20800,20800,20800,0,640
20200818,21000,21000,19000,19550,1250,94334,1371661,24350,5.91,26634,19350,19550,19350,19550,0,45
20200819,19500,20250,19500,19900,350,24300,1374045,2384,5.92,3851,19950,19950,19900,19900,0,58
20200820,19950,20500,19000,19250,650,39891,1368744,-5301,5.9,87,19250,19250,18900,18900,-350,2055
20200821,19150,19450,18450,19100,150,36917,1372167,3423,5.91,9916,19100,19100,19100,19100,0,0
20200824,19100,19350,18450,19200,100,17952,1371864,-303,5.91,6938,19200,19200,19200,19200,0,95
20200825,19300,19350,18650,19000,200,33435,1372822,958,5.92,-7026,18900,19000,18900,19000,0,151
20200826,19200,19200,18000,18500,500,73533,1369342,-3480,5.9,7014,18500,18500,18500,18500,0,8
20200827,18700,18700,17750,17800,700,66256,1382932,13590,5.96,9412,18000,18050,17800,17850,50,223
20200828,17950,18150,17700,17850,50,41084,1380018,-2914,5.95,-2560,17550,17750,17550,17600,-250,1981
20200831,17700,18150,17600,17900,50,36642,1378853,-1165,5.94,3961,17850,17900,17850,17900,0,18
20200901,17950,17950,17300,17700,200,64604,1349395,-29458,5.81,6886,17750,17800,17750,17750,50,88
20200902,17750,18000,17500,17800,100,38433,1337254,-12141,5.76,332,17800,17800,17800,17800,0,209
20200903,17900,17950,17500,17650,150,28253,1332326,-4928,5.74,-46,17650,17650,17650,17650,0,0
20200904,17000,17450,17000,17100,550,41091,1319257,-13069,5.68,-696,17100,17500,17100,17500,400,525
20200907,17050,17350,17000,17150,50,24962,1308376,-10881,5.64,2755,17150,17150,17150,17150,0,30
20200908,17400,17950,17100,17600,450,56360,1287934,-20442,5.55,2722,17600,17600,17600,17600,0,0
20200909,17550,17550,17100,17200,400,43925,1267348,-20586,5.46,-668,17250,17250,17250,17250,50,4
20200910,17300,17500,17000,17300,100,25896,1259001,-8347,5.43,1295,17500,17500,17350,17350,50,53
20200911,17400,17550,16950,17150,150,22949,1252603,-6398,5.4,792,17050,17050,17000,17000,-150,48
20200914,17050,17150,16850,17000,150,30219,1240743,-11860,5.35,-1954,17000,17000,17000,17000,0,25
20200915,17150,17350,17000,17250,250,44019,1233996,-6747,5.32,3257,17250,17300,17250,17300,50,29
20200916,17350,17400,17000,17200,50,38788,1228561,-5435,5.29,11657,17350,17350,17350,17350,150,3
20200917,17200,17600,17100,17200,0,45515,1224156,-4405,5.27,8570,17200,17200,17200,17200,0,0
20200918,17200,17300,16600,16700,500,39248,1214607,-9549,5.23,-1244,16700,16850,16700,16850,150,271
20200921,16750,16950,15950,16550,150,38800,1211859,-2748,5.22,3900,16550,16550,16500,16500,-50,45
20200922,16550,16800,15750,16100,450,33221,1208660,-3199,5.21,-1251,16150,16150,16100,16100,0,26
20200923,16150,16350,15400,16250,150,30743,1206552,-2108,5.2,4998,16250,16250,16250,16250,0,34
20200924,15950,16200,15450,16000,250,21922,1201136,-5416,5.18,3010,16000,16000,16000,16000,0,16
20200925,15900,15950,15500,15700,300,24904,1198002,-3134,5.16,-1458,15650,15700,15650,15700,0,14
20200928,16200,17000,15800,16900,1200,36464,1201029,3027,5.18,-1450,16900,16900,16900,16900,0,2
20200929,16950,17050,16250,16950,50,20818,1196665,-4364,5.16,5828,16950,16950,16950,16950,0,645
20201005,17050,17050,16750,16950,0,10657,1194051,-2614,5.15,1954,17000,17000,16950,16950,0,7
20201006,17000,17600,16750,17300,350,48202,1188242,-5809,5.12,7811,17300,17300,17300,17300,0,259
20201007,17200,17450,17000,17150,150,19361,1182663,-5579,5.09,-1807,17250,17250,17250,17250,100,10
20201008,17300,17450,17000,17250,100,20921,1181116,-1547,5.09,2548,17250,17250,17250,17250,0,0
20201012,17250,17750,17200,17300,50,21667,1177401,-3715,5.07,2506,17300,17300,17300,17300,0,0
20201013,17350,17550,17150,17300,0,13232,1174127,-3274,5.06,4021,17300,17300,17300,17300,0,0
20201014,17500,17500,16850,17250,50,20191,1168350,-5777,5.03,5525,17250,17250,17250,17250,0,0
20201015,17350,17350,16750,17300,50,15121,1165570,-2780,5.02,4261,17500,17500,17450,17450,150,13
20201016,17400,17400,16500,16800,500,36173,1156018,-9552,4.97,3302,16800,16800,16600,16700,-100,89
20201019,16650,16950,16450,16800,0,14240,1153943,-2075,4.97,-164,18150,18150,17700,17700,900,10
20201020,17200,17200,16150,16350,450,18822,1150159,-3784,4.96,-1788,16350,16350,16350,16350,0,0
20201021,16500,16650,16150,16450,100,14458,1151430,1271,4.96,2782,16450,16450,16450,16450,0,0
20201022,16350,16600,15800,16300,150,46675,1170407,18977,5.04,2664,16300,16300,16300,16300,0,0
20201023,16300,16350,15650,15700,600,27908,1169482,-925,5.04,-97,15700,15700,15700,15700,0,40
20201026,15550,15900,15000,15400,300,38397,1166527,-2955,5.03,8751,15000,15450,15000,15300,-100,963
20201027,15400,15500,14900,15150,250,27423,1167410,883,5.03,-8035,15150,15150,15150,15150,0,0
20201028,15200,15300,14850,15100,50,35021,1172397,4987,5.05,-12347,15050,15050,15000,15000,-100,58
20201029,14850,15100,14450,14750,350,37517,1177364,4967,5.07,-11375,14850,14850,14800,14800,50,91
20201030,14900,14900,14400,14600,150,19132,1174355,-3009,5.06,4089,14600,14600,14600,14600,0,0
20201102,14550,15500,14450,14800,200,14393,1173389,-966,5.06,-3707,14800,14800,14800,14800,0,0
20201103,14850,15200,14850,15200,400,7587,1172834,-555,5.05,-180,15200,15200,15200,15200,0,1
20201104,15350,15600,15200,15500,300,9223,1171373,-1461,5.05,407,15500,15500,15500,15500,0,8
20201105,15600,15750,15500,15600,100,9526,1169978,-1395,5.04,673,15600,15600,15600,15600,0,0
20201106,15600,15650,15350,15600,0,6912,1168827,-1151,5.04,-128,15300,15500,15300,15450,-150,11
20201109,15550,15700,15350,15700,100,11218,1168692,-135,5.04,-2132,15700,15700,15700,15700,0,19
20201110,15950,16100,15650,15750,50,11293,1168397,-295,5.03,698,15750,15750,15750,15750,0,0
20201111,15750,16100,15600,16000,250,12457,1168773,376,5.04,-957,16000,16000,16000,16000,0,14
20201112,16250,16250,15850,16000,0,7939,1168725,-48,5.04,-611,16000,16000,16000,16000,0,30
20201113,15850,16100,15150,15950,50,41561,1168629,-96,5.04,-4718,15750,15900,15750,15900,-50,31
20201116,16000,16100,15600,16000,50,20120,1169234,605,5.04,-713,16000,16000,16000,16000,0,0
20201117,16000,16000,15600,15600,400,22772,1169422,188,5.04,-29,15600,15750,15600,15750,150,26
20201118,15500,15900,15500,15650,50,28762,1173325,3903,5.06,-711,15700,15700,15650,15650,0,25
20201119,15650,15750,15350,15550,100,17990,1173026,-299,5.05,562,15700,15700,15700,15700,150,6
20201120,15700,15700,15350,15350,200,9253,1172887,-139,5.05,247,15450,15450,15450,15450,100,11
20201123,15250,15350,15000,15100,250,38488,1177208,4321,5.07,-3572,15100,15100,15100,15100,0,0
20201124,15100,15250,14900,15150,50,31176,1183026,5818,5.09,-14014,15150,15150,15150,15150,0,0
20201125,15200,15700,15000,15500,350,39663,1184424,1398,5.09,-6769,15500,15500,15500,15500,0,80
20201126,15500,16150,15400,15950,450,46531,1195978,11554,5.15,2474,15950,16000,15950,16000,50,101
20201127,15950,16000,15650,15950,0,36381,1192983,-2995,5.14,8679,16000,16000,15900,15900,-50,40
20201130,15900,16100,15700,15800,150,21003,1191933,-1050,5.14,1448,16200,16200,16100,16100,300,20
20201201,15950,15950,15450,15700,100,30135,1186195,-5738,5.11,610,15700,15700,15700,15700,0,20
20201202,15550,15550,15300,15400,300,23334,1182364,-3831,5.09,2837,15400,15450,15400,15450,50,52
20201203,15400,15550,15350,15500,100,25651,1179525,-2839,5.08,-4786,15500,15500,15500,15500,0,20
20201204,15500,15500,15100,15400,100,34670,1181306,1781,5.09,-4387,15600,15600,15400,15400,0,35
20201207,15250,15300,14900,14950,450,37472,1182128,822,5.09,-8733,14800,14850,14800,14850,-100,5
20201208,14950,15050,14550,14600,350,50578,1184133,2005,5.09,-10073,14600,14650,14600,14600,0,211
20201209,14600,18400,14400,15950,1350,229948,1177621,-6512,5.07,-12634,15750,15800,15500,15750,-200,8183
20201210,15500,16200,15000,16050,100,143160,1179777,2156,5.08,-24555,15800,16000,15800,15950,-100,83
20201211,16300,16400,15650,15950,100,49685,1179475,-302,5.08,-7095,15950,15950,15900,15900,-50,47
20201214,15800,15900,15350,15650,300,25615,1178437,-1038,5.08,-3338,15650,15650,15650,15650,0,7
20201215,15650,15650,15150,15400,250,28774,1175479,-2958,5.07,-3656,15550,15550,15550,15550,150,891
20201216,15400,15600,15250,15450,50,31176,1177130,1651,5.07,365,15350,15400,15350,15400,-50,141
20201217,15400,15400,15200,15350,100,43027,1170145,-6985,5.04,-1453,15350,15350,15350,15350,0,0
20201218,15300,15550,15300,15400,50,23628,1168944,-1201,5.04,-1266,15350,15350,15350,15350,-50,18
20201221,15400,15400,15200,15350,50,46320,1176081,7137,5.07,4722,15300,15300,15300,15300,-50,68
20201222,15250,15300,15000,15100,250,26101,1172205,-3876,5.05,-672,15000,15100,15000,15100,0,14
20201223,14950,15200,14850,15100,0,24624,1172456,251,5.05,393,15050,15050,15050,15050,-50,24
20201224,15100,15400,15000,15150,50,22301,1169738,-2718,5.04,-569,15150,15150,15150,15150,0,327
20201228,15250,15250,14850,15150,0,77546,1165296,-4442,5.02,-11693,15150,15150,15150,15150,0,184
20201229,14900,15150,14900,14950,200,20889,1162745,-2551,5.01,-1243,15000,15000,15000,15000,50,1
20201230,15000,15100,14950,15050,100,13918,1161096,-1649,5.0,-45,15050,15050,15050,15050,0,1311
20210104,15300,15300,14750,14950,100,32501,1158093,-3003,4.99,-536,15100,15100,15000,15000,50,16
20210105,14950,15300,14750,15200,250,69084,1166452,8359,5.03,-27014,15200,15250,15200,15250,50,487
20210106,15200,15950,15000,15400,200,115655,1172349,5897,5.05,717,15400,15550,15400,15550,150,427
20210107,15650,16100,15650,15950,550,99690,1179340,6991,5.08,-4801,15900,15900,15850,15850,-100,476
20210108,16100,16150,15650,15800,150,76220,1184164,4824,5.09,-1875,15800,15800,15800,15800,0,1
20210111,15900,15950,15200,15350,450,48277,1178603,-5561,5.08,-308,15250,15250,15250,15250,-100,24
20210112,15200,15750,15150,15550,200,42959,1178294,-309,5.08,-1614,15550,15550,15550,15550,0,180
20210113,15600,15900,15450,15800,250,32589,1178831,537,5.08,-3580,15800,15800,15750,15750,-50,36
20210114,15800,16250,15650,16150,350,63131,1186037,7206,5.11,-2383,16150,16150,16100,16150,0,557
20210115,16300,16350,15700,15850,300,53190,1183334,-2703,5.09,-11668,15700,15800,15700,15800,-50,132
20210118,15800,15800,15200,15200,650,37356,1178136,-5198,5.08,-5250,15250,15250,15250,15250,50,10
20210119,15250,15500,15100,15500,300,28320,1172665,-5471,5.05,-3837,15500,15500,15500,15500,0,192
20210120,15650,15650,15300,15400,100,19163,1172744,79,5.05,-1598,15400,15550,15400,15550,150,281
20210121,15450,15750,15350,15700,300,33055,1175874,3130,5.07,-3574,15700,15700,15700,15700,0,233
20210122,15900,15900,15500,15750,50,30335,1173464,-2410,5.06,-1472,15750,15750,15750,15750,0,7
20210125,15750,16150,15600,15850,100,67028,1173983,519,5.06,-735,15900,15900,15900,15900,50,21
20210126,15850,16150,15700,15950,100,51477,1180977,6994,5.09,-6066,16000,16050,16000,16000,50,213
20210127,15900,16000,15550,15650,300,33429,1173644,-7333,5.06,-3422,15650,15650,15600,15650,0,52
20210128,15650,15650,15150,15300,350,28549,1166076,-7568,5.02,-1191,15250,15250,15200,15250,-50,44
20210129,15400,15400,14650,14750,550,70318,1147363,-18713,4.94,-5582,14850,14850,14750,14750,0,45
20210201,14400,14900,14350,14900,150,25073,1146889,-474,4.94,-1625,14800,14900,14800,14900,0,3
20210202,15200,15200,14800,14850,50,17835,1145854,-1035,4.94,-745,14900,14900,14900,14900,50,2
20210203,15100,15100,14700,14750,100,15097,1144792,-1062,4.92,-1668,14800,14900,14800,14900,150,12
20210204,14700,15000,14700,14950,200,15484,1142982,-1810,4.92,-476,14950,14950,14950,14950,0,25
20210205,14950,15350,14900,15300,350,29658,1141200,-1782,4.92,489,15300,15300,15300,15300,0,3
20210208,15350,15600,15300,15400,100,30704,1139874,-1326,4.91,-502,15400,15400,15400,15400,0,0
20210209,15600,15650,15350,15550,150,18727,1139246,-628,4.91,3000,15550,15550,15500,15500,-50,143
20210210,15550,15850,15250,15450,100,38833,1135351,-3895,4.89,2358,15450,15450,15450,15450,0,0
20210215,15500,15600,15300,15600,150,38288,1135381,30,4.89,1298,15650,15650,15650,15650,50,197
20210216,15650,15750,15500,15750,150,27908,1139110,3729,4.91,776,15750,15750,15750,15750,0,0
20210217,15800,15800,15500,15500,250,25291,1137850,-1260,4.9,1181,15500,15500,15500,15500,0,98
20210218,15350,15600,15100,15150,350,25260,1137436,-414,4.9,1317,15150,15200,15150,15200,50,141
20210219,15200,15350,15000,15350,200,19586,1133900,-3536,4.89,-217,15350,15350,15350,15350,0,0
20210222,15450,15550,15300,15500,150,20731,1133997,97,4.89,1329,15500,15500,15500,15500,0,0
20210223,15500,15500,15200,15300,200,13736,1128630,-5367,4.86,170,15300,15300,15300,15300,0,0
20210224,15400,15600,15000,15250,50,24063,1123175,-5455,4.84,-9,15300,15300,15300,15300,50,5
20210225,15250,15700,15150,15650,400,31992,1121504,-1671,4.83,738,15750,15750,15750,15750,100,550
20210226,15400,15400,15200,15300,350,14329,1119295,-2209,4.82,-1509,15350,15350,15300,15300,0,6
20210302,15400,15500,15300,15400,100,14098,1118021,-1274,4.82,258,15400,15400,15400,15400,0,0
20210303,15450,15550,15300,15550,150,19603,1117251,-770,4.8,1547,15550,15550,15550,15550,0,0
20210304,15400,15850,15350,15650,100,31374,1119134,1883,4.82,-381,15650,15650,15650,15650,0,42
20210305,15650,15700,15400,15700,50,20067,1116481,-2653,4.8,-359,15700,15700,15700,15700,0,70
20210308,15900,15900,15600,15750,50,21715,1114490,-1991,4.8,-988,15750,15750,15750,15750,0,108
20210309,15750,16000,15450,15800,50,33721,1110234,-4256,4.78,4005,15650,15800,15650,15800,0,209
20210310,15650,15800,15600,15600,200,13227,1108505,-1729,4.78,-65,15800,15800,15600,15600,0,178
20210311,15550,15700,15400,15700,100,15638,1109952,1447,4.78,-4096,15750,15750,15750,15750,50,67
20210312,15850,15900,15500,15600,100,15164,1109262,-690,4.78,-1449,15600,15600,15550,15600,0,151
20210315,15650,15750,15600,15650,50,12647,1112146,2884,4.79,-1085,15650,15650,15650,15650,0,100
20210316,15700,16150,15700,16050,400,57278,1123737,11591,4.84,1556,16150,16200,16100,16150,100,467
20210317,16050,16250,15900,16150,100,24669,1124399,662,4.85,790,16150,16150,16050,16150,0,9
20210318,16200,16200,16050,16100,50,21702,1122907,-1492,4.84,-1119,16100,16150,16100,16150,50,149
20210319,16100,16150,15900,16050,50,18481,1122857,-50,4.84,-1228,16050,16050,16050,16050,0,0
20210322,16100,16100,15800,15850,-200,14765,1122857,0,4.84,-1339,15900,15900,15900,15900,50,105
20210323,16000,16050,15750,15950,100,17199,1118769,-2406,4.82,-1136,15900,15950,15850,15950,0,12
20210324,15800,16100,15700,16050,100,29805,1121068,2299,4.83,-1454,16050,16100,16050,16100,50,258
20210325,16050,16250,15850,15900,150,16241,1119469,-1599,4.82,-3106,15950,15950,15850,15850,-50,34
20210326,16100,16100,15800,15800,100,22058,1119596,127,4.82,-2270,15900,15900,15850,15850,50,92
20210329,16250,16900,16050,16900,1100,121387,1136870,17274,4.9,9038,16900,16900,16850,16900,0,3884
20210330,17000,17000,16500,16700,200,52177,1122737,-14133,4.84,-947,16700,17250,16700,17000,300,3531
20210331,16900,16950,16450,16950,250,53186,1119976,-2761,4.83,-1738,16900,16900,16900,16900,-50,321
20210401,17000,17150,16650,16700,250,39615,1117551,-2425,4.82,-3821,16700,16700,16650,16650,-50,64
20210402,16950,16950,16350,16450,250,22994,1117718,167,4.82,-2220,16450,16450,16450,16450,0,387
20210405,16500,16500,16100,16250,200,30585,1117098,-620,4.8,-6252,16250,16250,16250,16250,0,9
20210406,16350,16350,15900,16050,200,43930,1114491,-2607,4.8,-17120,16050,16050,15950,16000,-50,186
20210407,16050,16050,15750,16050,0,37284,1117464,2973,4.82,-1640,16000,16050,16000,16050,0,106
20210408,16100,16100,15800,15950,100,41711,1120628,3164,4.83,-1108,15900,15950,15850,15950,0,94
20210409,16050,16350,15900,16350,400,44975,1121446,818,4.83,-2567,16650,16650,16350,16400,50,146
