date,open,high,low,close,volume,korcom
20201230,175100,176700,173300,175800,100423,-4349
20201229,180400,181700,173000,176000,322695,-19597
20201228,168800,177700,168100,174600,340919,38332
20201224,168700,171400,166600,168200,172441,8557
20201223,171800,172500,168400,169000,126383,2459
20201222,176100,177900,171000,171400,114855,-8989
20201221,177800,178400,173100,177500,96263,3918
20201218,177700,181000,176500,177800,59604,-3220
20201217,177500,179400,176400,177400,48645,4412
20201216,178000,179400,176600,176600,51201,3022
20201215,180100,181100,176300,177800,108030,-10026
20201214,177800,181900,177600,180800,95055,-4311
20201211,183700,185000,180600,182400,79904,-874
20201210,178400,183600,175000,183600,74668,1046
20201209,186300,187900,178100,178400,248363,-45839
20201208,185900,197600,185500,188600,368666,17024
20201207,174700,192100,172800,184500,284646,11603
20201204,173400,176600,173100,174100,68065,978
20201203,174700,175300,172900,173900,68319,-5209
20201202,175900,176900,173300,175900,82721,-7855
20201201,174100,180500,173200,175900,80847,145
20201130,178600,179100,175200,175300,79194,-4663
20201127,178500,181900,176600,177900,65293,4566
20201126,176600,181100,175900,179900,51016,9337
20201125,179200,181300,176500,177900,82057,-9056
20201124,183800,183800,174000,179200,196570,-7963
20201123,188200,189500,183700,183800,97307,-14202
20201120,179000,194000,178700,190300,185855,-4301
20201119,180600,182000,175600,179700,141013,-39846
20201118,185000,185800,182000,182400,78901,-22601
20201117,185700,187900,182100,185900,47756,-3237
20201116,188700,189500,183100,185400,72839,5906
20201113,188000,188300,185200,188300,58542,1639
20201112,182300,188900,182300,186400,67555,-2138
20201111,181500,185900,178900,183100,62357,-1132
20201110,187100,187200,182100,182200,72395,-10419
20201109,188700,189700,185100,185200,58351,-469
20201106,194600,196600,185100,185900,142191,-19120
20201105,185300,199600,184800,191500,300044,16696
20201104,183200,185200,180400,184600,92267,3095
20201103,179700,184900,178900,182700,109648,6565
20201102,177300,181400,176200,179000,63506,4541
20201030,175700,182400,172700,176700,131806,-3451
20201029,169100,176400,168400,175700,74336,6347
20201028,169000,172000,168100,171900,52871,5591
20201027,167800,171100,167100,169000,55506,5129
20201026,172000,172000,168300,168600,64673,1142
20201023,172000,172700,170000,172000,43638,-100
20201022,171100,171400,169500,171300,35097,-4765
20201021,171000,171800,168600,171500,40776,4786
20201020,167100,170000,166500,170000,47053,526
20201019,168700,170500,166200,167100,50599,4483
20201016,170500,172000,166500,168600,57478,-4073
20201015,170000,172900,166000,170400,72138,4018
20201014,172400,172400,169000,169300,61702,-5373
20201013,173600,174500,172200,172400,47308,-1183
20201012,172500,173800,172200,173300,47560,1678
20201008,175000,176000,171100,173500,69542,-9873
20201007,166600,177400,165800,173100,190432,11264
20201006,168800,169200,167000,167400,60029,-3840
20201005,168000,169300,166700,168400,53145,5471
20200929,166500,169600,165000,168700,95603,1360
20200928,163800,166400,162500,166000,62722,3542
20200925,164300,165100,162100,162300,58236,341
20200924,164400,167600,162500,163100,102672,-4635
20200923,167700,168300,161500,165900,128375,16684
20200922,161200,168500,159100,165700,378439,6473
20200921,161000,162200,158600,159100,83773,-1097
20200918,162100,164500,160700,161400,66951,5179
20200917,164100,168900,163000,163000,184833,-558
20200916,160100,164600,159800,163000,127940,16079
20200915,160000,160900,159500,159800,56665,2314
20200914,160500,160900,158100,159700,94482,15455
20200911,161200,161500,159500,160500,97860,-8539
20200910,162800,164100,161100,161800,84276,-2261
20200909,161800,164500,160300,161800,100580,8764
20200908,164500,166600,163200,163800,208423,33252
20200907,164900,164900,160500,160900,227344,-2559
20200904,161500,167500,161500,165500,231757,11064
20200903,170000,170800,167500,167700,217044,-457
20200902,169800,172100,166300,170100,406342,15079
20200901,169800,173200,163500,168700,794050,44100
20200831,157500,189400,157500,170200,3669783,-7443
20200828,218200,228600,215500,224900,290251,7483
20200827,220000,221700,210000,212500,213276,-9813
20200826,213800,235000,210600,219900,388422,-12288
20200825,208500,215800,201000,213700,224676,6405
20200824,188100,206200,182400,204600,331087,11914
20200821,178100,189600,174600,187500,277292,-10714
20200820,174000,182800,172500,175200,177438,-14228
20200819,169300,176300,169300,174500,78116,-215
20200818,173800,177000,169400,170700,116151,-9665
20200814,174500,177600,172500,173900,77285,-6209
20200813,173300,177600,172100,174400,61125,-1125
20200812,175900,176700,171100,171700,80479,-7060
20200811,174500,179200,172100,176200,67555,-994
20200810,173500,175600,170000,172800,88754,1617
20200807,178600,179000,173300,175800,71505,-2713
20200806,182000,183600,176000,177000,84487,-384
20200805,172500,181900,171000,180700,170146,4881
20200804,165000,179200,164000,172900,158372,-3021
20200803,170000,170000,163500,164000,102343,-1248
20200731,171100,171400,167900,169900,93648,-8370
20200730,172500,173500,170900,171400,50774,-2369
20200729,173100,174600,171300,172000,51191,-4939
20200728,172300,176600,171800,173400,54493,250
20200727,172500,173400,171200,172000,50213,-277
20200724,172500,173500,171500,172500,69824,-248
20200723,176200,179000,174000,174500,93107,-4683
20200722,174300,176600,173400,176500,46223,-2142
20200721,172900,177600,172900,174200,73982,4966
20200720,172500,175000,171900,172700,45920,-1445
20200717,172400,175500,172400,172800,38464,260
20200716,175000,175400,172000,173300,59354,-6168
20200715,178200,180000,174800,175700,62400,1664
20200714,173500,182400,170700,177900,106675,-2878
20200713,177500,178700,173500,175000,90462,-2844
20200710,182100,183300,174400,179500,116664,-7780
20200709,188800,188800,181000,183300,91656,-6224
20200708,180000,187300,179900,184100,117199,3058
20200707,178100,189200,175600,179400,273670,-4359
20200706,170700,173000,168400,170800,133218,-8163
20200703,178300,178800,168100,170600,227251,-2618
20200702,186500,190000,176900,178200,267521,-18915
20200701,223500,224900,185300,186600,789197,-34247
20200630,177100,228200,173000,228200,192500,-2789
20200629,183000,183000,175100,175600,111696,-22384
20200626,183000,189100,179600,184800,143504,3650
20200625,179900,186800,177700,180200,123330,-4727
20200624,173400,185100,168500,182800,237288,15034
20200623,171000,176800,166600,170800,161030,-14467
20200622,178600,181300,171200,172000,172793,-26848
20200619,179800,187700,178000,178700,132540,-1116
20200618,187900,190300,170500,178900,217412,-8263
20200617,192200,192800,185500,188000,102101,-6551
20200616,189000,196800,187000,193500,145595,17259
20200615,182100,197700,181400,182500,218267,14577
20200612,178000,187000,177700,183700,185718,-1370
20200611,195800,200100,189200,191500,152395,-21062
20200610,191600,199100,191600,195800,78556,-811
20200609,204800,204800,192000,197300,189959,-18814
20200608,207000,213800,201000,204800,100871,5136
20200605,210800,211000,201400,208900,109535,10426
20200604,205100,219200,203200,208700,227173,16352
20200603,204000,209700,194200,200000,260157,25377
20200602,184000,199000,183200,198400,230093,33596
20200601,180300,186000,178800,185900,84729,7692
20200529,178500,183200,177100,180300,94176,-4512
20200528,189500,190000,178500,180500,176092,-12092
20200527,190300,197500,188000,191100,141633,1771
20200526,180300,190000,176900,189900,131892,9347
20200525,177500,181100,175200,180000,86449,5145
20200522,183000,184500,175000,175000,159854,-7269
20200521,185100,187700,182600,184900,59105,739
20200520,182600,192600,182400,184900,151133,861
20200519,180200,182800,177100,180300,94050,2546
20200518,179900,181500,175600,176000,64459,-847
20200515,177000,182400,172000,176700,89327,867
20200514,179300,183000,175300,177000,103268,-6734
20200513,181000,185300,179600,183500,66276,2757
20200512,184600,189600,179200,184100,105896,-1340
20200511,188000,191100,183500,184400,99437,-312
20200508,176000,188800,175200,186700,156880,9100
20200507,171700,177200,169500,176000,77495,7989
20200506,155100,174900,154200,171700,193496,7050
20200504,153000,158500,152500,153600,54591,-10779
20200429,155000,157300,154200,155700,43257,-2747
20200428,156000,158200,153100,155600,59994,-3103
20200427,154400,158300,152300,156000,55860,1207
20200424,155000,160400,151700,153000,102596,-3152
20200423,153900,159000,151500,156000,90911,-218
20200422,145700,152700,143900,151700,79370,-801
20200421,153000,157000,140100,150300,199310,-2400
20200420,152500,159200,150200,155300,112590,-11703
20200417,150000,156200,147600,152500,164708,-1532
20200416,134200,149600,132700,146500,219290,-5636
20200414,129000,136700,129000,135600,101059,1896
20200413,133400,133500,127700,127700,92196,-11103
20200410,139100,140400,129500,133900,149384,-29071
20200409,134700,139500,132000,138500,119263,-2517
20200408,129500,134600,127200,132000,122005,-5058
20200407,129700,130600,125700,129800,104995,-6108
20200406,123800,127400,122500,125700,99131,3647
20200403,124000,126500,120700,122300,91161,-9388
20200402,122500,125700,118000,124000,124522,-1390
20200401,127800,135500,120100,122300,165313,-19072
20200331,130000,137000,124400,130100,194043,-4918
20200330,125000,126800,121500,125100,195021,-15536
20200327,115500,144300,115400,128100,693668,-5953
20200326,107600,119500,105400,111000,264979,894
20200325,109400,111500,103400,108200,201357,6175
20200324,101000,104900,97900,104400,286070,-32397
20200323,99300,100300,93700,97000,233701,-11204
20200320,94700,108100,92000,107000,286715,36673
20200319,109600,111000,86700,88900,443019,2404
20200318,116500,118600,106300,106500,173807,-2497
20200317,106900,117400,105500,116500,217118,15753
20200316,121500,124500,111800,112900,244423,-1541
20200313,114000,123200,95500,116600,506186,23557
20200312,134100,138100,123500,125000,260347,-6861
20200311,141900,144000,136200,137000,87476,-3357
20200310,134100,144900,133300,142900,160289,12026
20200309,139900,142400,137600,137700,105907,-3452
20200306,147900,148900,142500,144200,111172,-7119
20200305,150900,153900,149200,150500,107352,-9316
20200304,145500,150300,143700,148900,93931,13169
20200303,148000,152300,144500,145700,131785,-5912
20200302,142900,144500,138400,144000,104979,3816
20200228,139600,142500,137700,139800,140708,13048
20200227,142700,148100,140500,143200,108091,-614
20200226,142700,144400,140600,143700,94969,3128
20200225,139200,145700,138500,145700,158605,3117
20200224,140100,144000,139000,139400,169386,9763
20200221,148500,152800,144300,146900,131682,-11161
20200220,154100,155900,149400,150900,138507,-11334
20200219,157700,160600,153600,155000,128346,-12109
20200218,160000,163600,155800,159100,191661,556
20200217,172400,174700,150200,155200,556908,-51028
20200214,177700,177700,172900,173000,53950,-8259
20200213,178800,179400,174900,175700,75316,-7263
20200212,179800,181300,177600,178800,55895,786
20200211,179000,180600,173600,179800,83365,6875
20200210,172200,180900,170100,177600,102541,3315
20200207,174000,174900,169500,173400,80419,-7509
20200206,172700,176600,171200,173900,77400,-6154
20200205,174000,176000,170300,170500,73208,-8973
20200204,167500,176000,167500,171900,101477,-4486
20200203,158700,170100,157600,167000,145783,683
20200131,171500,172500,162600,165100,128976,-149
20200130,178300,179900,169900,171300,95702,-7488
20200129,170500,185500,169100,180000,138914,7818
20200128,168500,170700,166500,168800,160032,585
20200123,183100,183100,177400,178500,70566,-13550
20200122,178000,184400,177500,183700,57134,3036
20200121,184000,184000,176400,178800,109410,-17873
20200120,186000,187800,183100,183300,45877,-3683
20200117,187700,190900,182700,185000,76963,1129
20200116,181000,188700,180800,187700,97869,9236
20200115,180600,184900,180100,181800,55301,-6979
20200114,188000,188000,180300,182600,107523,-23304
20200113,189900,195000,185100,186200,122908,-21074
20200110,185300,193100,182100,189900,139065,-5869
20200109,181200,185000,179000,185000,176209,2912
20200108,180100,181700,167800,171900,362745,4463
20200107,182300,186300,180200,185100,103891,-1017
20200106,185300,187000,177800,179400,222610,-15924
20200103,193800,199300,185200,191100,228465,-15461
20200102,208000,208000,193200,193800,319233,-19498
20191230,180000,192100,178000,191300,244849,6107
20191227,173000,182800,165600,181500,652450,-31564
20191226,161600,164700,160300,160700,372576,85574
20191224,163000,167000,161300,162000,271385,34621
20191223,162300,164300,160300,163000,195285,35423
20191220,157000,162900,154500,161800,202432,27151
20191219,157900,159600,153600,155200,159891,15666
20191218,161500,164100,155200,157100,232948,7062
20191217,147000,159400,147000,159000,336332,40265
20191216,141500,148500,141500,146600,159641,18229
20191213,142500,147300,140000,140900,151208,-2743
20191212,136000,143600,135100,141300,190315,4388
20191211,141400,141400,135100,135100,142699,-1877
20191210,141200,141700,137400,141500,140924,6829
20191209,146800,146800,140400,141200,120485,7088
20191206,147200,149800,142600,145200,162385,-595
20191205,153600,154800,140000,145000,234839,17013
20191204,157000,159900,149200,150900,238667,-4534
20191203,155000,168500,148700,159900,1010746,16048
20191202,142100,147800,140300,145500,234714,43726
20191129,138300,141700,135500,139800,195135,15665
20191128,144000,144800,136400,139100,214218,13582
20191127,143800,149200,139300,145800,238919,8026
20191126,150600,150600,142300,143500,253348,371
20191125,144300,156600,141000,150500,618469,3138
20191122,151500,153000,130700,139000,1051364,59953
20191121,157000,157400,147600,148000,572613,10812
20191120,154000,164600,147700,153000,1057745,40817
20191119,194700,207500,162100,162100,1510007,-49938
20191118,193000,223500,162700,173500,2321293,135719
20191115,228000,234400,215100,226400,350727,-22147
20191114,222000,235800,213000,226400,237497,-11841
20191113,247800,247900,206200,223600,610583,-43883
20191112,249600,257600,242000,246800,228030,-12169
20191111,233300,249900,232100,249100,293061,-29762
20191108,234800,236500,228200,231500,96510,-14233
20191107,231900,241800,224000,233000,160435,-12357
20191106,219600,240200,215800,231900,394639,-19942
20191105,214400,235800,200000,215700,453369,-15167
20191104,201700,202500,198100,202000,81812,4435
20191101,193600,201200,192700,200800,102817,-5440
20191031,193100,200000,187500,192500,119922,-9650
20191030,194700,194700,183800,191000,192597,-14135
20191029,199200,201900,191200,193900,156298,-8301
20191028,204800,205000,199900,200200,108111,-10480
20191025,199700,205300,194200,203000,171784,-2321
20191024,208100,209100,192000,199700,269204,-32539
20191023,195000,204900,192700,204300,286529,5154
20191022,184200,200000,181500,193000,357186,-48779
20191021,182000,187900,179400,182700,144125,-13589
20191018,178500,181900,171600,180200,138435,-4479
20191017,172000,177800,172000,174100,86556,-13479
20191016,174800,183500,170500,173000,182197,2035
20191015,168800,175600,166600,173900,189865,-7455
20191014,179900,180000,168200,172500,261044,-5992
20191011,179900,201000,174600,176900,466774,-14109
20191010,178400,183600,172300,180600,261777,-28756
20191008,153100,190400,147600,175000,567960,-64945
20191007,147000,154900,141800,152300,370369,-52224
20191004,134800,139600,132000,139000,147587,-26547
20191002,133500,139000,131000,134000,164783,-6952
20191001,123100,140800,123000,134000,317140,-32383
20190930,125500,130300,121000,123200,129706,3195
20190927,120500,126100,117000,122500,153952,-4974
20190926,104100,127600,104100,120400,473220,23801
20190925,103300,107300,102700,103700,103319,9316
20190924,95900,108800,95000,104400,249939,17747
20190923,100900,101500,99000,99900,50779,-3378
20190920,101200,102700,99900,100200,61774,-7413
20190919,101900,104200,100500,102000,59077,-1426
20190918,104700,105200,101700,102000,54814,2666
20190917,104100,106500,103300,104500,55978,2799
20190916,102600,105000,100000,105000,65070,10402
20190911,102500,104500,101200,102500,65735,-180
20190910,106000,106800,100700,101500,77977,-674
20190909,111000,112400,104700,105100,86659,2447
20190906,103300,109300,102300,107400,163780,1249
20190905,98000,106900,97600,103000,274692,19501
20190904,99100,100300,96300,98000,145590,4584
20190903,100400,101200,99400,99700,84073,-2992
20190902,101000,102800,100100,101200,58541,-5
20190830,102500,103000,100800,101900,51422,9017
20190829,104900,104900,99600,101000,78765,-3534
20190828,100400,104300,98300,104000,102990,4887
20190827,101400,103500,100000,100400,59994,-921
20190826,103500,104700,98500,100400,125220,-605
20190823,106100,110800,104300,106100,71940,4671
20190822,107000,111500,105800,107300,108833,3548
20190821,106000,107000,103800,106400,62032,7048
20190820,102300,107000,100600,106400,85826,19762
20190819,102200,104500,99700,101700,75533,22618
20190816,100300,103500,100000,101200,90188,10854
20190814,104000,110500,99800,104500,183431,-7385
20190813,104400,105000,99500,100500,156283,5317
20190812,107400,108000,105400,106100,76553,-3135
20190809,108600,110100,105900,107600,99548,-5882
20190808,108500,111000,104100,108400,128440,17480
20190807,110500,114900,102300,108200,179178,17201
20190806,115000,118800,108000,109900,265449,10177
20190805,126000,130000,118000,119600,187825,14793
20190802,126800,131000,115000,123900,256553,21095
20190801,115000,136200,112100,128500,663654,12415
20190731,110500,113800,84000,106000,838294,100436
20190730,104100,105700,101200,104900,88004,14047
20190729,104000,110800,99000,103200,147725,-2401
20190726,104100,104700,98900,101300,113711,9811
20190725,102700,107300,102600,104000,91120,6567
20190724,106600,108200,100500,102700,132708,15176
20190723,98700,109500,96400,105500,399083,8684
20190722,90100,95700,89100,94800,112765,977
20190719,89200,90500,88100,90100,60362,4745
20190718,90100,90100,88400,89200,49383,8000
20190717,90400,91200,89000,89700,63611,-3146
20190716,90000,92500,88800,90400,76990,11917
20190715,88800,93200,87500,90000,112810,13083
20190712,90400,90500,87800,88800,72289,-4760
20190711,91000,91000,86900,90300,118161,942
20190710,91300,91400,89000,90000,81994,8439
20190709,91300,94600,89700,90000,92337,8447
20190708,91000,94900,89400,92100,114252,16634
20190705,92000,92600,89300,91000,88127,3203
20190704,89100,98800,85400,92300,277196,13718
20190703,95500,95900,88800,91400,226741,-17670
20190702,93400,101500,90200,94500,855425,-25198
20190701,75400,81900,73300,81900,498685,33987
20190628,82100,94000,63000,63000,1125824,28853
20190627,114900,115200,80500,82700,1904105,26497
20190626,117000,118000,114900,114900,52990,-2753
20190625,117000,117400,115400,116400,33022,1926
20190624,116100,119200,116100,117300,49090,-403
20190621,117000,118100,115000,117500,45547,-1109
20190620,111100,118500,110500,117900,62772,7239
20190619,110200,112000,109100,110900,39628,1974
20190618,113900,116000,108400,110000,77510,-12400
20190617,115600,118000,113300,114500,36865,80
20190614,118800,118800,115400,115600,37009,-773
20190613,117000,118200,115500,117500,60952,-18793
20190612,118900,119000,115600,117000,40173,-1563
20190611,117600,119100,116300,118500,61365,-1733
20190610,113600,118100,112500,115600,58086,1502
20190607,111900,113000,111200,112000,47382,-13851
20190605,112100,116000,110200,110500,60349,-2165
20190604,110600,112700,108600,110000,60190,-11851
20190603,110000,111900,108500,109800,98742,-47071
20190531,101500,113300,101100,112200,133172,-3340
20190530,107700,108000,97500,102400,226654,1239
20190529,113200,113900,107200,108000,99058,-2380
20190528,111400,114500,109400,114500,61089,-1659
20190527,109800,113600,109300,111400,61631,9254
20190524,109700,111000,107500,109700,52319,4279
20190523,111000,114200,107500,109700,98713,165
20190522,106700,117300,106700,113100,135417,-5983
20190521,108500,112000,105500,106200,133250,-9728
20190520,115000,115900,104100,111500,186718,8139
20190517,116300,117700,115000,115300,38470,5191
20190516,120000,121000,115100,115800,74639,-2677
20190515,117300,119700,116600,119700,47805,602
20190514,114700,121900,114700,116700,86885,6179
20190513,114700,117300,114700,116000,62964,21889
20190510,116600,118100,113900,116000,86827,3906
20190509,120000,120400,116000,117300,87095,-3359
20190508,120200,124200,118400,119100,94465,4648
20190507,115500,124500,114800,121000,161185,3764
20190503,114800,118800,114400,116800,194558,15351
20190502,115100,117000,111200,113700,329208,-8505
20190430,119000,127500,111100,120000,336882,17964
20190429,138100,141800,120000,123600,367578,-16092
20190426,134100,147500,134000,137600,137267,-38575
20190425,136400,137400,133900,135700,45535,2418
20190424,137100,137900,132800,137500,76388,-10564
20190423,140000,141400,137800,137800,58867,-12609
20190422,140000,142600,138500,139800,82196,-9523
20190419,140100,146300,139400,140100,153210,-17460
20190418,146100,151400,140500,143300,160468,-9068
20190417,142700,150000,139200,148400,193060,-5111
20190416,127400,149300,124500,138600,182907,998
20190415,125300,129200,124000,128100,77354,-2711
20190412,124700,127400,123500,125800,60234,-928
20190411,125300,126100,123100,123900,64722,-18929
20190410,122600,127300,121900,122800,80630,-16750
20190409,122900,124000,120600,122500,65148,-12632
20190408,123500,126800,119200,123100,100866,-18988
20190405,127200,127200,123100,123400,90461,-15817
20190404,129000,129000,123300,127200,93917,-11217
20190403,127900,129000,126300,127700,64432,-14018
20190402,131000,131000,124800,127700,142376,-20868
20190401,135300,138000,127900,131100,254188,-21905
20190329,136300,138700,122700,138400,240502,-24056
20190328,136100,139000,135500,136300,83435,-33622
20190327,138300,139300,136000,137000,68480,-18297
20190326,136000,140700,134300,136100,180147,-16211
20190325,132300,134900,131600,133900,113872,-32973
20190322,126200,134800,126200,129400,192590,-22612
20190321,125300,133000,124700,125500,170875,-29516
20190320,120200,125000,119000,124700,96236,7463
20190319,118100,122700,117500,118900,85618,2738
20190318,119900,120600,116500,117900,73177,-2984
20190315,121500,121500,117000,118300,125467,-12617
20190314,124000,124400,120100,120100,86152,-11534
20190313,120700,124500,120200,122500,99316,-10118
20190312,119500,120800,117800,119900,80347,-8304
20190311,118600,119300,114200,118800,65025,-4376
20190308,114000,120000,113200,117100,96834,-3426
20190307,120800,121900,114000,114000,118870,-12596
20190306,116100,120900,115900,120500,94868,-2954
20190305,117600,117800,115000,116800,86140,-19775
20190304,120000,120000,116000,117900,109162,1298
20190228,113800,121000,110500,116600,195512,-9740
20190227,103400,112000,103000,112000,179114,-45512
20190226,104700,105800,101600,102800,95505,-8314
20190225,105600,106500,104700,104700,47232,-10137
20190222,105600,106900,103200,105500,54753,-7706
20190221,105100,106700,103000,105600,70368,-2564
20190220,106100,106200,103700,105600,59539,-311
20190219,102100,106400,99900,104800,136497,-28016
20190218,100000,102300,99600,101500,99610,-3464
20190215,98200,99900,97900,98400,73341,-37455
20190214,99600,100800,98200,98400,84563,-34865
20190213,96600,101400,96600,98500,153100,-60380
20190212,99200,100600,94700,96100,125787,-29114
20190211,97200,102000,96400,99200,203189,-99479
20190208,94200,97700,94200,96100,77869,-13489
20190207,93800,95300,93800,95000,168955,-61787
20190201,91000,94900,90600,93500,118183,-10468
20190131,88500,92300,88500,91000,126809,-15085
20190130,85900,90900,85900,88000,99527,-26716
20190129,85100,86900,85000,86000,37054,1530
20190128,85000,87200,85000,86100,74386,-38965
20190125,84700,86100,84100,85500,31671,-387
20190124,84200,85100,83500,85000,26911,-1154
20190123,85300,85900,84000,84300,42677,2559
20190122,84100,85500,84100,85200,31054,2248
20190121,83900,85900,83200,84500,49902,-3887
20190118,82600,84500,81800,84200,54021,1586
20190117,82200,82900,81200,81500,33426,-1470
20190116,83500,84300,81200,82100,57148,-16317
20190115,82000,85300,82000,83400,67339,908
20190114,82500,83500,81500,81900,40482,-5157
20190111,83100,84100,81600,82700,36709,-3832
20190110,81500,84400,81000,82600,57065,-9150
20190109,81800,82800,80700,81700,64076,1732
20190108,84900,84900,80600,81700,107334,-10735
20190107,87500,88000,82900,84400,119867,-34657
20190104,84800,86300,83900,86100,102320,-23089
20190103,90000,90000,85300,85500,129448,-19347
20190102,93500,94000,89600,89800,123880,-25965
20181228,91200,92000,88500,92000,93870,-24169
20181227,92100,95200,88700,90200,212273,-21759
20181226,86000,90000,85500,88400,204247,9995
20181224,85300,87400,85000,86600,114646,-3180
20181221,86000,87000,85200,85300,74396,-1130
20181220,86500,87800,85100,86100,105338,-21193
20181219,85000,87000,84000,87000,111656,1078
20181218,82100,85200,82000,84600,66323,2594
20181217,84200,85300,80600,84200,121076,6119
20181214,92600,92600,83700,84200,404598,43870
20181213,90000,96100,88200,92600,406443,143968
20181212,87800,89700,87400,89400,89147,-24773
20181211,90000,90000,87300,87800,58094,-6057
20181210,86500,89500,85000,88400,76652,-19631
20181207,88600,90500,83500,87700,105424,-23780
20181206,90700,91200,87000,87600,98542,-15082
20181205,89900,91800,89700,91200,53295,-13988
20181204,91600,95000,90900,91200,80420,-8522
20181203,91300,92400,90100,91500,61152,-8544
20181130,89100,92000,89100,91200,178822,109285
20181129,93000,93500,88800,88900,84029,-23991
20181128,92800,93600,91400,91400,41738,-7991
20181127,92200,94000,90400,92800,53271,2680
20181126,91000,92500,90800,92200,62785,-13847
20181123,94300,94300,89400,90800,82380,-18463
20181122,97000,100700,92000,93300,197366,-21144
20181121,91800,97600,91000,95500,159921,-464
20181120,93400,95100,92400,92800,71058,-14016
20181119,92200,94800,90900,94200,47126,677
20181116,93200,94500,92600,92900,43618,4709
20181115,90000,93100,89800,92900,79960,-2225
20181114,86900,91500,86000,89900,91566,17875
20181113,85000,87900,85000,86600,73613,-4486
20181112,89300,91400,86900,87400,86912,-10319
20181109,91600,92300,88000,91500,89998,3318
20181108,93500,95200,90900,91800,102021,-16450
20181107,91400,93700,89800,91600,110132,-15661
20181106,91100,91300,88800,89800,62030,-9729
20181105,90000,91200,87800,89900,86982,9922
20181102,89600,92800,87500,90000,118010,-34453
20181101,81500,91000,81500,86900,191845,-19102
20181031,78200,80600,77000,79200,63725,-12851
20181030,75000,78900,73100,78100,82886,-35
20181029,79600,81400,76400,76900,68189,1434
20181026,81000,81500,77400,80300,52906,1894
20181025,77200,81400,76200,79900,71750,3685
20181024,84500,84500,79900,80700,51993,2845
20181023,86000,87000,81600,82500,65476,4759
20181022,82600,86800,81600,86300,59709,12266
20181019,82000,83100,80300,82600,29884,-3231
20181018,82500,84300,80800,83000,46864,10996
20181017,85000,85000,81100,82500,33648,-2121
20181016,82500,84200,81600,82100,37080,5626
20181015,80900,84900,78800,81200,66788,3639
20181012,78500,80500,76700,80000,79296,-20208
20181011,78000,80900,77200,77900,102833,-10982
20181010,85500,85500,80100,82100,60774,-10424
20181008,86000,89100,84000,84200,55200,-8385
20181005,86600,87800,83100,85800,53132,764
20181004,85300,88800,85300,86700,56275,-3778
20181002,90800,91900,85300,85700,92735,-32902
20181001,92700,92800,86900,91100,75120,-3946
20180928,96300,97300,89500,91000,102168,-2048
20180927,93300,96800,92500,96000,54736,459
20180921,90800,93100,90000,93100,42108,-194
20180920,90000,94500,88500,90000,106829,-10780
20180919,90600,91500,88500,90000,58081,-9113
20180918,89100,90900,88600,90500,43712,-956
20180917,90100,93000,88700,89100,72279,-6257
20180914,92700,92700,89000,90200,77553,-11488
20180913,90500,92600,86000,90700,126966,16649
20180912,84100,90100,83600,88400,147205,15327
20180911,80000,83500,78900,82700,78699,7301
20180910,79800,81900,78300,79100,84366,-8636
20180907,79900,80000,77500,79000,59166,-1709
20180906,80400,83700,78900,79900,91229,-16396
20180905,79500,81800,78700,79900,84826,-75
20180904,83000,86800,78000,79100,247128,-35398
20180903,76000,82700,75600,82200,257143,-15728
20180831,69200,77600,66000,75500,309729,4157
20180830,63700,68400,63700,68400,133695,23691
20180829,63000,63400,62200,63400,23225,3330
20180828,62900,63900,62000,62000,38528,2653
20180827,62400,63000,61900,62900,36999,4983
20180824,61700,62300,61000,61500,25071,738
20180823,61600,62200,61200,61600,43469,13242
20180822,61400,62000,60500,60800,23518,2071
20180821,59300,61600,59300,61100,47054,5191
20180820,60500,60800,59000,59500,26721,615
20180817,59000,60600,58600,59700,36354,-1002
20180816,57500,58700,56400,58400,28467,689
20180814,57500,59100,56600,58400,29220,6416
20180813,59800,59800,56300,57500,73487,-12244
20180810,61800,62400,59100,60000,39609,-2247
20180809,59800,62000,59100,61500,71338,10451
20180808,57300,60300,57300,59500,73773,170
20180807,56500,57800,56200,57000,188096,127369
20180806,57200,57700,55900,55900,26715,-3360
20180803,58600,58600,56200,57200,17616,-1418
20180802,57400,57500,56000,57100,22749,571
20180801,56300,57300,55000,56800,29469,0
20180731,55700,56700,55000,56400,43595,-8046
20180730,60000,60000,53500,54700,171209,-27501
20180727,60900,61000,59500,59600,32031,2488
20180726,58700,61100,57300,60000,58766,-2283
20180725,59900,59900,57300,57600,71058,12803
20180724,57800,60400,57800,59500,36716,1956
20180723,60300,60300,57700,58000,49588,3840
20180720,61700,62300,58800,60300,59210,-3002
20180719,62700,63800,60100,61600,65542,-2448
20180718,64700,65900,62500,63100,50362,1521
20180717,64600,67900,62500,64200,146337,-12039
20180716,62100,64300,61600,63900,66651,8628
20180713,60200,62500,59400,61500,56672,-3227
20180712,58500,60800,57800,60100,41655,284
20180711,59300,62300,58200,58500,124051,1335
20180710,56100,60000,56100,59400,226053,155674
20180709,54500,55600,54500,55500,28228,8077
20180706,54100,54700,52800,54400,23076,0
20180705,53900,54700,52700,54300,35140,13140
20180704,53000,53900,51800,53900,31837,7554
20180703,52200,54000,51800,51900,28176,717
20180702,54600,54800,51600,52000,54215,-2239
20180629,56600,57400,53800,54200,53416,-1435
20180628,57800,57800,55800,56500,28206,0
20180627,58300,59500,57500,57500,24095,-23
20180626,56800,58500,56000,58200,23726,1477
20180625,57500,59000,56600,57200,39647,-8884
20180622,57600,58900,55500,57400,50457,1634
20180621,58600,58800,56300,57700,33343,-8705
20180620,58000,59400,57400,57900,47853,1030
20180619,60700,62200,58000,58300,77867,10040
20180618,59400,63000,59200,61400,134539,-470
20180615,60900,61500,59300,59900,37572,-3185
20180614,60100,61400,59300,60300,47094,-2590
20180612,58400,60700,57500,60100,72811,8275
20180611,57700,59300,57400,58300,75574,727
20180608,54900,59000,54500,57700,86425,-8469
20180607,53500,55000,51500,54900,48512,-4328
20180605,54900,56000,53300,53500,54602,-9923
20180604,56900,56900,53100,55400,72500,-848
20180601,55300,56300,54800,55900,35781,-7989
20180531,56700,56800,55000,55400,109750,-12488
20180530,56200,57500,54400,56400,45205,-5021
20180529,55500,57500,54500,56300,74428,-1203
20180528,54100,55800,53700,55800,64653,-11035
20180525,55400,56100,54500,55000,32933,2186
20180524,54100,56600,54100,55600,34971,-1300
20180523,56100,56200,53000,55000,73347,-8753
20180521,57300,57600,55600,56300,32370,-5981
20180518,55800,57300,55700,56800,32825,4769
20180517,56800,57400,55000,56300,52933,11285
20180516,56300,57000,54900,56300,40411,52
20180515,56300,58000,55800,56900,34896,1800
20180514,56300,57000,54500,56300,49979,6197
20180511,55300,57300,55000,56300,38590,-2984
20180510,53100,55700,52500,55500,54170,9627
20180509,52700,53800,50900,52800,71319,-5497
20180508,55500,57000,50900,51800,158175,-21105
20180504,58200,58600,54900,55500,78958,-15967
20180503,57200,59100,57100,58200,44956,11726
20180502,58000,60700,56300,57300,115481,-28380
20180430,58300,59600,55600,59100,140063,28965
20180427,60300,61200,58100,59000,47728,-3663
20180426,59400,60900,58200,59700,75580,17201
20180425,58500,60500,57500,58400,64565,3162
20180424,58800,60900,58000,59100,80328,10251
20180423,59800,60000,57100,58800,69464,-8803
20180420,57700,61200,57700,60500,68805,10309
20180419,57600,59100,54700,58200,196820,24975
20180418,62200,62300,57800,58200,137498,-16793
20180417,61800,62300,60500,61600,70934,-15735
20180416,64700,64700,61500,61800,92588,-4513
20180413,61300,63200,60500,63100,113418,300
20180412,60800,63300,60000,60900,144407,22470
20180411,63200,63900,59700,60700,385583,-78926
20180410,66800,66800,56800,63200,644367,-44868
20180409,65500,69000,64400,67700,175370,-7373
20180406,60300,65500,60100,65000,203487,-20316
20180405,62400,63800,60100,61000,157599,-6778
20180404,57000,63500,55500,61400,346422,3524
20180403,52800,59000,52500,55100,153952,-2067
20180402,51400,55100,51000,53900,150795,14993
20180330,51500,52600,49950,51700,124412,6635
20180329,47000,51600,46050,51600,279188,46746
20180328,45000,46250,44550,46000,63852,12450
20180327,45100,46050,45100,45650,54882,2158
20180326,43300,45000,43000,44750,70889,-19728
20180323,44200,46400,42800,43850,123312,14157
20180322,47850,48200,45200,46000,73896,6684
20180321,47950,49250,47050,48000,93785,90
20180320,45200,48000,45000,47950,104694,4330
20180319,48000,48450,45500,46000,111596,1757
20180316,47850,48200,46600,48000,104729,9710
20180315,47250,48000,46100,47450,136311,1673
20180314,47250,48300,46000,47250,169214,5055
20180313,44500,47000,43900,46950,383588,106616
20180312,42300,44250,41400,44000,186299,65082
20180309,41800,42700,41450,41450,49794,7085
20180308,40800,42000,40450,41600,71404,13050
20180307,41500,41500,40200,40500,43281,6691
20180306,41200,41650,40000,41250,77710,32565
20180305,41300,41300,39950,40250,44553,8152
20180302,40400,41350,39050,41150,121065,1781
20180228,42050,42400,40500,41000,134033,-31475
20180227,42800,43600,40850,42850,170690,28354
20180226,42800,43450,41550,43000,115570,13150
20180223,40850,43750,40750,42500,257708,22610
20180222,37500,40400,36500,40200,130762,9997
20180221,37250,37650,36700,37550,35174,-248
20180220,38100,38100,36650,37250,36280,3366
20180219,35700,37800,35700,37700,44305,1821
20180214,36400,36400,35300,35950,65590,-15963
20180213,37500,37500,35800,36400,50807,7824
20180212,37200,37250,35850,37000,60045,19399
20180209,34900,36450,34900,36250,67515,14944
20180208,35550,37000,34800,36600,87216,-2495
20180207,38450,38900,34850,35300,225164,-62976
20180206,36000,37900,35000,37350,246594,-41342
20180205,38950,39450,37500,38650,102477,-4432
20180202,39850,40800,38500,40100,90462,8553
20180201,40850,41000,38450,39850,104202,-4340
20180131,42500,42800,39800,40400,247913,-48604
20180130,43200,44000,42000,42950,98906,23154
20180129,44100,44200,42700,43000,107699,-17007
20180126,43650,44300,42000,43950,150309,3611
20180125,46950,47300,42450,43650,334133,-59491
20180124,42800,46650,42800,46500,497473,12495
20180123,42400,42900,41000,42050,62947,5696
20180122,43500,43500,40900,42000,171022,-9551
20180119,44150,47500,42400,43800,401982,-41436
20180118,40900,43800,40300,43800,174699,-8207
20180117,42800,42800,39850,40800,183906,-25163
20180116,41400,42550,39650,42500,158525,5845
20180115,42000,44100,41300,42400,212976,-12448
20180112,41100,44450,40400,41800,239145,-21418
20180111,40700,41400,39850,41000,66467,-2195
20180110,41550,42100,38900,40700,111715,-24204
20180109,42600,42950,41000,41350,89287,-2202
20180108,42400,42600,41250,42400,60209,2818
20180105,40000,43000,40000,42350,73406,4479
20180104,43400,43650,40350,40500,139734,-17514
20180103,43600,45600,42650,43300,222084,6508
20180102,40800,43300,40500,42650,134579,14203
20171228,39750,41750,39200,39900,114021,14334
20171227,37000,39450,36450,39000,109859,36006
20171226,34650,37050,34500,36300,108866,24158
20171222,33350,34900,33150,34650,52567,-13286
20171221,34150,35500,33350,33750,44938,-3241
20171220,35150,35150,34050,34450,65571,27946
20171219,34850,35150,32400,35150,203581,-22806
20171218,35550,35550,33950,34500,43536,-10472
20171215,36050,36350,34700,35050,77946,-36751
20171214,37000,37000,35700,36250,50905,-15900
20171213,35700,36950,35700,36600,38765,-4656
20171212,36450,37150,35950,36000,44897,-6200
20171211,36000,37500,36000,36800,37933,-12227
20171208,35750,36700,35350,35950,26806,1
20171207,36700,37650,34800,35900,70128,-252
20171206,38300,38800,36500,36500,80675,-513
20171205,39000,39750,38000,38450,59901,15
20171204,39700,40200,38350,39400,66462,4
20171201,37500,40400,37450,39450,164831,8634
20171130,38450,41000,37250,37250,113295,-9753
20171129,37900,39550,37400,38450,87859,-6831
20171128,41200,41200,38050,38400,88051,1386
20171127,39800,40750,39050,39850,82522,3708
20171124,39400,41900,39250,40250,186871,2974
20171123,35750,40950,35750,39450,383639,-29247
20171122,38350,38900,36100,36100,215207,-29340
20171121,37750,39000,36250,38300,334811,96104
20171120,38500,39250,37650,37650,68947,956
20171117,39400,39650,38000,38450,101377,1420
20171116,41200,41200,38200,39500,224984,-13015
20171115,37200,42500,36500,40200,445644,21662
20171114,34250,37650,34250,36750,361693,102721
20171113,32850,34100,32750,34100,130824,-6811
20171110,35000,35300,32250,33000,479346,-1964
20171109,34950,36750,34750,36450,108053,22812
20171108,34250,36200,34000,34850,116242,-5102
20171107,34000,34350,33150,34250,66106,-6
20171106,31700,34700,31700,34000,324702,20722
20171103,31750,32700,31200,31950,84039,8911
20171102,32450,32450,30950,31350,75225,3500
20171101,33100,33400,32200,32600,121496,2048
20171031,33100,33100,32400,32950,43318,-8482
20171030,32200,33200,32100,33050,91956,-1504
20171027,30500,32700,30250,32400,169873,7446
20171026,30900,32200,30150,30150,77751,-7010
20171025,29900,31350,29650,30900,75253,-8671
20171024,29900,30200,29150,29650,51815,746
20171023,30400,30800,29300,29700,129304,-419
20171020,30400,30950,30050,30800,39804,-1348
20171019,31350,31350,29700,30200,74120,-3025
20171018,32800,33050,30550,31400,116825,-19461
20171017,31150,33250,30750,32900,153651,-9880
20171016,30300,31150,29750,30950,44610,-205
20171013,31800,32100,29700,30300,82443,-5357
20171012,31500,32350,31050,31800,51655,0
20171011,29350,32250,29350,31700,153940,3147
20171010,29550,30150,29350,29650,39534,1250
20170929,29200,29850,28450,29750,44000,12253
20170928,28100,29650,27500,29200,78707,21480
20170927,26700,28250,26500,28150,27401,9647
20170926,26550,27400,26400,26450,19642,-270
20170925,27500,27850,26750,26900,37609,-3764
20170922,29000,29000,27500,27500,55907,-2395
20170921,28700,30050,28450,29000,169522,1857
20170920,28300,28700,28000,28150,30009,4896
20170919,28850,29000,28000,28150,33211,2931
20170918,28900,29200,28300,28850,38125,6741
20170915,28050,29150,27700,28900,68171,10150
20170914,27050,28000,26950,27900,59578,3759
20170913,27850,28100,26750,27150,62012,-13428
20170912,28400,28550,27350,27800,32684,613
20170911,27450,29300,27450,28000,165302,1939
20170908,27850,27850,26900,26900,24774,7581
20170907,27850,28550,27100,27250,82930,5166
20170906,27850,28300,26700,27250,73214,2303
20170905,29700,29900,26450,28250,249579,2057
20170904,29150,30400,28800,29700,131104,-6163
20170901,28600,29900,28500,29900,171154,3450
20170831,28100,28250,27400,28150,54565,901
20170830,28200,28250,27550,27950,29692,2804
20170829,27550,28600,27200,28200,68750,-2438
20170828,26500,28000,26300,28000,128741,3921
20170825,25150,26450,24800,26100,29333,-2
20170824,24150,25300,24000,25150,28210,397
20170823,24850,25200,24100,24250,23231,-10728
20170822,24900,25200,24700,24850,5490,1636
20170821,24950,25350,24750,24900,8689,1016
20170818,24150,25350,24150,24950,14574,9692
20170817,25000,25000,24100,24700,16067,38
20170816,24000,24850,24000,24350,14890,-463
20170814,24550,25000,23700,24250,31064,-10020
20170811,24800,24900,24250,24700,18737,-1493
20170810,25250,25650,24800,25150,13735,-2611
20170809,25500,25500,24800,25250,18704,-3975
20170808,26000,26000,25200,25500,10664,1023
20170807,25050,26650,25000,25700,10498,14
20170804,25700,25900,25000,25100,10404,850
20170803,26350,26350,25000,25750,32171,-361
20170802,26300,26700,25900,26350,23093,4195
20170801,26500,26500,25800,26300,5271,-385
20170731,26400,26500,25500,26400,23765,5426
20170728,26300,26750,25500,26400,32050,13717
20170727,26850,27050,26200,26600,27283,187
20170726,26100,27950,25550,26800,124241,3370
20170725,26400,26600,25300,26100,45571,-11969
20170724,26200,26550,25850,26500,19800,2224
20170721,26150,26300,25500,26200,49702,8978
20170720,24500,25800,24500,25600,50716,12792
20170719,24900,24900,24200,24400,22541,3009
20170718,25400,25400,24400,25000,30756,3748
20170717,24800,25450,24750,25400,18515,5531
20170714,25200,25250,24600,25200,16901,3370
20170713,25150,25550,24950,25200,12338,246
20170712,25550,25550,25050,25250,18784,583
20170711,25750,25750,25050,25650,27328,-3556
20170710,25850,26400,25500,25750,44809,1508
20170707,24450,25800,24450,25700,29365,10883
20170706,25000,25100,24450,24700,11625,3206
20170705,24400,24700,24000,24650,11893,3962
20170704,24400,24500,23900,24400,14738,1058
20170703,24900,25200,23600,24000,24792,1737
20170630,24800,25150,24500,25100,17181,1062
20170629,24650,24900,24000,24800,44130,11057
20170628,25500,25550,24650,24650,40389,-9208
20170627,25950,25950,25350,25850,19350,7456
20170626,26050,26400,25450,25450,32914,-8091
20170623,26700,27650,25750,25950,156467,-262
20170622,25150,26100,25150,25650,28570,7182
20170621,25050,26100,24900,25150,26413,2914
20170620,26800,26800,25150,25500,32956,204
20170619,25950,26700,25350,26300,47976,11559
20170616,26250,26250,24900,25300,47639,7861
20170615,26300,26300,25200,26050,71194,-3452
20170614,27100,27400,26000,26300,59157,-2956
20170613,26750,27550,26000,27100,76274,8244
20170612,27100,27200,26200,26550,71764,17599
20170609,25450,26800,25100,26700,164949,34698
20170608,24750,25550,24150,25350,134987,-37328
20170607,25000,25200,24350,25000,51512,-1376
20170605,24750,25300,24400,25100,54177,4470
20170602,23350,25000,23300,24750,177956,-595
20170601,21700,23750,21700,23200,108360,15519
20170531,21650,22300,21400,21650,36952,-85
20170530,20950,21650,20750,21300,30838,4663
20170529,21100,21350,20650,21100,24731,8652
20170526,21100,21300,20000,21100,31308,5373
20170525,21000,21400,20800,21100,21562,3925
20170524,21000,21400,20950,21000,18989,93
20170523,20350,21350,20150,21000,49861,-1052
20170522,20000,20250,19750,20100,17292,10444
20170519,19500,19900,19500,19750,12675,789
20170518,19550,19850,19500,19550,20045,-1260
20170517,20050,20100,19800,19800,15003,-2763
20170516,20600,20700,19900,19900,41000,-6542
20170515,20700,20700,20250,20600,15305,162
20170512,21100,21100,20550,20750,15723,-1137
20170511,21050,21400,20850,21050,19201,-3956
20170510,21800,21800,21100,21200,12990,-2469
20170508,21150,21950,21150,21800,23338,4448
20170504,20700,21450,20600,21400,16469,4273
20170502,20800,20800,20500,20600,6148,1079
20170428,20800,21100,20450,20750,10496,-1376
20170427,21150,21200,20900,20900,10568,1145
20170426,20850,21300,20800,20800,9479,494
20170425,20250,21600,20250,21050,19380,3439
20170424,20950,20950,20100,20400,5959,-690
20170421,21100,21200,20850,20950,8256,-2130
20170420,21500,21500,21000,21100,13816,-3428
20170419,21300,21650,21100,21500,17566,-1406
20170418,21350,21650,21000,21550,12820,-1185
20170417,21350,21550,21000,21550,8346,863
20170414,21450,21850,21050,21450,19745,434
20170413,20700,21650,20600,21450,24971,6356
20170412,21400,21500,20700,20700,21728,954
20170411,21300,21650,20900,21500,24615,-894
20170410,21800,21800,21000,21400,30636,746
20170407,21300,21850,20900,21800,28667,-300
20170406,20400,21200,20400,21000,37569,1245
20170405,20400,20600,20100,20600,14301,241
20170404,20650,20650,20150,20250,13193,766
20170403,19800,20600,19550,20600,33859,4290
20170331,19250,19700,19050,19700,15685,54
20170330,19200,19400,19000,19400,9803,-346
20170329,19200,19400,18900,19400,12957,4
20170328,19200,19200,18750,19200,7250,713
20170327,17650,19150,17450,18900,86981,10372
20170324,19150,19150,18700,18750,11728,-195
20170323,19400,19500,18900,18900,21916,-117
20170322,19700,19850,19350,19750,16628,-2901
20170321,19700,19750,19400,19750,10524,678
20170320,20000,20000,19500,19700,8472,886
20170317,20200,20200,19750,20000,6645,865
20170316,20050,21400,20050,20200,21286,-218
20170315,20100,20150,19750,19800,11005,1410
20170314,19800,20200,19600,20100,10315,686
20170313,20300,20300,19700,20000,10096,701
20170310,20200,20200,19800,20150,9925,1946
20170309,19900,20050,19700,20050,14824,8359
20170308,20050,20250,19700,19850,10544,1322
20170307,20100,21000,19750,20050,38893,3290
20170306,19650,20200,19600,19950,3472,710
20170303,19900,20150,18550,20050,54201,16527
20170302,20550,20550,19800,20000,12288,738
20170228,20550,20550,20000,20550,12420,348
20170227,20900,20900,20200,20250,9502,-158
20170224,20750,20850,20500,20550,12711,3248
20170223,20650,20750,20000,20650,9173,5847
20170222,21200,21200,20200,20600,10609,196
20170221,20600,21000,20350,20850,10783,-528
20170220,20600,20850,20400,20600,9079,4285
20170217,20750,21250,20400,20800,15632,4168
20170216,20800,20800,20400,20750,11918,1678
20170215,20200,21400,19900,20600,49141,7320
20170214,19350,20350,19300,20000,35631,8540
20170213,19100,19450,18800,19250,18776,2809
20170210,18950,19350,18900,19100,11234,2634
20170209,19400,19450,18900,19150,13455,879
20170208,18850,19450,18550,19400,18964,1111
20170207,18800,19050,18600,19050,8984,441
20170206,19200,19200,18250,19000,30686,1638
20170203,19900,20100,19000,19100,36953,-218
20170202,20250,20400,19900,19900,11990,-856
20170201,20000,20500,20000,20150,15113,-1125
20170131,20150,20500,19900,20100,12113,544
20170126,20500,20950,20000,20300,24793,-3110
20170125,21200,21400,20400,20650,9162,116
20170124,20000,21450,20000,21200,25845,10453
20170123,20050,20450,20050,20100,12054,666
20170120,20300,20400,20200,20300,11405,-861
20170119,20700,20700,20250,20300,9752,-1019
20170118,20500,20750,20150,20650,15747,168
20170117,21200,21550,20000,20750,14916,98
20170116,21700,22150,21100,21200,23243,-3304
20170113,21650,21850,21000,21250,16060,-608
20170112,22050,22500,21300,21450,22941,-1268
20170111,21650,21800,21550,21750,11298,-898
20170110,22350,22350,21750,21800,15633,-2691
20170109,22800,22800,22350,22350,10352,-1320
20170106,22900,23050,22350,22650,18007,-3194
20170105,22950,23250,22850,22900,16208,-4471
20170104,22400,23050,22400,22950,22951,-2922
20170103,22700,22700,22350,22500,14246,-2546
20170102,22950,22950,22300,22700,15943,-1845
20161229,22600,23150,22200,23000,26079,668
20161228,22250,22750,21900,22600,43899,-2619
20161227,21700,25500,21600,22350,242904,1880
20161226,21850,22050,21550,21550,18534,492
20161223,20900,21900,20750,21850,27400,3891
20161222,21000,21450,20800,20900,11544,485
20161221,20900,21600,20900,21000,16720,2104
20161220,21450,21500,20650,20750,19541,553
20161219,21800,21800,21000,21450,6250,-258
20161216,21300,21900,21300,21800,12959,-981
20161215,21650,22050,21250,21500,19149,16
20161214,21700,21950,21300,21650,12343,-206
20161213,20950,21800,20950,21700,28377,2268
20161212,20500,21200,20350,20950,21815,1305
20161209,20200,20300,19850,20300,19154,3534
20161208,20050,20600,19950,19950,19065,-5138
20161207,20750,20850,19950,20300,15009,1518
20161206,20050,22050,20000,20650,77544,794
20161205,20300,20400,19800,20000,11587,2277
20161202,20000,20300,20000,20100,9096,81
20161201,20550,20550,20000,20250,9233,38
20161130,19800,20200,19800,20200,8992,2182
20161129,19450,20250,19450,19950,10685,1375
20161128,19300,19800,19300,19650,6892,391
20161125,19400,20000,19300,19600,11341,1216
20161124,20550,20550,19350,19800,27904,3701
20161123,20650,20650,20000,20000,21237,3536
20161122,20900,21200,20000,20650,27217,2255
20161121,21550,21600,20900,21050,14529,2401
20161118,21800,21950,21350,21400,9825,1067
20161117,22000,22250,21450,22000,11939,-357
20161116,21750,22200,21650,22000,12608,983
20161115,22500,22500,21500,21850,22126,-678
20161114,23050,23050,22000,22500,14401,-6503
20161111,22700,22900,22050,22500,40026,-223
20161110,21250,22600,21250,22450,47278,2803
20161109,21500,21900,19650,20500,49641,10766
20161108,21900,22500,21650,21750,12084,-462
20161107,21750,22100,21150,22000,14257,2759
20161104,21650,21750,21150,21500,12806,1620
20161103,20350,21450,20350,21400,21302,2989
20161102,21050,21500,20450,20450,23998,5143
20161101,21000,21750,20800,21000,27944,1735
20161031,21800,21800,20500,21000,40770,2677
20161028,22150,22600,21700,21750,25142,461
20161027,21300,22800,21200,22550,26551,2130
20161026,20900,22400,20900,21500,71048,3361
20161025,21500,21700,21000,21300,25066,1993
20161024,21850,22250,21400,21600,15312,1031
20161021,21150,22350,21000,21950,38959,677
20161020,22950,22950,21400,21400,48802,-3932
20161019,22400,23200,22250,22750,23604,633
20161018,22350,22400,22000,22400,20320,1580
20161017,22700,22950,21950,22050,54791,-4379
20161014,22950,23500,22600,22950,38341,397
20161013,24350,24350,23000,23000,69379,536
20161012,24000,24550,24000,24100,20670,821
20161011,24300,24550,24000,24150,38198,1682
20161010,25000,25100,24400,24450,37584,621
20161007,25800,25800,24800,24900,35691,-771
20161006,25500,25950,25350,25850,23942,-49
20161005,25400,25950,25250,25350,25789,-254
20161004,25550,25950,25200,25700,16183,-23
20160930,26400,26400,25300,25550,39873,507
20160929,26900,26900,26300,26400,17439,9
20160928,27200,27300,26600,26650,23498,-876
20160927,26800,27200,26450,27000,38718,-76
20160926,26100,26850,26100,26800,59449,-1323
20160923,26700,26700,26000,26450,32809,-2818
20160922,26300,26550,25750,26450,45974,1058
20160921,25550,26050,25400,25800,32423,-170
20160920,25050,25850,24800,25850,39429,-146
20160919,25100,25250,24600,24800,42408,-8908
20160913,25600,25600,24850,25050,46717,-9756
20160912,25500,25750,25000,25050,52269,-9116
20160909,26550,26800,25650,25800,57808,-12970
20160908,26800,27000,26000,26550,69827,12124
20160907,25700,26950,25700,26800,81596,-1347
20160906,25500,26600,25500,25800,61784,-10387
20160905,25800,26250,25450,25800,60769,-19694
20160902,25950,26250,25500,25900,76921,-13976
20160901,26100,26650,26000,26250,30539,878
20160831,26400,26800,25700,26050,59618,1416
20160830,26500,27250,26300,26400,50833,272
20160829,27150,27600,26200,26500,102901,-5934
20160826,27650,27900,27300,27500,67600,-101
20160825,27900,28550,27600,27600,159321,343
20160824,28450,28800,27600,27600,263391,-4360
20160823,25700,32800,25700,28650,2210744,-26705
20160822,27550,27600,25400,25650,190185,-6838
20160819,28550,28550,27550,27600,48184,-438
20160818,28200,28700,28200,28400,23812,-94
20160817,29300,29300,28400,28550,26574,141
20160816,29300,29400,28900,28900,28956,-197
20160812,29700,29700,29350,29400,21136,137
20160811,30250,30250,29350,29450,32910,-501
20160810,29500,30050,29200,30050,40036,-319
20160809,29100,29750,29000,29250,33784,-2312
20160808,29550,29850,29050,29250,26041,-197
20160805,30250,30550,29400,29550,41420,17
20160804,29950,30450,29850,30250,30303,2441
20160803,29750,30250,29350,30050,34183,196
20160802,29400,30450,29200,30100,71159,504
20160801,29400,29750,28850,29550,52826,-54
20160729,29550,29850,29300,29350,30937,2856
20160728,28700,29800,28600,29800,73833,-2826
20160727,29300,29500,28700,28750,96202,-23561
20160726,29100,29550,28750,29500,47713,-5420
20160725,30150,30150,29000,29100,117094,-30682
20160722,30000,30250,29900,30150,52598,7003
20160721,31100,31150,29700,30250,143804,-12576
20160720,30700,31900,30400,31100,93331,-6859
20160719,31400,31950,30900,30950,57456,-154
20160718,31500,32200,31100,31300,89670,454
20160715,33150,33450,31200,31700,144017,3700
20160714,33350,33350,32050,33150,106691,751
20160713,33600,33600,32600,33350,86050,13218
20160712,33600,34450,32950,33600,158795,14653
20160711,32800,34200,32300,33500,256752,3229
20160708,31700,33000,31050,32750,210877,8491
20160707,29700,31800,29500,31700,209685,357
20160706,30300,30400,29250,29400,59508,-655
20160705,30450,30800,30000,30300,51740,-265
20160704,29650,31000,29400,30400,109370,1192
20160701,29500,29900,29200,29650,43529,-2864
20160630,29500,30000,29200,29400,55332,-9646
20160629,28800,29800,28800,29400,69973,-3013
20160628,28400,29200,27500,29000,68319,-10865
20160627,27500,28850,27500,28500,82378,-13078
20160624,31000,31100,27900,28550,187702,3614
20160623,31300,31300,30150,30500,65441,390
20160622,31000,31900,31000,31300,54750,-706
20160621,32400,32400,31150,31250,87674,-4178
20160620,31700,32800,31450,32400,160395,-3537
20160617,31000,32350,30750,31600,218022,19489
20160616,31400,31650,29950,30700,131443,38583
20160615,31750,31900,30600,31650,103128,8536
20160614,30950,32150,30850,31350,206263,586
20160613,31300,31400,30500,30900,142144,22200
20160610,31000,31750,30650,31600,172907,10868
20160609,29400,31400,29400,31000,355058,8790
20160608,29500,30150,29300,29350,80290,-695
20160607,28550,30350,28200,29200,113989,-263
20160603,30000,30100,28600,29000,94547,-18561
20160602,30050,30150,29150,29700,111586,6449
20160601,27500,30800,27100,30200,246466,2985
20160531,27050,27450,27000,27450,30060,-2367
20160530,27250,27500,27000,27050,29602,251
20160527,27100,28000,27100,27600,26403,635
20160526,27100,27250,26850,27150,28722,1126
20160525,28050,28100,27100,27250,46683,-7149
20160524,28100,28100,27550,27850,34551,2038
20160523,27350,28100,27050,28100,40083,4199
20160520,26700,27650,26400,27300,39237,-197
20160519,27000,27250,26500,26800,40172,-139
20160518,27150,27700,26700,26900,39383,107
20160517,27900,28000,27150,27350,41457,3594
20160516,28450,28450,27850,27900,25991,1938
20160513,28200,28600,27800,28400,25387,-539
20160512,28700,28700,28050,28200,25946,389
20160511,28650,28800,28100,28650,29890,525
20160510,27100,28700,27000,28550,63896,1179
20160509,27600,27600,26700,26800,56256,1070
20160504,28100,28300,27450,27550,36546,-5
20160503,27600,28600,27550,28300,40860,1535
20160502,28700,28950,27850,27850,53627,1749
20160429,29200,29450,28550,28750,83498,48
20160428,29350,29650,29250,29250,39256,21
20160427,30000,30400,29150,29200,75316,1409
20160426,30200,31400,29900,30150,150636,3961
20160425,30000,30300,29000,30200,76988,7446
20160422,29950,30100,29600,29750,50187,961
20160421,29350,30100,29300,29950,52363,4470
20160420,29950,30350,29500,29500,75455,-95
20160419,30400,30400,29850,30000,54659,1244
20160418,29850,30550,29650,30250,70097,26
20160415,30700,30700,29350,30250,128951,-17637
20160414,31600,31650,29950,30600,174211,-5062
20160412,32450,32450,30800,31250,176202,-29490
20160411,32750,32800,31650,32350,71467,-795
20160408,32800,33350,32050,32450,85743,4457
20160407,33150,33550,32250,33150,111504,-11007
20160406,33500,34450,32450,32550,131375,4913
20160405,34250,34250,32700,33600,95685,8878
20160404,33600,34200,32900,34200,133301,4740
20160401,33300,34400,33000,33650,174872,788
20160331,34400,35300,33000,33450,327726,8743
20160330,30400,33750,30350,33400,688791,59375
20160329,30850,31300,29550,30200,190109,7689
20160328,28850,30900,28800,30500,360218,7725
20160325,29450,29550,28250,28400,333859,44057
20160324,31150,32400,29300,29700,1012730,25994
20160323,27650,28150,27250,28100,113778,4173
20160322,27600,27800,26950,27400,39846,8918
20160321,27300,28750,26950,27600,126957,-5604
20160318,26350,26950,26300,26950,40625,-1209
20160317,26500,26500,26150,26300,19971,437
20160316,26300,26650,26150,26300,18140,-289
20160315,26000,26450,26000,26300,18889,1810
20160314,26400,26400,25750,26000,38367,-1358
20160311,27000,27000,26100,26500,38387,-1002
20160310,27500,27500,26550,27100,39115,6462
20160309,27050,27650,27050,27100,20018,-1501
20160308,27250,27450,26850,27100,23556,-945
20160307,28700,28700,27000,27500,40347,-2036
20160304,29050,29050,27900,28300,28475,1644
20160303,28400,29250,27350,28550,50737,-680
20160302,27900,28250,26800,27950,66399,2949
20160229,28650,28650,27500,27600,64589,660
20160226,25900,28700,25450,28700,128935,3771
20160225,25250,25550,24750,25250,46467,12671
20160224,25050,25450,24600,24850,20492,1911
20160223,25200,25300,24550,25050,40679,102
20160222,25050,25400,24450,25200,43245,-476
20160219,24700,25500,24600,25050,29696,2974
20160218,24800,25100,24350,24650,30313,-4722
20160217,25850,25850,24200,24800,33900,-1050
20160216,25350,26150,25350,25550,29084,-1350
20160215,25200,26000,24900,25350,32514,-5756
20160212,25700,26900,23300,24900,61900,3401
20160211,27500,28000,26500,26550,35900,943
20160205,29300,29650,28200,28350,38483,-6170
20160204,29300,30100,29100,29300,63952,2
20160203,27350,29600,26800,29350,62182,142
20160202,26900,27300,26550,27200,30089,8165
20160201,26800,27700,26800,27200,43343,-4476
20160129,27850,28200,26500,26550,47779,171
20160128,27700,28100,27650,27700,19316,28
20160127,28600,29350,27700,27700,52449,-16639
20160126,28800,29000,28100,28600,21382,-605
20160125,28300,29000,28050,28800,18115,-6
20160122,28200,28550,27450,28000,30378,-1011
20160121,28200,28950,27800,28000,35190,-286
20160120,29200,29600,27950,28550,29505,-317
20160119,28550,29550,28550,29350,31953,-1398
20160118,27200,28900,27200,28750,29667,687
20160115,28800,28800,27650,27900,63767,-8520
20160114,29950,30300,28100,28400,99057,-2827
20160113,29150,30200,29000,30150,34944,12390
20160112,30250,30450,29050,29150,24801,-1685
20160111,30800,30800,29500,30200,82393,21498
20160108,29350,30450,29350,30450,62569,32
20160107,29750,30300,29400,29950,79754,21529
20160106,28850,29750,28400,29750,110071,-3419
20160105,27600,28600,27500,28550,59430,21854
20160104,28000,28700,28000,28200,44787,12814
20151230,26650,28050,26050,27550,54685,13448
20151229,24100,26150,24100,26050,25520,4475
20151228,24900,25300,24400,24400,29872,2123
20151224,25750,25750,25100,25300,25308,890
20151223,25500,25750,24550,25450,16421,789
20151222,25800,26500,25400,25450,10873,374
20151221,25350,25900,25350,25650,9533,450
20151218,24600,26500,24600,25800,23114,286
20151217,25650,25700,24650,25100,23888,-42
20151216,24200,25300,24200,25300,23781,295
20151215,22650,23800,22650,23600,27349,50
20151214,24600,24600,23150,23200,69124,12116
20151211,25250,25500,24850,24900,31675,1151
20151210,26050,26800,25100,25500,39367,296
20151209,26000,27000,26000,26150,19617,-1929
20151208,27550,27600,26550,26550,53005,-2346
20151207,27650,27800,27150,27550,15869,7
20151204,27450,27850,27200,27550,21536,94
20151203,28000,28300,27150,27950,33592,53
20151202,28000,28500,27600,28000,36012,-155
20151201,27200,28650,26900,28250,45445,-78
20151130,28600,28800,27300,27400,73564,-4561
20151127,29450,29550,28450,28650,56368,-980
20151126,29000,29800,29000,29250,41871,-2121
20151125,28750,29350,28550,29000,37199,-101
20151124,29650,29650,28550,29000,43785,-326
20151123,28700,29550,28100,29400,37364,18
20151120,29500,29500,28250,28550,68568,787
20151119,30000,30000,29250,29350,43794,-240
20151118,30650,30650,29450,29500,46628,-746
20151117,29900,30350,29550,30150,50319,2545
20151116,28900,29700,28600,29300,45850,-1210
20151113,28600,29850,28600,29500,49473,-25
20151112,29650,30600,29000,29300,139967,-5522
20151111,27550,29300,27350,28900,126224,-929
20151110,26300,28050,24700,27300,167746,-4360
20151109,28650,28750,27450,27700,99611,22
20151106,29150,30000,28200,29150,171836,13034
20151105,26250,27600,26050,27450,75799,-475
20151104,25650,26350,25500,26250,21330,3
20151103,26300,26300,25200,25500,32054,58
20151102,27250,27250,25900,25900,34679,1
20151030,27000,27650,26800,27000,75363,2
20151029,26550,27400,25700,26850,164064,3540
20151028,24950,25800,24550,25600,50065,-2592
20151027,25500,25550,24250,24850,58463,-18075
20151026,25700,25700,24100,25100,62873,25
20151023,27000,27000,25050,25150,132328,-15575
20151022,26800,27400,26600,26650,43066,141
20151021,26850,28300,26800,26900,86112,-20030
20151020,27050,27500,26500,27000,39780,0
20151019,27550,27850,27000,27050,52785,0
20151016,28200,28350,27150,27450,54327,2347
20151015,26550,27800,26550,27600,49240,-1230
20151014,26950,27500,26950,27050,37888,-73
20151013,27750,27900,26950,27350,46098,569
20151012,27950,28100,27400,27400,32570,-12
20151008,28600,28650,27800,27900,32340,-179
20151007,28900,29050,27950,28000,55453,-4914
20151006,29150,29450,28400,28800,35762,-839
20151005,29600,29750,28800,28900,54867,-635
20151002,28200,28950,27950,28800,61098,22650
20151001,28500,29200,27800,28100,102437,-33754
20150930,28650,29050,27900,28100,81633,-730
20150925,30150,30700,29550,29700,31553,-100
20150924,30400,30600,29750,30150,36558,94
20150923,31000,31150,29950,29950,64134,738
20150922,31050,31750,30700,31600,42027,0
20150921,31500,31650,30600,31200,41235,-2719
20150918,30750,32050,30500,31850,84702,-661
20150917,30900,30900,30100,30250,29118,9856
20150916,30250,31000,30000,30300,34982,27
20150915,30400,31300,29850,30000,44334,0
20150914,29950,31000,29050,30500,54065,9482
20150911,29500,30800,29000,29700,76190,-170
20150910,29000,29700,28650,29450,38305,-6958
20150909,29000,29550,28400,29350,47204,-500
20150908,28950,29500,27300,27850,77609,-10429
20150907,28950,30250,27600,28950,78021,-710
20150904,34450,34450,28950,28950,266738,-53354
20150903,30250,34700,30000,33800,279855,-27343
20150902,29600,30700,28600,29900,85088,-12337
20150901,30500,31300,29850,30000,80385,-5384
20150831,31900,31950,30350,30800,74904,-8582
20150828,31500,32400,31300,31800,72521,3086
20150827,31200,32800,30750,31500,109651,196
20150826,30200,31700,29650,30350,106802,6429
20150825,28350,30850,27500,30200,127976,5597
20150824,27550,28700,26700,27350,142584,-6720
20150821,27400,29250,26900,27400,170161,-2256
20150820,30150,32300,30000,30000,90688,-2411
20150819,31600,33150,30050,31200,131878,5657
20150818,35050,35400,33150,33150,78006,-1980
20150817,35400,36400,34700,35000,71803,0
20150813,33000,36200,33000,35550,121013,816
20150812,32750,33950,31250,33050,198079,54638
20150811,34500,35450,33200,33600,73089,-6180
20150810,35600,35750,34000,34750,59792,53
20150807,35200,35950,35000,35600,79442,-3171
20150806,36500,37300,35800,36400,72803,2750
20150805,35150,37300,34700,36650,89814,7
20150804,33800,35100,32750,35000,115598,-16951
20150803,36000,36950,33800,34500,99561,-6995
20150731,35400,37500,34800,36600,99837,-24298
20150730,36350,36950,34000,35600,224241,19900
20150729,39250,39250,36000,36000,292460,78898
20150728,37100,38650,36250,38250,207478,-46467
20150727,41950,41950,38150,38900,264763,-57886
20150724,42700,44350,42000,42400,169742,-31401
20150723,42250,42850,40200,42600,130845,-10689
20150722,42000,43500,41950,42450,152079,-33381
20150721,44500,44650,42400,42700,170537,-16434
20150720,44500,45300,43600,44500,160681,-9404
20150717,44700,44800,41900,44200,272440,33928
20150716,46150,46200,43600,44250,285024,4120
20150715,47700,47700,43250,46150,683311,29381
20150714,40700,46800,40600,46600,765815,85347
20150713,38900,40700,38650,40350,168398,-3046
20150710,40500,42150,38400,39950,371827,4996
20150709,38600,40750,37300,39850,252609,8496
20150708,37100,39850,34100,39300,420191,47683
20150707,45250,46250,35850,37000,862319,-92190
20150706,43000,47900,43000,44000,569629,2674
20150703,42250,45450,41050,44250,568878,-24636
20150702,40350,41550,39100,41550,381809,-448
20150701,37500,41000,37500,39300,450597,746
20150630,34550,39250,33800,37400,592472,-42298
20150629,36950,38300,35300,35400,579347,-103806
20150626,40950,43550,39000,39000,722530,-27
20150625,38650,41150,37850,40300,512216,10675
20150624,37850,39700,37650,38650,526511,30362
20150623,37500,38300,36700,37850,202540,12282
20150622,37900,38850,36900,37350,150860,-1681
20150619,37450,38800,36150,38500,302827,8408
20150618,32400,38500,32000,37450,512819,83444
20150617,31850,33650,31300,32400,216006,-36693
20150616,33700,34050,30800,31450,251759,-42689
20150615,35900,36600,32950,33700,283224,-24105
20150612,35250,37750,34950,36250,332713,437
20150611,34800,36100,34500,34950,172610,4169
20150610,35700,36750,34100,34500,246379,-1427
20150609,35150,36500,33500,35900,258822,-4789
20150608,37100,37400,34400,34550,222730,163
20150605,34600,37350,34600,36200,257087,19106
20150604,35050,36300,33100,35350,259847,12890
20150603,36400,37350,33300,35000,341833,-5561
20150602,40200,40250,35400,36000,651256,-16550
20150601,38350,40150,37650,39700,436670,-8819
20150529,42100,46500,37850,38050,1196438,21383
20150528,34850,40450,34100,40450,780026,196634
20150527,34400,36600,33400,35200,820209,35128
20150526,32200,33500,31500,33500,639608,135254
20150522,31450,32750,30250,31350,583501,16665
20150521,32800,32800,30550,31200,590726,-47593
20150520,30800,34000,30700,32050,961540,49636
20150519,27400,29900,26100,29900,958966,26101
20150518,24100,26600,23400,26000,230476,695
20150515,25100,25300,23900,24050,124594,-5451
20150514,24000,26400,23800,24800,298689,-1834
20150513,24750,25000,23300,23800,115873,-17366
20150512,25450,26300,24500,24750,112119,-8920
20150511,26300,26850,25800,25950,51132,-3586
20150508,26300,26800,26050,26450,43405,-8532
20150507,25050,26850,25050,26800,32635,-534
20150506,25800,26250,25050,25800,64221,-9529
20150504,27350,27850,26000,26350,49299,-965
20150430,28100,28150,27000,27550,61279,-1841
20150429,26500,29850,26000,28350,155582,7388
20150428,27750,27850,26200,26200,127870,-4497
20150427,28400,28950,27600,27750,88599,-236
20150424,29050,29500,27700,28750,92476,-9190
20150423,29600,30500,27650,28900,162357,4724
20150422,28500,30500,26300,28650,333045,2625
20150421,25300,28900,25200,28450,265559,2477
20150420,27400,27400,25050,25250,195634,-15405
20150417,26000,26950,25900,26950,79500,-12223
20150416,26850,27000,26250,26500,66520,-2450
20150415,25750,27200,25500,26850,181958,-8588
20150414,28150,28150,25000,25450,381033,-35176
20150413,28600,28950,27750,28300,134373,-2649
20150410,29150,29650,28650,28650,132385,-1298
20150409,29800,30150,28700,29000,196728,-10560
20150408,29400,30550,29200,29800,160776,10636
20150407,29500,30250,28500,29400,197004,-8562
20150406,28000,29900,27400,29000,321225,-94
20150403,29000,29500,26800,28300,362069,11712
20150402,31000,31200,29300,29500,182016,16737
20150401,27000,30650,27000,30650,394262,31106
20150331,29900,30250,28200,28550,187656,-33650
20150330,30000,30600,28850,29950,84318,-29406
20150327,31950,32050,29700,29900,137900,-28352
20150326,31150,33250,31150,31950,156821,-8537
20150325,31250,31500,30100,31450,62219,-14693
20150324,31400,31400,30550,31000,47363,-7634
20150323,32000,32350,30600,31350,91431,-13439
20150320,32450,33800,30900,31850,96432,-34323
20150319,34050,34300,31300,32850,55502,-6594
20150318,34500,34650,33650,33650,37744,-1641
20150317,36000,36000,33850,34000,62375,-1897
20150316,33900,36600,33900,35900,116992,733
20150313,34000,34550,33300,33900,31364,-1912
20150312,34000,34600,33300,33700,27455,-6649
20150311,34650,35300,34000,34150,31852,-5908
20150310,34700,36750,34250,35150,29916,-1908
20150309,36500,36700,34450,34450,30347,-3805
20150306,33700,36600,33700,36000,69752,15601
20150305,35950,35950,34150,35050,50495,-4381
20150304,36350,36750,35250,35950,33437,1969
20150303,35650,36900,35600,36400,63687,12967
20150302,33950,36600,33850,36000,77902,12855
20150227,34700,35700,34150,34150,27255,-7746
20150226,35200,35350,33800,34950,28060,-5942
20150225,36000,36300,34800,34900,37797,-1903
20150224,37300,37300,34700,36000,59729,-10680
20150223,38350,38350,36500,37600,21212,-2819
20150217,38350,38400,37200,38150,14254,-1753
20150216,39300,39800,37800,37800,49041,611
20150213,37000,39700,36650,39250,104731,41066
20150212,33250,37250,33250,36200,57319,9761
20150211,33000,33800,32600,33800,16409,-6208
20150210,33150,34000,32000,32800,28050,-4012
20150209,35250,35550,33250,33800,19416,-1098
20150206,35950,35950,34800,35250,11620,-840
20150205,36150,36400,35200,35400,34436,434
20150204,35850,36850,35300,36400,15216,-216
20150203,36400,37100,35000,35500,21532,-4638
20150202,37300,37350,36000,36750,21283,-6231
20150130,37800,38150,36750,37700,17261,-617
20150129,35800,37950,35800,37800,45395,12
20150128,36950,37150,35350,36150,21428,-2065
20150127,36400,38350,36400,37100,25362,2981
20150126,36800,37100,35850,36750,24113,6284
20150123,35700,36950,34800,36750,34426,12165
20150122,36550,37050,34550,36050,34657,6789
20150121,34400,36850,34050,36500,44056,6899
20150120,37200,37200,34900,35000,50771,-24102
20150119,34950,37300,34950,37150,70693,2980
20150116,34750,35300,33000,35250,38713,-1754
20150115,35400,35500,33800,34250,44209,1733
20150114,35600,37850,34600,35000,70838,6372
20150113,36050,36900,35500,36600,40228,359
20150112,36350,37100,35650,35950,39909,4124
20150109,37600,37800,36350,36350,48601,3547
20150108,39250,39250,36900,37950,37697,9169
20150107,38400,39650,37950,38400,26991,5679
20150106,35850,38400,35850,38400,50016,248
20150105,34500,37200,34250,36450,46402,413
20150102,34650,35650,34050,35100,24023,65
20141230,34950,35400,34400,35200,16779,-1000
20141229,34000,35900,32650,34900,31785,-4650
20141226,33500,34500,32650,33950,33812,-1084
20141224,32300,34500,31600,33950,37120,2331
20141223,30900,33200,30600,32600,36894,350
20141222,30850,31300,30100,31300,24973,-231
20141219,29000,30400,29000,30250,23219,-989
20141218,28350,29400,28000,28600,28549,5674
20141217,29600,29600,27950,28350,23279,-1740
20141216,29900,30950,28700,28700,24015,-2889
20141215,28700,30700,28500,30400,20515,6359
20141212,30200,30400,29350,29400,42472,-7347
20141211,31600,31600,29550,30150,36376,-5879
20141210,30600,31200,29950,30950,21159,4467
20141209,30850,31250,29900,31000,19381,-3286
20141208,30850,31500,30800,30800,17742,-482
20141205,31800,31850,30600,31500,24815,-6265
20141204,29500,31450,28350,31200,69713,10800
20141203,29600,29900,28300,29100,33962,-2485
20141202,29650,30250,29150,29600,31359,-7545
20141201,31300,31300,29750,30150,15926,1100
20141128,30300,31900,30300,30700,18597,-18
20141127,29250,31400,29000,30900,52584,6965
20141126,30600,31000,29500,29600,48164,-15417
20141125,31000,31450,29300,31100,80114,-18289
20141124,32800,32800,30000,31000,94868,-4338
20141121,34350,34350,32800,32800,28595,1714
20141120,33150,34500,32800,34350,38115,5116
20141119,33800,34000,32200,33500,40562,-1289
20141118,32100,34500,32000,33500,37354,-1208
20141117,35000,35000,31700,32900,58147,5710
20141114,35550,35550,33600,34300,37177,1443
20141113,36000,36400,34800,35100,23182,459
20141112,35700,37000,34500,36600,58467,1663
20141111,36900,36900,35500,36550,26016,-387
20141110,36550,36900,35250,36300,33186,12148
20141107,35400,37400,34600,36900,42771,7870
20141106,35250,35850,31350,35400,96022,8028
20141105,37500,37650,34300,35300,71419,-567
20141104,39100,39950,36200,37500,83898,4639
20141103,39300,39400,37000,38600,66707,5425
20141031,39950,39950,38300,39300,81519,25147
20141030,37750,39750,36900,39400,101409,15397
20141029,37200,38900,36700,37400,186952,7723
20141028,37250,37500,36500,37000,149905,11829
20141027,38400,39400,36850,37700,89487,2901
20141024,40300,42600,36800,38400,293297,876
20141023,39300,40750,37700,40300,100678,10411
20141022,37100,39400,35500,38750,116761,1499
20141021,37000,37950,36100,36150,101265,8475
20141020,34000,37050,33800,36100,170170,22742
20141017,30450,34500,30150,33900,201832,6962
20141016,30100,30900,29000,30000,31862,85
20141015,30550,30650,29750,30050,49163,144
20141014,27900,30350,27900,30000,65401,8126
20141013,29400,30000,25550,29000,276474,-20257
20141010,31300,31300,29700,30000,97918,-12307
20141008,31500,31500,29750,31250,145683,-5730
20141007,31000,33850,30700,31500,244801,-14955
20141006,30000,31900,30000,31000,525835,240587
20141002,26850,29850,26150,29600,146780,49947
20141001,27000,27950,26800,26950,67411,259
20140930,27000,27300,26350,26950,30149,-450
20140929,26100,27200,25500,26700,78401,6084
20140926,26500,27000,24100,26100,398435,-144771
20140925,28150,28700,26600,27150,71351,-38920
20140924,27000,29400,26800,28100,135009,2625
20140923,26200,26900,25600,26900,97887,13250
20140922,24000,26400,23750,25950,136531,24899
20140919,24850,25000,23400,23800,77327,-19384
20140918,25250,25250,24650,24850,7553,0
20140917,24900,25350,24400,25300,24211,491
20140916,25100,25500,24500,25100,26799,-5362
20140915,25000,25650,24500,25050,40354,13418
20140912,24100,25700,23800,25050,70118,24443
20140911,24200,24300,23000,24200,63396,-8659
20140905,22900,23850,22900,23750,20511,-1001
20140904,23750,24200,23100,23100,25960,-126
20140903,23700,23800,22700,23800,44370,1500
20140902,22000,23950,21500,23500,76618,9187
20140901,21600,22050,21550,21750,17999,728
20140829,21600,21950,21300,21800,16918,506
20140828,22000,22300,21550,21850,29046,-614
20140827,20850,22500,20600,21750,208976,4630
20140826,19350,20700,19200,20500,39626,0
20140825,20000,20300,18800,19500,141980,-16120
20140822,20550,20550,20550,20550,0,0
20140821,20550,20550,20550,20550,0,0
20140820,20550,20550,20550,20550,0,0
20140819,20550,20550,20550,20550,0,0
20140818,20550,20550,20550,20550,0,0
20140814,20050,20550,20050,20550,26298,0
20140813,20050,20500,19950,20300,20552,-1737
20140812,20450,20450,19600,19950,34170,-850
20140811,20150,20550,20100,20550,18307,-361
20140808,20000,20600,20000,20200,14519,-600
20140807,20600,20850,19900,20150,17581,0
20140806,20400,20800,20150,20600,26940,-2239
20140805,22000,22000,19800,20200,79789,-4248
20140804,21900,22250,21700,21850,13482,-675
20140801,21450,21900,20800,21900,22924,0
20140731,20950,21500,20600,21500,29207,0
20140730,21150,21150,20600,20950,28333,1000
20140729,21350,21500,20200,20750,53710,2892
20140728,22300,22600,21200,21450,64642,258
20140725,22750,23500,22500,22700,132082,8517
20140724,22600,22900,22300,22650,226352,171667
20140723,22300,23100,21800,22500,127811,-12578
20140722,21800,22400,21600,21900,96162,13057
20140721,21600,21600,20950,21400,151703,5914
20140718,21350,22350,21250,21500,67310,-1170
20140717,20400,21450,20250,21300,50764,3802
20140716,21100,21450,19850,20400,83757,-9177
20140715,21350,21950,20800,21200,53437,-861
20140714,21300,21600,20700,21200,58305,-1000
20140711,21300,21700,21050,21300,56837,-9257
20140710,20700,23150,20150,21600,165552,-17430
20140709,20200,20950,19900,20700,106147,-15112
20140708,18750,21650,18750,20000,533899,-18530
20140707,19100,19300,18750,18850,33623,-891
20140704,18300,19200,18100,18950,54479,-1736
20140703,18050,18300,18000,18200,11737,-586
20140702,17900,18400,17900,18200,21290,-1720
20140701,17300,18300,17150,18100,40374,-2205
20140630,17550,17650,17250,17400,9168,0
20140627,17600,17800,17400,17550,24060,-1550
20140626,17250,17600,17150,17500,13744,0
20140625,17250,17250,16750,17200,15319,0
20140624,17200,17650,17200,17400,22543,-855
20140623,17500,17950,16900,17100,26161,0
20140620,18000,18000,17450,17500,11322,0
20140619,17950,18150,17750,18000,7926,-308
20140618,17600,18300,17400,17900,36560,357
20140617,17250,17750,17200,17600,13013,0
20140616,17150,17400,17050,17350,8806,-30
20140613,17400,17400,16950,17200,3810,0
20140612,17200,17450,16950,17200,9762,-26
20140611,17100,17450,17100,17200,4938,0
20140610,16900,17300,16900,17100,4921,0
20140609,17300,17300,16750,17050,6578,-146
20140605,17350,17500,17000,17050,4955,0
20140603,17300,17700,17250,17550,6947,0
20140602,17800,17800,17250,17500,11646,0
20140530,17200,17600,17200,17600,7194,0
20140529,17800,17800,17200,17300,6508,0
20140528,17550,17750,17500,17650,7417,0
20140527,17850,17850,17200,17550,5886,0
20140526,17250,17750,17250,17700,5340,0
20140523,17800,17800,17300,17300,8769,0
20140522,16800,17600,16800,17500,14486,-855
20140521,16450,16900,16400,16800,5565,-148
20140520,16800,17050,16450,16450,13624,0
20140519,17400,17800,16800,16800,15134,377
20140516,17450,17700,16950,17400,26840,1220
20140515,17550,17900,17500,17650,16003,0
20140514,16700,17950,16700,17750,37389,2585
20140513,16450,16700,16400,16700,8457,0
20140512,16450,16700,16400,16500,5579,-145
20140509,16400,16950,16400,16600,4284,-205
20140508,16500,16650,16400,16600,3694,-203
20140507,16600,16800,16500,16600,8304,-219
20140502,16600,16750,16600,16700,3004,0
20140430,16300,16800,16250,16700,21980,-5690
20140429,16300,16550,16250,16450,3185,-696
20140428,16500,16550,16000,16550,6419,-595
20140425,16300,16650,15900,16450,4125,-141
20140424,16450,16700,16200,16400,10652,1635
20140423,16700,16700,16200,16550,18577,3764
20140422,16900,16950,16600,16700,11392,0
20140421,17000,17000,16700,16900,1652,0
20140418,17000,17000,16700,16900,3993,0
20140417,17100,17100,16650,16950,3490,0
20140416,17050,17050,16600,16850,11567,0
20140415,16900,17100,16750,16900,8462,-10
20140414,17100,17100,16750,17000,7948,0
20140411,17250,17350,17050,17100,6102,-565
20140410,17300,17400,17000,17350,7872,0
20140409,17000,17400,17000,17300,9175,600
20140408,16850,17350,16750,17350,6892,2000
20140407,17150,17250,16700,17050,10993,1794
20140404,17600,17600,17150,17200,9421,0
20140403,17950,17950,17000,17500,27057,-7333
20140402,17000,17450,16850,17450,18982,-2919
20140401,16900,17250,16800,17000,14811,-4659
20140331,17150,17450,16800,17200,15036,-3054
20140328,17550,17900,17150,17400,15430,-1981
20140327,17650,17900,17300,17700,25472,-3975
20140326,17000,18000,17000,17950,20716,-6329
20140325,16900,17300,16900,16950,9986,0
20140324,16900,17400,16800,17150,24925,-2705
20140321,17900,17900,16950,16950,33921,-803
20140320,17750,18200,17100,17900,42702,-4500
20140319,18900,19000,18000,18100,12036,-4138
20140318,18650,19000,18350,18700,10980,-1342
20140317,19100,19100,17900,18400,27357,1201
20140314,18500,19200,18300,19000,18582,1809
20140313,18700,19350,18400,18900,38958,2420
20140312,18300,19500,18250,18700,52423,6973
20140311,18100,18800,18100,18450,25858,3098
20140310,18350,18700,18100,18350,14628,1000
20140307,18400,18550,17750,18350,23701,937
20140306,17650,19200,17500,18400,80308,-7279
20140305,17400,17650,17150,17500,39557,4678
20140304,17150,17500,16950,17450,25562,-4832
20140303,17250,17550,16850,17350,36201,3878
20140228,15850,17200,15800,17100,54559,-865
20140227,16000,16200,15600,15750,16097,900
20140226,16500,16800,15900,16200,19363,-1220
20140225,16250,16800,15950,16650,42046,-75
20140224,16000,17050,15850,16300,198388,-3212
20140221,15050,15050,14800,14850,4334,1454
20140220,15200,15200,14700,14800,9101,2447
20140219,14950,15100,14600,15000,4145,-540
20140218,15000,15300,14900,15100,1616,0
20140217,15050,15300,14900,15200,1912,0
20140214,15100,15250,14900,15100,4992,-519
20140213,15850,15850,15000,15050,7956,-1339
20140212,15600,15900,15450,15450,1222,0
20140211,16100,16100,15250,15750,4828,-525
20140210,16250,16250,15200,15700,10019,1155
20140207,15400,16150,15350,15900,11472,-404
20140206,15000,15350,14950,15350,5950,434
20140205,15400,15400,14800,15000,1511,600
20140204,14700,15100,14700,15100,6436,1500
20140203,15300,15300,15050,15100,1000,600
20140129,14850,15250,14550,15250,6303,1500
20140128,15050,15100,14600,15000,11528,-3119
20140127,14900,15150,14900,15000,6735,1500
20140124,15950,15950,15200,15400,4140,1000
20140123,16000,16200,15550,15550,3754,806
20140122,15200,15850,15200,15800,6934,2910
20140121,15600,15900,15300,15300,5360,-279
20140120,15950,15950,15250,15950,4437,0
20140117,15850,15850,15200,15700,9702,2026
20140116,15950,16150,15700,15700,4407,-1059
20140115,16300,16300,15700,16000,4124,-349
20140114,16150,16400,15800,16300,3267,308
20140113,16550,16550,16100,16150,2954,0
20140110,16500,16700,15900,16550,13169,-508
20140109,16450,16600,16000,16400,7216,694
20140108,15400,16500,15400,16450,20050,1812
20140107,15400,15450,15200,15450,4574,771
20140106,14950,15250,14900,15200,1386,300
20140103,14850,15250,14800,14950,5898,-868
20140102,15050,15200,15000,15050,641,-175
20131230,14900,15300,14800,15300,6269,-1747
20131227,15250,15250,15000,15000,2639,500
20131226,15250,15250,15000,15150,3863,300
20131224,15100,15150,15000,15150,2765,604
20131223,15000,15150,14800,14950,2152,271
20131220,14750,15000,14500,15000,4238,883
20131219,14800,14850,14500,14800,3985,800
20131218,14550,14750,14350,14700,5256,1000
20131217,13850,14600,13800,14500,6264,1200
20131216,13650,14450,13650,14050,3833,-10
20131213,14050,14050,13600,13700,6158,-436
20131212,14100,14300,13800,13800,6365,-1500
20131211,14550,14600,14100,14100,8334,0
20131210,14600,14800,14500,14550,4250,1200
20131209,15100,15100,14750,14750,637,0
20131206,14650,15100,14600,14850,4980,-54
20131205,14800,15000,14700,14750,3466,-572
20131204,14950,15050,14800,14850,3623,-458
20131203,15050,15200,14850,15100,6336,-197
20131202,15100,15300,14850,15200,5022,72
20131129,15000,15300,15000,15250,2312,-708
20131128,15200,15400,14950,15100,4965,-158
20131127,15300,15300,14950,15200,3404,1308
20131126,15200,15400,15050,15100,5098,1715
20131125,15500,15500,15250,15400,2394,420
20131122,15350,15550,15200,15500,3312,150
20131121,15500,15700,15250,15350,3205,1253
20131120,15400,15700,15200,15500,5385,4324
20131119,15400,15600,15250,15400,5027,1295
20131118,15200,15700,14900,15400,12428,5909
20131115,14700,15250,14400,15000,20078,3065
20131114,15000,15000,14800,14950,7817,-450
20131113,15250,15300,14950,15000,5169,-1421
20131112,15300,15600,15000,15250,2434,93
20131111,15450,15600,15150,15300,2381,-880
20131108,15100,15450,15050,15450,4452,406
20131107,15250,15400,15050,15400,3639,179
20131106,15500,15600,15350,15350,1978,0
20131105,15600,15950,15000,15550,12755,873
20131104,16000,16000,15700,15750,4646,227
20131101,15700,16200,15700,15950,4880,-316
20131031,16550,16550,15550,15750,10879,391
20131030,16050,16300,16000,16200,4470,-381
20131029,16600,16800,16100,16150,12045,-6007
20131028,16200,17100,16100,16700,16009,-434
20131025,15500,16250,15400,16200,11418,0
20131024,15600,15650,15400,15600,4992,-449
20131023,15450,15700,15400,15550,8441,-450
20131022,15600,15650,15450,15500,5796,-450
20131021,15650,15650,15500,15650,3248,0
20131018,15600,15600,15400,15550,5050,-203
20131017,15550,15900,15450,15600,7595,149
20131016,15800,16100,15650,15650,5087,696
20131015,15200,15600,15200,15600,4515,2200
20131014,15550,15800,15300,15300,7056,199
20131011,15400,15650,15400,15650,6487,0
20131010,15550,15650,15200,15500,6697,0
20131008,15600,15600,15400,15550,6646,0
20131007,15600,15700,15450,15700,6676,170
20131004,15600,15800,15500,15700,8312,-450
20131002,15550,16000,15550,15600,2179,-450
20131001,15700,15800,15500,15700,11837,4242
20130930,15700,15800,15600,15650,6469,200
20130927,15800,15900,15550,15700,2986,0
20130926,15600,15900,15500,15700,7570,0
20130925,15700,15950,15450,15700,18190,0
20130924,15400,15900,15400,15850,6085,100
20130923,15650,15950,15600,15600,4617,-132
20130917,16050,16050,15600,15750,3258,-455
20130916,15800,16150,15800,15900,3150,-212
20130913,16000,16100,15800,16000,5671,192
20130912,16050,16250,15950,16000,5908,-267
20130911,16300,16300,15700,16000,8122,-1459
20130910,16300,16300,15900,16150,3527,0
20130909,16200,16550,16150,16150,7771,-499
20130906,16700,16700,16150,16150,5367,517
20130905,16450,16700,16150,16550,9998,-3314
20130904,16800,16800,16500,16550,2226,-290
20130903,16300,16800,16150,16800,7194,-622
20130902,15750,16850,15750,16500,15385,-219
20130830,15600,15850,15450,15850,4622,0
20130829,15500,15900,15350,15700,6349,0
20130828,15200,15550,15200,15500,4877,0
20130827,15600,15800,15500,15500,6577,0
20130826,15450,15850,15450,15800,9552,0
20130823,15250,15650,15250,15650,7051,0
20130822,14650,15900,14650,15250,17707,200
20130821,15750,15750,14450,15150,50795,5132
20130820,15900,16000,15500,15500,9828,377
20130819,15850,16000,15750,15950,6323,0
20130816,15850,16000,15800,15950,6617,0
20130814,16000,16100,15850,15950,7824,0
20130813,15850,15950,15650,15850,11755,200
20130812,16000,16000,15550,15850,10583,1165
20130809,16100,16100,15800,16000,10359,217
20130808,16200,16250,15950,16100,10085,-4484
20130807,16000,16150,15800,16000,7445,-2016
20130806,16000,16100,15850,16000,17353,-2291
20130805,16000,16200,15850,15950,16119,-8657
20130802,15900,15950,15700,15900,10199,1995
20130801,16000,16100,15750,15950,5577,8
20130731,16150,16200,15800,16000,9261,-5259
20130730,15850,16300,15800,16150,4497,1597
20130729,16050,16300,15500,16150,8815,2020
20130726,16150,16400,16100,16150,6076,-465
20130725,16150,16500,16150,16200,5178,0
20130724,16300,16450,16100,16250,7107,-190
20130723,16200,16500,16200,16200,12467,803
20130722,15800,16750,15800,16350,15630,3054
20130719,15750,16050,15750,15800,10077,-1676
20130718,15950,16100,15700,15700,7360,-300
20130717,16050,16500,15900,15950,11873,4834
20130716,15650,16050,15650,16050,6995,-678
20130715,16100,16150,15850,15950,12573,-1518
20130712,15900,16100,15700,16050,8253,-102
20130711,15550,16300,15500,16050,10901,-869
20130710,16150,16200,15600,16050,5845,529
20130709,15650,16250,15600,16050,9470,0
20130708,15500,16000,15350,15800,4645,0
20130705,15650,16100,14900,15850,6555,300
20130704,15850,15850,15600,15800,1637,0
20130703,15950,16000,15750,15750,5918,2499
20130702,16000,16200,15400,15750,10759,-449
20130701,15300,16050,15300,16000,8918,1079
20130628,15150,15500,15050,15450,4994,299
20130627,14550,15400,14550,15150,21614,512
20130626,14000,14700,13950,14700,14721,0
20130625,14900,15000,13900,13900,43981,-3731
20130624,16050,16100,14950,15050,45412,-9040
20130621,15600,16350,15400,16350,30939,-5587
20130620,16500,16600,16050,16200,9510,883
20130619,16600,16800,16550,16550,7719,-1126
20130618,16650,16950,16400,16700,13498,-4483
20130617,16950,17050,16550,16950,19493,-4412
20130614,17050,17150,16600,17000,8595,-2322
20130613,16800,17400,16800,17050,8327,-5
20130612,17300,17300,16600,16800,16691,-4451
20130611,16950,17250,16750,17200,8545,-2579
20130610,16600,17500,16600,17100,11830,1604
20130607,17200,17600,16550,16550,28032,-8943
20130605,17700,18100,17300,17350,37851,-8790
20130604,18700,18950,17800,18100,18917,-3832
20130603,18400,18800,18400,18700,10259,-273
20130531,19300,19500,18350,18400,48715,-11619
20130530,19750,19900,19350,19350,15432,-624
20130529,19750,20250,19650,19750,16848,-1141
20130528,19900,20000,19500,19750,14242,-461
20130527,20000,20000,19450,19850,19334,273
20130524,19750,20400,19750,19750,20470,-80
20130523,20100,20300,19800,19800,14521,-1234
20130522,20400,20750,20100,20150,13958,-591
20130521,19950,20550,19950,20500,12893,2056
20130520,20350,20400,19750,19950,38375,-900
20130516,20500,20550,20200,20300,12613,83
20130515,20250,20650,20050,20300,17677,190
20130514,20950,21300,20100,20550,23051,702
20130513,21150,21400,20750,21000,18791,1034
20130510,21100,21700,20750,20750,29167,-308
20130509,22300,22300,21100,21200,33878,-1285
20130508,21700,22000,21400,21900,41575,-5424
20130507,21500,21750,21200,21600,30085,411
20130506,20700,22100,20500,21800,130416,-4065
20130503,20100,20250,19700,20250,15579,78
20130502,19550,20300,19550,19850,19930,0
20130430,20000,20200,19700,20000,17684,907
20130429,19900,20150,19750,20000,11964,997
20130426,20600,20600,19600,19900,49306,-2931
20130425,20600,20600,20000,20400,33743,-155
20130424,20150,21100,19900,20700,45858,-286
20130423,19700,20350,19200,19850,36872,-4390
20130422,20100,20100,19550,20000,18456,-6186
20130419,20450,20450,19750,19850,19699,-6266
20130418,20550,20800,20400,20450,17575,-4255
20130417,21400,21650,20300,20800,45049,4765
20130416,21400,21800,21050,21550,23555,-5362
20130415,21600,22000,20900,21550,32739,-757
20130412,22400,22400,21150,21600,22356,3912
20130411,20550,22000,20550,21700,26419,5245
20130410,20200,20800,20100,20550,21444,-2233
20130409,20600,21200,19500,20200,32699,-4806
20130408,21700,22150,20600,20600,28686,-10144
20130405,22450,22750,21500,21700,27477,1510
20130404,23000,23000,20700,22800,51695,1506
20130403,22900,23150,22200,22800,40820,-3108
20130402,22700,22950,22350,22400,22042,-3473
20130401,23450,23500,22650,22700,16314,-584
20130329,23200,23400,22650,23350,17898,57
20130328,23450,23950,22750,23200,44209,-9448
20130327,22300,23350,21950,23300,73853,4521
20130326,21900,22450,21900,22000,19426,1811
20130325,22250,22250,21650,21900,13705,2884
20130322,20750,22500,20650,21900,29027,-417
20130321,21300,21450,20400,21100,21047,1181
20130320,21400,21750,20900,21300,46050,3011
20130319,21750,22050,21500,21850,23592,-187
20130318,22500,22600,21550,21750,29028,-3944
20130315,22650,22700,22400,22500,28388,-1013
20130314,21950,22700,21400,22700,65173,8105
20130313,21450,21900,21150,21850,32949,170
20130312,22200,22200,21450,21450,28528,-1959
20130311,21500,22000,20900,21800,38390,7441
20130308,21200,22250,20800,21700,53390,12660
20130307,21200,21650,21100,21300,32212,4483
20130306,20900,21650,20150,21300,38525,14550
20130305,21200,21650,20700,21200,35066,-3322
20130304,21650,21650,21100,21150,17314,746
20130228,21000,21600,20850,21500,42498,10581
20130227,20300,21000,20300,21000,30796,2327
20130226,20400,20550,19900,20450,22926,2132
20130225,21050,21050,20400,20450,15732,1008
20130222,20550,21000,20350,20850,28690,2987
20130221,20100,20750,20000,20500,35195,-2429
20130220,20700,20700,20100,20150,22653,-247
20130219,19200,20650,19100,20400,84973,-7558
20130218,18900,19250,18800,19200,9330,1617
20130215,18850,19200,18750,19100,14489,-5995
20130214,19000,19150,18750,18850,10890,-1115
20130213,19200,19450,18900,18950,10777,-74
20130212,19650,19750,19100,19200,2659,0
20130208,18900,19750,18850,19650,15101,0
20130207,19500,19500,19000,19200,8276,698
20130206,18700,19600,18700,19500,23865,1733
20130205,18500,18950,18200,18900,20683,7721
20130204,18850,19100,18200,18800,18664,5278
20130201,19050,19250,18600,19000,14227,0
20130131,19550,19550,19000,19250,4321,0
20130130,19550,19900,19200,19400,8891,0
20130129,19800,20000,19550,19800,9873,2428
20130128,18600,20050,18600,19800,20521,3324
20130125,19350,19600,18800,18800,7500,0
20130124,19800,19800,19050,19250,12440,2120
20130123,19600,19900,19400,19550,9371,300
20130122,20100,20350,19600,19750,19258,258
20130121,20500,20600,20000,20200,15705,-5440
20130118,20450,20600,19950,20550,14357,7552
20130117,20800,20800,19950,20150,13325,400
20130116,21250,21250,20500,20500,15351,100
20130115,21250,21550,20800,21100,21649,-4598
20130114,20800,21700,20450,21250,55421,-1726
20130111,20300,20850,19700,20700,37579,8140
20130110,19850,20700,19700,20350,20066,-1500
20130109,20550,20900,19550,19850,26928,-636
20130108,20700,21050,20550,20550,17314,2360
20130107,21000,21100,20550,20850,14629,-290
20130104,20050,20800,20000,20800,26829,4167
20130103,20300,20600,19700,20000,14744,0
20130102,19950,20200,19600,20050,23723,9015
20121228,19200,20850,19050,19950,75929,12550
20121227,18300,19250,18250,19200,32926,5327
20121226,18150,18800,18150,18500,25651,0
20121224,18250,19150,18100,18300,56513,0
20121221,17850,18350,17550,17700,22099,-3660
20121220,17800,18250,17700,17850,16386,-4120
20121218,18050,18150,17800,17900,17445,-58
20121217,18200,18350,17700,18100,26350,-1300
20121214,17450,18350,17400,18000,65215,0
20121213,16900,17500,16900,17300,17655,-3403
20121212,17150,17850,16800,16900,46190,-6308
20121211,17300,17900,17000,17200,23768,0
20121210,17750,17900,17350,17350,9496,-75
20121207,17400,18050,17400,17750,15141,0
20121206,17600,18300,17500,17500,35831,0
20121205,17800,17800,17250,17550,19752,0
20121204,17100,18000,16950,17650,32398,0
20121203,16900,17300,16800,17050,24654,0
20121130,17300,17550,16850,16850,25516,-20
20121129,17350,17450,17000,17050,17697,0
20121128,17300,17400,17000,17100,15055,0
20121127,17100,17750,16950,17150,36530,-662
20121126,17250,17350,16800,16900,28719,0
20121123,17400,17400,16650,17000,37344,0
20121122,16900,17600,16600,17300,59671,-8004
20121121,18800,18800,16250,16750,252682,-101326
20121120,18800,19050,18300,18800,55404,-19040
20121119,18000,18900,17950,18700,53857,467
20121116,17400,18100,15700,18100,195557,-10875
20121115,20150,20650,17900,17900,209672,-57495
20121114,22300,22700,21000,21050,48302,-520
20121113,21950,22900,21550,22100,97334,-3161
20121112,21650,21700,20900,21400,25545,4578
20121109,21900,22150,21300,21400,31596,1923
20121108,20700,21900,20650,21900,54255,2673
20121107,20300,21750,19800,21150,79677,-5115
20121106,19300,20250,19250,20000,31082,0
20121105,19750,19950,19050,19300,33338,-574
20121102,20750,20750,19450,19800,31160,-2895
20121101,19800,20650,19600,20200,16681,-329
20121031,19300,20200,19100,20000,40099,2550
20121030,19250,19750,18950,19150,34076,-731
20121029,20500,20750,18950,19250,86603,-11207
20121026,21300,21300,19850,20400,39786,-7242
20121025,21800,22600,20650,20650,63046,3902
20121024,19700,22050,19700,21600,110687,22054
20121023,20000,21100,20000,20150,59670,-13882
20121022,19100,20450,19100,19950,51853,-10378
20121019,20100,20650,19750,19800,94778,-24270
20121018,21700,22050,20100,20400,100954,-21779
20121017,21800,22100,21150,21800,86905,-21792
20121016,22850,23250,21500,21800,96593,-2837
20121015,23500,23650,22450,22850,129764,9224
20121012,23350,23650,22250,23650,121144,-3280
20121011,23300,24400,22600,23100,111823,-17557
20121010,24900,25400,23600,23600,118679,-2948
20121009,24800,26200,24100,25200,244018,-5653
20121008,22800,24400,22450,24400,178324,-5316
20121005,22850,23550,22000,22650,117221,-7377
20121004,23500,23500,22700,23000,115893,-17407
20121002,25050,25050,23600,23800,76537,-16833
20120928,23450,25000,23450,24500,67405,3492
20120927,24100,24750,23300,23450,68631,11167
20120926,25100,25100,24350,24400,57499,10259
20120925,25000,25100,24500,25100,53717,16650
20120924,24750,25000,24000,25000,69156,13006
20120921,24500,24850,23800,24650,80261,15814
20120920,23950,24500,23600,24100,142500,35054
20120919,22200,23750,21900,23700,160964,32417
20120918,22050,22450,21700,22050,70931,27736
20120917,22100,22600,21700,22450,104906,11480
20120914,22500,22500,21600,22300,113825,45025
20120913,21950,22450,21550,22300,99091,34902
20120912,21000,21950,20800,21800,116199,14313
20120911,20000,21100,19900,20900,144851,7065
20120910,19800,20200,19400,20000,57496,10214
20120907,19400,20350,19100,19700,92929,-2374
20120906,18400,19350,18400,19300,43592,4125
20120905,19300,19400,18500,18550,107706,4979
20120904,19500,20800,19300,19700,232183,-18887
20120903,19950,19950,19000,19050,60362,1633
20120831,19300,19700,18800,19700,104502,5288
20120830,20200,20200,19200,19600,104104,-12923
20120829,19050,20500,18700,20200,229912,17316
20120828,18800,19250,18200,19000,84603,-5012
20120827,18500,19000,18000,18750,60009,-800
20120824,18350,18850,17950,18400,82728,4192
20120823,17850,19150,17850,18450,207323,14541
20120822,16550,17550,16400,17550,155593,12208
20120821,15800,16700,15750,16400,84348,9000
20120820,15800,16100,15600,15900,26861,-1000
20120817,15400,15950,15350,15650,52944,-2239
20120816,15750,15750,15250,15250,53862,-2000
20120814,15950,16050,15700,15750,27227,-9968
20120813,15950,16100,15700,15900,19320,-2588
20120810,16100,16250,15800,15850,29026,-7228
20120809,16350,16500,15900,15950,61875,-13247
20120808,15950,17000,15650,16350,157387,-3939
20120807,15750,15800,15300,15750,26418,2440
20120806,15750,15950,15700,15700,17554,0
20120803,15850,16250,15700,15700,17977,112
20120802,15950,15950,15700,15800,11791,1412
20120801,16100,16250,15750,15800,34410,0
20120731,16550,16600,16100,16150,40150,3073
20120730,16650,16950,16300,16300,69899,161
20120727,16600,16600,16250,16400,51088,10423
20120726,16400,16700,16100,16450,50272,0
20120725,15950,16650,15800,16500,52136,1812
20120724,16100,16350,15850,16200,22214,728
20120723,16150,16300,15650,16000,33811,0
20120720,16500,16600,16050,16150,19055,2500
20120719,16600,16900,15850,16300,49086,5000
20120718,17450,17450,16550,16550,39876,0
20120717,17300,17450,16700,17450,65858,-4871
20120716,16700,17400,16400,17200,67019,5496
20120713,16700,16950,15800,16700,58778,11000
20120712,16200,17250,15900,16750,135256,23099
20120711,16100,16700,15650,16100,133023,-14057
20120710,15650,16650,15200,15850,200265,5000
20120709,15450,15450,15200,15250,12876,0
20120706,14900,15600,14900,15450,53203,-1209
20120705,15000,15150,14850,14950,28547,-4941
20120704,14850,15300,14700,15000,39265,0
20120703,14700,14950,14450,14850,48922,-10652
20120702,14700,14800,14550,14650,15531,0
20120629,14700,14800,14500,14600,12352,-1640
20120628,14800,14850,14450,14650,21768,-4497
20120627,14650,14650,14400,14450,19271,-5724
20120626,14900,15100,14550,14550,33729,-7487
20120625,15450,15700,14950,14950,34500,-10000
20120622,15200,16200,15200,15600,80987,-5880
20120621,14950,15700,14800,15500,91414,-3600
20120620,14800,15000,14650,14800,38336,-21024
20120619,14850,14950,14600,14600,25237,-16400
20120618,14950,15100,14700,14800,15854,-3541
20120615,14850,14950,14600,14750,5603,-800
20120614,14850,15000,14700,14800,15209,-9036
20120613,14800,15100,14750,14850,8327,-172
20120612,14900,15000,14750,14750,13502,-3900
20120611,14900,15150,14700,14900,13583,-2585
20120608,14850,15000,14500,14650,14570,-1198
20120607,14650,15000,14650,14850,17996,-4165
20120605,14400,14700,14100,14550,17933,0
20120604,15300,15350,14400,14400,19136,0
20120601,15650,15850,15550,15700,9510,-2
20120531,15850,15900,15550,15800,10307,-1712
20120530,15800,16000,15550,15700,14733,-3246
20120529,16100,16100,15550,15600,11959,0
20120525,15750,16000,15650,15650,12079,0
20120524,16000,16000,15550,15850,13280,0
20120523,15850,16550,15500,16000,32896,0
20120522,16100,16150,15850,16100,13296,0
20120521,15400,16300,15050,15950,46048,-4726
20120518,15900,16000,15000,15200,34642,240
20120517,17450,17650,16250,16450,82500,-48531
20120516,17600,18000,16800,17100,81820,-9860
20120515,16800,17400,16400,17350,63325,-4500
20120514,16900,17000,16400,16700,15373,0
20120511,17100,17150,16400,16500,15188,-145
20120510,16900,17300,16600,16900,37449,-2042
20120509,15600,17750,15600,16900,128831,-33325
20120508,15950,15950,15300,15600,12386,0
20120507,15700,16450,15600,15650,24414,-500
20120504,16200,16200,15750,16050,17656,956
20120503,16000,16400,15850,16000,25320,1071
20120502,15350,15900,15200,15900,21265,180
20120430,15650,16150,14800,15350,35038,-19
20120427,14400,15150,14000,15150,87267,5272
20120426,15650,15700,14000,14250,102804,-23470
20120425,15950,16100,15250,15300,39038,3103
20120424,16400,16800,15700,15800,64389,5441
20120423,17000,17300,16700,16700,19054,3856
20120420,17000,17100,16600,17050,32320,3309
20120419,17350,17450,16950,17150,33036,-3664
20120418,17250,17300,16750,16950,67413,17376
20120417,17550,17550,16900,17000,64702,6358
20120416,17400,17650,17250,17400,28492,-12036
20120413,17350,17800,17350,17450,27910,2214
20120412,17700,17700,17150,17250,22951,6718
20120410,17200,17600,17050,17400,34138,8621
20120409,17900,18150,17350,17400,48629,6535
20120406,17850,18300,17800,18150,30021,7623
20120405,17350,18100,17350,17700,46318,15906
20120404,18500,18500,17400,17650,63552,5003
20120403,19500,19550,17950,18200,135514,-30187
20120402,19950,19950,19400,19400,18795,1900
20120330,19800,20200,19600,19850,34164,-2465
20120329,19350,19900,19300,19700,34882,7201
20120328,19650,20200,19200,19950,52893,-6866
20120327,20550,20550,19850,19950,41673,719
20120326,20100,20750,20050,20400,47944,-1476
20120323,19800,20150,19550,20050,32647,2738
20120322,19350,19950,19350,19950,32803,5182
20120321,19650,19800,19200,19450,36623,8438
20120320,20000,20100,19350,19700,53577,-2098
20120319,20300,20650,19700,20000,98644,-1699
20120316,21300,21300,20550,20550,85518,-6688
20120315,20200,20650,20050,20550,71189,4303
20120314,21200,21200,20350,20350,95449,-6790
20120313,21250,21350,20600,21200,159788,6568
20120312,20850,21250,20400,21000,120511,12195
20120309,19700,20950,19400,20500,198453,19178
20120308,19400,19750,19100,19400,71488,14833
20120307,19050,19800,18850,19400,79220,20
20120306,19100,19600,18950,19200,114204,1800
20120305,18450,19150,18450,18850,99953,-200
20120302,19150,19350,18350,18500,149935,-62028
20120229,18750,19250,18550,19000,128326,-34235
20120228,19500,19750,18350,18550,208833,-62598
20120227,21200,21550,19500,19600,179360,-41724
20120224,22400,22500,21150,21550,209890,4110
20120223,23000,23900,23000,23250,66424,600
20120222,22850,23250,22700,23250,89228,9542
20120221,23500,23500,22400,22600,128409,-38994
20120220,23950,24400,23100,23250,135713,-35050
20120217,24650,24650,23800,23950,104611,-300
20120216,25200,25250,24300,24350,119737,-19434
20120215,25350,25450,25050,25350,43553,0
20120214,25750,25900,25200,25300,83670,0
20120213,25700,26250,25450,25700,77042,0
20120210,26500,26500,25200,25700,102998,-16904
20120209,25000,26400,24950,26300,152598,1149
20120208,24800,25750,24600,24850,102903,1371
20120207,24800,25200,24300,24850,106813,1561
20120206,26400,26450,24750,24850,238271,-38151
20120203,25850,26800,25500,26350,156704,2635
20120202,25900,26150,25500,25750,133447,10
20120201,25450,26150,25250,25450,133185,-2100
20120131,26650,26750,25350,25500,263162,-7700
20120130,26400,27100,26350,26500,147650,7384
20120127,28450,28800,26650,26650,407632,3264
20120126,27950,28350,27150,28150,375129,13969
20120125,28800,29400,26800,27600,765188,-36093
20120120,35000,37750,29750,29750,3034391,-234730
